2017-06-17 00
<HTML>
<TITLE>University of Wyoming - Radiosonde Data</TITLE>
<LINK REL="StyleSheet" HREF="/resources/select.css" TYPE="text/css">
<BODY BGCOLOR="white">
<H2>97180 WAAA Ujung Pandang Observations at 00Z 17 Jun 2017</H2>
<PRE>
-----------------------------------------------------------------------------
   PRES   HGHT   TEMP   DWPT   RELH   MIXR   DRCT   SKNT   THTA   THTE   THTV
    hPa     m      C      C      %    g/kg    deg   knot     K      K      K 
-----------------------------------------------------------------------------
 1010.0     14   24.8   23.5     92  18.44      0      0  297.1  350.6  300.4
 1002.0     81   24.8   20.6     77  15.50     56      1  297.8  342.9  300.5
 1000.0     98   24.8   20.5     77  15.43     70      1  297.9  342.9  300.7
  978.0    293   25.4   19.5     70  14.81    355      2  300.4  344.0  303.1
  976.0    311   25.4   19.4     69  14.75    358      2  300.6  344.1  303.3
  944.0    602   23.3   17.9     72  13.87     55      6  301.4  342.4  303.9
  925.0    780   22.0   17.0     73  13.35     55      6  301.8  341.4  304.2
  912.0    902   21.2   16.5     75  13.11     60      6  302.2  341.1  304.6
  881.0   1201   19.2   15.2     78  12.52     85      5  303.1  340.5  305.4
  863.0   1380   18.0   14.5     80  12.17     85      6  303.7  340.1  305.9
  851.0   1500   17.4   14.1     81  12.05     85      6  304.3  340.5  306.5
  850.0   1510   17.4   14.1     81  12.04     85      6  304.4  340.5  306.6
  822.0   1795   15.6   13.1     85  11.64     65     11  305.4  340.5  307.5
  801.0   2015   14.2   12.3     88  11.34     65      7  306.2  340.5  308.2
  793.0   2100   14.0   11.6     85  10.95     65      6  306.9  340.1  308.9
  754.0   2525   13.2    8.2     72   9.13     26      3  310.4  338.7  312.1
  739.0   2693   12.2    7.3     72   8.76     10      2  311.1  338.4  312.8
  713.0   2992   10.5    5.7     72   8.12    345      4  312.5  337.9  314.0
  705.0   3087   10.0    5.2     72   7.93    330      4  312.9  337.8  314.4
  700.0   3146    9.8    4.8     71   7.76    320      4  313.3  337.8  314.8
  687.0   3301    9.0    2.0     61   6.47    305      3  314.1  334.7  315.3
  663.0   3596    7.5   -3.4     46   4.52     65      6  315.6  330.3  316.4
  662.0   3608    7.4   -3.6     46   4.45     64      6  315.6  330.1  316.5
  641.0   3873    5.6   -2.4     56   5.03     54      6  316.5  332.9  317.5
  618.0   4171    3.6   -7.4     44   3.57     41      6  317.5  329.4  318.2
  616.0   4197    3.4   -7.3     45   3.61     40      6  317.6  329.6  318.3
  598.0   4437    1.6   -6.4     55   3.98     87      3  318.2  331.4  319.0
  593.0   4505    0.9   -4.7     66   4.58    100      2  318.1  333.2  319.0
  587.0   4586    0.0   -2.6     83   5.41    123      2  318.1  335.7  319.1
  572.0   4793   -1.2   -3.5     84   5.19    180      3  319.0  336.0  320.0
  561.0   4948   -2.1   -4.2     86   5.02     91      2  319.7  336.2  320.7
  551.0   5092   -0.9  -10.9     47   3.04      8      1  322.8  333.2  323.4
  550.0   5106   -1.0  -11.3     45   2.94      0      1  322.9  332.9  323.4
  530.0   5401   -2.8  -20.4     24   1.43    140      7  324.1  329.2  324.4
  529.0   5416   -2.9  -20.9     24   1.37    141      7  324.2  329.1  324.4
  510.0   5705   -4.7  -24.7     19   1.02    160      9  325.4  329.1  325.6
  502.0   5829   -5.9  -17.9     38   1.87    160     10  325.4  332.0  325.8
  500.0   5860   -6.3  -16.3     45   2.15    160     10  325.3  332.9  325.7
  491.0   6001   -7.0  -15.9     49   2.26    155     10  326.1  334.0  326.5
  472.0   6307   -8.7  -15.2     59   2.51    110      5  327.7  336.5  328.2
  455.0   6592  -10.2  -14.4     71   2.76    330     11  329.3  339.0  329.8
  454.0   6609  -10.3  -14.4     72   2.78    330     11  329.4  339.1  329.9
  437.0   6899  -12.6  -15.4     79   2.65    330     12  330.1  339.4  330.6
  407.0   7440  -16.9  -17.4     96   2.41    280      7  331.3  339.9  331.8
  404.0   7495  -16.4  -18.6     83   2.20    275      6  332.6  340.5  333.1
  402.0   7532  -16.1  -19.4     76   2.06    275      6  333.5  341.0  333.9
  400.0   7570  -16.5  -19.8     76   2.00    275      5  333.5  340.7  333.9
  388.0   7798  -17.7  -21.8     70   1.73    330      3  334.8  341.1  335.1
  375.0   8053  -19.1  -24.1     65   1.46     43      5  336.2  341.7  336.5
  373.0   8092  -19.4  -24.3     66   1.45     55      5  336.3  341.7  336.6
  354.0   8478  -22.9  -26.0     76   1.30     70      8  336.7  341.6  337.0
  339.0   8794  -24.7  -30.7     57   0.88     82     11  338.4  341.8  338.6
  330.0   8987  -26.3  -31.3     63   0.86     90     13  338.9  342.2  339.1
  308.0   9483  -30.3  -32.7     79   0.80     72     27  340.0  343.1  340.2
  300.0   9670  -31.3  -34.6     73   0.68     65     32  341.1  343.8  341.3
  276.0  10257  -35.7  -39.1     71   0.47     65     36  343.0  344.9  343.1
  267.0  10487  -37.2  -44.3     47   0.28     65     38  344.1  345.3  344.2
  265.0  10540  -37.5  -45.5     43   0.25     64     39  344.4  345.4  344.4
  253.0  10859  -40.1  -47.1     47   0.22     61     45  345.1  346.1  345.2
  250.0  10940  -40.9                          60     47  345.1         345.1
  223.0  11698  -46.4                          60     53  348.1         348.1
  204.0  12289  -50.7                          65     31  350.3         350.3
  200.0  12420  -51.7                          60     25  350.7         350.7
  190.0  12751  -53.9                          35     14  352.4         352.4
  186.0  12883  -55.2                          25     10  352.5         352.5
  177.0  13192  -58.1                           0      5  352.7         352.7
  169.0  13480  -60.8                         290      4  352.9         352.9
  161.0  13782  -63.7                         260     10  352.9         352.9
  153.0  14099  -66.7                         270     11  353.0         353.0
  152.0  14140  -67.1                         267     10  353.0         353.0
  150.0  14220  -67.9                         260      8  352.9         352.9
  136.0  14802  -71.3                         245     10  356.9         356.9
  119.0  15584  -73.4                         225     12  367.0         367.0
  118.0  15633  -73.5                         242     11  367.7         367.7
  113.0  15887  -72.3                         330      7  374.5         374.5
  110.0  16044  -71.5                         329     13  378.9         378.9
  102.0  16485  -74.3                         325     28  381.6         381.6
  100.0  16600  -75.1                         325     29  382.4         382.4
   84.3  17580  -79.9                         305     18  391.8         391.8
   78.0  18020  -79.7                         295     18  400.9         400.9
   77.5  18056  -79.7                         292     18  401.7         401.7
   71.0  18559  -75.9                         245     16  419.9         419.9
   70.0  18640  -75.3                         240     16  423.0         423.0
   69.6  18673  -75.1                         241     17  424.1         424.1
   66.7  18922  -72.9                         249     22  434.1         434.1
   65.9  18994  -69.7                         251     24  442.5         442.5
   61.0  19457  -69.2                         265     34  453.6         453.6
   50.8  20554  -67.9                         274     39  480.9         480.9
   50.0  20650  -67.9                         275     39  483.1         483.1
   47.0  21025  -65.8                         265     32  496.8         496.8
   44.5  21356  -63.9                         273     23  509.1         509.1
   42.1  21698  -59.1                         281     14  529.1         529.1
   41.0  21864  -59.1                         285     10  533.1         533.1
   39.0  22176  -59.2                         165      2  540.7         540.7
   37.0  22505  -59.2                          75      6  548.8         548.8
   35.0  22853  -59.3                          85     11  557.4         557.4
   33.2  23183  -59.3                          78     19  565.8         565.8
   32.0  23414  -57.1                          73     25  577.6         577.6
   30.0  23820  -58.5                          65     35  584.6         584.6
   29.2  23989  -59.3                          65     33  586.9         586.9
   29.0  24032  -59.3                          65     32  588.1         588.1
   28.0  24252  -59.3                          75     33  594.0         594.0
   27.0  24482  -55.8                          85     35  609.9         609.9
   26.4  24624  -53.7                          87     35  619.9         619.9
   20.0  26410  -52.7                         105     38  674.1         674.1
   19.1  26707  -53.5                         105     40  680.6         680.6
   18.0  27092  -51.8                         105     42  697.4         697.4
   17.0  27463  -50.2                         100     43  714.0         714.0
   16.2  27776  -48.9                                     728.3         728.3
</PRE><H3>Station information and sounding indices</H3><PRE>
                         Station identifier: WAAA
                             Station number: 97180
                           Observation time: 170617/0000
                           Station latitude: -5.06
                          Station longitude: 119.55
                          Station elevation: 14.0
                            Showalter index: 0.39
                               Lifted index: -0.95
    LIFT computed using virtual temperature: -1.44
                                SWEAT index: 191.21
                                    K index: 32.80
                         Cross totals index: 20.40
                      Vertical totals index: 23.70
                        Totals totals index: 44.10
      Convective Available Potential Energy: 105.20
             CAPE using virtual temperature: 162.40
                      Convective Inhibition: -144.10
             CINS using virtual temperature: -98.65
                           Equilibrum Level: 343.75
 Equilibrum Level using virtual temperature: 341.55
                   Level of Free Convection: 623.95
             LFCT using virtual temperature: 656.79
                     Bulk Richardson Number: 140.56
          Bulk Richardson Number using CAPV: 216.98
  Temp [K] of the Lifted Condensation Level: 291.81
Pres [hPa] of the Lifted Condensation Level: 911.96
     Mean mixed layer potential temperature: 299.61
              Mean mixed layer mixing ratio: 15.11
              1000 hPa to 500 hPa thickness: 5762.00
Precipitable water [mm] for entire sounding: 50.09
</PRE>
<P>Description of the 
<A HREF="/upperair/columns.html">data columns</A>
or <A HREF="/upperair/indices.html">sounding indices</A>.

<P>
<FORM>
<INPUT CLASS="button" TYPE="button" VALUE=" Close this window " 
 onClick="window.close();">
<INPUT CLASS="button" TYPE="button" VALUE=" Select another map " 
 onClick="window.blur();">
</FORM>
<HR SIZE="1">
<I>Interested in graduate studies in atmospheric science?
Check out our program at the
<a href="http://www.uwyo.edu/atsc/howtoapply/"
target=_top>University of Wyoming
</a></I>
<HR SIZE="1"><FONT SIZE="-1">
Questions about the weather data provided by this site can be
addressed to <A HREF="mailto:ldoolman@uwyo.edu">
Larry Oolman (ldoolman@uwyo.edu)</A></FONT>
<HR SIZE="1">
<SCRIPT TYPE="text/javascript">
<!--
window.focus();
// -->
</SCRIPT>
</BODY>
</HTML>
