2017-11-04 00
<HTML>
<TITLE>University of Wyoming - Radiosonde Data</TITLE>
<LINK REL="StyleSheet" HREF="/resources/select.css" TYPE="text/css">
<BODY BGCOLOR="white">
<H2>97180 WAAA Ujung Pandang Observations at 00Z 04 Nov 2017</H2>
<PRE>
-----------------------------------------------------------------------------
   PRES   HGHT   TEMP   DWPT   RELH   MIXR   DRCT   SKNT   THTA   THTE   THTV
    hPa     m      C      C      %    g/kg    deg   knot     K      K      K 
-----------------------------------------------------------------------------
 1006.0     14   25.6   23.2     87  18.17      0      0  298.2  351.3  301.5
 1000.0     69   25.4   21.1     77  16.03    120      3  298.6  345.4  301.4
  998.0     87   26.4   21.4     74  16.37    117      3  299.7  347.8  302.6
  987.0    185   27.0   20.0     66  15.15     98      4  301.3  346.1  304.0
  974.0    303   26.3   19.3     65  14.69     75      5  301.7  345.3  304.4
  925.0    759   23.6   16.6     65  13.01    110      4  303.4  342.3  305.8
  910.0    900   22.8   15.8     65  12.52     80      5  304.0  341.5  306.3
  879.0   1200   20.9   13.9     64  11.52     65     10  305.1  339.9  307.2
  850.0   1490   19.2   12.2     64  10.61     75     12  306.2  338.4  308.2
  820.0   1798   17.6    8.7     56   8.70     85     16  307.7  334.4  309.3
  802.0   1988   16.6    6.6     52   7.68     83     15  308.6  332.4  310.0
  790.0   2116   16.0    9.0     63   9.20     82     14  309.3  337.7  311.0
  782.0   2203   16.0    3.0     42   6.11     81     13  310.2  329.4  311.3
  739.0   2680   12.2    6.2     67   8.11     75      9  311.1  336.4  312.6
  737.0   2703   12.1    5.8     66   7.93     75      9  311.2  336.0  312.7
  709.0   3026   10.8    0.8     50   5.75     56      6  313.3  331.6  314.4
  700.0   3133   10.8    3.8     62   7.23     50      5  314.4  337.4  315.8
  686.0   3298    9.8    3.0     63   6.99     25      3  315.1  337.4  316.5
  662.0   3590    8.1    1.7     64   6.59     45      4  316.4  337.6  317.7
  638.0   3892    6.3    0.3     66   6.19     25      4  317.8  337.8  318.9
  615.0   4193    4.5   -1.0     67   5.81     90      1  319.1  338.0  320.2
  593.0   4491    2.8   -2.4     69   5.45     65      3  320.4  338.3  321.4
  571.0   4801    0.9   -3.8     71   5.10      0      1  321.7  338.6  322.7
  560.0   4960    0.0   -4.5     72   4.92    295      3  322.4  338.7  323.3
  550.0   5104   -0.8   -5.5     71   4.65    235      5  323.1  338.6  324.0
  534.0   5340   -2.1   -7.1     69   4.23    199      3  324.3  338.5  325.1
  530.0   5399   -2.5   -7.5     69   4.13    190      2  324.5  338.5  325.3
  510.0   5704   -4.5   -9.5     68   3.67    170      4  325.7  338.2  326.4
  502.0   5829   -5.3  -10.3     68   3.50    174      3  326.1  338.1  326.8
  500.0   5860   -5.5  -11.5     63   3.19    175      3  326.3  337.3  326.9
  491.0   6001   -6.3  -11.3     68   3.30    200      4  326.9  338.3  327.6
  473.0   6292   -8.1  -11.0     80   3.52    245      2  328.3  340.4  329.0
  455.0   6595   -9.9  -10.6     95   3.77    315      3  329.7  342.7  330.4
  437.0   6903  -11.5  -12.1     95   3.47    355      5  331.5  343.6  332.2
  420.0   7207  -13.0  -13.6     95   3.19     15      6  333.3  344.6  334.0
  404.0   7504  -14.5  -15.1     95   2.94    355      5  335.1  345.6  335.7
  400.0   7580  -14.9  -15.5     95   2.88    345      5  335.5  345.9  336.1
  390.0   7771  -15.9  -16.6     94   2.69    325      6  336.7  346.4  337.2
  373.0   8101  -18.4  -19.2     94   2.26    290      9  337.6  345.9  338.1
  344.0   8700  -23.0  -23.9     92   1.62    315      9  339.3  345.4  339.6
  335.0   8896  -24.5  -25.5     91   1.44    326      9  339.9  345.3  340.1
  317.0   9294  -27.3  -30.1     77   0.99    350     10  341.4  345.2  341.6
  304.0   9595  -29.4  -33.6     67   0.74    320     16  342.5  345.4  342.6
  300.0   9690  -30.1  -34.7     64   0.67    310     18  342.8  345.5  343.0
  296.0   9785  -31.1  -37.1     56   0.54    310     18  342.7  344.9  342.9
  293.0   9857  -31.3  -36.1     63   0.60    310     18  343.4  345.9  343.6
  250.0  10960  -39.9  -46.9     47   0.22    310     19  346.6  347.6  346.7
  214.0  11998  -48.5                         315     17  348.9         348.9
  200.0  12450  -52.3                         325     14  349.8         349.8
  150.0  14240  -68.3                         345     20  352.2         352.2
  146.0  14401  -69.9                         345     19  352.2         352.2
  143.0  14525  -71.1                         346     17  352.2         352.2
  132.0  14982  -74.1                         350      9  355.0         355.0
  125.0  15294  -76.1                         180      2  356.9         356.9
  119.0  15575  -78.0                         210      7  358.5         358.5
  107.0  16183  -82.0                         165      9  362.1         362.1
  101.0  16513  -84.1                         105      9  363.9         363.9
  100.0  16570  -84.5                         100     10  364.2         364.2
   96.0  16794  -85.3                          75     14  367.0         367.0
   88.2  17258  -86.9                          65     16  372.7         372.7
   86.8  17346  -86.3                          68     13  375.6         375.6
   86.0  17397  -84.3                          70     11  380.7         380.7
   84.2  17515  -79.7                          30      8  392.3         392.3
   82.0  17666  -78.5                         340      4  397.7         397.7
   79.4  17849  -77.1                         304      8  404.3         404.3
   77.0  18025  -77.9                         270     12  406.3         406.3
   74.4  18221  -78.7                         254      9  408.5         408.5
   73.0  18329  -78.5                         245      8  411.2         411.2
   71.9  18415  -78.3                         252     11  413.4         413.4
   70.8  18504  -74.7                         260     14  422.9         422.9
   70.0  18570  -74.1                         265     16  425.5         425.5
   66.0  18915  -73.0                         245     21  435.2         435.2
   62.3  19253  -71.9                         261     20  444.8         444.8
   57.0  19776  -72.3                         285     19  455.3         455.3
   54.6  20029  -72.5                         275     14  460.5         460.5
   51.0  20433  -70.5                         260      6  474.3         474.3
   50.0  20550  -69.9                         320      4  478.4         478.4
   49.0  20671  -68.6                         315     11  484.2         484.2
   46.3  21011  -64.9                         319      9  501.0         501.0
   46.0  21050  -64.9                         320      9  502.0         502.0
   44.0  21321  -64.7                         100      2  508.7         508.7
   42.0  21603  -64.6                          45      6  515.9         515.9
   40.0  21900  -64.5                          95     14  523.5         523.5
   36.0  22541  -64.1                         105     31  540.4         540.4
   35.7  22591  -64.1                         104     32  541.7         541.7
   33.0  23074  -62.5                          90     43  558.3         558.3
   30.0  23660  -60.5                          90     55  579.1         579.1
   20.0  26230  -53.9                          90     63  670.4         670.4
   19.5  26393  -53.4                          90     63  676.8         676.8
   18.8  26628  -52.7                                     686.1         686.1
</PRE><H3>Station information and sounding indices</H3><PRE>
                         Station identifier: WAAA
                             Station number: 97180
                           Observation time: 171104/0000
                           Station latitude: -5.06
                          Station longitude: 119.55
                          Station elevation: 14.0
                            Showalter index: 2.04
                               Lifted index: -0.85
    LIFT computed using virtual temperature: -1.21
                                SWEAT index: 173.40
                                    K index: 29.90
                         Cross totals index: 17.70
                      Vertical totals index: 24.70
                        Totals totals index: 42.40
      Convective Available Potential Energy: 53.04
             CAPE using virtual temperature: 78.57
                      Convective Inhibition: -227.13
             CINS using virtual temperature: -146.88
                           Equilibrum Level: 412.59
 Equilibrum Level using virtual temperature: 411.75
                   Level of Free Convection: 580.56
             LFCT using virtual temperature: 616.50
                     Bulk Richardson Number: 123.24
          Bulk Richardson Number using CAPV: 182.54
  Temp [K] of the Lifted Condensation Level: 291.45
Pres [hPa] of the Lifted Condensation Level: 892.05
     Mean mixed layer potential temperature: 301.13
              Mean mixed layer mixing ratio: 15.11
              1000 hPa to 500 hPa thickness: 5791.00
Precipitable water [mm] for entire sounding: 49.68
</PRE>
<P>Description of the 
<A HREF="/upperair/columns.html">data columns</A>
or <A HREF="/upperair/indices.html">sounding indices</A>.

<P>
<FORM>
<INPUT CLASS="button" TYPE="button" VALUE=" Close this window " 
 onClick="window.close();">
<INPUT CLASS="button" TYPE="button" VALUE=" Select another map " 
 onClick="window.blur();">
</FORM>
<HR SIZE="1">
<I>Interested in graduate studies in atmospheric science?
Check out our program at the
<a href="http://www.uwyo.edu/atsc/howtoapply/"
target=_top>University of Wyoming
</a></I>
<HR SIZE="1"><FONT SIZE="-1">
Questions about the weather data provided by this site can be
addressed to <A HREF="mailto:ldoolman@uwyo.edu">
Larry Oolman (ldoolman@uwyo.edu)</A></FONT>
<HR SIZE="1">
<SCRIPT TYPE="text/javascript">
<!--
window.focus();
// -->
</SCRIPT>
</BODY>
</HTML>
