2016-04-23 12
<HTML>
<TITLE>University of Wyoming - Radiosonde Data</TITLE>
<LINK REL="StyleSheet" HREF="/resources/select.css" TYPE="text/css">
<BODY BGCOLOR="white">
<H2>97180 WAAA Ujung Pandang Observations at 00Z 23 Apr 2016</H2>
<PRE>
-----------------------------------------------------------------------------
   PRES   HGHT   TEMP   DWPT   RELH   MIXR   DRCT   SKNT   THTA   THTE   THTV
    hPa     m      C      C      %    g/kg    deg   knot     K      K      K 
-----------------------------------------------------------------------------
 1009.0     14   26.4   22.6     80  17.45    125      4  298.8  349.8  301.9
 1002.0     76   27.8   19.8     62  14.73     98      6  300.8  344.3  303.4
 1000.0     94   28.0   19.0     58  14.03     90      6  301.1  342.6  303.7
  993.0    156   28.2   18.2     55  13.42     92      6  302.0  341.8  304.4
  977.0    299   27.2   17.7     56  13.21     95      7  302.4  341.7  304.8
  944.0    602   25.2   16.6     59  12.77    120      7  303.3  341.5  305.6
  925.0    781   24.0   16.0     61  12.51     90      6  303.8  341.3  306.1
  912.0    904   23.0   15.8     64  12.51     70      6  304.1  341.6  306.4
  891.0   1107   21.4   15.4     69  12.50     87      7  304.4  341.9  306.7
  881.0   1204   21.1   14.9     68  12.21     95      8  305.1  341.9  307.4
  850.0   1514   20.2   13.2     64  11.34     80     11  307.3  341.8  309.4
  822.0   1800   18.7   12.0     65  10.83     75      4  308.7  341.9  310.7
  794.0   2096   17.2   10.8     66  10.31    100      5  310.1  341.9  312.1
  752.0   2561   14.8    8.8     67   9.54     95      6  312.4  342.1  314.2
  714.0   2997   12.1    7.4     73   9.14     90      7  314.0  342.8  315.7
  700.0   3163   11.0    6.9     76   8.99     90      8  314.6  343.0  316.3
  689.0   3295   10.0    6.2     77   8.69     95      7  315.0  342.4  316.6
  664.0   3602    7.8    4.5     79   8.00     65      4  315.8  341.3  317.4
  653.0   3741    6.8    3.7     81   7.70     96      4  316.2  340.8  317.7
  641.0   3894    6.5    2.4     75   7.16    130      5  317.5  340.6  318.9
  637.0   3945    6.4    2.0     73   6.99    139      5  318.0  340.5  319.3
  628.0   4062    6.0    1.0     70   6.60    158      5  318.8  340.2  320.1
  627.0   4075    5.8    0.8     70   6.51    160      5  318.8  339.9  320.0
  625.0   4102    6.0    1.0     70   6.63    165      5  319.3  340.8  320.6
  622.0   4141    6.4   -5.6     42   4.07    171      5  320.2  333.7  321.0
  621.0   4154    6.6   -7.4     36   3.55    173      5  320.5  332.5  321.2
  618.0   4194    6.3   -6.4     40   3.86    180      5  320.7  333.6  321.4
  607.0   4341    5.4   -2.6     56   5.23    192      5  321.2  338.6  322.3
  595.0   4504    4.2   -2.9     60   5.23    205      6  321.7  339.0  322.7
  574.0   4795    2.0   -3.4     68   5.23    180      7  322.4  339.7  323.4
  556.0   5054    0.0   -3.8     76   5.22    228      6  323.0  340.4  324.1
  535.0   5362   -0.9   -7.9     59   3.96    286      5  325.5  339.0  326.3
  532.0   5407   -1.2   -8.1     59   3.92    295      5  325.7  339.0  326.4
  513.0   5696   -3.3   -9.6     61   3.61    280      6  326.6  339.0  327.3
  500.0   5900   -4.7  -10.7     63   3.40    290      5  327.2  339.0  327.9
  494.0   5995   -5.3  -12.3     58   3.03    305      3  327.6  338.2  328.2
  488.0   6091   -5.9  -13.9     53   2.69    330      3  328.1  337.5  328.6
  486.0   6124   -6.1  -14.1     53   2.66    338      3  328.2  337.5  328.7
  485.0   6140   -6.1  -10.8     69   3.48    343      3  328.4  340.4  329.1
  475.0   6303   -7.0  -13.1     62   2.96     25      3  329.2  339.5  329.8
  468.0   6419   -7.7  -14.7     57   2.63    348      3  329.8  339.0  330.3
  460.0   6554   -8.1  -17.1     48   2.19    306      4  330.9  338.7  331.3
  457.0   6605   -8.5  -19.5     41   1.80    290      4  331.0  337.5  331.4
  456.0   6622   -8.3  -19.3     41   1.83    290      4  331.5  338.1  331.8
  455.0   6639   -8.5  -19.5     41   1.80    290      4  331.4  338.0  331.8
  454.0   6656   -8.7  -14.7     62   2.71    290      4  331.4  341.0  331.9
  400.0   7630  -14.5  -20.5     60   1.88    285      8  336.1  343.0  336.4
  399.0   7649  -14.5  -19.5     66   2.06    285      8  336.3  343.8  336.7
  391.0   7799  -15.6  -20.4     67   1.94    285     11  336.8  343.9  337.2
  361.0   8391  -20.0  -24.1     70   1.52    305     17  338.7  344.4  339.0
  335.0   8945  -24.1  -27.5     73   1.20    320     16  340.4  345.0  340.6
  326.0   9143  -24.9  -32.9     47   0.74    326     16  342.0  344.9  342.1
  319.0   9299  -25.9  -34.5     45   0.65    330     16  342.6  345.2  342.8
  300.0   9740  -28.9  -38.9     38   0.44    315     17  344.5  346.3  344.6
  293.0   9908  -30.3  -40.9     35   0.37    325     17  344.9  346.4  345.0
  279.0  10256  -33.1  -45.1     29   0.25    327     18  345.7  346.8  345.8
  250.0  11020  -39.3  -50.3     30   0.15    330     20  347.5  348.2  347.5
  247.0  11102  -39.9  -48.9     38   0.18    329     21  347.8  348.6  347.8
  236.0  11404  -42.5                         325     23  348.4         348.4
  200.0  12500  -52.1                         320     22  350.1         350.1
  188.0  12894  -55.6                         330     24  350.7         350.7
  185.0  12997  -56.5                         331     24  350.9         350.9
  163.0  13777  -62.3                         340     26  354.1         354.1
  150.0  14290  -66.1                         325     28  356.0         356.0
  127.0  15279  -72.9                         290     30  361.2         361.2
  122.0  15518  -74.5                         290     26  362.4         362.4
  109.0  16165  -77.3                         290     16  368.9         368.9
  103.0  16490  -78.8                         245     18  372.2         372.2
  100.0  16660  -79.5                         235     19  373.9         373.9
   98.0  16772  -80.3                         230     19  374.4         374.4
   93.0  17063  -82.5                         250     11  375.8         375.8
   88.0  17371  -84.8                         355      3  377.3         377.3
   83.0  17696  -87.2                          45      6  378.7         378.7
   81.5  17797  -87.9                          45      6  379.2         379.2
   79.9  17905  -87.1                          10      9  383.0         383.0
   79.0  17969  -84.3                         350     10  390.1         390.1
   77.2  18097  -78.5                         348     19  404.6         404.6
   75.0  18265  -74.6                         345     31  416.2         416.2
   74.5  18303  -73.7                         340     31  418.9         418.9
   70.3  18645  -71.5                         293     30  430.6         430.6
   70.0  18670  -71.5                         290     30  431.1         431.1
   67.0  18923  -73.2                         265     33  432.9         432.9
   56.8  19879  -79.5                         244     21  439.5         439.5
   55.0  20061  -80.0                         240     19  442.5         442.5
   52.1  20367  -80.7                         240     14  447.6         447.6
   52.0  20378  -80.6                         240     13  448.0         448.0
   50.0  20600  -79.5                         355      3  455.8         455.8
   49.0  20717  -78.2                          30      8  461.6         461.6
   47.0  20959  -75.4                          80     22  473.8         473.8
   44.2  21316  -71.3                          82     27  492.1         492.1
   42.6  21537  -67.3                          84     30  507.2         507.2
   36.8  22429  -64.1                          89     43  537.0         537.0
   36.0  22565  -62.8                          90     45  543.8         543.8
   33.9  22938  -59.3                          82     35  562.4         562.4
   32.0  23303  -58.3                          75     25  574.5         574.5
   30.0  23710  -57.1                          60     16  588.4         588.4
   27.8  24191  -56.3                         103      7  603.6         603.6
   27.0  24375  -57.2                         120      4  606.1         606.1
   26.0  24613  -58.4                         265      2  609.4         609.4
   25.7  24686  -58.7                         241      2  610.4         610.4
   25.0  24859  -58.7                         185      2  615.3         615.3
   24.9  24884  -58.7                         199      3  616.0         616.0
   24.0  25116  -55.7                         325      9  631.2         631.2
   23.7  25196  -56.9                         312      9  630.0         630.0
   23.0  25387  -54.4                         280      9  642.8         642.8
   22.5  25527  -52.5                         265      7  652.4         652.4
   22.0  25673  -52.0                         250      4  658.0         658.0
   21.0  25974  -51.1                         135     11  669.6         669.6
   20.0  26290  -50.1                         120      9  682.1         682.1
   19.0  26629  -49.0                         270      3  695.4         695.4
   18.0  26987  -48.0                         285     10  709.7         709.7
   17.0  27364  -46.8                         270      8  725.1         725.1
   16.0  27765  -45.5                         315      8  741.8         741.8
   15.2  28104  -44.5                                     756.2         756.2
</PRE><H3>Station information and sounding indices</H3><PRE>
                         Station identifier: WAAA
                             Station number: 97180
                           Observation time: 160423/0000
                           Station latitude: -5.06
                          Station longitude: 119.55
                          Station elevation: 14.0
                            Showalter index: 1.46
                               Lifted index: 1.23
    LIFT computed using virtual temperature: 0.99
                                SWEAT index: 185.38
                                    K index: 34.00
                         Cross totals index: 17.90
                      Vertical totals index: 24.90
                        Totals totals index: 42.80
      Convective Available Potential Energy: 0.00
             CAPE using virtual temperature: 0.00
                      Convective Inhibition: 0.00
             CINS using virtual temperature: 0.00
                     Bulk Richardson Number: 0.00
          Bulk Richardson Number using CAPV: 0.00
  Temp [K] of the Lifted Condensation Level: 289.30
Pres [hPa] of the Lifted Condensation Level: 860.70
     Mean mixed layer potential temperature: 301.98
              Mean mixed layer mixing ratio: 13.65
              1000 hPa to 500 hPa thickness: 5806.00
Precipitable water [mm] for entire sounding: 51.97
</PRE>
<P>Description of the 
<A HREF="/upperair/columns.html">data columns</A>
or <A HREF="/upperair/indices.html">sounding indices</A>.

<P>
<FORM>
<INPUT CLASS="button" TYPE="button" VALUE=" Close this window " 
 onClick="window.close();">
<INPUT CLASS="button" TYPE="button" VALUE=" Select another map " 
 onClick="window.blur();">
</FORM>
<HR SIZE="1">
<I>Interested in graduate studies in atmospheric science?
Check out our program at the
<a href="http://www.uwyo.edu/atsc/howtoapply/"
target=_top>University of Wyoming
</a></I>
<HR SIZE="1"><FONT SIZE="-1">
Questions about the weather data provided by this site can be
addressed to <A HREF="mailto:ldoolman@uwyo.edu">
Larry Oolman (ldoolman@uwyo.edu)</A></FONT>
<HR SIZE="1">
<SCRIPT TYPE="text/javascript">
<!--
window.focus();
// -->
</SCRIPT>
</BODY>
</HTML>
