2018-07-29 12
<HTML>
<TITLE>University of Wyoming - Radiosonde Data</TITLE>
<LINK REL="StyleSheet" HREF="/resources/select.css" TYPE="text/css">
<BODY BGCOLOR="white">
<H2>97180 WAAA Ujung Pandang Observations at 00Z 29 Jul 2018</H2>
<PRE>
-----------------------------------------------------------------------------
   PRES   HGHT   TEMP   DWPT   RELH   MIXR   DRCT   SKNT   THTA   THTE   THTV
    hPa     m      C      C      %    g/kg    deg   knot     K      K      K 
-----------------------------------------------------------------------------
 1010.0     14   24.8   21.0     79  15.77    155      1  297.1  342.9  299.9
 1005.0     57   25.8   18.8     65  13.78    150      2  298.5  338.8  301.0
 1000.0    100   25.8   17.8     61  12.99    145      4  298.9  337.1  301.3
  983.0    251   26.0   17.0     58  12.55    130      6  300.6  337.7  302.9
  978.0    295   25.7   16.9     58  12.55    125      6  300.7  337.8  303.0
  945.0    595   23.4   16.4     65  12.53    130      8  301.4  338.5  303.7
  925.0    782   22.0   16.0     69  12.51    120      6  301.8  339.0  304.1
  921.0    820   21.6   16.9     75  13.33    116      6  301.8  341.3  304.2
  882.0   1196   19.9   11.7     59   9.88     80      6  303.8  333.6  305.6
  874.0   1276   19.6   10.6     56   9.26     79      7  304.2  332.2  305.9
  850.0   1516   17.8   11.8     68  10.33     75     11  304.8  336.0  306.7
  822.0   1800   16.0   12.0     77  10.84     60      7  305.8  338.6  307.8
  810.0   1925   15.2   12.1     82  11.07     37      5  306.2  339.8  308.3
  802.0   2009   15.6    7.6     59   8.23     22      4  307.5  332.8  309.1
  793.0   2104   15.1    7.2     59   8.07      5      3  307.9  332.8  309.4
  766.0   2394   13.4    5.8     60   7.60     80      4  309.2  332.8  310.6
  739.0   2694   11.6    4.4     61   7.13     60      4  310.5  332.8  311.8
  721.0   2900   10.4    3.4     62   6.82     67      6  311.3  332.8  312.6
  700.0   3145    9.6   -1.4     46   4.96     75      9  313.1  329.0  314.0
  677.0   3422    7.8    0.8     61   6.03     72      9  314.1  333.3  315.2
  665.0   3570    8.0   -9.0     29   2.92     70      9  315.9  325.7  316.5
  663.0   3595    7.9   -9.6     28   2.79     70      9  316.0  325.4  316.6
  639.0   3898    6.2  -17.4     17   1.53    135     10  317.5  322.9  317.8
  630.0   4014    5.6  -20.4     13   1.21    129      9  318.1  322.4  318.3
  594.0   4494    3.1  -11.2     34   2.74    105      4  320.6  329.9  321.1
  587.0   4590    2.6   -9.4     41   3.21    147      3  321.1  331.9  321.7
  572.0   4799    1.3  -11.8     37   2.73    240      1  321.9  331.3  322.4
  558.0   4999    0.0  -14.0     34   2.33    320      0  322.7  330.8  323.1
  551.0   5099   -0.6  -16.3     29   1.95      0      0  323.1  330.0  323.5
  531.0   5392   -2.4  -23.2     19   1.12    125      3  324.4  328.5  324.6
  500.0   5870   -5.3  -34.3      8   0.42    135      7  326.5  328.1  326.6
  491.0   6011   -6.2  -36.2      7   0.35    130     12  327.1  328.5  327.2
  465.0   6435   -8.9  -41.9      5   0.21    111     13  328.9  329.7  328.9
  442.0   6827   -9.1  -42.1      5   0.21     93     14  333.4  334.3  333.5
  438.0   6896   -9.6  -41.5      5   0.23     90     14  333.6  334.6  333.7
  421.0   7199  -11.8  -39.0      9   0.31    120     16  334.6  335.9  334.7
  400.0   7590  -14.7  -35.7     15   0.46    125     15  335.8  337.6  335.9
  359.0   8398  -19.8  -44.6      9   0.20    125     15  339.4  340.3  339.5
  357.0   8439  -20.1  -45.1      9   0.19    126     15  339.6  340.4  339.7
  345.0   8690  -22.4  -44.0     12   0.22    135     15  339.9  340.9  340.0
  336.0   8884  -24.1  -43.1     16   0.25    127     14  340.1  341.2  340.2
  324.0   9148  -25.1  -50.1      8   0.12    117     14  342.3  342.8  342.3
  300.0   9700  -29.7  -51.7     10   0.11     95     12  343.4  343.9  343.4
  280.0  10182  -34.1  -55.3     10   0.08     85     10  343.9  344.2  343.9
  268.0  10488  -37.0  -57.5     10   0.06     90      9  344.1  344.4  344.1
  256.0  10808  -39.9  -59.9     10   0.05    133      7  344.3  344.5  344.3
  250.0  10970  -41.3                         155      6  344.5         344.5
  245.0  11104  -42.4                         160      8  344.9         344.9
  224.0  11698  -47.1                         150      8  346.6         346.6
  205.0  12286  -51.8                         115     19  348.1         348.1
  200.0  12450  -53.1                         115     15  348.5         348.5
  186.0  12902  -56.8                         175     12  349.9         349.9
  161.0  13800  -64.1                         145     16  352.2         352.2
  150.0  14240  -67.7                         120     21  353.3         353.3
  146.0  14396  -68.9                         115     24  353.9         353.9
  108.0  16132  -82.3                          75     27  360.5         360.5
  101.0  16505  -81.8                          65     32  368.4         368.4
  100.0  16560  -81.7                          70     31  369.6         369.6
   96.0  16789  -81.7                         105     27  374.0         374.0
   93.5  16936  -81.7                         103     27  376.8         376.8
   91.0  17091  -79.0                         100     26  385.1         385.1
   88.0  17281  -75.7                          82     15  395.4         395.4
   86.0  17413  -76.5                          70      8  396.5         396.5
   80.3  17806  -78.7                          72      7  399.7         399.7
   74.9  18204  -76.9                          73      7  411.5         411.5
   72.9  18360  -75.1                          74      6  418.5         418.5
   71.5  18474  -70.5                          74      6  430.6         430.6
   70.0  18600  -69.3                          75      6  435.8         435.8
   67.0  18861  -70.3                         125      9  439.1         439.1
   65.4  19005  -70.9                         111     11  440.9         440.9
   63.0  19228  -70.1                          90     15  447.4         447.4
   59.0  19619  -68.7                         110     25  459.0         459.0
   57.0  19828  -65.9                         120     31  469.8         469.8
   55.3  20012  -63.5                         113     34  479.4         479.4
   50.0  20630  -64.5                          90     45  491.1         491.1
   49.1  20741  -65.3                          90     44  491.7         491.7
   47.0  21007  -65.1                          90     42  498.4         498.4
   41.9  21708  -64.5                          90     46  516.5         516.5
   31.5  23496  -53.5                          90     55  589.9         589.9
   31.0  23599  -53.6                          90     56  592.4         592.4
   30.0  23810  -53.7                          90     55  597.6         597.6
   23.9  25278  -53.9                         103     49  637.2         637.2
   23.0  25528  -52.9                         105     48  647.1         647.1
   21.1  26089  -50.7                         138     25  669.9         669.9
   21.0  26120  -50.6                         140     24  671.0         671.0
   20.0  26440  -50.1                         195     16  682.1         682.1
   19.0  26773  -50.1                         215     13  692.2         692.2
   17.0  27495  -50.0                         225      7  714.8         714.8
   16.0  27888  -50.0                         325     14  727.4         727.4
   15.0  28307  -49.9                         260     10  741.1         741.1
   14.4  28572  -49.9                         290      8  749.9         749.9
   14.0  28756  -48.5                         310      7  760.6         760.6
   13.5  28994  -46.7                         295     15  774.8         774.8
   13.0  29244  -45.9                         280     23  786.0         786.0
   12.3  29610  -44.7                         287     21  802.7         802.7
   11.0  30350  -46.3                         300     16  822.9         822.9
   10.0  30980  -45.3                         325     12  849.3         849.3
    9.7  31184  -44.1                         316     15  861.3         861.3
    9.1  31611  -45.1                         298     22  873.3         873.3
    9.0  31685  -44.9                         295     23  877.0         877.0
    8.0  32478  -42.3                         295     29  917.1         917.1
    7.7  32735  -41.5                                     930.5         930.5
</PRE><H3>Station information and sounding indices</H3><PRE>
                         Station identifier: WAAA
                             Station number: 97180
                           Observation time: 180729/0000
                           Station latitude: -5.06
                          Station longitude: 119.55
                          Station elevation: 14.0
                            Showalter index: 3.31
                               Lifted index: 2.42
    LIFT computed using virtual temperature: 1.80
                                SWEAT index: 170.58
                                    K index: 23.90
                         Cross totals index: 17.10
                      Vertical totals index: 23.10
                        Totals totals index: 40.20
      Convective Available Potential Energy: 0.00
             CAPE using virtual temperature: 0.00
                      Convective Inhibition: 0.00
             CINS using virtual temperature: 0.00
                     Bulk Richardson Number: 0.00
          Bulk Richardson Number using CAPV: 0.00
  Temp [K] of the Lifted Condensation Level: 288.66
Pres [hPa] of the Lifted Condensation Level: 872.96
     Mean mixed layer potential temperature: 300.10
              Mean mixed layer mixing ratio: 12.89
              1000 hPa to 500 hPa thickness: 5770.00
Precipitable water [mm] for entire sounding: 37.59
</PRE>
<P>Description of the 
<A HREF="/upperair/columns.html">data columns</A>
or <A HREF="/upperair/indices.html">sounding indices</A>.

<P>
<FORM>
<INPUT CLASS="button" TYPE="button" VALUE=" Close this window " 
 onClick="window.close();">
<INPUT CLASS="button" TYPE="button" VALUE=" Select another map " 
 onClick="window.blur();">
</FORM>
<HR SIZE="1">
<I>Interested in graduate studies in atmospheric science?
Check out our program at the
<a href="http://www.uwyo.edu/atsc/howtoapply/"
target=_top>University of Wyoming
</a></I>
<HR SIZE="1"><FONT SIZE="-1">
Questions about the weather data provided by this site can be
addressed to <A HREF="mailto:ldoolman@uwyo.edu">
Larry Oolman (ldoolman@uwyo.edu)</A></FONT>
<HR SIZE="1">
<SCRIPT TYPE="text/javascript">
<!--
window.focus();
// -->
</SCRIPT>
</BODY>
</HTML>
