2016-02-21 12
<HTML>
<TITLE>University of Wyoming - Radiosonde Data</TITLE>
<LINK REL="StyleSheet" HREF="/resources/select.css" TYPE="text/css">
<BODY BGCOLOR="white">
<H2>97180 WAAA Ujung Pandang Observations at 00Z 21 Feb 2016</H2>
<PRE>
-----------------------------------------------------------------------------
   PRES   HGHT   TEMP   DWPT   RELH   MIXR   DRCT   SKNT   THTA   THTE   THTV
    hPa     m      C      C      %    g/kg    deg   knot     K      K      K 
-----------------------------------------------------------------------------
 1011.0     14   26.4   25.2     93  20.46      0      0  298.6  358.5  302.2
 1000.0    108   25.6   24.2     92  19.45    155      2  298.8  355.7  302.2
  979.0    296   25.8   22.4     82  17.79    155      6  300.7  353.2  303.9
  973.0    350   25.8   21.9     79  17.33    158      6  301.3  352.5  304.4
  925.0    795   23.0   19.6     81  15.78    185      6  302.8  349.8  305.7
  914.0    899   22.4   18.9     81  15.29    190      6  303.3  348.9  306.0
  855.0   1479   19.2   15.1     77  12.78    185      4  305.7  344.3  308.1
  853.0   1500   19.0   15.2     78  12.88    185      4  305.8  344.6  308.1
  850.0   1530   18.8   15.3     80  13.03    180      4  305.8  345.1  308.2
  823.0   1806   17.0   15.1     88  13.24    150      4  306.8  346.9  309.2
  808.0   1964   16.0   14.9     93  13.36    147      4  307.3  347.9  309.8
  795.0   2102   15.7   13.7     88  12.57    145      4  308.4  346.8  310.8
  753.0   2563   14.8    9.8     72  10.20    133      4  312.3  344.0  314.2
  741.0   2698   13.8    9.0     73   9.79    130      4  312.6  343.1  314.4
  700.0   3176   10.2    6.0     75   8.45    150      6  313.8  340.3  315.4
  658.0   3688    7.0    2.0     70   6.77    157     10  315.7  337.4  317.0
  641.0   3902    5.9    1.3     72   6.62    160     12  316.9  338.2  318.1
  618.0   4200    4.4    0.4     75   6.41    160     16  318.5  339.2  319.7
  583.0   4675    2.0   -1.1     80   6.09    188     11  321.0  341.0  322.2
  574.0   4801    1.2   -1.6     81   5.95    195     10  321.5  341.1  322.6
  561.0   4985    0.0   -2.4     84   5.75    192      9  322.2  341.2  323.3
  533.0   5392   -2.1   -4.1     87   5.34    185      8  324.4  342.2  325.4
  504.0   5837   -4.5   -5.9     90   4.91    189     12  326.7  343.4  327.7
  502.0   5869   -3.9   -8.6     70   4.00    190     12  327.9  341.6  328.6
  500.0   5900   -4.3   -8.8     71   3.95    190     12  327.7  341.3  328.5
  469.0   6403   -7.7  -11.7     73   3.35    193     11  329.6  341.2  330.2
  463.0   6503   -7.1  -17.1     45   2.17    193     11  331.5  339.3  332.0
  440.0   6896   -9.6  -21.4     38   1.59    195     10  333.2  339.1  333.5
  423.0   7199  -11.6  -24.6     33   1.23    170     10  334.5  339.1  334.8
  400.0   7630  -14.3  -29.3     27   0.85    165     10  336.3  339.6  336.5
  391.0   7802  -15.9  -31.9     24   0.68    159      9  336.4  339.1  336.6
  376.0   8092  -17.9  -34.9     21   0.53    150      6  337.6  339.7  337.7
  361.0   8395  -19.9  -38.1     18   0.40     90      2  338.8  340.4  338.9
  351.0   8604  -21.3  -40.3     16   0.33      5      2  339.7  341.0  339.7
  349.0   8646  -21.7  -30.7     44   0.85    347      2  339.7  343.0  339.9
  347.0   8688  -22.1  -36.4     26   0.49    330      2  339.7  341.7  339.8
  346.0   8709  -22.3  -39.3     20   0.37    341      2  339.7  341.2  339.8
  342.0   8794  -22.9  -35.9     29   0.52     26      2  340.0  342.1  340.1
  333.0   8988  -24.2  -40.8     20   0.33    130      2  340.8  342.2  340.9
  327.0   9121  -25.1  -44.1     15   0.23    155      3  341.4  342.4  341.4
  322.0   9232  -25.5  -35.5     39   0.58    177      4  342.3  344.7  342.5
  320.0   9277  -25.5  -40.5     23   0.35    186      4  342.9  344.4  343.0
  319.0   9300  -25.7  -40.3     24   0.36    190      4  343.0  344.4  343.0
  300.0   9740  -29.9  -36.9     51   0.54    185      8  343.1  345.3  343.2
  292.0   9933  -31.5  -36.5     61   0.58    187     10  343.5  345.8  343.6
  269.0  10510  -36.0  -43.2     47   0.31    195     17  345.1  346.4  345.1
  261.0  10723  -37.7  -45.7     43   0.25    201     17  345.6  346.6  345.6
  250.0  11020  -39.9  -47.9     42   0.20    210     16  346.6  347.5  346.6
  226.0  11689  -45.7                         210     12  347.9         347.9
  200.0  12500  -52.7                         210     10  349.1         349.1
  197.0  12594  -53.5                         215     10  349.5         349.5
  188.0  12885  -55.8                         200      8  350.5         350.5
  179.0  13190  -58.2                         205      6  351.4         351.4
  163.0  13773  -62.8                          45      6  353.2         353.2
  155.0  14086  -65.3                          75     14  354.1         354.1
  150.0  14290  -66.9                          75     21  354.6         354.6
  140.0  14695  -70.0                          70     21  356.3         356.3
  133.0  14997  -72.2                          65     14  357.5         357.5
  114.0  15903  -79.1                          90     27  360.9         360.9
  113.0  15954  -79.5                          90     27  361.1         361.1
  110.0  16108  -78.7                          87     23  365.3         365.3
  108.0  16212  -79.0                          85     21  366.6         366.6
  103.0  16482  -79.9                          35      6  369.9         369.9
  100.0  16650  -80.5                         345      8  371.9         371.9
   97.0  16821  -80.7                         300     10  374.9         374.9
   92.0  17118  -81.0                         275     16  380.0         380.0
   88.0  17367  -81.2                         295     16  384.4         384.4
   83.0  17695  -81.5                         280     14  390.2         390.2
   80.4  17874  -81.7                         257     14  393.4         393.4
   79.1  17966  -76.5                         246     14  406.0         406.0
   79.0  17973  -76.5                         245     14  406.1         406.1
   71.0  18588  -75.4                         245     35  421.0         421.0
   70.0  18670  -75.3                         245     31  423.0         423.0
   61.0  19473  -74.0                         250     21  442.8         442.8
   55.0  20077  -73.0                         235      6  458.3         458.3
   53.0  20293  -72.7                         119      7  464.0         464.0
   52.0  20407  -71.0                          60      8  470.4         470.4
   50.3  20604  -68.1                          56      6  481.8         481.8
   50.0  20640  -68.1                          55      6  482.6         482.6
   41.0  21827  -68.8                         100     25  509.1         509.1
   39.1  22111  -68.9                          93     30  515.7         515.7
   37.0  22448  -65.8                          85     35  531.9         531.9
   33.6  23036  -60.3                          89     17  561.2         561.2
   33.0  23148  -60.4                          90     14  563.9         563.9
   30.0  23740  -60.9                         120     12  578.0         578.0
   27.1  24370  -61.7                          96     23  592.8         592.8
   27.0  24394  -61.3                          95     23  594.6         594.6
   26.2  24581  -58.1                                     608.8         608.8
</PRE><H3>Station information and sounding indices</H3><PRE>
                         Station identifier: WAAA
                             Station number: 97180
                           Observation time: 160221/0000
                           Station latitude: -5.06
                          Station longitude: 119.55
                          Station elevation: 14.0
                            Showalter index: 0.56
                               Lifted index: -2.58
    LIFT computed using virtual temperature: -3.05
                                SWEAT index: 203.61
                                    K index: 34.20
                         Cross totals index: 19.60
                      Vertical totals index: 23.10
                        Totals totals index: 42.70
      Convective Available Potential Energy: 1127.66
             CAPE using virtual temperature: 1272.78
                      Convective Inhibition: -39.66
             CINS using virtual temperature: -25.03
                           Equilibrum Level: 159.11
 Equilibrum Level using virtual temperature: 159.09
                   Level of Free Convection: 838.34
             LFCT using virtual temperature: 862.04
                     Bulk Richardson Number: 1228.35
          Bulk Richardson Number using CAPV: 1386.43
  Temp [K] of the Lifted Condensation Level: 295.36
Pres [hPa] of the Lifted Condensation Level: 944.19
     Mean mixed layer potential temperature: 300.26
              Mean mixed layer mixing ratio: 18.26
              1000 hPa to 500 hPa thickness: 5792.00
Precipitable water [mm] for entire sounding: 59.26
</PRE>
<P>Description of the 
<A HREF="/upperair/columns.html">data columns</A>
or <A HREF="/upperair/indices.html">sounding indices</A>.

<P>
<FORM>
<INPUT CLASS="button" TYPE="button" VALUE=" Close this window " 
 onClick="window.close();">
<INPUT CLASS="button" TYPE="button" VALUE=" Select another map " 
 onClick="window.blur();">
</FORM>
<HR SIZE="1">
<I>Interested in graduate studies in atmospheric science?
Check out our program at the
<a href="http://www.uwyo.edu/atsc/howtoapply/"
target=_top>University of Wyoming
</a></I>
<HR SIZE="1"><FONT SIZE="-1">
Questions about the weather data provided by this site can be
addressed to <A HREF="mailto:ldoolman@uwyo.edu">
Larry Oolman (ldoolman@uwyo.edu)</A></FONT>
<HR SIZE="1">
<SCRIPT TYPE="text/javascript">
<!--
window.focus();
// -->
</SCRIPT>
</BODY>
</HTML>
