2016-03-25 00
<HTML>
<TITLE>University of Wyoming - Radiosonde Data</TITLE>
<LINK REL="StyleSheet" HREF="/resources/select.css" TYPE="text/css">
<BODY BGCOLOR="white">
<H2>97180 WAAA Ujung Pandang Observations at 00Z 25 Mar 2016</H2>
<PRE>
-----------------------------------------------------------------------------
   PRES   HGHT   TEMP   DWPT   RELH   MIXR   DRCT   SKNT   THTA   THTE   THTV
    hPa     m      C      C      %    g/kg    deg   knot     K      K      K 
-----------------------------------------------------------------------------
 1013.0     14   25.2   23.4     90  18.27      0      0  297.2  350.3  300.5
 1000.0    122   27.2   22.6     76  17.61      0      0  300.4  352.2  303.5
  993.0    184   27.2   22.8     77  17.96      5      1  300.9  354.0  304.2
  980.0    301   26.5   22.1     77  17.40     15      2  301.4  352.8  304.5
  948.0    593   24.7   20.2     76  16.04    235      4  302.4  350.1  305.4
  925.0    810   23.4   18.9     76  15.09    230      4  303.2  348.2  306.0
  916.0    895   22.9   18.4     75  14.72    230      4  303.6  347.5  306.3
  885.0   1194   21.2   16.4     74  13.47    150      2  304.8  345.3  307.3
  855.0   1494   19.5   14.5     73  12.31    110      6  306.0  343.2  308.3
  850.0   1545   19.2   14.2     73  12.12    110      6  306.2  342.9  308.5
  797.0   2095   16.1    9.7     66   9.56    105      8  308.7  338.1  310.4
  778.0   2302   15.0    8.0     63   8.72    109      9  309.6  336.6  311.2
  700.0   3189   10.2    1.2     54   6.00    125     14  313.8  332.9  314.9
  620.0   4183    5.3  -10.3     31   2.83    145     17  319.2  328.8  319.8
  562.0   4988    1.4  -19.6     19   1.45    136     16  323.7  328.9  324.0
  559.0   5031    1.0  -12.0     37   2.74    136     16  323.7  333.1  324.2
  554.0   5103    0.7  -15.7     28   2.04    135     16  324.2  331.3  324.6
  543.0   5264    0.0  -24.0     14   1.02    138     17  325.2  328.9  325.4
  534.0   5397   -0.7  -25.2     14   0.93    140     17  325.9  329.3  326.1
  514.0   5701   -2.4  -28.1     12   0.74    125     16  327.5  330.3  327.6
  510.0   5763   -2.7  -28.7     12   0.71    126     16  327.8  330.5  328.0
  500.0   5920   -4.1  -15.1     42   2.38    130     16  328.0  336.4  328.4
  489.0   6094   -5.7  -13.7     53   2.73    135     13  328.1  337.7  328.6
  478.0   6272   -7.1  -14.1     57   2.70    140     10  328.5  338.0  329.1
  477.0   6288   -7.2  -14.4     56   2.65    140     10  328.6  337.9  329.1
  459.0   6585   -8.5  -19.5     41   1.79    125     14  330.6  337.0  330.9
  424.0   7196  -11.3  -30.1     20   0.74    150     14  334.6  337.5  334.8
  419.0   7287  -11.7  -31.7     17   0.65    150     14  335.2  337.7  335.4
  400.0   7640  -14.3  -28.3     29   0.93    150     14  336.3  339.9  336.5
  379.0   8047  -16.9  -31.9     26   0.70    145     12  338.1  340.9  338.2
  377.0   8087  -17.1  -31.9     27   0.71    145     12  338.3  341.1  338.4
  365.0   8329  -18.7  -31.7     31   0.74    133     15  339.4  342.3  339.5
  364.0   8349  -18.7  -27.7     45   1.09    132     15  339.6  343.8  339.9
  363.0   8369  -18.7  -35.7     21   0.50    131     16  339.9  341.9  340.0
  362.0   8390  -18.9  -35.6     21   0.51    130     16  339.9  342.0  340.0
  345.0   8746  -21.9  -33.9     33   0.63    136     14  340.5  343.1  340.7
  338.0   8897  -22.5  -36.5     27   0.50    139     13  341.7  343.7  341.8
  337.0   8919  -22.7  -29.7     53   0.97    139     12  341.7  345.5  341.9
  334.0   8984  -23.3  -29.2     58   1.03    140     12  341.8  345.8  342.0
  327.0   9139  -24.7  -28.0     74   1.17    137     12  341.9  346.4  342.2
  322.0   9251  -25.7  -31.7     57   0.84    135     12  342.1  345.4  342.2
  318.0   9341  -26.1  -32.1     57   0.82    133     12  342.7  346.0  342.9
  307.0   9595  -28.3  -36.3     46   0.56    128     12  343.1  345.4  343.2
  303.0   9689  -28.9  -40.9     31   0.36    126     12  343.6  345.0  343.6
  300.0   9760  -29.5  -36.5     51   0.56    125     12  343.7  346.0  343.8
  294.0   9905  -30.5  -32.7     81   0.84    123     12  344.3  347.6  344.4
  287.0  10076  -31.9  -34.2     80   0.74    121     12  344.6  347.6  344.8
  282.0  10201  -32.7  -44.7     29   0.25    119     12  345.2  346.3  345.3
  275.0  10378  -34.1  -36.6     78   0.61    116     12  345.7  348.1  345.8
  271.0  10480  -35.0  -37.7     76   0.55    115     12  345.9  348.1  346.0
  250.0  11040  -39.7  -43.8     65   0.32    115     12  346.9  348.2  347.0
  248.0  11095  -40.1  -43.9     67   0.32    114     12  347.1  348.4  347.2
  200.0  12520  -52.3                         100     16  349.8         349.8
  180.0  13176  -57.9                         105     16  351.3         351.3
  150.0  14310  -67.7                          90     33  353.3         353.3
  141.0  14680  -69.8                          80     37  355.9         355.9
  132.0  15074  -72.1                          86     34  358.6         358.6
  127.0  15300  -72.9                          90     33  361.0         361.0
  115.0  15879  -75.1                          60     17  367.4         367.4
  109.0  16192  -76.3                          90      6  370.8         370.8
  106.0  16355  -76.9                         120      7  372.6         372.6
  104.0  16465  -77.5                         140      8  373.4         373.4
  100.0  16690  -78.9                         190     10  375.0         375.0
   98.0  16803  -79.6                         220     12  375.8         375.8
   93.0  17096  -81.5                         235     14  377.8         377.8
   87.3  17449  -83.7                         190     10  380.2         380.2
   84.0  17662  -82.8                         165     10  386.3         386.3
   81.7  17816  -82.1                         190      6  390.8         390.8
   79.0  18002  -82.7                         220      2  393.3         393.3
   75.0  18289  -83.7                         220     10  397.2         397.2
   71.0  18592  -84.6                         195     16  401.4         401.4
   70.0  18670  -84.9                         185     16  402.4         402.4
   68.6  18782  -84.7                         169     14  405.2         405.2
   64.0  19177  -82.1                         115      6  419.0         419.0
   60.0  19544  -79.7                          95      2  432.2         432.2
   57.0  19836  -77.8                         250      4  443.0         443.0
   54.0  20143  -75.7                         215      4  454.6         454.6
   53.4  20207  -75.3                         175      5  457.0         457.0
   52.0  20362  -75.3                          80      6  460.5         460.5
   50.0  20590  -75.3                          70     14  465.6         465.6
   49.0  20709  -74.8                          65     17  469.6         469.6
   47.0  20954  -73.7                         105     21  477.8         477.8
   44.0  21342  -72.0                         120     37  491.1         491.1
   42.0  21616  -70.8                         110     43  500.6         500.6
   40.0  21903  -69.5                         105     43  510.9         510.9
   38.2  22174  -68.3                          96     43  520.7         520.7
   38.0  22206  -67.4                          95     43  523.8         523.8
   36.0  22538  -58.1                          89     32  555.9         555.9
   33.0  23083  -58.7                          80     14  568.4         568.4
   30.0  23680  -59.3                         135     12  582.4         582.4
   29.3  23828  -59.3                         118     11  586.3         586.3
   29.0  23894  -58.8                         110     10  589.4         589.4
   26.0  24588  -53.5                         352     21  623.1         623.1
   25.0  24841  -53.6                         310     25  629.9         629.9
   22.0  25664  -53.9                         250     23  652.5         652.5
   21.6  25782  -53.9                         230     18  655.9         655.9
   21.0  25964  -52.9                         200     10  664.2         664.2
   20.0  26280  -51.1                         155     16  679.0         679.0
   18.6  26751  -51.9                         114      8  690.7         690.7
   18.0  26962  -52.2                          95      4  696.3         696.3
   17.0  27331  -52.7                         120      6  706.1         706.1
   16.0  27722  -53.3                          50     14  716.6         716.6
   15.6  27886  -53.5                                     721.1         721.1
</PRE><H3>Station information and sounding indices</H3><PRE>
                         Station identifier: WAAA
                             Station number: 97180
                           Observation time: 160325/0000
                           Station latitude: -5.06
                          Station longitude: 119.55
                          Station elevation: 14.0
                            Showalter index: 1.62
                               Lifted index: -1.79
    LIFT computed using virtual temperature: -2.47
                                SWEAT index: 198.41
                                    K index: 28.50
                         Cross totals index: 18.30
                      Vertical totals index: 23.30
                        Totals totals index: 41.60
      Convective Available Potential Energy: 633.72
             CAPE using virtual temperature: 839.72
                      Convective Inhibition: -73.53
             CINS using virtual temperature: -46.02
                           Equilibrum Level: 172.51
 Equilibrum Level using virtual temperature: 171.41
                   Level of Free Convection: 772.92
             LFCT using virtual temperature: 824.67
                     Bulk Richardson Number: 51.43
          Bulk Richardson Number using CAPV: 68.15
  Temp [K] of the Lifted Condensation Level: 294.33
Pres [hPa] of the Lifted Condensation Level: 926.79
     Mean mixed layer potential temperature: 300.81
              Mean mixed layer mixing ratio: 17.43
              1000 hPa to 500 hPa thickness: 5798.00
Precipitable water [mm] for entire sounding: 47.34
</PRE>
<P>Description of the 
<A HREF="/upperair/columns.html">data columns</A>
or <A HREF="/upperair/indices.html">sounding indices</A>.

<P>
<FORM>
<INPUT CLASS="button" TYPE="button" VALUE=" Close this window " 
 onClick="window.close();">
<INPUT CLASS="button" TYPE="button" VALUE=" Select another map " 
 onClick="window.blur();">
</FORM>
<HR SIZE="1">
<I>Interested in graduate studies in atmospheric science?
Check out our program at the
<a href="http://www.uwyo.edu/atsc/howtoapply/"
target=_top>University of Wyoming
</a></I>
<HR SIZE="1"><FONT SIZE="-1">
Questions about the weather data provided by this site can be
addressed to <A HREF="mailto:ldoolman@uwyo.edu">
Larry Oolman (ldoolman@uwyo.edu)</A></FONT>
<HR SIZE="1">
<SCRIPT TYPE="text/javascript">
<!--
window.focus();
// -->
</SCRIPT>
</BODY>
</HTML>
