2016-08-20 12
<HTML>
<TITLE>University of Wyoming - Radiosonde Data</TITLE>
<LINK REL="StyleSheet" HREF="/resources/select.css" TYPE="text/css">
<BODY BGCOLOR="white">
<H2>97180 WAAA Ujung Pandang Observations at 00Z 20 Aug 2016</H2>
<PRE>
-----------------------------------------------------------------------------
   PRES   HGHT   TEMP   DWPT   RELH   MIXR   DRCT   SKNT   THTA   THTE   THTV
    hPa     m      C      C      %    g/kg    deg   knot     K      K      K 
-----------------------------------------------------------------------------
 1009.0     14   23.0   15.0     61  10.73    140      4  295.4  326.5  297.3
 1008.0     22   25.2   12.2     44   8.93    137      4  297.7  324.0  299.3
 1004.0     56   25.2   12.2     44   8.96    123      6  298.0  324.4  299.6
 1001.0     82   26.4    9.4     34   7.44    113      7  299.5  321.7  300.8
 1000.0     90   26.8    8.8     32   7.15    110      7  299.9  321.4  301.2
  982.0    249   26.8    6.8     28   6.35     99      6  301.5  320.8  302.7
  976.0    303   26.4    6.9     29   6.42     95      6  301.6  321.1  302.8
  925.0    770   22.6    7.6     38   7.13    115      7  302.4  324.0  303.7
  912.0    892   21.8    7.8     41   7.33    100      6  302.8  325.0  304.1
  850.0   1500   17.8    8.8     56   8.43     45      5  304.8  330.4  306.3
  834.0   1663   16.8   10.8     68   9.84     31      5  305.4  335.2  307.2
  824.0   1766   16.2   11.2     72  10.24     23      5  305.8  336.8  307.7
  822.0   1787   16.2   10.2     68   9.59     21      5  306.0  335.2  307.8
  821.0   1797   16.2    9.6     65   9.21     20      5  306.2  334.2  307.9
  813.0   1881   16.6    4.6     45   6.58      2      6  307.4  327.8  308.6
  792.0   2103   15.4    4.3     47   6.60    315      9  308.4  329.0  309.7
  764.0   2409   13.8    3.8     51   6.62    314     10  309.9  330.6  311.1
  722.0   2885   12.2    1.2     47   5.81    311     10  313.2  331.7  314.3
  712.0   3003   12.2   -5.8     28   3.50    311     11  314.4  325.9  315.1
  700.0   3145   11.4   -4.6     32   3.90    310     11  315.1  327.9  315.8
  674.0   3460    9.6   -8.4     27   3.02    300     12  316.5  326.6  317.1
  663.0   3595    8.5   -6.3     34   3.60    295     13  316.7  328.7  317.4
  633.0   3977    5.4   -0.6     65   5.82    330     10  317.4  336.3  318.5
  616.0   4198    4.5   -8.7     38   3.25    350      9  318.9  329.7  319.5
  607.0   4318    4.0  -13.0     28   2.33    358      9  319.6  327.6  320.1
  593.0   4507    2.8  -13.1     30   2.36     10      8  320.4  328.5  320.8
  582.0   4659    1.8  -13.2     32   2.39     15      6  320.9  329.1  321.4
  577.0   4728    1.4  -11.6     37   2.74     18      6  321.3  330.6  321.8
  575.0   4756    1.2  -12.8     34   2.50     19      5  321.3  329.9  321.8
  572.0   4798    1.4  -18.3     21   1.58     20      5  322.0  327.6  322.4
  562.0   4940    2.0  -37.0      4   0.29      1      5  324.4  325.5  324.4
  544.0   5201    0.0  -23.0     16   1.11    326      6  325.1  329.1  325.3
  500.0   5870   -4.9  -17.9     35   1.88    235      7  327.0  333.7  327.4
  473.0   6304   -8.9  -17.1     51   2.13    310      9  327.3  334.9  327.7
  461.0   6504  -10.7  -16.7     61   2.26    327     11  327.4  335.4  327.9
  455.0   6605  -11.5  -16.8     65   2.28    335     12  327.7  335.8  328.2
  450.0   6690  -12.1  -16.8     68   2.29    347     13  327.9  336.1  328.4
  438.0   6898  -12.5  -22.3     44   1.46     15     15  330.0  335.3  330.2
  433.0   6986  -12.7  -24.7     36   1.20     21     17  330.8  335.2  331.1
  421.0   7201  -14.1  -30.1     25   0.75     37     22  331.7  334.6  331.8
  406.0   7477  -14.7  -31.7     22   0.67     57     28  334.4  336.9  334.5
  400.0   7590  -14.5  -37.5     12   0.38     65     31  336.1  337.6  336.1
  398.0   7628  -13.7  -44.7      5   0.18     69     31  337.6  338.3  337.6
  389.0   7798  -14.8  -45.7      5   0.16     85     33  338.3  339.0  338.3
  318.0   9292  -24.8  -54.9      4   0.07     90     33  344.5  344.9  344.6
  306.0   9577  -26.7  -56.7      4   0.06     93     32  345.7  345.9  345.7
  300.0   9720  -27.9  -51.9      8   0.11     95     32  345.9  346.4  346.0
  250.0  11000  -39.9  -49.9     34   0.16     80     35  346.6  347.3  346.6
  236.0  11382  -43.1                          85     31  347.5         347.5
  200.0  12480  -52.3                          85     29  349.8         349.8
  187.0  12900  -55.9                          85     35  350.7         350.7
  155.0  14073  -66.1                          56     51  352.7         352.7
  154.0  14111  -66.4                          55     52  352.8         352.8
  150.0  14270  -67.7                          60     54  353.3         353.3
  133.0  14970  -72.7                          75     62  356.8         356.8
  111.0  16022  -80.1                          95     48  361.8         361.8
  104.0  16388  -80.9                         103     43  367.0         367.0
  102.0  16498  -79.5                         105     42  371.7         371.7
  100.0  16610  -78.1                         100     39  376.6         376.6
   92.0  17084  -80.3                          50     26  381.3         381.3
   87.0  17401  -81.8                          70     20  384.5         384.5
   84.0  17601  -82.7                         100     18  386.5         386.5
   83.0  17668  -82.2                         120     19  388.7         388.7
   79.3  17926  -80.5                         116     23  397.4         397.4
   78.0  18022  -77.1                         115     24  406.4         406.4
   76.2  18157  -72.3                          95     22  419.1         419.1
   74.0  18331  -72.2                          70     20  422.8         422.8
   71.0  18576  -72.1                          75     14  428.0         428.0
   70.0  18660  -72.1                          85     15  429.8         429.8
   64.9  19104  -73.1                         119     22  437.0         437.0
   64.0  19187  -72.7                         125     23  439.8         439.8
   59.5  19617  -70.3                         106     31  454.3         454.3
   58.0  19770  -67.7                         100     34  463.5         463.5
   57.0  19875  -65.9                         107     34  469.9         469.9
   55.0  20091  -66.6                         120     35  473.0         473.0
   54.3  20169  -66.9                         117     32  474.1         474.1
   52.0  20435  -60.3                         105     23  495.4         495.4
   51.8  20459  -59.7                          99     21  497.3         497.3
   50.0  20680  -59.3                          45      6  503.3         503.3
   48.0  20935  -60.6                         285     14  506.2         506.2
   47.2  21039  -61.1                         284     14  507.4         507.4
   44.7  21379  -58.9                         283     16  520.6         520.6
   41.8  21798  -61.3                         280     18  524.8         524.8
   39.9  22089  -58.1                         279     19  539.8         539.8
   37.2  22529  -58.9                         276     21  548.7         548.7
   36.0  22736  -57.8                         275     22  556.8         556.8
   34.7  22968  -56.5                         262     19  566.0         566.0
   34.0  23097  -56.8                         255     18  568.6         568.6
   31.2  23641  -57.9                         289     22  579.7         579.7
   30.0  23890  -54.9                         305     24  594.4         594.4
   29.2  24063  -53.7                         298     28  602.3         602.3
   26.0  24802  -55.4                         270     43  617.9         617.9
   24.0  25311  -56.5                         268     37  628.9         628.9
   21.0  26160  -55.0                         265     26  657.7         657.7
   20.0  26470  -54.5                         250     26  668.6         668.6
   18.0  27143  -55.1                         235     15  687.0         687.0
   17.0  27508  -55.5                         245      9  697.2         697.2
   16.0  27897  -53.4                         225      6  716.3         716.3
   15.6  28059  -52.5                                     724.4         724.4
</PRE><H3>Station information and sounding indices</H3><PRE>
                         Station identifier: WAAA
                             Station number: 97180
                           Observation time: 160820/0000
                           Station latitude: -5.06
                          Station longitude: 119.55
                          Station elevation: 14.0
                            Showalter index: 6.25
                               Lifted index: 10.68
    LIFT computed using virtual temperature: 10.63
                                SWEAT index: 122.58
                                    K index: 15.50
                         Cross totals index: 13.70
                      Vertical totals index: 22.70
                        Totals totals index: 36.40
      Convective Available Potential Energy: 0.00
             CAPE using virtual temperature: 0.00
                      Convective Inhibition: 0.00
             CINS using virtual temperature: 0.00
                     Bulk Richardson Number: 0.00
          Bulk Richardson Number using CAPV: 0.00
  Temp [K] of the Lifted Condensation Level: 277.26
Pres [hPa] of the Lifted Condensation Level: 751.50
     Mean mixed layer potential temperature: 300.85
              Mean mixed layer mixing ratio: 6.94
              1000 hPa to 500 hPa thickness: 5780.00
Precipitable water [mm] for entire sounding: 29.56
</PRE>
<P>Description of the 
<A HREF="/upperair/columns.html">data columns</A>
or <A HREF="/upperair/indices.html">sounding indices</A>.

<P>
<FORM>
<INPUT CLASS="button" TYPE="button" VALUE=" Close this window " 
 onClick="window.close();">
<INPUT CLASS="button" TYPE="button" VALUE=" Select another map " 
 onClick="window.blur();">
</FORM>
<HR SIZE="1">
<I>Interested in graduate studies in atmospheric science?
Check out our program at the
<a href="http://www.uwyo.edu/atsc/howtoapply/"
target=_top>University of Wyoming
</a></I>
<HR SIZE="1"><FONT SIZE="-1">
Questions about the weather data provided by this site can be
addressed to <A HREF="mailto:ldoolman@uwyo.edu">
Larry Oolman (ldoolman@uwyo.edu)</A></FONT>
<HR SIZE="1">
<SCRIPT TYPE="text/javascript">
<!--
window.focus();
// -->
</SCRIPT>
</BODY>
</HTML>
