2017-02-07 00
<HTML>
<TITLE>University of Wyoming - Radiosonde Data</TITLE>
<LINK REL="StyleSheet" HREF="/resources/select.css" TYPE="text/css">
<BODY BGCOLOR="white">
<H2>97180 WAAA Ujung Pandang Observations at 00Z 07 Feb 2017</H2>
<PRE>
-----------------------------------------------------------------------------
   PRES   HGHT   TEMP   DWPT   RELH   MIXR   DRCT   SKNT   THTA   THTE   THTV
    hPa     m      C      C      %    g/kg    deg   knot     K      K      K 
-----------------------------------------------------------------------------
 1007.0     14   24.4   23.8     96  18.84    180      2  297.0  351.6  300.3
 1006.0     23   23.6   22.6     94  17.50    173      2  296.2  346.9  299.3
 1000.0     79   23.8   22.9     95  17.94    130      4  296.9  349.0  300.1
  982.0    238   24.0   22.7     92  18.05    220      5  298.7  351.5  301.9
  975.0    300   23.8   22.4     92  17.90    255      6  299.1  351.5  302.3
  942.0    600   22.8   21.2     91  17.19    290     16  301.0  351.7  304.1
  925.0    759   22.2   20.6     91  16.82    300     22  302.0  351.9  305.0
  876.0   1232   19.8   17.7     88  14.77    297     33  304.2  348.4  306.9
  850.0   1492   18.0   15.5     85  13.20    295     39  305.0  344.7  307.4
  813.0   1872   15.4   14.2     93  12.68    289     43  306.1  344.4  308.5
  792.0   2094   14.2   10.1     76   9.86    285     46  307.1  337.2  309.0
  772.0   2310   13.0    6.0     62   7.65    284     46  308.1  331.7  309.5
  749.0   2564   11.2    9.2     87   9.84    283     45  308.8  339.1  310.7
  707.0   3045   10.0    6.8     80   8.84    280     44  312.6  340.3  314.3
  700.0   3128    9.4    6.3     81   8.63    280     44  312.9  339.9  314.5
  650.0   3741    6.2    4.2     87   8.02    273     44  315.9  341.4  317.5
  625.0   4063    6.6    1.6     70   6.92    270     44  320.0  342.4  321.3
  592.0   4504    3.5   -1.0     72   6.05    265     44  321.4  341.3  322.6
  556.0   5014    0.0   -4.0     74   5.15    273     36  323.0  340.1  324.0
  540.0   5247   -1.5   -5.2     76   4.84    277     32  323.9  340.1  324.9
  529.0   5411   -1.5   -4.8     78   5.10    280     29  325.9  343.0  326.9
  522.0   5518   -1.5   -4.5     80   5.28    285     29  327.1  344.9  328.1
  500.0   5860   -3.3   -7.2     74   4.48    300     27  328.9  344.3  329.8
  473.0   6293   -6.6   -9.6     79   3.92    325     16  330.1  343.7  330.9
  452.0   6647   -9.3  -11.6     83   3.50    322     19  331.1  343.3  331.8
  437.0   6905  -10.8  -12.9     84   3.25    320     22  332.4  343.8  333.0
  421.0   7190  -12.4  -14.4     85   2.98    330     21  333.8  344.4  334.4
  404.0   7504  -14.3  -16.1     86   2.71      0     16  335.4  345.1  336.0
  400.0   7580  -14.7  -16.5     86   2.65     10     15  335.8  345.3  336.3
  389.0   7791  -15.9  -17.7     86   2.47    350     12  336.9  345.8  337.4
  377.0   8028  -17.3  -19.0     87   2.27    306     13  338.1  346.4  338.6
  374.0   8088  -17.6  -19.6     85   2.18    295     13  338.4  346.4  338.9
  345.0   8689  -21.1  -25.4     69   1.41    290     16  341.6  346.9  341.8
  336.0   8886  -22.3  -27.3     64   1.22    303     10  342.6  347.3  342.8
  331.0   8996  -23.3  -27.7     67   1.20    310      6  342.7  347.3  342.9
  318.0   9289  -25.9  -28.7     77   1.13    125      2  343.0  347.4  343.2
  314.0   9381  -26.9  -29.6     78   1.05    124      4  342.9  346.9  343.1
  312.0   9427  -27.1  -30.0     76   1.02    123      5  343.2  347.2  343.4
  303.0   9639  -28.5  -33.5     62   0.75    121      9  344.1  347.1  344.3
  300.0   9710  -29.1  -34.1     62   0.72    120     10  344.2  347.1  344.4
  288.0   9999  -31.5  -35.2     70   0.67    105     13  344.9  347.5  345.0
  280.0  10196  -33.1  -37.7     63   0.53     95     15  345.4  347.6  345.5
  269.0  10476  -35.3  -41.3     54   0.38     99     14  346.1  347.7  346.2
  250.0  10980  -39.5  -43.9     63   0.31    105     11  347.2  348.5  347.3
  248.0  11035  -39.9  -43.8     66   0.32    106     12  347.4  348.8  347.5
  235.0  11394  -43.0                         115     18  348.1         348.1
  200.0  12470  -52.3                         105     43  349.8         349.8
  187.0  12891  -55.9                         115     51  350.7         350.7
  150.0  14270  -67.9                         135     39  352.9         352.9
  147.0  14388  -69.0                         130     38  353.1         353.1
  122.0  15474  -78.9                         113     53  354.3         354.3
  100.0  16580  -86.1                          95     69  361.1         361.1
   99.6  16602  -86.5                          95     68  360.8         360.8
   96.1  16798  -86.7                          90     63  364.1         364.1
   96.0  16803  -86.7                          90     63  364.2         364.2
   92.8  16989  -86.9                          85     53  367.4         367.4
   90.5  17126  -86.1                          82     46  371.6         371.6
   89.3  17200  -82.7                          80     43  379.8         379.8
   86.0  17413  -80.6                          75     32  388.1         388.1
   82.0  17683  -78.0                          90     33  398.8         398.8
   81.9  17690  -77.9                          90     33  399.1         399.1
   77.9  17975  -79.1                          78     30  402.4         402.4
   74.0  18270  -77.4                          65     26  411.9         411.9
   70.8  18524  -75.9                          93     20  420.3         420.3
   70.0  18590  -74.7                         100     19  424.2         424.2
   67.0  18848  -69.5                          85     16  440.9         440.9
   66.0  18937  -69.5                          80     15  442.7         442.7
   63.0  19215  -69.7                         335     11  448.3         448.3
   61.7  19339  -69.7                         312     16  450.9         450.9
   60.0  19506  -67.6                         280     23  459.1         459.1
   59.4  19567  -66.9                         279     24  462.1         462.1
   55.4  19990  -65.1                         276     30  475.5         475.5
   50.0  20610  -67.9                         270     39  483.1         483.1
   49.0  20731  -68.6                         270     37  484.2         484.2
   47.2  20954  -69.9                         270     28  486.3         486.3
   45.0  21240  -69.2                         275     19  494.8         494.8
   38.0  22255  -66.6                         225      4  525.9         525.9
   37.0  22414  -66.2                         215      6  530.9         530.9
   35.9  22596  -65.7                         294      3  536.7         536.7
   35.0  22751  -64.5                           0      1  543.6         543.6
   33.0  23111  -61.9                         330      6  559.9         559.9
   32.0  23301  -61.6                         335     10  565.5         565.5
   30.0  23700  -61.1                         310     11  577.5         577.5
   27.0  24352  -61.4                         265     19  594.5         594.5
   25.3  24755  -61.5                         261     13  605.2         605.2
   25.0  24828  -61.5                         260     12  607.2         607.2
   24.4  24979  -61.5                         243     14  611.5         611.5
   23.3  25267  -56.3                         209     17  634.8         634.8
   23.0  25350  -55.3                         200     18  640.1         640.1
   22.7  25433  -54.3                         201     16  645.4         645.4
   22.0  25633  -54.7                         205     11  650.1         650.1
   20.0  26240  -55.9                         290      6  664.3         664.3
   19.0  26566  -56.3                          65      6  673.0         673.0
   17.9  26944  -56.7                          51     11  683.2         683.2
   15.1  28030  -53.5                          12     24  727.8         727.8
   15.0  28073  -53.5                          10     24  729.2         729.2
   12.0  29507  -53.7                         270     10  776.5         776.5
   11.8  29615  -53.7                                     780.2         780.2
</PRE><H3>Station information and sounding indices</H3><PRE>
                         Station identifier: WAAA
                             Station number: 97180
                           Observation time: 170207/0000
                           Station latitude: -5.06
                          Station longitude: 119.55
                          Station elevation: 14.0
                            Showalter index: 1.74
                               Lifted index: -0.47
    LIFT computed using virtual temperature: -0.76
                                SWEAT index: 291.01
                                    K index: 33.70
                         Cross totals index: 18.80
                      Vertical totals index: 21.30
                        Totals totals index: 40.10
      Convective Available Potential Energy: 428.74
             CAPE using virtual temperature: 526.70
                      Convective Inhibition: -34.88
             CINS using virtual temperature: -30.10
                           Equilibrum Level: 196.44
 Equilibrum Level using virtual temperature: 196.38
                   Level of Free Convection: 841.66
             LFCT using virtual temperature: 854.30
                     Bulk Richardson Number: 3.64
          Bulk Richardson Number using CAPV: 4.48
  Temp [K] of the Lifted Condensation Level: 295.29
Pres [hPa] of the Lifted Condensation Level: 961.63
     Mean mixed layer potential temperature: 298.63
              Mean mixed layer mixing ratio: 17.82
              1000 hPa to 500 hPa thickness: 5781.00
Precipitable water [mm] for entire sounding: 60.81
</PRE>
<P>Description of the 
<A HREF="/upperair/columns.html">data columns</A>
or <A HREF="/upperair/indices.html">sounding indices</A>.

<P>
<FORM>
<INPUT CLASS="button" TYPE="button" VALUE=" Close this window " 
 onClick="window.close();">
<INPUT CLASS="button" TYPE="button" VALUE=" Select another map " 
 onClick="window.blur();">
</FORM>
<HR SIZE="1">
<I>Interested in graduate studies in atmospheric science?
Check out our program at the
<a href="http://www.uwyo.edu/atsc/howtoapply/"
target=_top>University of Wyoming
</a></I>
<HR SIZE="1"><FONT SIZE="-1">
Questions about the weather data provided by this site can be
addressed to <A HREF="mailto:ldoolman@uwyo.edu">
Larry Oolman (ldoolman@uwyo.edu)</A></FONT>
<HR SIZE="1">
<SCRIPT TYPE="text/javascript">
<!--
window.focus();
// -->
</SCRIPT>
</BODY>
</HTML>
