2016-05-19 00
<HTML>
<TITLE>University of Wyoming - Radiosonde Data</TITLE>
<LINK REL="StyleSheet" HREF="/resources/select.css" TYPE="text/css">
<BODY BGCOLOR="white">
<H2>97180 WAAA Ujung Pandang Observations at 00Z 19 May 2016</H2>
<PRE>
-----------------------------------------------------------------------------
   PRES   HGHT   TEMP   DWPT   RELH   MIXR   DRCT   SKNT   THTA   THTE   THTV
    hPa     m      C      C      %    g/kg    deg   knot     K      K      K 
-----------------------------------------------------------------------------
 1009.0     14   26.6   24.5     88  19.63      0      0  299.0  356.5  302.5
 1000.0     89   27.6   22.9     76  17.94    130      3  300.8  353.7  304.0
  976.0    304   26.7   21.5     73  16.80    165      4  302.0  351.8  305.0
  946.0    579   25.6   19.6     69  15.42    132      9  303.5  349.6  306.3
  944.0    598   25.4   19.4     69  15.31    130      9  303.6  349.3  306.3
  925.0    776   24.0   18.0     69  14.24    120     11  303.8  346.4  306.4
  881.0   1202   20.9   15.8     73  13.02    100     12  304.9  344.1  307.3
  874.0   1271   20.4   15.5     73  12.83    100     13  305.1  343.7  307.4
  850.0   1512   18.8   14.3     75  12.20    100     17  305.8  342.7  308.1
  770.0   2357   14.0   10.2     78  10.25     86      9  309.4  340.9  311.3
  766.0   2400   13.9    9.9     77  10.12     85      9  309.8  340.9  311.6
  739.0   2703   13.1    8.1     72   9.27     60      5  312.1  341.0  313.9
  714.0   2994   12.4    6.4     67   8.51     22      2  314.4  341.3  316.0
  700.0   3160   11.2    5.2     67   7.98      0      0  314.9  340.2  316.4
  689.0   3291   10.3    4.8     68   7.88    105      2  315.3  340.4  316.8
  664.0   3597    8.4    3.9     73   7.65     85      4  316.5  340.9  317.9
  640.0   3902    6.4    2.9     78   7.42     95      4  317.6  341.4  319.0
  635.0   3966    6.0    2.7     79   7.38     84      4  317.8  341.5  319.2
  617.0   4201    4.8   -0.4     69   6.07     45      6  319.1  338.9  320.3
  601.0   4415    3.8   -3.2     60   5.05     45      6  320.3  337.0  321.3
  568.0   4872    1.4   -3.2     71   5.35     45      6  322.7  340.5  323.8
  557.0   5029    1.0   -6.0     60   4.41     45      6  324.0  338.9  324.9
  553.0   5087    0.8   -7.2     55   4.05     45      6  324.5  338.2  325.3
  550.0   5131    0.4   -7.6     55   3.95     45      6  324.5  337.9  325.3
  549.0   5146    0.2   -3.6     76   5.37     45      6  324.4  342.4  325.5
  543.0   5234    0.2  -10.8     43   3.11     45      6  325.4  336.2  326.1
  540.0   5278    0.0   -4.8     70   4.99     45      6  325.7  342.5  326.7
  532.0   5397   -0.6   -7.9     58   3.98     45      6  326.4  339.9  327.1
  514.0   5671   -2.1  -15.1     36   2.31     14      5  327.8  336.0  328.3
  512.0   5702   -2.2  -16.3     33   2.10     10      5  328.0  335.5  328.4
  503.0   5843   -2.9  -21.9     22   1.32    336      6  328.9  333.7  329.1
  500.0   5890   -3.3  -23.3     20   1.18    325      7  328.9  333.3  329.2
  493.0   6001   -4.3  -21.2     25   1.43    320      9  329.0  334.3  329.3
  469.0   6392   -7.9  -13.9     62   2.80    330     10  329.3  339.1  329.9
  457.0   6593   -8.8  -14.2     65   2.82    335     10  330.7  340.6  331.2
  450.0   6713   -9.3  -14.3     67   2.82    326     10  331.5  341.5  332.0
  447.0   6765   -9.3  -15.3     62   2.62    322     10  332.1  341.4  332.6
  439.0   6905   -8.5  -19.5     41   1.87    312      9  334.8  341.7  335.2
  432.0   7030   -9.1  -24.1     29   1.27    302      9  335.6  340.4  335.9
  423.0   7191  -10.4  -24.3     31   1.28    290      9  336.0  340.8  336.2
  406.0   7506  -12.9  -24.6     37   1.29    315     16  336.6  341.5  336.9
  401.0   7601  -13.7  -24.7     39   1.30    319     19  336.9  341.7  337.1
  400.0   7620  -14.1  -25.1     39   1.25    320     19  336.6  341.3  336.8
  391.0   7790  -15.4  -27.9     34   0.99    320     19  337.1  340.9  337.3
  375.0   8103  -17.8  -33.0     25   0.64    295     12  338.0  340.5  338.1
  365.0   8306  -19.3  -36.3     21   0.47    245     12  338.6  340.4  338.7
  346.0   8698  -21.0  -43.0     12   0.25    145     11  341.5  342.5  341.5
  319.0   9294  -23.6  -53.1      5   0.09    175      9  345.9  346.3  345.9
  314.0   9410  -24.1  -55.1      4   0.07    190      8  346.8  347.1  346.8
  306.0   9597  -25.7  -55.0      5   0.07    215      7  347.1  347.4  347.1
  300.0   9740  -26.9  -54.9      5   0.07    225      8  347.4  347.7  347.4
  270.0  10485  -33.0  -58.7      6   0.05    220     10  349.1  349.3  349.1
  250.0  11030  -37.5  -61.5      6   0.04    215     10  350.2  350.4  350.2
  248.0  11085  -38.0  -61.8      6   0.04    215     10  350.3  350.5  350.3
  240.0  11311  -39.9  -62.9      7   0.03    190     12  350.7  350.8  350.7
  237.0  11395  -40.6                         180     13  350.8         350.8
  200.0  12530  -50.7                         150     24  352.3         352.3
  189.0  12886  -53.9                         145     13  353.0         353.0
  180.0  13193  -56.6                           0      1  353.5         353.5
  172.0  13479  -59.1                         300      8  354.0         354.0
  156.0  14093  -64.5                         305     12  354.7         354.7
  150.0  14340  -66.7                         300     12  355.0         355.0
  149.0  14379  -67.0                         295     11  355.2         355.2
  134.0  14991  -71.5                         210     14  358.1         358.1
  128.0  15255  -73.4                         195     15  359.3         359.3
  109.0  16183  -80.2                         275     15  363.4         363.4
  100.0  16680  -83.9                         265     15  365.4         365.4
   97.8  16803  -84.9                         260     14  365.8         365.8
   93.0  17081  -85.1                         240      7  370.7         370.7
   87.6  17411  -85.3                         266      6  376.7         376.7
   83.0  17711  -83.9                         290      5  385.4         385.4
   79.3  17964  -82.7                         272      6  392.9         392.9
   79.0  17985  -82.7                         270      6  393.3         393.3
   71.0  18581  -83.3                         165      9  404.3         404.3
   70.8  18597  -83.3                         164      9  404.6         404.6
   70.0  18660  -82.7                         160      9  407.1         407.1
   67.2  18890  -79.3                         169     11  419.3         419.3
   67.0  18907  -79.3                         170     11  419.6         419.6
   64.0  19167  -79.7                          25      2  424.2         424.2
   62.7  19284  -79.9                          35      5  426.3         426.3
   56.2  19913  -74.3                          86     21  452.6         452.6
   54.0  20149  -70.1                         105     27  467.5         467.5
   53.3  20227  -68.7                          96     28  472.5         472.5
   52.0  20375  -68.7                          80     31  475.8         475.8
   50.0  20610  -68.7                          80     35  481.2         481.2
   44.7  21291  -61.5                          83     36  514.3         514.3
   41.0  21828  -59.6                          85     37  531.8         531.8
   38.5  22220  -58.3                          85     25  544.9         544.9
   37.0  22468  -58.9                          85     18  549.5         549.5
   35.0  22815  -59.8                          35      3  556.1         556.1
   33.4  23107  -60.5                           7      5  561.6         561.6
   33.0  23182  -60.0                           0      5  564.9         564.9
   30.0  23780  -56.1                         215     14  591.1         591.1
   29.2  23953  -54.5                         195     14  600.1         600.1
   29.0  23997  -54.6                         190     14  601.1         601.1
   28.0  24221  -54.9                         220      7  606.2         606.2
   26.0  24695  -55.6                         280     10  617.2         617.2
   25.7  24770  -55.7                         281     11  619.0         619.0
   24.0  25207  -55.1                         290     19  633.0         633.0
   23.1  25452  -54.7                         272     19  641.0         641.0
   23.0  25480  -54.5                         270     19  642.6         642.6
   22.3  25679  -52.7                         273     23  653.5         653.5
   20.0  26380  -54.5                         285     39  668.6         668.6
   19.4  26575  -55.5                         283     37  671.4         671.4
   18.1  27018  -54.3                         279     33  688.6         688.6
   17.2  27347  -50.7                         276     31  710.2         710.2
   17.0  27424  -50.1                         275     30  714.3         714.3
   16.2  27740  -47.9                         268     30  731.5         731.5
   14.1  28651  -49.7                         246     30  755.0         755.0
   14.0                                       245     30                     
</PRE><H3>Station information and sounding indices</H3><PRE>
                         Station identifier: WAAA
                             Station number: 97180
                           Observation time: 160519/0000
                           Station latitude: -5.06
                          Station longitude: 119.55
                          Station elevation: 14.0
                            Showalter index: 2.52
                               Lifted index: -1.03
    LIFT computed using virtual temperature: -1.90
                                SWEAT index: 212.59
                                    K index: 30.40
                         Cross totals index: 17.60
                      Vertical totals index: 22.10
                        Totals totals index: 39.70
      Convective Available Potential Energy: 311.27
             CAPE using virtual temperature: 449.87
                      Convective Inhibition: -61.92
             CINS using virtual temperature: -40.13
                           Equilibrum Level: 322.93
 Equilibrum Level using virtual temperature: 319.25
                   Level of Free Convection: 807.49
             LFCT using virtual temperature: 847.15
                     Bulk Richardson Number: 85.02
          Bulk Richardson Number using CAPV: 122.88
  Temp [K] of the Lifted Condensation Level: 293.80
Pres [hPa] of the Lifted Condensation Level: 912.43
     Mean mixed layer potential temperature: 301.61
              Mean mixed layer mixing ratio: 17.15
              1000 hPa to 500 hPa thickness: 5801.00
Precipitable water [mm] for entire sounding: 53.72
</PRE>
<P>Description of the 
<A HREF="/upperair/columns.html">data columns</A>
or <A HREF="/upperair/indices.html">sounding indices</A>.

<P>
<FORM>
<INPUT CLASS="button" TYPE="button" VALUE=" Close this window " 
 onClick="window.close();">
<INPUT CLASS="button" TYPE="button" VALUE=" Select another map " 
 onClick="window.blur();">
</FORM>
<HR SIZE="1">
<I>Interested in graduate studies in atmospheric science?
Check out our program at the
<a href="http://www.uwyo.edu/atsc/howtoapply/"
target=_top>University of Wyoming
</a></I>
<HR SIZE="1"><FONT SIZE="-1">
Questions about the weather data provided by this site can be
addressed to <A HREF="mailto:ldoolman@uwyo.edu">
Larry Oolman (ldoolman@uwyo.edu)</A></FONT>
<HR SIZE="1">
<SCRIPT TYPE="text/javascript">
<!--
window.focus();
// -->
</SCRIPT>
</BODY>
</HTML>
