2016-10-01 00
<HTML>
<TITLE>University of Wyoming - Radiosonde Data</TITLE>
<LINK REL="StyleSheet" HREF="/resources/select.css" TYPE="text/css">
<BODY BGCOLOR="white">
<H2>97180 WAAA Ujung Pandang Observations at 00Z 01 Oct 2016</H2>
<PRE>
-----------------------------------------------------------------------------
   PRES   HGHT   TEMP   DWPT   RELH   MIXR   DRCT   SKNT   THTA   THTE   THTV
    hPa     m      C      C      %    g/kg    deg   knot     K      K      K 
-----------------------------------------------------------------------------
 1010.0     14   27.8   22.9     75  17.76    100      3  300.1  352.4  303.3
 1000.0    100   27.8   19.8     62  14.76    100      4  300.9  344.6  303.6
  978.0    296   26.4   19.3     65  14.61    165      1  301.5  344.8  304.1
  945.0    599   24.3   18.5     70  14.39    305      3  302.3  345.1  304.9
  925.0    788   23.0   18.0     73  14.24    275      4  302.8  345.2  305.4
  913.0    901   22.4   16.7     70  13.26    260      4  303.4  343.0  305.8
  882.0   1198   20.9   13.2     61  10.92    315      2  304.8  337.8  306.8
  863.0   1386   20.0   11.0     56   9.64    346      3  305.8  335.0  307.5
  852.0   1496   19.0   13.4     70  11.44      5      3  305.8  340.4  307.9
  850.0   1516   18.8   13.8     73  11.80     25      3  305.8  341.5  308.0
  840.0   1618   18.0   14.5     80  12.51     21      2  306.0  343.8  308.3
  794.0   2093   15.3   12.2     82  11.34      0      0  308.1  342.7  310.2
  766.0   2396   13.5   10.7     83  10.64    135      3  309.4  342.0  311.3
  739.0   2699   11.8    9.2     84   9.97      0      1  310.6  341.5  312.5
  713.0   3001   10.0    7.7     85   9.33     20      5  311.9  341.0  313.7
  701.0   3144    9.2    7.0     86   9.04     34      4  312.5  340.8  314.2
  700.0   3156    9.0    6.8     86   8.93     35      4  312.4  340.3  314.1
  688.0   3299    8.5    4.6     77   7.81     55      5  313.4  338.0  314.8
  665.0   3580    7.4    0.4     61   5.96     55      6  315.2  334.4  316.4
  663.0   3604    7.2    0.3     61   5.95     55      6  315.3  334.4  316.5
  616.0   4201    3.5   -1.3     71   5.69     75      8  317.7  336.2  318.8
  575.0   4761    0.0   -2.8     81   5.45     69      9  319.9  337.8  321.0
  565.0   4901   -1.1   -1.9     94   5.93     67     10  320.2  339.6  321.4
  551.0   5100   -1.8   -3.6     87   5.34     65     10  321.8  339.4  322.8
  511.0   5697   -3.7   -8.8     68   3.87     90     16  326.4  339.6  327.1
  500.0   5870   -4.3  -10.3     63   3.51     85     16  327.7  339.9  328.4
  493.0   5982   -4.5  -12.5     54   2.99     82     16  328.8  339.2  329.4
  473.0   6307   -6.9  -16.5     46   2.23     75     14  329.8  337.7  330.2
  457.0   6577   -8.9  -19.9     41   1.73     79     14  330.5  336.8  330.9
  438.0   6905  -11.4  -20.0     49   1.79     85     15  331.3  337.8  331.7
  426.0   7120  -13.1  -20.1     56   1.83     76     15  331.9  338.5  332.2
  422.0   7192  -13.5  -19.5     61   1.94     73     15  332.2  339.3  332.6
  411.0   7394  -14.7  -17.4     80   2.39     65     15  333.2  341.8  333.7
  405.0   7506  -15.3  -18.1     80   2.29     60     15  333.8  342.0  334.2
  400.0   7600  -15.9  -18.6     80   2.22     65     16  334.2  342.2  334.7
  384.0   7906  -17.5  -20.7     76   1.93     72     17  336.1  343.1  336.4
  364.0   8303  -20.3  -28.3     49   1.03     81     18  337.5  341.4  337.7
  360.0   8384  -20.7  -30.7     40   0.83     83     18  338.0  341.2  338.2
  359.0   8405  -20.7  -35.7     25   0.51     83     18  338.3  340.3  338.4
  349.0   8612  -22.5  -37.5     24   0.44     88     19  338.6  340.4  338.7
  345.0   8696  -23.2  -34.8     34   0.58     90     19  338.8  341.1  338.9
  343.0   8738  -23.5  -33.5     39   0.66     89     19  338.9  341.5  339.1
  329.0   9040  -25.9  -31.9     57   0.81     82     17  339.7  342.8  339.9
  300.0   9700  -30.3  -40.3     37   0.38     65     12  342.6  344.1  342.6
  256.0  10807  -39.6  -49.6     34   0.16     40      9  344.6  345.4  344.7
  254.0  10862  -40.1  -50.1     33   0.15     43      9  344.7  345.4  344.8
  250.0  10970  -40.7                          50      9  345.4         345.4
  224.0  11693  -46.9                          85     14  346.9         346.9
  200.0  12440  -53.3                         105     22  348.2         348.2
  186.0  12892  -57.0                         110     29  349.5         349.5
  150.0  14230  -67.9                          90     37  352.9         352.9
  119.0  15569  -78.0                          60     54  358.4         358.4
  108.0  16131  -82.3                          75     42  360.5         360.5
  107.0  16183  -82.3                          80     38  361.5         361.5
  101.0  16504  -82.1                         110     28  367.8         367.8
  100.0  16560  -82.1                         110     26  368.9         368.9
   97.4  16709  -78.7                         112     24  378.3         378.3
   86.0  17415  -80.1                         120     15  389.2         389.2
   85.8  17428  -80.1                         118     15  389.4         389.4
   82.0  17687  -79.2                          75     17  396.3         396.3
   78.0  17972  -78.2                          60     22  404.0         404.0
   74.0  18273  -77.2                          75     20  412.3         412.3
   70.0  18590  -76.1                         115     21  421.3         421.3
   64.0  19109  -76.5                         100     31  431.3         431.3
   60.5  19436  -73.5                          91     37  445.0         445.0
   60.0  19486  -72.3                          90     38  448.7         448.7
   57.8  19709  -66.9                          83     21  465.7         465.7
   57.0  19794  -63.1                          80     14  476.3         476.3
   56.8  19816  -62.1                          69     14  478.9         478.9
   55.6  19949  -58.7                           2     17  489.6         489.6
   54.0  20134  -57.9                         270     20  495.6         495.6
   53.2  20228  -57.5                         267     22  498.6         498.6
   50.0  20620  -59.3                         255     32  503.3         503.3
   49.0  20746  -60.5                         255     32  503.5         503.5
   47.6  20926  -62.1                         250     28  503.8         503.8
   43.0  21552  -62.6                         255     31  517.4         517.4
   41.0  21846  -62.8                         270     21  524.0         524.0
   40.0  21998  -62.9                         290     20  527.4         527.4
   39.0  22155  -62.4                         310     18  532.4         532.4
   30.0  23790  -57.5                         285     32  587.3         587.3
   29.0  24004  -57.0                         290     30  594.4         594.4
   28.8  24047  -56.9                         290     29  595.8         595.8
   26.0  24699  -55.8                         295     18  616.7         616.7
   22.0  25763  -54.0                         230     23  652.3         652.3
   20.0  26370  -52.9                         235     14  673.5         673.5
   19.0  26703  -52.2                         285     12  685.7         685.7
   17.0  27426  -50.6                         285     24  712.9         712.9
   15.5  28027  -49.3                         275     24  736.2         736.2
   14.1  28646  -49.7                         266     24  755.0         755.0
   14.0                                       265     24                     
</PRE><H3>Station information and sounding indices</H3><PRE>
                         Station identifier: WAAA
                             Station number: 97180
                           Observation time: 161001/0000
                           Station latitude: -5.06
                          Station longitude: 119.55
                          Station elevation: 14.0
                            Showalter index: 1.98
                               Lifted index: 0.48
    LIFT computed using virtual temperature: 0.18
                                SWEAT index: 187.59
                                    K index: 34.70
                         Cross totals index: 18.10
                      Vertical totals index: 23.10
                        Totals totals index: 41.20
      Convective Available Potential Energy: 76.70
             CAPE using virtual temperature: 128.43
                      Convective Inhibition: -130.90
             CINS using virtual temperature: -104.65
                           Equilibrum Level: 324.34
 Equilibrum Level using virtual temperature: 321.53
                   Level of Free Convection: 700.98
             LFCT using virtual temperature: 718.34
                     Bulk Richardson Number: 62.94
          Bulk Richardson Number using CAPV: 105.39
  Temp [K] of the Lifted Condensation Level: 291.14
Pres [hPa] of the Lifted Condensation Level: 886.67
     Mean mixed layer potential temperature: 301.34
              Mean mixed layer mixing ratio: 14.90
              1000 hPa to 500 hPa thickness: 5770.00
Precipitable water [mm] for entire sounding: 53.21
</PRE>
<P>Description of the 
<A HREF="/upperair/columns.html">data columns</A>
or <A HREF="/upperair/indices.html">sounding indices</A>.

<P>
<FORM>
<INPUT CLASS="button" TYPE="button" VALUE=" Close this window " 
 onClick="window.close();">
<INPUT CLASS="button" TYPE="button" VALUE=" Select another map " 
 onClick="window.blur();">
</FORM>
<HR SIZE="1">
<I>Interested in graduate studies in atmospheric science?
Check out our program at the
<a href="http://www.uwyo.edu/atsc/howtoapply/"
target=_top>University of Wyoming
</a></I>
<HR SIZE="1"><FONT SIZE="-1">
Questions about the weather data provided by this site can be
addressed to <A HREF="mailto:ldoolman@uwyo.edu">
Larry Oolman (ldoolman@uwyo.edu)</A></FONT>
<HR SIZE="1">
<SCRIPT TYPE="text/javascript">
<!--
window.focus();
// -->
</SCRIPT>
</BODY>
</HTML>
