2016-10-09 12
<HTML>
<TITLE>University of Wyoming - Radiosonde Data</TITLE>
<LINK REL="StyleSheet" HREF="/resources/select.css" TYPE="text/css">
<BODY BGCOLOR="white">
<H2>97180 WAAA Ujung Pandang Observations at 00Z 09 Oct 2016</H2>
<PRE>
-----------------------------------------------------------------------------
   PRES   HGHT   TEMP   DWPT   RELH   MIXR   DRCT   SKNT   THTA   THTE   THTV
    hPa     m      C      C      %    g/kg    deg   knot     K      K      K 
-----------------------------------------------------------------------------
 1011.0     14   25.0   23.5     91  18.42      0      0  297.2  350.7  300.5
 1007.0     49   24.8   21.5     82  16.32      5      1  297.4  344.8  300.3
 1000.0    111   25.4   21.0     77  15.93     15      2  298.6  345.1  301.4
  994.0    164   25.8   20.8     74  15.82      6      3  299.5  345.9  302.3
  980.0    289   25.8   19.8     69  15.07    346      4  300.7  345.1  303.4
  979.0    298   25.7   19.8     70  15.05    345      4  300.7  345.1  303.4
  946.0    598   23.8   18.6     73  14.51    315      2  301.7  344.7  304.4
  925.0    794   22.6   17.9     75  14.15    265      3  302.4  344.5  305.0
  914.0    898   21.9   17.6     77  14.06    260      4  302.7  344.6  305.2
  883.0   1198   19.8   16.8     83  13.81    245      3  303.5  344.7  306.0
  858.0   1447   18.0   16.1     89  13.60    271      4  304.2  344.9  306.6
  850.0   1528   17.6   15.3     86  13.03    280      4  304.6  343.7  306.9
  823.0   1800   16.1   14.0     87  12.36    315      3  305.8  343.2  308.1
  795.0   2091   14.6   12.6     88  11.67     50      2  307.2  342.7  309.4
  767.0   2392   12.9   11.2     89  10.99      0      3  308.6  342.2  310.7
  740.0   2694   11.3    9.7     90  10.33    275      3  310.0  341.9  311.9
  700.0   3161    8.8    7.5     92   9.38    205      4  312.2  341.4  314.0
  688.0   3304    8.0    6.7     91   9.01    200      4  312.8  341.0  314.5
  664.0   3597    6.3    5.0     91   8.29    145      4  314.1  340.2  315.7
  663.0   3610    6.2    4.9     91   8.26    142      4  314.2  340.2  315.7
  640.0   3899    5.5    2.8     83   7.35     70      6  316.5  340.0  317.9
  631.0   4015    5.2    1.9     79   7.01     62      8  317.5  340.0  318.8
  617.0   4197    4.0    1.4     83   6.89     50     10  318.2  340.4  319.5
  594.0   4505    2.1    0.5     89   6.70     50     10  319.4  341.1  320.7
  571.0   4825    0.0   -0.5     96   6.51     82     12  320.6  341.8  321.8
  551.0   5109   -1.5   -2.0     97   6.03    110     13  322.1  341.9  323.2
  500.0   5880   -5.7   -6.1     97   4.88     90     11  326.0  342.5  327.0
  491.0   6022   -6.3   -7.3     93   4.53     88     12  327.0  342.4  327.9
  474.0   6296   -8.5   -8.9     96   4.13     85     13  327.6  341.8  328.4
  463.0   6479   -9.9  -10.0     99   3.89     84     14  328.0  341.4  328.8
  458.0   6562  -10.5  -10.5    100   3.77     84     15  328.3  341.3  329.1
  456.0   6596  -10.7  -11.6     93   3.47     83     15  328.5  340.5  329.1
  446.0   6767  -10.1  -16.1     61   2.45     82     17  331.3  340.1  331.8
  445.0   6784  -10.1  -18.1     52   2.08     82     17  331.5  339.0  331.9
  443.0   6819  -10.3  -20.3     44   1.73     82     17  331.7  338.0  332.0
  442.0   6836  -10.3  -20.3     44   1.73     82     17  331.9  338.2  332.3
  441.0   6854  -10.5  -17.5     56   2.21     82     17  331.9  339.8  332.3
  438.0   6906  -10.5  -19.5     48   1.87     82     18  332.5  339.3  332.9
  437.0   6924  -10.5  -25.5     28   1.11     82     18  332.7  336.9  333.0
  436.0   6941  -10.7  -19.7     48   1.85     81     18  332.7  339.4  333.1
  435.0   6959  -10.7  -18.7     52   2.02     81     18  332.9  340.2  333.3
  426.0   7119  -11.3  -32.3     16   0.60     81     19  334.1  336.5  334.3
  421.0   7209  -11.6  -33.8     14   0.53     80     20  334.9  336.9  335.0
  405.0   7506  -12.7  -38.7      9   0.33     88     21  337.2  338.6  337.3
  400.0   7600  -13.5  -35.5     14   0.47     90     21  337.4  339.2  337.4
  383.0   7928  -16.1  -39.1     12   0.34     88     17  338.1  339.5  338.2
  380.0   7987  -16.5  -42.5      9   0.24     88     17  338.4  339.4  338.4
  376.0   8066  -17.3  -33.3     24   0.62     87     16  338.4  340.8  338.5
  373.0   8126  -17.7  -25.7     50   1.27     87     15  338.6  343.4  338.9
  370.0   8187  -17.9  -24.9     54   1.38     86     15  339.1  344.3  339.4
  367.0   8247  -18.3  -25.3     54   1.34     86     14  339.4  344.4  339.6
  366.0   8268  -18.3  -23.0     67   1.65     86     14  339.6  345.8  340.0
  365.0   8288  -18.3  -29.3     37   0.93     86     13  339.9  343.5  340.1
  359.0   8411  -19.3  -29.5     40   0.93     85     12  340.1  343.8  340.3
  351.0   8578  -20.7  -29.7     44   0.93     91     14  340.5  344.1  340.7
  343.0   8748  -21.3  -38.3     20   0.41     96     15  341.9  343.6  342.0
  331.0   9008  -23.3  -38.8     23   0.40    105     18  342.7  344.4  342.8
  319.0   9278  -25.3  -39.3     26   0.40    105     20  343.5  345.2  343.6
  306.0   9578  -27.7  -47.7     13   0.17    105     22  344.3  345.0  344.3
  300.0   9720  -28.7  -52.7      8   0.10    105     23  344.8  345.2  344.8
  292.0   9914  -30.5  -53.5      9   0.09    105     22  344.9  345.3  344.9
  280.0  10211  -33.1  -44.1     32   0.27    105     20  345.4  346.5  345.4
  267.0  10545  -35.9  -49.9     22   0.15    105     17  346.0  346.6  346.0
  250.0  11000  -39.7  -49.7     34   0.16    105     14  346.9  347.6  346.9
  249.0  11027  -40.1  -49.1     38   0.18    105     14  346.7  347.5  346.7
  246.0  11108  -40.8                         105     12  346.9         346.9
  215.0  12001  -48.4                          55     19  348.7         348.7
  200.0  12480  -52.5                          55     19  349.5         349.5
  162.0  13798  -63.6                          60     29  352.4         352.4
  150.0  14280  -67.7                          55     30  353.3         353.3
  140.0  14675  -70.8                          65     34  354.9         354.9
  120.0  15557  -77.6                          85     41  358.4         358.4
  102.0  16487  -84.8                          80     37  361.6         361.6
  100.0  16600  -85.7                          80     38  361.9         361.9
   96.7  16784  -86.9                          85     41  363.1         363.1
   93.1  16992  -85.9                          74     37  369.0         369.0
   91.8  17070  -82.5                          70     36  377.2         377.2
   87.0  17370  -82.7                          55     31  382.7         382.7
   85.8  17448  -82.7                          61     31  384.1         384.1
   79.5  17882  -75.9                          96     29  406.6         406.6
   78.0  17992  -75.9                         105     28  408.9         408.9
   71.2  18521  -75.7                         109     12  420.1         420.1
   70.0  18620  -72.3                         110      9  429.4         429.4
   68.9  18714  -70.1                         170      8  436.1         436.1
   67.0  18879  -70.3                         275      6  439.1         439.1
   64.0  19151  -70.7                         340      2  444.0         444.0
   62.5  19292  -70.9                         347      1  446.6         446.6
   60.0  19536  -69.8                           0      0  454.3         454.3
   57.0  19843  -68.4                         340      4  464.2         464.2
   55.0  20056  -67.4                         300      8  471.2         471.2
   53.2  20255  -66.5                         251      9  477.8         477.8
   50.0  20630  -66.9                         160     10  485.4         485.4
   49.0  20751  -66.9                         140     10  488.2         488.2
   47.5  20938  -66.9                         103     12  492.6         492.6
   47.0  21003  -66.2                          90     12  495.8         495.8
   45.0  21270  -63.3                         345      9  508.9         508.9
   41.2  21812  -57.5                         283     16  536.4         536.4
   41.0  21842  -57.6                         280     16  537.0         537.0
   37.0  22484  -59.0                         275     36  549.3         549.3
   35.7  22707  -59.5                         272     33  553.6         553.6
   31.5  23486  -59.5                         263     24  573.8         573.8
   30.0  23790  -58.5                         260     20  584.6         584.6
   29.5  23896  -58.3                         260     18  587.9         587.9
   29.0  24004  -56.9                         260     16  594.7         594.7
   27.9  24250  -53.7                                     610.2         610.2
</PRE><H3>Station information and sounding indices</H3><PRE>
                         Station identifier: WAAA
                             Station number: 97180
                           Observation time: 161009/0000
                           Station latitude: -5.06
                          Station longitude: 119.55
                          Station elevation: 14.0
                            Showalter index: -0.27
                               Lifted index: -0.90
    LIFT computed using virtual temperature: -0.99
                                SWEAT index: 202.60
                                    K index: 37.30
                         Cross totals index: 21.00
                      Vertical totals index: 23.30
                        Totals totals index: 44.30
      Convective Available Potential Energy: 99.02
             CAPE using virtual temperature: 122.99
                      Convective Inhibition: -90.27
             CINS using virtual temperature: -77.28
                           Equilibrum Level: 445.87
 Equilibrum Level using virtual temperature: 439.35
                   Level of Free Convection: 734.91
             LFCT using virtual temperature: 754.78
                     Bulk Richardson Number: 73.55
          Bulk Richardson Number using CAPV: 91.36
  Temp [K] of the Lifted Condensation Level: 292.18
Pres [hPa] of the Lifted Condensation Level: 912.50
     Mean mixed layer potential temperature: 299.94
              Mean mixed layer mixing ratio: 15.45
              1000 hPa to 500 hPa thickness: 5769.00
Precipitable water [mm] for entire sounding: 58.29
</PRE>
<P>Description of the 
<A HREF="/upperair/columns.html">data columns</A>
or <A HREF="/upperair/indices.html">sounding indices</A>.

<P>
<FORM>
<INPUT CLASS="button" TYPE="button" VALUE=" Close this window " 
 onClick="window.close();">
<INPUT CLASS="button" TYPE="button" VALUE=" Select another map " 
 onClick="window.blur();">
</FORM>
<HR SIZE="1">
<I>Interested in graduate studies in atmospheric science?
Check out our program at the
<a href="http://www.uwyo.edu/atsc/howtoapply/"
target=_top>University of Wyoming
</a></I>
<HR SIZE="1"><FONT SIZE="-1">
Questions about the weather data provided by this site can be
addressed to <A HREF="mailto:ldoolman@uwyo.edu">
Larry Oolman (ldoolman@uwyo.edu)</A></FONT>
<HR SIZE="1">
<SCRIPT TYPE="text/javascript">
<!--
window.focus();
// -->
</SCRIPT>
</BODY>
</HTML>
