2016-09-05 12
<HTML>
<TITLE>University of Wyoming - Radiosonde Data</TITLE>
<LINK REL="StyleSheet" HREF="/resources/select.css" TYPE="text/css">
<BODY BGCOLOR="white">
<H2>97180 WAAA Ujung Pandang Observations at 00Z 05 Sep 2016</H2>
<PRE>
-----------------------------------------------------------------------------
   PRES   HGHT   TEMP   DWPT   RELH   MIXR   DRCT   SKNT   THTA   THTE   THTV
    hPa     m      C      C      %    g/kg    deg   knot     K      K      K 
-----------------------------------------------------------------------------
 1012.0     14   25.4   20.6     75  15.34    145      4  297.5  342.2  300.3
 1008.0     49   25.4   19.4     69  14.27    162      5  297.9  339.5  300.4
 1000.0    120   26.2   21.2     74  16.13    195      6  299.4  346.6  302.2
  985.0    253   25.8   18.8     65  14.06    173      5  300.2  341.7  302.8
  980.0    297   25.5   18.5     65  13.83    165      5  300.4  341.2  302.9
  947.0    597   23.8   16.2     62  12.36    105      7  301.6  338.3  303.8
  925.0    802   22.6   14.6     61  11.42     95      9  302.4  336.5  304.5
  850.0   1538   18.6    9.6     56   8.90     85     22  305.6  332.7  307.3
  830.0   1742   18.0    6.0     45   7.11     81     20  307.1  329.0  308.4
  824.0   1803   17.5    5.9     46   7.10     80     19  307.2  329.1  308.5
  753.0   2566   11.4    4.4     62   7.01     84     10  308.6  330.3  309.9
  741.0   2700   10.9    5.2     68   7.51     85      8  309.4  332.8  310.9
  734.0   2779   10.6    5.6     71   7.83     81      7  310.0  334.3  311.4
  715.0   2998   10.4    1.7     55   6.07     70      6  312.1  331.4  313.3
  709.0   3068   10.4    0.4     50   5.59     74      6  312.8  330.6  313.9
  700.0   3174    9.8   -1.2     46   5.03     80      7  313.3  329.5  314.3
  690.0   3293    9.1   -1.1     49   5.14     85      7  313.8  330.3  314.8
  665.0   3598    7.3   -0.9     56   5.43     55      5  315.1  332.6  316.1
  640.0   3915    5.4   -0.6     65   5.76     84      4  316.4  335.0  317.5
  618.0   4202    4.1   -4.6     53   4.41    110      4  318.1  332.7  319.0
  616.0   4228    4.0   -5.0     52   4.30    110      4  318.3  332.5  319.1
  589.0   4593    2.2   -9.8     41   3.10    113      5  320.3  330.8  320.9
  580.0   4717    1.2   -8.8     47   3.41    113      5  320.6  332.0  321.2
  561.0   4986    0.0  -11.0     43   2.96    115      6  322.2  332.3  322.8
  513.0   5696   -4.9  -16.7     39   2.03    120      8  324.6  331.8  325.0
  500.0   5900   -6.3  -18.3     38   1.82    105      5  325.3  331.7  325.6
  493.0   6010   -7.0  -17.8     42   1.92     85      6  325.8  332.6  326.1
  482.0   6185   -8.1  -17.1     48   2.09     92      9  326.5  333.9  326.9
  473.0   6331   -8.5  -26.5     22   0.93     99     12  327.8  331.2  328.0
  457.0   6596  -10.3  -37.3      9   0.34    110     17  328.8  330.1  328.8
  450.0   6715  -11.1  -42.1      6   0.21    105     17  329.2  330.1  329.2
  429.0   7080  -11.9  -44.9      5   0.16     91     15  332.7  333.4  332.8
  403.0   7554  -15.3  -31.3     24   0.70     72     13  334.3  337.0  334.4
  400.0   7610  -15.7  -34.7     18   0.51     70     13  334.5  336.5  334.6
  390.0   7800  -16.9  -37.6     15   0.39     65     18  335.3  336.9  335.4
  376.0   8074  -18.7  -41.7     11   0.26     83     15  336.5  337.6  336.6
  360.0   8396  -20.4  -44.1     10   0.21    105     11  338.4  339.3  338.4
  354.0   8521  -21.1  -45.1     10   0.19    100     12  339.1  339.9  339.1
  342.0   8774  -22.9  -36.9     27   0.47     89     13  340.0  341.9  340.1
  332.0   8990  -24.6  -42.4     17   0.28     80     14  340.7  341.8  340.7
  324.0   9168  -25.9  -46.9     12   0.17     80     15  341.2  341.9  341.2
  300.0   9720  -30.3  -42.3     30   0.31     80     18  342.6  343.8  342.6
  256.0  10828  -40.1  -44.3     64   0.29     67     35  344.0  345.2  344.0
  250.0  10990  -41.3                          65     38  344.5         344.5
  235.0  11400  -44.9                          65     40  345.3         345.3
  211.0  12113  -51.1                          58     37  346.4         346.4
  203.0  12364  -51.1                          56     36  350.2         350.2
  200.0  12460  -51.3                          55     36  351.4         351.4
  187.0  12882  -55.2                          65     31  351.9         351.9
  153.0  14141  -66.9                         120     23  352.6         352.6
  150.0  14260  -67.9                         125     22  352.9         352.9
  147.0  14377  -68.7                         130     23  353.6         353.6
  119.0  15596  -76.9                         105     22  360.5         360.5
  100.0  16600  -83.7                         120     41  365.8         365.8
   97.0  16769  -84.2                         115     45  368.1         368.1
   93.7  16961  -84.7                         100     45  370.7         370.7
   90.3  17166  -84.7                          96     41  374.6         374.6
   86.3  17420  -79.7                          91     36  389.6         389.6
   84.5  17542  -73.7                          88     33  404.1         404.1
   82.5  17683  -71.3                          86     31  411.7         411.7
   82.0  17719  -71.4                          85     30  412.2         412.2
   78.0  18013  -72.5                          75     34  416.0         416.0
   71.0  18567  -74.4                          85     33  423.1         423.1
   70.1  18642  -74.7                          85     33  424.1         424.1
   70.0  18650  -75.1                          85     33  423.4         423.4
   64.0  19173  -72.2                          75     35  440.6         440.6
   62.5  19312  -71.5                          61     29  445.3         445.3
   61.0  19456  -67.5                          46     24  457.3         457.3
   58.0  19760  -67.1                          15     12  464.7         464.7
   55.0  20079  -66.8                         205      6  472.7         472.7
   54.5  20134  -66.7                         200      7  474.1         474.1
   52.0  20415  -68.3                         175     10  476.7         476.7
   50.0  20650  -69.7                         175     15  478.8         478.8
   49.6  20698  -69.9                         170     15  479.5         479.5
   47.0  21018  -68.9                         137     17  489.3         489.3
   45.0  21284  -64.3                         110     19  506.6         506.6
   43.0  21562  -59.5                         100      8  525.0         525.0
   41.0  21861  -58.0                         285     11  535.8         535.8
   39.0  22176  -56.5                         270     17  547.4         547.4
   37.0  22506  -57.6                         255     23  552.8         552.8
   34.0  23037  -59.5                         260     20  561.5         561.5
   33.0  23225  -60.1                         255     18  564.6         564.6
   31.0  23615  -59.3                         250     11  576.9         576.9
   30.0  23820  -58.9                         255     10  583.5         583.5
   28.0  24257  -56.6                         300     13  601.5         601.5
   27.1  24464  -55.5                         291     15  610.2         610.2
   25.0  24977  -56.5                         270     19  621.7         621.7
   24.1  25210  -56.9                         274     22  627.0         627.0
   23.0  25509  -54.9                         280     25  641.4         641.4
   21.8  25852  -52.5                         272     25  658.3         658.3
   20.0  26410  -52.3                         260     24  675.3         675.3
   19.0  26741  -52.9                         255     20  683.5         683.5
   18.3  26983  -53.3                         270     18  689.6         689.6
   17.0  27458  -53.0                         300     14  705.0         705.0
   16.3  27728  -52.9                         303     14  714.0         714.0
   16.0  27849  -52.5                         305     14  719.2         719.2
   15.0  28269  -51.1                         270     14  737.2         737.2
   14.0  28718  -49.6                         225     28  757.0         757.0
   13.7  28858  -49.1                                     763.3         763.3
</PRE><H3>Station information and sounding indices</H3><PRE>
                         Station identifier: WAAA
                             Station number: 97180
                           Observation time: 160905/0000
                           Station latitude: -5.06
                          Station longitude: 119.55
                          Station elevation: 14.0
                            Showalter index: 3.77
                               Lifted index: -0.08
    LIFT computed using virtual temperature: -0.57
                                SWEAT index: 164.21
                                    K index: 23.50
                         Cross totals index: 15.90
                      Vertical totals index: 24.90
                        Totals totals index: 40.80
      Convective Available Potential Energy: 1.14
             CAPE using virtual temperature: 17.92
                      Convective Inhibition: -288.98
             CINS using virtual temperature: -125.14
                           Equilibrum Level: 479.13
 Equilibrum Level using virtual temperature: 444.50
                   Level of Free Convection: 503.03
             LFCT using virtual temperature: 758.29
                     Bulk Richardson Number: 0.13
          Bulk Richardson Number using CAPV: 2.00
  Temp [K] of the Lifted Condensation Level: 290.53
Pres [hPa] of the Lifted Condensation Level: 894.18
     Mean mixed layer potential temperature: 299.98
              Mean mixed layer mixing ratio: 14.22
              1000 hPa to 500 hPa thickness: 5780.00
Precipitable water [mm] for entire sounding: 39.68
</PRE>
<P>Description of the 
<A HREF="/upperair/columns.html">data columns</A>
or <A HREF="/upperair/indices.html">sounding indices</A>.

<P>
<FORM>
<INPUT CLASS="button" TYPE="button" VALUE=" Close this window " 
 onClick="window.close();">
<INPUT CLASS="button" TYPE="button" VALUE=" Select another map " 
 onClick="window.blur();">
</FORM>
<HR SIZE="1">
<I>Interested in graduate studies in atmospheric science?
Check out our program at the
<a href="http://www.uwyo.edu/atsc/howtoapply/"
target=_top>University of Wyoming
</a></I>
<HR SIZE="1"><FONT SIZE="-1">
Questions about the weather data provided by this site can be
addressed to <A HREF="mailto:ldoolman@uwyo.edu">
Larry Oolman (ldoolman@uwyo.edu)</A></FONT>
<HR SIZE="1">
<SCRIPT TYPE="text/javascript">
<!--
window.focus();
// -->
</SCRIPT>
</BODY>
</HTML>
