2017-03-03 00
<HTML>
<TITLE>University of Wyoming - Radiosonde Data</TITLE>
<LINK REL="StyleSheet" HREF="/resources/select.css" TYPE="text/css">
<BODY BGCOLOR="white">
<H2>97180 WAAA Ujung Pandang Observations at 00Z 03 Mar 2017</H2>
<PRE>
-----------------------------------------------------------------------------
   PRES   HGHT   TEMP   DWPT   RELH   MIXR   DRCT   SKNT   THTA   THTE   THTV
    hPa     m      C      C      %    g/kg    deg   knot     K      K      K 
-----------------------------------------------------------------------------
 1007.0     14   26.0   24.7     93  19.92      0      0  298.6  356.8  302.1
 1006.0     23   23.0   21.1     89  15.93    359      1  295.6  341.6  298.5
 1000.0     78   23.2   21.3     89  16.23    350      7  296.4  343.3  299.2
  975.0    299   22.2   20.5     90  15.87    325     10  297.5  343.7  300.4
  974.0    308   22.2   20.5     90  15.85    324     10  297.6  343.7  300.4
  970.0    343   23.2   20.4     84  15.82    319     10  298.9  345.2  301.8
  948.0    543   23.0   19.2     79  15.00    293      7  300.7  344.9  303.4
  925.0    757   21.8   18.7     83  14.90    265      5  301.6  345.7  304.3
  910.0    899   21.0   17.9     82  14.36    250      5  302.2  344.8  304.8
  879.0   1199   19.3   16.1     82  13.27    280      9  303.4  343.0  305.8
  850.0   1489   17.6   14.4     82  12.28    280      7  304.6  341.4  306.8
  812.0   1879   15.0   12.6     86  11.41    279      7  305.8  340.3  307.9
  749.0   2560   11.4    9.0     85   9.71    277      8  309.0  338.9  310.9
  727.0   2809   10.8    4.8     66   7.47    276      8  311.0  334.4  312.4
  700.0   3124    8.6    1.6     61   6.18    275      8  312.0  331.5  313.1
  697.0   3160    8.4    1.4     61   6.11    276      8  312.1  331.5  313.3
  685.0   3303    7.3    4.5     82   7.79    280      7  312.5  337.0  314.0
  681.0   3352    7.0    5.6     91   8.44    280      7  312.6  339.1  314.2
  672.0   3461    6.4    5.6     95   8.56    280      8  313.2  340.0  314.8
  665.0   3548    6.6    1.6     70   6.50    280      8  314.3  335.1  315.6
  664.0   3560    6.6    0.6     66   6.06    280      8  314.5  333.8  315.6
  663.0   3572    6.4   -1.6     57   5.16    280      8  314.4  331.0  315.4
  662.0   3585    6.4   -2.6     53   4.80    280      8  314.5  330.0  315.4
  661.0   3597    6.2    2.1     75   6.78    280      8  314.4  336.0  315.7
  658.0   3635    6.0    1.0     70   6.29    280      8  314.6  334.7  315.8
  652.0   3710    5.2    2.9     85   7.28    280      8  314.5  337.6  315.9
  650.0   3735    5.4   -2.6     56   4.89    280      8  315.0  330.8  316.0
  644.0   3811    4.2    2.4     88   7.12    280      9  314.5  337.1  315.9
  637.0   3900    3.7    1.7     87   6.86    280      9  314.9  336.8  316.2
  610.0   4252    1.8   -0.9     82   5.91    268      7  316.7  335.7  317.8
  607.0   4291    2.2   -3.8     65   4.78    267      7  317.6  333.2  318.5
  592.0   4494    2.6   -5.4     56   4.34    260      6  320.3  334.7  321.1
  583.0   4618    1.6   -3.2     70   5.21    256      5  320.6  337.7  321.6
  567.0   4842    0.0   -7.0     59   4.01    249      4  321.2  334.6  322.0
  562.0   4913   -0.5   -5.5     69   4.54    246      4  321.4  336.6  322.3
  558.0   4970   -0.7   -5.2     72   4.68    244      4  321.9  337.4  322.8
  552.0   5057   -1.3   -7.3     64   4.03    241      3  322.1  335.7  322.9
  549.0   5100   -1.5   -9.5     54   3.41    240      3  322.4  334.0  323.1
  548.0   5115   -1.5  -14.5     36   2.28    237      3  322.6  330.5  323.0
  544.0   5173   -1.9  -10.9     50   3.08    225      4  322.8  333.3  323.4
  541.0   5217   -2.1  -13.1     43   2.59    216      5  323.1  332.0  323.6
  530.0   5381   -3.5   -9.5     63   3.53    183      8  323.3  335.2  324.0
  529.0   5396   -3.7   -6.5     81   4.47    180      8  323.2  338.2  324.1
  512.0   5654   -4.9  -10.9     63   3.27    159      6  324.8  336.0  325.4
  511.0   5669   -4.9  -13.9     49   2.57    158      6  325.0  333.9  325.5
  509.0   5700   -5.1  -14.3     49   2.50    155      6  325.1  333.8  325.6
  500.0   5840   -5.9  -15.9     45   2.23    145      7  325.8  333.6  326.2
  497.0   5887   -6.3  -16.3     45   2.17    143      7  325.9  333.5  326.3
  494.0   5935   -6.5  -17.5     41   1.97    141      7  326.2  333.1  326.6
  492.0   5966   -6.9  -15.9     49   2.26    140      7  326.1  334.0  326.5
  483.0   6110   -7.5  -13.5     62   2.81    133      6  327.1  336.8  327.6
  477.0   6208   -7.9  -13.9     62   2.75    129      6  327.7  337.3  328.3
  471.0   6306   -8.2  -15.7     55   2.40    125      6  328.5  337.0  329.0
  469.0   6339   -8.3  -16.3     53   2.30    126      6  328.8  336.9  329.3
  468.0   6356   -8.3  -20.3     37   1.64    127      6  329.0  334.9  329.3
  467.0   6373   -8.5  -18.5     44   1.91    128      6  329.0  335.8  329.4
  453.0   6608   -9.9  -19.9     44   1.75    138      7  330.1  336.4  330.4
  451.0   6643  -10.1  -21.1     40   1.58    139      7  330.2  336.0  330.6
  450.0   6660  -10.1  -25.1     28   1.11    140      7  330.5  334.6  330.7
  436.0   6903  -11.7  -18.4     57   2.07    150      7  331.5  339.0  331.9
  432.0   6974  -12.1  -16.4     70   2.47    148      6  331.8  340.6  332.3
  430.0   7009  -11.9  -23.9     36   1.30    147      5  332.5  337.3  332.8
  429.0   7027  -12.1  -28.1     25   0.89    146      5  332.5  335.8  332.6
  422.0   7153  -12.7  -19.7     56   1.91    142      3  333.3  340.2  333.6
  419.0   7207  -13.0  -23.0     43   1.44    140      2  333.6  338.9  333.9
  416.0   7262  -13.3  -26.3     33   1.08    134      2  333.9  337.9  334.1
  412.0   7336  -13.5  -32.5     19   0.61    127      2  334.5  336.9  334.6
  405.0   7466  -14.5  -26.5     35   1.09    114      3  334.9  339.0  335.1
  404.0   7485  -14.5  -23.5     46   1.43    112      3  335.1  340.4  335.4
  403.0   7503  -14.7  -22.7     51   1.54    110      3  335.1  340.8  335.4
  402.0   7522  -14.9  -21.9     55   1.66    115      3  335.1  341.2  335.4
  400.0   7560  -15.3  -22.3     55   1.61    125      4  335.0  340.9  335.3
  399.0   7579  -15.3  -21.3     60   1.76    126      4  335.2  341.7  335.6
  398.0   7598  -15.5  -21.5     60   1.73    127      4  335.2  341.6  335.6
  396.0   7636  -15.5  -22.5     55   1.60    130      5  335.7  341.6  336.0
  395.0   7655  -15.5  -28.5     32   0.93    131      5  336.0  339.5  336.1
  394.0   7674  -15.7  -25.7     42   1.20    132      5  335.9  340.5  336.2
  388.0   7790  -16.3  -24.3     50   1.39    139      6  336.6  341.8  336.9
  387.0   7810  -16.4  -24.8     48   1.33    140      6  336.7  341.7  337.0
  378.0   7987  -17.5  -29.5     34   0.88    140      7  337.6  341.0  337.8
  365.0   8248  -19.3  -25.3     59   1.35    140      7  338.6  343.6  338.8
  357.0   8412  -20.4  -26.9     56   1.19    140      8  339.2  343.7  339.4
  331.0   8970  -24.3  -32.3     48   0.77    117      7  341.3  344.3  341.4
  314.0   9352  -27.3  -32.3     62   0.81    101      6  342.3  345.5  342.5
  303.0   9609  -29.0  -35.6     53   0.61     90      5  343.4  345.8  343.5
  300.0   9680  -29.5  -36.5     51   0.56     90      4  343.7  346.0  343.8
  291.0   9894  -31.1  -39.6     43   0.42    110      4  344.4  346.1  344.4
  288.0   9967  -31.7  -40.7     41   0.38     85      3  344.6  346.2  344.7
  278.0  10210  -33.8  -42.5     41   0.33      0      1  345.1  346.5  345.2
  255.0  10804  -38.8  -46.9     42   0.22     10      4  346.4  347.3  346.4
  250.0  10940  -39.9  -47.9     42   0.20    340      3  346.6  347.5  346.6
  249.0  10967  -40.1  -48.1     42   0.20    338      3  346.7  347.6  346.8
  244.0  11102  -41.3                         325      4  347.0         347.0
  234.0  11379  -43.7                           0      6  347.5         347.5
  200.0  12420  -52.7                          70     14  349.1         349.1
  195.0  12578  -54.1                          75     15  349.4         349.4
  153.0  14087  -68.0                         105     21  350.8         350.8
  150.0  14210  -69.1                         105     21  350.9         350.9
  140.0  14617  -72.9                          96     29  351.2         351.2
  125.0  15263  -76.7                          80     41  355.8         355.8
  112.0  15889  -80.4                         115     44  360.3         360.3
  104.0  16312  -82.9                         105     48  363.2         363.2
  101.0  16475  -82.3                         100     52  367.4         367.4
  100.0  16530  -82.1                         100     51  368.9         368.9
   92.2  16988  -80.3                          69     24  381.1         381.1
   90.0  17124  -81.0                          60     16  382.3         382.3
   86.0  17380  -82.3                          10      4  384.6         384.6
   84.9  17452  -82.7                         347      4  385.3         385.3
   81.0  17720  -81.1                         265      3  393.8         393.8
   77.0  18008  -79.4                          75      5  403.2         403.2
   73.0  18311  -77.5                          95     10  413.2         413.2
   70.0  18550  -76.1                          90     11  421.3         421.3
   69.0  18633  -75.8                          85     10  423.8         423.8
   68.3  18692  -75.5                          74     10  425.5         425.5
   66.0  18893  -72.1                          35      8  437.2         437.2
   63.2  19148  -67.7                         339      9  452.2         452.2
   63.0  19167  -67.8                         335      9  452.4         452.4
   60.0  19457  -69.4                         225     10  455.1         455.1
   56.7  19793  -71.3                         195     15  458.3         458.3
   54.0  20083  -70.1                         150      9  467.6         467.6
   51.0  20422  -68.6                         100      4  478.7         478.7
   50.0  20540  -68.1                           5      3  482.6         482.6
   49.0  20662  -67.6                         345      8  486.5         486.5
   42.0  21595  -64.2                         290     22  517.0         517.0
   41.9  21610  -64.1                         291     22  517.5         517.5
   40.0  21893  -65.0                         305     21  522.0         522.0
   39.5  21969  -65.3                         304     21  523.3         523.3
   35.5  22627  -59.9                         292     17  553.5         553.5
   35.0  22715  -59.8                         290     16  556.1         556.1
   30.0  23680  -58.3                         310     23  585.1         585.1
   25.0  24827  -57.0                         255     19  620.3         620.3
   21.0  25923  -55.7                         195      8  655.9         655.9
   20.0  26230  -55.3                         200      7  666.2         666.2
   19.0  26556  -57.0                         220     16  670.9         670.9
   18.8  26623  -57.3                         217     15  671.8         671.8
   18.0  26900  -56.4                         205     11  682.9         682.9
   17.0  27264  -55.3                         135      9  697.8         697.8
   16.0  27651  -54.1                         135     11  713.8         713.8
   15.5  27853  -53.5                                     722.4         722.4
</PRE><H3>Station information and sounding indices</H3><PRE>
                         Station identifier: WAAA
                             Station number: 97180
                           Observation time: 170303/0000
                           Station latitude: -5.06
                          Station longitude: 119.55
                          Station elevation: 14.0
                            Showalter index: 0.40
                               Lifted index: -0.62
    LIFT computed using virtual temperature: -1.10
                                SWEAT index: 193.78
                                    K index: 30.90
                         Cross totals index: 20.30
                      Vertical totals index: 23.50
                        Totals totals index: 43.80
      Convective Available Potential Energy: 69.11
             CAPE using virtual temperature: 127.87
                      Convective Inhibition: -95.61
             CINS using virtual temperature: -77.58
                           Equilibrum Level: 450.69
 Equilibrum Level using virtual temperature: 428.71
                   Level of Free Convection: 706.54
             LFCT using virtual temperature: 778.96
                     Bulk Richardson Number: 14.53
          Bulk Richardson Number using CAPV: 26.89
  Temp [K] of the Lifted Condensation Level: 293.19
Pres [hPa] of the Lifted Condensation Level: 946.23
     Mean mixed layer potential temperature: 297.88
              Mean mixed layer mixing ratio: 15.87
              1000 hPa to 500 hPa thickness: 5762.00
Precipitable water [mm] for entire sounding: 52.36
</PRE>
<P>Description of the 
<A HREF="/upperair/columns.html">data columns</A>
or <A HREF="/upperair/indices.html">sounding indices</A>.

<P>
<FORM>
<INPUT CLASS="button" TYPE="button" VALUE=" Close this window " 
 onClick="window.close();">
<INPUT CLASS="button" TYPE="button" VALUE=" Select another map " 
 onClick="window.blur();">
</FORM>
<HR SIZE="1">
<I>Interested in graduate studies in atmospheric science?
Check out our program at the
<a href="http://www.uwyo.edu/atsc/howtoapply/"
target=_top>University of Wyoming
</a></I>
<HR SIZE="1"><FONT SIZE="-1">
Questions about the weather data provided by this site can be
addressed to <A HREF="mailto:ldoolman@uwyo.edu">
Larry Oolman (ldoolman@uwyo.edu)</A></FONT>
<HR SIZE="1">
<SCRIPT TYPE="text/javascript">
<!--
window.focus();
// -->
</SCRIPT>
</BODY>
</HTML>
