2017-12-05 00
<HTML>
<TITLE>University of Wyoming - Radiosonde Data</TITLE>
<LINK REL="StyleSheet" HREF="/resources/select.css" TYPE="text/css">
<BODY BGCOLOR="white">
<H2>97180 WAAA Ujung Pandang Observations at 00Z 05 Dec 2017</H2>
<PRE>
-----------------------------------------------------------------------------
   PRES   HGHT   TEMP   DWPT   RELH   MIXR   DRCT   SKNT   THTA   THTE   THTV
    hPa     m      C      C      %    g/kg    deg   knot     K      K      K 
-----------------------------------------------------------------------------
 1008.0     14   26.6   23.6     84  18.59    140      4  299.1  353.5  302.4
 1007.0     22   26.4   19.4     65  14.29    136      4  298.9  340.8  301.5
 1000.0     82   26.2   20.2     70  15.14    105      3  299.4  343.8  302.1
  996.0    117   27.4   20.4     66  15.40    106      3  300.9  346.4  303.7
  976.0    295   26.1   20.0     69  15.31    110      2  301.3  346.6  304.1
  943.0    596   23.9   19.3     76  15.17    220      4  302.0  347.0  304.8
  925.0    765   22.6   18.9     80  15.09    230      6  302.4  347.2  305.1
  917.0    841   22.2   18.6     80  14.94    231      7  302.8  347.2  305.5
  859.0   1413   19.8   12.8     64  10.93    234     10  305.9  339.1  308.0
  850.0   1504   19.0   12.0     64  10.47    235     11  306.0  337.8  308.0
  793.0   2091   15.6    9.8     68   9.65    250     10  308.5  338.1  310.3
  715.0   2968   10.4    6.4     76   8.50    279     11  312.1  338.6  313.7
  709.0   3038   10.2    5.9     75   8.28    281     11  312.6  338.6  314.2
  700.0   3144   10.4    2.4     58   6.54    285     11  314.0  334.8  315.2
  699.0   3156   10.6    0.6     50   5.75    285     11  314.3  332.7  315.4
  687.0   3300   10.4   -0.6     46   5.36    290      8  315.7  333.0  316.7
  677.0   3422   10.0   -7.0     30   3.36    293      8  316.5  327.7  317.2
  616.0   4195    4.6   -4.2     53   4.55    315      8  319.0  334.0  319.9
  584.0   4632    1.6   -2.7     73   5.40    304      7  320.4  338.1  321.4
  572.0   4799    0.7   -4.7     68   4.75    300      7  321.2  336.9  322.1
  564.0   4912    0.0   -6.0     64   4.36    302      6  321.7  336.2  322.6
  551.0   5098   -0.8   -6.8     64   4.19    305      4  322.9  337.0  323.7
  531.0   5393   -2.1   -8.1     63   3.93    115      7  324.8  338.1  325.6
  525.0   5484   -2.5   -8.5     63   3.86    118      8  325.4  338.5  326.1
  524.0   5499   -2.5   -8.5     63   3.86    118      9  325.5  338.7  326.3
  523.0   5514   -2.7   -8.7     63   3.81    119      9  325.5  338.4  326.2
  522.0   5530   -2.5  -11.5     50   3.06    119      9  325.9  336.4  326.5
  521.0   5545   -2.3  -20.3     24   1.47    120      9  326.3  331.6  326.6
  520.0   5560   -2.3  -18.3     28   1.75    120      9  326.5  332.7  326.8
  501.0   5854   -4.5  -20.5     27   1.50    130     14  327.3  332.7  327.6
  500.0   5870   -4.7  -17.7     35   1.91    130     14  327.2  334.1  327.6
  492.0   5997   -5.5  -22.5     25   1.28    130     13  327.8  332.5  328.0
  489.0   6045   -5.9  -25.9     19   0.95    117     12  327.9  331.4  328.1
  486.0   6094   -5.9  -26.9     17   0.87    104     10  328.4  331.7  328.6
  483.0   6143   -6.1  -27.1     17   0.86     90      9  328.8  332.0  328.9
  482.0   6159   -6.3  -27.3     17   0.85     86      8  328.7  331.9  328.9
  480.0   6191   -6.5  -23.5     25   1.20     77      7  328.9  333.3  329.1
  479.0   6208   -6.7  -14.7     53   2.57     72      7  328.8  337.9  329.3
  473.0   6306   -7.4  -13.6     61   2.84     45      4  329.1  339.0  329.6
  463.0   6474   -8.7  -11.8     78   3.36     60      3  329.5  341.2  330.2
  456.0   6592   -9.3  -12.8     76   3.15     70      3  330.2  341.2  330.8
  438.0   6904  -10.9  -15.4     69   2.65     60      4  332.0  341.4  332.5
  429.0   7064  -12.1  -17.1     66   2.35     68      5  332.5  340.9  332.9
  423.0   7173  -12.3  -27.3     27   0.97     73      5  333.5  337.2  333.7
  409.0   7430  -13.7  -33.7     17   0.55     86      7  335.0  337.1  335.1
  406.0   7487  -13.7  -42.7      7   0.22     89      7  335.7  336.6  335.7
  405.0   7505  -13.8  -42.3      7   0.23     90      7  335.8  336.7  335.8
  404.0   7524  -13.9  -41.9      7   0.24     92      7  335.9  336.9  335.9
  401.0   7581  -14.5  -28.5     29   0.91     98      6  335.8  339.3  336.0
  400.0   7600  -14.7  -24.7     42   1.30    100      6  335.8  340.7  336.1
  399.0   7619  -14.7  -24.7     42   1.30    104      6  336.0  340.9  336.3
  397.0   7657  -14.7  -26.7     35   1.09    111      6  336.5  340.7  336.7
  390.0   7791  -15.7  -24.7     46   1.33    136      7  336.9  341.9  337.2
  374.0   8104  -17.6  -27.8     40   1.04    195      8  338.5  342.5  338.7
  342.0   8770  -21.5  -34.5     30   0.60    162      7  341.9  344.3  342.1
  318.0   9299  -25.9  -36.1     38   0.55    135      7  342.9  345.2  343.1
  309.0   9508  -27.7  -36.7     42   0.54    115      7  343.3  345.5  343.4
  300.0   9720  -28.9  -39.9     34   0.40     95      6  344.5  346.2  344.6
  292.0   9911  -30.2  -42.8     28   0.30     85      6  345.4  346.7  345.5
  285.0  10083  -31.3  -45.3     24   0.24     80      7  346.2  347.2  346.2
  257.0  10799  -37.5  -43.3     54   0.32     60     12  347.5  348.9  347.6
  250.0  10990  -39.1  -42.8     68   0.35     50     12  347.8  349.3  347.9
  246.0  11101  -39.9  -43.4     69   0.34     47     11  348.2  349.6  348.3
  225.0  11700  -45.0                          30      8  349.4         349.4
  206.0  12292  -50.0                          45     13  350.4         350.4
  200.0  12490  -51.7                          40     18  350.7         350.7
  170.0  13510  -61.3                          40     21  351.5         351.5
  161.0  13852  -64.5                          60     23  351.6         351.6
  150.0  14280  -67.5                          85     26  353.6         353.6
  140.0  14675  -70.5                          90     32  355.5         355.5
  100.0  16600  -84.9                         110     49  363.4         363.4
   97.0  16767  -86.0                         105     50  364.5         364.5
   92.9  17004  -87.5                         105     48  366.1         366.1
   87.9  17308  -84.7                         101     22  377.5         377.5
   87.0  17365  -82.9                         100     17  382.2         382.2
   86.4  17404  -81.7                          90     17  385.4         385.4
   82.0  17696  -82.5                          15     14  389.7         389.7
   78.4  17948  -83.1                         353      9  393.4         393.4
   78.0  17977  -82.3                         350      8  395.6         395.6
   76.9  18056  -80.1                         331      7  401.8         401.8
   74.0  18274  -79.9                         280      4  406.6         406.6
   71.5  18469  -79.7                         268      9  411.1         411.1
   70.0  18590  -79.1                         260     12  414.8         414.8
   64.9  19027  -73.3                         253     13  436.6         436.6
   63.0  19203  -72.9                         250     14  441.1         441.1
   60.0  19492  -72.3                         265     17  448.8         448.8
   57.0  19795  -71.6                         245     19  456.9         456.9
   54.0  20115  -70.9                         260     19  465.6         465.6
   50.0  20570  -69.9                         230     21  478.4         478.4
   48.2  20788  -69.7                         215     13  483.9         483.9
   47.0  20940  -68.8                         205      8  489.6         489.6
   42.0  21617  -64.7                          95     19  515.8         515.8
   41.6  21675  -64.3                          94     20  518.1         518.1
   36.8  22421  -65.1                          77     34  534.5         534.5
   35.0  22729  -62.3                          70     39  549.4         549.4
   34.6  22799  -61.7                          71     40  552.9         552.9
   30.0  23690  -57.1                          80     52  588.4         588.4
   27.7  24192  -58.9                          86     54  596.9         596.9
   23.0  25374  -54.6                         100     59  642.0         642.0
   22.5  25513  -54.1                         100     59  647.6         647.6
   21.7  25743  -53.3                                     656.8         656.8
</PRE><H3>Station information and sounding indices</H3><PRE>
                         Station identifier: WAAA
                             Station number: 97180
                           Observation time: 171205/0000
                           Station latitude: -5.06
                          Station longitude: 119.55
                          Station elevation: 14.0
                            Showalter index: 3.12
                               Lifted index: -0.15
    LIFT computed using virtual temperature: -0.73
                                SWEAT index: 179.99
                                    K index: 27.70
                         Cross totals index: 16.70
                      Vertical totals index: 23.70
                        Totals totals index: 40.40
      Convective Available Potential Energy: 30.48
             CAPE using virtual temperature: 75.89
                      Convective Inhibition: -188.85
             CINS using virtual temperature: -101.58
                           Equilibrum Level: 423.67
 Equilibrum Level using virtual temperature: 407.99
                   Level of Free Convection: 602.15
             LFCT using virtual temperature: 726.07
                     Bulk Richardson Number: 5.58
          Bulk Richardson Number using CAPV: 13.91
  Temp [K] of the Lifted Condensation Level: 291.70
Pres [hPa] of the Lifted Condensation Level: 896.53
     Mean mixed layer potential temperature: 300.96
              Mean mixed layer mixing ratio: 15.25
              1000 hPa to 500 hPa thickness: 5788.00
Precipitable water [mm] for entire sounding: 48.36
</PRE>
<P>Description of the 
<A HREF="/upperair/columns.html">data columns</A>
or <A HREF="/upperair/indices.html">sounding indices</A>.

<P>
<FORM>
<INPUT CLASS="button" TYPE="button" VALUE=" Close this window " 
 onClick="window.close();">
<INPUT CLASS="button" TYPE="button" VALUE=" Select another map " 
 onClick="window.blur();">
</FORM>
<HR SIZE="1">
<I>Interested in graduate studies in atmospheric science?
Check out our program at the
<a href="http://www.uwyo.edu/atsc/howtoapply/"
target=_top>University of Wyoming
</a></I>
<HR SIZE="1"><FONT SIZE="-1">
Questions about the weather data provided by this site can be
addressed to <A HREF="mailto:ldoolman@uwyo.edu">
Larry Oolman (ldoolman@uwyo.edu)</A></FONT>
<HR SIZE="1">
<SCRIPT TYPE="text/javascript">
<!--
window.focus();
// -->
</SCRIPT>
</BODY>
</HTML>
