2016-10-08 00
<HTML>
<TITLE>University of Wyoming - Radiosonde Data</TITLE>
<LINK REL="StyleSheet" HREF="/resources/select.css" TYPE="text/css">
<BODY BGCOLOR="white">
<H2>97180 WAAA Ujung Pandang Observations at 00Z 08 Oct 2016</H2>
<PRE>
-----------------------------------------------------------------------------
   PRES   HGHT   TEMP   DWPT   RELH   MIXR   DRCT   SKNT   THTA   THTE   THTV
    hPa     m      C      C      %    g/kg    deg   knot     K      K      K 
-----------------------------------------------------------------------------
 1009.0     14   25.4   23.5     89  18.45      0      0  297.8  351.5  301.1
 1008.0     22   26.6   23.8     85  18.82    357      1  299.1  354.2  302.4
 1000.0     89   26.0   23.6     87  18.74    330      8  299.1  354.1  302.5
  977.0    294   24.3   22.7     91  18.15    330     11  299.4  352.7  302.7
  957.0    476   22.8   21.9     95  17.63    351     10  299.7  351.4  302.9
  944.0    595   22.3   21.2     93  17.13      5      9  300.4  350.8  303.4
  925.0    773   21.6   20.2     92  16.40     40      8  301.4  349.9  304.3
  912.0    895   20.8   19.6     92  15.96     55     10  301.8  349.1  304.7
  850.0   1501   17.0   16.3     96  13.91     80     13  303.9  345.5  306.5
  801.0   2007   13.8   10.8     82  10.25     42     17  305.7  336.8  307.6
  796.0   2060   13.6   10.4     81  10.04     38     18  306.1  336.6  307.9
  792.0   2103   13.7   10.4     81  10.12     35     18  306.6  337.4  308.4
  775.0   2286   14.0   10.6     80  10.46     35     17  308.8  340.9  310.8
  738.0   2698   12.0    8.4     79   9.48     35     16  311.0  340.4  312.8
  712.0   2999   10.5    6.8     78   8.81     55     13  312.6  340.1  314.2
  700.0   3142    9.8    6.1     78   8.51     60     13  313.3  340.0  314.9
  684.0   3335    9.6    4.9     72   8.00     52     15  315.2  340.5  316.7
  662.0   3605    7.7    3.7     76   7.58     40     17  315.9  340.1  317.4
  633.0   3975    5.0    2.0     81   7.03     68     17  317.0  339.5  318.3
  616.0   4195    3.9    1.0     81   6.74     85     17  318.2  340.0  319.5
  558.0   4998    0.0   -2.5     83   5.74     92     21  322.7  341.7  323.8
  531.0   5392   -2.6   -4.9     84   5.04     95     23  324.2  341.1  325.2
  500.0   5870   -5.7   -7.8     85   4.28     80     21  326.0  340.5  326.9
  488.0   6061   -6.7   -8.3     88   4.21     78     23  327.1  341.4  327.9
  485.0   6109   -7.3   -8.8     89   4.08     77     23  326.9  340.8  327.7
  474.0   6289   -6.7  -11.7     68   3.31     75     25  329.8  341.4  330.5
  473.0   6305   -6.8  -11.7     68   3.31     75     25  329.9  341.4  330.6
  462.0   6489   -7.7  -12.1     71   3.29     78     26  331.0  342.5  331.6
  459.0   6540   -7.9  -10.8     80   3.68     79     27  331.3  344.2  332.1
  452.0   6660   -7.9  -14.9     57   2.68     81     28  332.8  342.3  333.3
  450.0   6694   -8.3  -15.3     57   2.60     81     28  332.7  342.0  333.2
  448.0   6729   -8.5  -15.5     57   2.57     82     28  332.9  342.1  333.4
  446.0   6764   -8.3  -21.3     34   1.57     83     28  333.6  339.4  333.9
  421.0   7210  -11.5  -25.5     30   1.15     90     32  335.0  339.3  335.2
  407.0   7468  -13.7  -36.7     12   0.41     94     34  335.4  337.1  335.5
  405.0   7506  -13.9  -39.2     10   0.32     95     34  335.6  336.9  335.7
  400.0   7600  -14.5  -45.5      5   0.16     95     34  336.1  336.8  336.1
  378.0   8025  -17.3  -40.3     12   0.30     92     33  337.8  339.1  337.9
  359.0   8408  -20.3  -35.0     25   0.54     90     32  338.9  341.1  339.0
  355.0   8491  -20.9  -33.9     30   0.62     88     31  339.1  341.6  339.2
  346.0   8680  -22.7  -30.7     48   0.86     83     30  339.2  342.5  339.3
  341.0   8786  -23.5  -29.5     58   0.98     81     29  339.5  343.3  339.7
  329.0   9047  -24.9  -31.9     52   0.81     74     27  341.1  344.2  341.2
  325.0   9135  -25.7  -37.7     32   0.46     72     27  341.1  343.0  341.2
  316.0   9338  -26.7  -42.7     21   0.28     67     25  342.5  343.7  342.6
  311.0   9452  -27.5  -43.5     20   0.26     64     24  343.0  344.1  343.0
  307.0   9545  -27.9  -37.9     38   0.48     61     23  343.7  345.6  343.8
  305.0   9592  -28.3  -37.5     41   0.50     60     23  343.8  345.8  343.9
  300.0   9710  -29.3  -36.3     51   0.57     55     24  344.0  346.3  344.1
  280.0  10200  -33.1  -41.0     45   0.38     50     23  345.3  346.9  345.4
  277.0  10277  -33.7  -41.7     44   0.36     52     23  345.6  347.0  345.6
  250.0  10990  -39.9  -49.9     34   0.16     70     22  346.6  347.3  346.6
  248.0  11045  -40.1  -52.1     27   0.13     71     22  347.1  347.7  347.1
  200.0  12470  -52.1                          85     25  350.1         350.1
  187.0  12888  -55.8                          90     28  350.9         350.9
  150.0  14260  -68.1                          95     35  352.6         352.6
  129.0  15142  -76.3                          95     40  353.4         353.4
  107.0  16191  -82.6                          95     46  360.8         360.8
  100.0  16570  -84.9                         100     55  363.4         363.4
   96.1  16789  -86.4                         105     59  364.6         364.6
   96.0  16795  -86.5                         105     59  364.7         364.7
   92.9  16975  -87.7                          85     51  365.7         365.7
   91.0  17089  -86.5                          85     53  370.2         370.2
   88.5  17242  -84.9                          84     45  376.4         376.4
   86.8  17351  -78.7                          83     39  390.9         390.9
   85.6  17432  -75.3                          83     35  399.3         399.3
   83.5  17578  -72.5                          82     27  407.9         407.9
   78.0  17977  -74.0                          80      7  412.9         412.9
   74.0  18285  -75.1                         115      2  416.7         416.7
   71.3  18503  -75.9                          98     10  419.5         419.5
   70.0  18610  -74.7                          90     14  424.2         424.2
   67.0  18869  -69.7                          35     11  440.4         440.4
   66.3  18931  -68.5                          25     10  444.4         444.4
   63.0  19239  -67.3                         335      5  453.6         453.6
   61.5  19385  -66.7                          22      5  458.0         458.0
   60.0  19533  -67.7                          70      4  459.0         459.0
   57.0  19841  -69.8                          95      9  461.1         461.1
   56.0  19947  -70.5                          78     11  461.8         461.8
   55.0  20056  -69.7                          60     13  466.0         466.0
   52.0  20394  -67.1                         355     13  479.6         479.6
   50.0  20630  -65.3                         300     12  489.2         489.2
   49.0  20754  -64.2                         290     10  494.7         494.7
   47.4  20957  -62.3                         314      4  503.9         503.9
   47.0  21009  -62.3                         320      2  505.1         505.1
   45.0  21276  -62.4                         250      4  511.1         511.1
   43.3  21513  -62.5                         229     11  516.6         516.6
   43.0  21557  -62.2                         225     12  518.2         518.2
   41.0  21853  -60.5                         230     15  529.8         529.8
   37.9  22343  -57.5                         295     17  549.4         549.4
   37.0  22494  -57.8                         315     18  552.4         552.4
   32.5  23307  -59.3                         296     29  569.2         569.2
   30.4  23726  -57.1                         287     34  586.2         586.2
   30.0  23810  -57.1                         285     35  588.4         588.4
   29.0  24024  -57.3                         280     36  593.5         593.5
   25.0  24960  -58.2                         255     35  616.6         616.6
   24.7  25036  -58.3                         255     35  618.5         618.5
   21.0  26061  -56.6                         255     28  653.0         653.0
   20.8  26121  -56.5                         256     28  655.1         655.1
   20.0  26370  -56.1                         260     30  663.7         663.7
   19.0  26701  -54.1                         270     27  679.7         679.7
   17.0  27419  -49.8                         310     22  715.5         715.5
   16.7  27534  -49.1                                     721.3         721.3
</PRE><H3>Station information and sounding indices</H3><PRE>
                         Station identifier: WAAA
                             Station number: 97180
                           Observation time: 161008/0000
                           Station latitude: -5.06
                          Station longitude: 119.55
                          Station elevation: 14.0
                            Showalter index: -0.99
                               Lifted index: -3.61
    LIFT computed using virtual temperature: -4.00
                                SWEAT index: 242.59
                                    K index: 35.30
                         Cross totals index: 22.00
                      Vertical totals index: 22.70
                        Totals totals index: 44.70
      Convective Available Potential Energy: 978.09
             CAPE using virtual temperature: 1128.59
                      Convective Inhibition: -3.76
             CINS using virtual temperature: -1.70
                           Equilibrum Level: 148.42
 Equilibrum Level using virtual temperature: 147.63
                   Level of Free Convection: 908.86
             LFCT using virtual temperature: 919.03
                     Bulk Richardson Number: 32.98
          Bulk Richardson Number using CAPV: 38.05
  Temp [K] of the Lifted Condensation Level: 295.56
Pres [hPa] of the Lifted Condensation Level: 956.12
     Mean mixed layer potential temperature: 299.39
              Mean mixed layer mixing ratio: 18.23
              1000 hPa to 500 hPa thickness: 5781.00
Precipitable water [mm] for entire sounding: 59.04
</PRE>
<P>Description of the 
<A HREF="/upperair/columns.html">data columns</A>
or <A HREF="/upperair/indices.html">sounding indices</A>.

<P>
<FORM>
<INPUT CLASS="button" TYPE="button" VALUE=" Close this window " 
 onClick="window.close();">
<INPUT CLASS="button" TYPE="button" VALUE=" Select another map " 
 onClick="window.blur();">
</FORM>
<HR SIZE="1">
<I>Interested in graduate studies in atmospheric science?
Check out our program at the
<a href="http://www.uwyo.edu/atsc/howtoapply/"
target=_top>University of Wyoming
</a></I>
<HR SIZE="1"><FONT SIZE="-1">
Questions about the weather data provided by this site can be
addressed to <A HREF="mailto:ldoolman@uwyo.edu">
Larry Oolman (ldoolman@uwyo.edu)</A></FONT>
<HR SIZE="1">
<SCRIPT TYPE="text/javascript">
<!--
window.focus();
// -->
</SCRIPT>
</BODY>
</HTML>
