2016-02-23 12
<HTML>
<TITLE>University of Wyoming - Radiosonde Data</TITLE>
<LINK REL="StyleSheet" HREF="/resources/select.css" TYPE="text/css">
<BODY BGCOLOR="white">
<H2>97180 WAAA Ujung Pandang Observations at 00Z 23 Feb 2016</H2>
<PRE>
-----------------------------------------------------------------------------
   PRES   HGHT   TEMP   DWPT   RELH   MIXR   DRCT   SKNT   THTA   THTE   THTV
    hPa     m      C      C      %    g/kg    deg   knot     K      K      K 
-----------------------------------------------------------------------------
 1012.0     14   25.0   24.0     94  18.98      0      0  297.1  352.3  300.5
 1000.0    116   25.8   21.7     78  16.64     55      2  298.9  347.7  301.9
  999.0    125   26.2   21.6     76  16.56     55      2  299.4  348.0  302.4
  980.0    294   25.3   20.8     76  16.06     55      8  300.2  347.4  303.1
  947.0    594   23.7   19.4     77  15.19    355      8  301.5  346.4  304.2
  925.0    801   22.6   18.4     77  14.62    340      8  302.4  345.8  305.1
  915.0    895   22.1   17.9     77  14.31    335      8  302.8  345.4  305.4
  850.0   1534   18.6   14.5     77  12.36    335     10  305.6  342.9  307.9
  824.0   1797   17.1   13.4     79  11.86    330     10  306.8  342.7  308.9
  796.0   2090   15.4   12.2     81  11.31    310      6  308.0  342.5  310.1
  768.0   2394   13.7   10.9     83  10.77    260      6  309.3  342.4  311.3
  741.0   2697   12.0    9.6     86  10.24    280      6  310.6  342.3  312.5
  700.0   3179    9.2    7.6     90   9.44    285     10  312.6  342.1  314.4
  694.0   3251    8.8    6.8     87   9.01    285     10  313.0  341.2  314.7
  690.0   3298    8.5    6.5     88   8.90    285     10  313.1  341.1  314.8
  665.0   3600    6.6    4.9     89   8.25    275     12  314.3  340.4  315.9
  618.0   4199    2.8    1.7     93   7.07    295      6  316.6  339.2  317.9
  595.0   4509    0.8    0.1     95   6.51    255      2  317.8  338.7  319.0
  586.0   4633    0.0   -0.6     96   6.29    319      2  318.2  338.6  319.4
  574.0   4798   -1.0   -2.1     92   5.77     45      2  318.9  337.7  320.1
  552.0   5108   -2.9   -4.8     86   4.87     60      2  320.3  336.4  321.2
  518.0   5613   -5.9   -9.3     77   3.67     54      3  322.5  334.9  323.2
  502.0   5859   -7.5  -16.5     49   2.11     50      4  323.5  330.8  323.9
  500.0   5890   -7.3  -14.3     57   2.54     50      4  324.1  332.9  324.6
  496.0   5953   -7.5  -16.5     49   2.13     50      4  324.6  332.1  325.0
  492.0   6016   -7.0  -10.5     76   3.51     50      4  325.9  337.9  326.6
  491.0   6031   -6.9   -9.0     85   3.96     51      4  326.2  339.8  327.0
  480.0   6208   -8.1  -17.1     48   2.10     68      4  326.9  334.3  327.3
  474.0   6306   -7.5  -15.5     53   2.43     77      4  328.8  337.4  329.3
  471.0   6355   -7.5  -14.5     57   2.65     82      4  329.4  338.8  329.9
  465.0   6455   -8.1  -14.1     62   2.78     91      4  329.9  339.6  330.4
  461.0   6522   -8.7  -17.7     48   2.08     97      4  329.9  337.4  330.4
  456.0   6606   -9.1  -17.5     51   2.14    105      4  330.5  338.2  330.9
  438.0   6917  -10.4  -16.6     61   2.41    155     10  332.6  341.2  333.1
  437.0   6934  -10.5  -16.5     61   2.42    154     10  332.7  341.4  333.2
  422.0   7202  -12.1  -18.1     61   2.20    145     12  334.0  342.0  334.5
  420.0   7239  -12.3  -18.3     61   2.17    147     12  334.2  342.1  334.7
  413.0   7367  -12.9  -22.9     43   1.48    153     13  335.1  340.5  335.4
  411.0   7404  -13.3  -18.1     67   2.25    155     13  335.0  343.2  335.5
  403.0   7553  -13.9  -18.5     68   2.22    162     14  336.1  344.2  336.6
  400.0   7610  -14.5  -23.5     46   1.45    165     14  336.1  341.4  336.4
  390.0   7801  -15.8  -23.3     52   1.51    175     14  336.8  342.4  337.1
  380.0   7997  -17.1  -23.1     60   1.58    165     13  337.6  343.5  337.9
  375.0   8096  -17.5  -38.5     14   0.37    160     13  338.3  339.8  338.4
  365.0   8297  -18.9  -32.9     28   0.66    150     12  339.1  341.7  339.2
  363.0   8338  -19.1  -24.0     65   1.52    148     12  339.4  345.1  339.7
  357.0   8462  -19.7  -25.7     59   1.33    142     12  340.2  345.2  340.4
  332.0   8991  -23.5  -29.5     58   1.01    115     10  342.2  346.1  342.4
  305.0   9610  -27.8  -33.8     57   0.72    135     10  344.4  347.3  344.5
  300.0   9730  -28.7  -34.7     56   0.67    130     10  344.8  347.5  344.9
  298.0   9778  -29.1  -36.1     51   0.59    129     10  344.9  347.3  345.0
  293.0   9897  -30.1  -37.1     50   0.54    125     10  345.2  347.4  345.3
  257.0  10816  -37.9  -44.9     48   0.27    150     10  346.9  348.1  346.9
  250.0  11010  -39.5  -46.5     47   0.24    140     10  347.2  348.2  347.2
  247.0  11092  -40.1  -48.1     42   0.20    140     10  347.5  348.4  347.6
  246.0  11119  -40.3                         140     10  347.6         347.6
  225.0  11710  -45.4                         145     14  348.8         348.8
  200.0  12490  -52.1                         125     17  350.1         350.1
  179.0  13184  -58.1                         125     21  351.5         351.5
  170.0  13507  -60.9                         125     21  352.1         352.1
  155.0  14085  -65.9                         130     19  353.0         353.0
  150.0  14290  -67.7                         115     21  353.3         353.3
  147.0  14410  -68.6                         105     21  353.8         353.8
  134.0  14959  -72.5                          96     15  356.3         356.3
  133.0  15003  -72.1                          95     14  357.7         357.7
  126.0  15322  -69.5                          60      2  368.1         368.1
  120.0  15606  -71.8                         250     12  369.0         369.0
  108.0  16218  -76.7                         240     21  371.0         371.0
  104.0  16438  -78.5                         230     19  371.6         371.6
  100.0  16660  -79.7                         220     16  373.5         373.5
   97.0  16831  -80.3                         220     10  375.6         375.6
   92.0  17128  -81.3                         135      4  379.3         379.3
   87.0  17441  -82.4                          90      8  383.3         383.3
   83.0  17705  -83.3                          65     14  386.6         386.6
   81.2  17828  -83.7                         114      9  388.2         388.2
   79.0  17984  -82.1                         175      2  394.6         394.6
   72.6  18461  -77.1                         203     10  414.8         414.8
   71.0  18589  -77.5                         210     12  416.6         416.6
   70.0  18670  -77.7                         200     12  417.8         417.8
   64.0  19182  -77.7                         120      6  428.7         428.7
   62.3  19336  -77.7                          93      7  432.0         432.0
   60.0  19554  -76.0                          55      8  440.5         440.5
   57.0  19853  -73.6                          75      8  452.3         452.3
   55.0  20060  -72.0                         355     12  460.7         460.7
   53.7  20199  -70.9                         349     12  466.4         466.4
   50.0  20620  -72.1                         330     12  473.2         473.2
   49.0  20739  -72.1                         330     12  476.0         476.0
   47.0  20985  -72.0                         175      2  481.9         481.9
   44.2  21347  -71.9                         124     13  490.6         490.6
   44.0  21374  -71.7                         120     14  491.8         491.8
   42.0  21651  -69.4                         100     23  504.1         504.1
   40.3  21897  -67.3                          96     23  515.3         515.3
   40.0  21943  -66.2                          95     23  519.0         519.0
   38.2  22226  -59.7                         117     13  542.5         542.5
   38.0  22259  -59.6                         120     12  543.7         543.7
   36.0  22600  -58.1                         125      8  555.9         555.9
   35.0  22777  -57.4                          80      6  562.3         562.3
   33.6  23035  -56.3                         346      5  571.8         571.8
   33.0  23148  -56.8                         305      4  573.5         573.5
   32.0  23343  -57.5                         280      6  576.5         576.5
   30.0  23750  -59.1                         300      2  582.9         582.9
   29.8  23792  -59.3                         295      4  583.5         583.5
   29.0  23962  -59.2                         275     12  588.5         588.5
   25.0  24889  -58.4                         260     16  616.2         616.2
   23.0  25410  -58.0                         270      8  632.3         632.3
   22.8  25465  -57.9                         257      8  634.0         634.0
   22.0  25690  -57.4                         205     10  642.0         642.0
   21.0  25983  -56.8                         160      6  652.5         652.5
   20.0  26290  -56.1                         285      4  663.7         663.7
   19.6  26418  -55.7                                     668.8         668.8
</PRE><H3>Station information and sounding indices</H3><PRE>
                         Station identifier: WAAA
                             Station number: 97180
                           Observation time: 160223/0000
                           Station latitude: -5.06
                          Station longitude: 119.55
                          Station elevation: 14.0
                            Showalter index: -1.58
                               Lifted index: -3.45
    LIFT computed using virtual temperature: -3.98
                                SWEAT index: 198.01
                                    K index: 38.80
                         Cross totals index: 21.80
                      Vertical totals index: 25.90
                        Totals totals index: 47.70
      Convective Available Potential Energy: 321.55
             CAPE using virtual temperature: 390.66
                      Convective Inhibition: -95.41
             CINS using virtual temperature: -72.99
                           Equilibrum Level: 375.15
 Equilibrum Level using virtual temperature: 362.25
                   Level of Free Convection: 745.22
             LFCT using virtual temperature: 768.14
                     Bulk Richardson Number: 56.08
          Bulk Richardson Number using CAPV: 68.14
  Temp [K] of the Lifted Condensation Level: 293.34
Pres [hPa] of the Lifted Condensation Level: 926.89
     Mean mixed layer potential temperature: 299.79
              Mean mixed layer mixing ratio: 16.39
              1000 hPa to 500 hPa thickness: 5774.00
Precipitable water [mm] for entire sounding: 57.73
</PRE>
<P>Description of the 
<A HREF="/upperair/columns.html">data columns</A>
or <A HREF="/upperair/indices.html">sounding indices</A>.

<P>
<FORM>
<INPUT CLASS="button" TYPE="button" VALUE=" Close this window " 
 onClick="window.close();">
<INPUT CLASS="button" TYPE="button" VALUE=" Select another map " 
 onClick="window.blur();">
</FORM>
<HR SIZE="1">
<I>Interested in graduate studies in atmospheric science?
Check out our program at the
<a href="http://www.uwyo.edu/atsc/howtoapply/"
target=_top>University of Wyoming
</a></I>
<HR SIZE="1"><FONT SIZE="-1">
Questions about the weather data provided by this site can be
addressed to <A HREF="mailto:ldoolman@uwyo.edu">
Larry Oolman (ldoolman@uwyo.edu)</A></FONT>
<HR SIZE="1">
<SCRIPT TYPE="text/javascript">
<!--
window.focus();
// -->
</SCRIPT>
</BODY>
</HTML>
