2016-12-26 12
<HTML>
<TITLE>University of Wyoming - Radiosonde Data</TITLE>
<LINK REL="StyleSheet" HREF="/resources/select.css" TYPE="text/css">
<BODY BGCOLOR="white">
<H2>97180 WAAA Ujung Pandang Observations at 00Z 26 Dec 2016</H2>
<PRE>
-----------------------------------------------------------------------------
   PRES   HGHT   TEMP   DWPT   RELH   MIXR   DRCT   SKNT   THTA   THTE   THTV
    hPa     m      C      C      %    g/kg    deg   knot     K      K      K 
-----------------------------------------------------------------------------
 1009.0     14   24.4   23.6     95  18.57    140      2  296.8  350.6  300.1
 1007.0     30   23.4   21.5     89  16.32    122      2  296.0  343.1  298.9
 1000.0     86   24.4   22.1     87  17.07     60      4  297.6  347.2  300.6
  983.0    237   24.4   21.8     85  17.05     11      6  299.0  348.9  302.1
  976.0    300   24.1   21.5     86  16.87    350      7  299.3  348.8  302.3
  943.0    603   22.6   20.2     86  16.04    300     13  300.8  348.1  303.7
  925.0    772   21.8   19.4     86  15.58    295     16  301.6  347.7  304.4
  850.0   1498   17.4   16.4     94  14.00    295     17  304.4  346.3  306.9
  739.0   2686   10.8    9.7     93  10.33    281     13  309.6  341.4  311.5
  707.0   3057    9.8    8.6     92  10.02    276     12  312.4  343.6  314.3
  700.0   3140    9.2    7.5     89   9.38    275     12  312.6  341.9  314.4
  687.0   3295    8.1    5.6     84   8.39    270     12  313.1  339.5  314.7
  671.0   3490    6.8    3.3     78   7.28    265     10  313.8  336.8  315.1
  653.0   3714    7.0    5.5     90   8.75    259      8  316.4  344.2  318.1
  639.0   3893    6.4    4.1     85   8.10    255      7  317.7  343.7  319.3
  615.0   4207    5.4    1.6     77   7.06      0      0  320.1  343.0  321.4
  606.0   4328    5.0    0.7     74   6.69     20      2  320.9  342.8  322.2
  593.0   4504    3.7   -0.3     75   6.36     50      4  321.4  342.2  322.6
  572.0   4796    1.5   -2.0     78   5.83     55      5  322.2  341.4  323.3
  558.0   4997    0.0   -3.1     80   5.49     95      4  322.7  340.9  323.8
  551.0   5097   -0.6   -3.7     80   5.33    115      3  323.2  340.9  324.2
  511.0   5697   -3.9   -7.0     79   4.44    110      4  326.1  341.2  327.0
  500.0   5870   -4.9   -8.0     79   4.21     85      5  327.0  341.4  327.8
  492.0   5996   -5.3   -8.5     78   4.11     40      4  328.0  342.1  328.9
  473.0   6304   -6.2   -9.7     76   3.88     15      2  330.6  344.0  331.3
  472.0   6320   -6.3   -9.8     76   3.87      6      2  330.7  344.1  331.5
  455.0   6603   -8.2  -11.0     80   3.66    205      2  331.8  344.6  332.5
  438.0   6896  -10.2  -12.2     85   3.44    210      5  332.9  345.1  333.6
  421.0   7201  -12.2  -13.5     90   3.23    185      5  334.1  345.6  334.8
  417.0   7275  -12.7  -13.8     91   3.18    176      5  334.4  345.7  335.0
  406.0   7477  -13.9  -15.0     91   2.96    150      5  335.4  346.0  336.0
  400.0   7590  -14.1  -17.5     75   2.43    135      5  336.6  345.4  337.1
  393.0   7724  -14.7  -19.7     66   2.05    119      6  337.5  345.0  337.9
  389.0   7802  -15.2  -22.2     55   1.66    110      6  337.8  344.0  338.1
  387.0   7841  -15.5  -23.5     50   1.49    113      6  337.9  343.5  338.2
  381.0   7959  -16.1  -20.9     67   1.91    121      5  338.6  345.7  339.0
  374.0   8099  -16.9  -21.8     66   1.80    130      5  339.4  346.1  339.8
  370.0   8180  -17.3  -22.3     65   1.74    119      6  339.9  346.4  340.3
  363.0   8323  -17.7  -29.7     34   0.90    101      9  341.2  344.8  341.4
  359.0   8406  -18.4  -30.3     34   0.86     90     10  341.4  344.7  341.5
  332.0   8986  -23.5  -34.5     36   0.62     92     10  342.1  344.6  342.2
  325.0   9142  -24.7  -33.7     43   0.69     93     10  342.5  345.3  342.7
  305.0   9601  -28.5  -35.1     53   0.64     95     10  343.5  346.0  343.6
  300.0   9720  -29.5  -35.5     56   0.62     90     12  343.7  346.2  343.8
  282.0  10157  -33.3  -36.2     75   0.62     59     12  344.4  346.8  344.5
  280.0  10206  -33.7  -36.7     74   0.59     55     12  344.5  346.9  344.7
  250.0  10990  -39.5  -44.1     61   0.31     60     19  347.2  348.5  347.3
  247.0  11073  -40.1  -44.2     65   0.31     61     20  347.5  348.8  347.6
  200.0  12480  -51.5                          80     36  351.1         351.1
  196.0  12606  -52.5                          85     38  351.4         351.4
  155.0  14075  -64.4                         110     56  355.5         355.5
  150.0  14280  -66.1                         110     58  356.0         356.0
  124.0  15400  -76.5                         103     62  357.0         357.0
  100.0  16610  -84.1                          95     67  365.0         365.0
   97.0  16778  -85.6                          90     61  365.4         365.4
   96.8  16790  -85.7                          90     61  365.4         365.4
   95.1  16888  -86.5                          90     57  365.6         365.6
   78.0  17977  -86.7                          50     34  386.5         386.5
   76.4  18090  -87.1                          53     28  387.9         387.9
   70.2  18573  -71.7                          65      4  430.3         430.3
   70.0  18590  -71.1                          65      3  431.9         431.9
   68.3  18736  -69.9                         134      6  437.6         437.6
   66.0  18938  -70.7                         230     10  440.2         440.2
   61.9  19318  -72.1                         233     10  445.2         445.2
   60.0  19501  -71.8                         235     10  449.8         449.8
   59.2  19580  -71.7                         243     12  451.8         451.8
   57.2  19785  -67.5                         263     18  465.8         465.8
   57.0  19806  -67.5                         265     19  466.1         466.1
   52.0  20355  -68.9                         250     30  475.3         475.3
   50.0  20590  -69.5                         255     31  479.3         479.3
   47.4  20907  -70.7                         268     24  483.8         483.8
   47.0  20958  -70.2                         270     23  486.1         486.1
   43.9  21366  -66.3                         255     18  505.3         505.3
   42.1  21618  -66.9                         246     14  509.9         509.9
   42.0  21633  -66.8                         245     14  510.6         510.6
   40.0  21930  -63.7                         260     16  525.4         525.4
   39.5  22006  -62.9                         258     16  529.3         529.3
   36.0  22577  -62.8                         240     17  543.9         543.9
   35.0  22750  -62.7                         268     18  548.4         548.4
   33.0  23116  -60.6                         325     20  563.2         563.2
   32.0  23308  -59.6                         310     20  571.1         571.1
   30.0  23710  -57.3                         270     20  587.8         587.8
   29.4  23838  -56.3                                     594.0         594.0
</PRE><H3>Station information and sounding indices</H3><PRE>
                         Station identifier: WAAA
                             Station number: 97180
                           Observation time: 161226/0000
                           Station latitude: -5.06
                          Station longitude: 119.55
                          Station elevation: 14.0
                            Showalter index: -0.48
                               Lifted index: -1.07
    LIFT computed using virtual temperature: -1.33
                                SWEAT index: 235.79
                                    K index: 37.00
                         Cross totals index: 21.30
                      Vertical totals index: 22.30
                        Totals totals index: 43.60
      Convective Available Potential Energy: 108.80
             CAPE using virtual temperature: 152.63
                      Convective Inhibition: -39.40
             CINS using virtual temperature: -34.70
                           Equilibrum Level: 276.67
 Equilibrum Level using virtual temperature: 275.95
                   Level of Free Convection: 826.92
             LFCT using virtual temperature: 836.71
                     Bulk Richardson Number: 17.65
          Bulk Richardson Number using CAPV: 24.76
  Temp [K] of the Lifted Condensation Level: 294.11
Pres [hPa] of the Lifted Condensation Level: 946.53
     Mean mixed layer potential temperature: 298.78
              Mean mixed layer mixing ratio: 16.81
              1000 hPa to 500 hPa thickness: 5784.00
Precipitable water [mm] for entire sounding: 61.74
</PRE>
<P>Description of the 
<A HREF="/upperair/columns.html">data columns</A>
or <A HREF="/upperair/indices.html">sounding indices</A>.

<P>
<FORM>
<INPUT CLASS="button" TYPE="button" VALUE=" Close this window " 
 onClick="window.close();">
<INPUT CLASS="button" TYPE="button" VALUE=" Select another map " 
 onClick="window.blur();">
</FORM>
<HR SIZE="1">
<I>Interested in graduate studies in atmospheric science?
Check out our program at the
<a href="http://www.uwyo.edu/atsc/howtoapply/"
target=_top>University of Wyoming
</a></I>
<HR SIZE="1"><FONT SIZE="-1">
Questions about the weather data provided by this site can be
addressed to <A HREF="mailto:ldoolman@uwyo.edu">
Larry Oolman (ldoolman@uwyo.edu)</A></FONT>
<HR SIZE="1">
<SCRIPT TYPE="text/javascript">
<!--
window.focus();
// -->
</SCRIPT>
</BODY>
</HTML>
