2017-04-23 00
<HTML>
<TITLE>University of Wyoming - Radiosonde Data</TITLE>
<LINK REL="StyleSheet" HREF="/resources/select.css" TYPE="text/css">
<BODY BGCOLOR="white">
<H2>97180 WAAA Ujung Pandang Observations at 00Z 23 Apr 2017</H2>
<PRE>
-----------------------------------------------------------------------------
   PRES   HGHT   TEMP   DWPT   RELH   MIXR   DRCT   SKNT   THTA   THTE   THTV
    hPa     m      C      C      %    g/kg    deg   knot     K      K      K 
-----------------------------------------------------------------------------
 1011.0     14   25.6   24.4     93  19.47      0      0  297.8  354.6  301.3
 1000.0    105   25.0   22.8     88  17.83    355      4  298.1  350.1  301.3
  978.0    300   24.3   21.8     86  17.17     15      5  299.3  349.6  302.4
  925.0    787   22.4   19.4     83  15.58    105      4  302.2  348.4  305.0
  917.0    864   22.4   19.0     81  15.32    116      4  303.0  348.6  305.7
  914.0    892   22.2   18.9     82  15.26    120      4  303.0  348.4  305.8
  878.0   1245   19.4   17.4     88  14.45    123      7  303.6  346.8  306.3
  850.0   1527   19.0   15.4     80  13.11    125      9  306.0  345.6  308.4
  844.0   1588   18.8   15.1     79  12.95    126      8  306.4  345.6  308.8
  824.0   1792   17.4   14.2     82  12.54    130      6  307.1  345.1  309.4
  749.0   2603   11.8   10.8     94  10.98    110      7  309.5  343.2  311.5
  714.0   3002    9.5    8.5     93   9.87    100      7  311.2  341.9  313.1
  700.0   3167    8.6    7.6     93   9.44     95      7  312.0  341.4  313.8
  664.0   3598    6.4    5.7     95   8.69     70     10  314.2  341.6  315.9
  570.0   4845    0.0    0.0    100   6.76     87     12  320.7  342.8  322.1
  552.0   5100   -2.3   -2.4     99   5.83     90     13  321.0  340.1  322.1
  531.0   5408   -5.1   -5.4     98   4.85    110     14  321.2  337.2  322.1
  516.0   5634   -5.7   -5.7    100   4.87    108     16  323.1  339.4  324.1
  508.0   5756   -7.3   -9.1     87   3.80    106     17  322.6  335.4  323.4
  500.0   5880   -7.1   -7.6     96   4.34    105     18  324.3  338.9  325.2
  444.0   6798  -12.5  -15.8     76   2.53    102     20  328.7  337.6  329.2
  425.0   7132  -13.9  -15.4     88   2.73    101     20  331.1  340.7  331.6
  418.0   7258  -15.1  -19.5     69   1.96    101     20  331.1  338.2  331.5
  407.0   7459  -15.9  -17.5     87   2.39    100     21  332.6  341.1  333.1
  400.0   7590  -16.1  -17.2     91   2.50    100     21  334.0  342.9  334.5
  379.0   7995  -18.7  -20.0     89   2.07     99     19  335.7  343.3  336.1
  368.0   8214  -19.9  -21.3     89   1.91     98     18  337.0  344.0  337.4
  361.0   8356  -21.1  -22.6     88   1.74     98     18  337.2  343.6  337.6
  358.0   8418  -21.5  -23.6     83   1.60     98     18  337.5  343.4  337.8
  356.0   8459  -22.1  -24.5     81   1.49     97     17  337.2  342.8  337.5
  355.0   8480  -22.5  -27.5     64   1.13     97     17  337.0  341.2  337.2
  353.0   8521  -22.7  -26.9     69   1.20     97     17  337.2  341.8  337.5
  352.0   8542  -22.9  -25.9     76   1.32     97     17  337.2  342.2  337.5
  351.0   8563  -22.7  -29.7     53   0.93     97     17  337.8  341.4  338.0
  350.0   8584  -22.7  -33.7     36   0.64     97     17  338.1  340.6  338.2
  349.0   8605  -22.5  -24.4     84   1.53     97     17  338.6  344.3  338.9
  342.0   8754  -23.5  -27.6     69   1.17     97     16  339.2  343.7  339.4
  340.0   8797  -24.3  -31.3     52   0.83     97     16  338.7  341.9  338.9
  336.0   8883  -24.9  -31.9     52   0.79     96     16  339.0  342.1  339.2
  334.0   8926  -24.5  -28.3     71   1.12     96     16  340.1  344.4  340.4
  329.0   9036  -25.9  -31.9     57   0.81     96     15  339.7  342.8  339.9
  317.0   9303  -27.4  -31.8     66   0.84     95     14  341.3  344.6  341.5
  300.0   9700  -29.5  -31.7     81   0.90     55      9  343.7  347.2  343.9
  295.0   9819  -30.3  -31.9     86   0.90     49      9  344.2  347.8  344.4
  292.0   9890  -30.9  -32.6     85   0.85     45      9  344.4  347.8  344.6
  256.0  10805  -38.4  -41.3     73   0.40     55      7  346.6  348.2  346.6
  250.0  10970  -39.7  -42.9     71   0.35     45      9  346.9  348.4  347.0
  249.0  10997  -40.1  -43.3     71   0.33     45      9  346.7  348.1  346.8
  200.0  12450  -53.3                          70     11  348.2         348.2
  195.0  12609  -54.7                          75     12  348.4         348.4
  178.0  13180  -59.9                          85     18  349.1         349.1
  158.0  13927  -66.7                          73     27  349.8         349.8
  153.0  14121  -68.2                          70     30  350.4         350.4
  150.0  14240  -69.1                          75     32  350.9         350.9
  147.0  14359  -70.7                          79     32  350.1         350.1
  134.0  14903  -71.5                          97     35  358.1         358.1
  132.0  14989  -72.0                         100     35  358.8         358.8
  119.0  15583  -75.2                         135     16  363.7         363.7
  113.0  15880  -76.7                         110     12  366.2         366.2
  107.0  16192  -78.4                          20      5  368.8         368.8
  102.0  16467  -79.9                         325     12  371.0         371.0
  100.0  16580  -80.5                         315     16  371.9         371.9
   91.0  17108  -83.2                         265     11  376.8         376.8
   88.1  17289  -84.1                         290      5  378.4         378.4
   86.0  17423  -83.8                         325      7  381.6         381.6
   83.5  17587  -83.5                         304      8  385.5         385.5
   78.0  17972  -78.6                         255     11  403.2         403.2
   76.8  18060  -77.5                         254     13  407.3         407.3
   75.8  18136  -74.1                         252     14  416.0         416.0
   74.0  18276  -74.2                         250     17  418.6         418.6
   70.0  18600  -74.5                         225     23  424.7         424.7
   63.0  19215  -73.2                         280     15  440.5         440.5
   58.4  19657  -72.3                         275     15  452.2         452.2
   54.3  20091  -66.5                         270     15  475.0         475.0
   54.0  20124  -66.4                         270     15  476.0         476.0
   50.0  20590  -65.3                         280     19  489.2         489.2
   47.4  20916  -64.3                         282     22  499.1         499.1
   43.7  21412  -66.3                         284     27  505.9         505.9
   42.0  21653  -65.8                         285     30  512.8         512.8
   39.4  22042  -65.1                         266     23  524.1         524.1
   38.0  22265  -62.6                         255     19  536.0         536.0
   37.1  22413  -60.9                         254     17  544.0         544.0
   35.0  22777  -60.5                         250     12  554.3         554.3
   33.0  23144  -60.0                         305     18  564.9         564.9
   30.0  23740  -59.3                         285     29  582.4         582.4
   27.4  24304  -59.5                         263     27  597.1         597.1
   26.0  24635  -57.4                         250     26  612.0         612.0
   25.0  24882  -55.9                         225     17  623.3         623.3
   24.0  25140  -54.3                         180      6  635.3         635.3
   23.4  25300  -53.3                         263      4  642.8         642.8
   23.0  25410  -53.5                         320      3  645.3         645.3
   21.0  25989  -54.7                         235      6  658.8         658.8
   20.3  26206  -55.1                         343      3  663.9         663.9
   20.0  26300  -55.3                          30      2  666.2         666.2
   19.0  26627  -55.3                          90     16  676.0         676.0
   18.4  26832  -55.3                          89     22  682.2         682.2
   18.0  26972  -55.7                          88     25  685.3         685.3
   17.7  27079  -53.1                          88     28  696.8         696.8
   16.3  27611  -52.3                          86     43  716.0         716.0
   16.0                                        85     46                     
</PRE><H3>Station information and sounding indices</H3><PRE>
                         Station identifier: WAAA
                             Station number: 97180
                           Observation time: 170423/0000
                           Station latitude: -5.06
                          Station longitude: 119.55
                          Station elevation: 14.0
                            Showalter index: -2.43
                               Lifted index: -4.06
    LIFT computed using virtual temperature: -4.36
                                SWEAT index: 220.79
                                    K index: 40.50
                         Cross totals index: 22.50
                      Vertical totals index: 26.10
                        Totals totals index: 48.60
      Convective Available Potential Energy: 890.42
             CAPE using virtual temperature: 964.90
                      Convective Inhibition: -62.12
             CINS using virtual temperature: -47.82
                           Equilibrum Level: 157.03
 Equilibrum Level using virtual temperature: 157.06
                   Level of Free Convection: 791.99
             LFCT using virtual temperature: 803.97
                     Bulk Richardson Number: 108.50
          Bulk Richardson Number using CAPV: 117.58
  Temp [K] of the Lifted Condensation Level: 294.74
Pres [hPa] of the Lifted Condensation Level: 950.14
     Mean mixed layer potential temperature: 299.09
              Mean mixed layer mixing ratio: 17.44
              1000 hPa to 500 hPa thickness: 5775.00
Precipitable water [mm] for entire sounding: 62.80
</PRE>
<P>Description of the 
<A HREF="/upperair/columns.html">data columns</A>
or <A HREF="/upperair/indices.html">sounding indices</A>.

<P>
<FORM>
<INPUT CLASS="button" TYPE="button" VALUE=" Close this window " 
 onClick="window.close();">
<INPUT CLASS="button" TYPE="button" VALUE=" Select another map " 
 onClick="window.blur();">
</FORM>
<HR SIZE="1">
<I>Interested in graduate studies in atmospheric science?
Check out our program at the
<a href="http://www.uwyo.edu/atsc/howtoapply/"
target=_top>University of Wyoming
</a></I>
<HR SIZE="1"><FONT SIZE="-1">
Questions about the weather data provided by this site can be
addressed to <A HREF="mailto:ldoolman@uwyo.edu">
Larry Oolman (ldoolman@uwyo.edu)</A></FONT>
<HR SIZE="1">
<SCRIPT TYPE="text/javascript">
<!--
window.focus();
// -->
</SCRIPT>
</BODY>
</HTML>
