2018-05-31 00
<HTML>
<TITLE>University of Wyoming - Radiosonde Data</TITLE>
<LINK REL="StyleSheet" HREF="/resources/select.css" TYPE="text/css">
<BODY BGCOLOR="white">
<H2>97180 WAAA Ujung Pandang Observations at 00Z 31 May 2018</H2>
<PRE>
-----------------------------------------------------------------------------
   PRES   HGHT   TEMP   DWPT   RELH   MIXR   DRCT   SKNT   THTA   THTE   THTV
    hPa     m      C      C      %    g/kg    deg   knot     K      K      K 
-----------------------------------------------------------------------------
 1009.0     14   25.6   22.3     82  17.12      0      0  298.0  347.9  301.0
 1008.0     23   26.6   21.6     74  16.41     10      1  299.1  347.1  302.0
 1000.0     97   25.6   19.6     69  14.57     90      6  298.8  341.4  301.4
  977.0    302   24.6   18.9     71  14.26    115      3  299.7  341.6  302.3
  925.0    783   22.2   17.2     73  13.53     85     15  302.0  342.2  304.4
  881.0   1203   20.1   15.7     76  12.90     75     18  304.1  342.7  306.4
  850.0   1512   18.6   14.6     78  12.44     75     10  305.6  343.1  307.9
  822.0   1798   16.8   12.9     78  11.53     75      7  306.6  341.6  308.8
  794.0   2093   14.9   11.2     79  10.64     90      5  307.7  340.1  309.6
  761.0   2456   12.6    9.1     79   9.62     75      4  308.9  338.5  310.7
  739.0   2702   11.7    7.7     77   9.00     65      4  310.6  338.4  312.2
  713.0   3003   10.6    6.0     73   8.28    305      2  312.5  338.5  314.1
  700.0   3157   10.0    5.1     72   7.93    320      4  313.5  338.5  315.0
  693.0   3241    9.8    4.8     71   7.84    317      4  314.2  339.0  315.7
  689.0   3289    9.8    4.8     71   7.89    315      4  314.7  339.7  316.2
  688.0   3301    9.9    3.6     65   7.28    315      4  314.9  338.1  316.3
  680.0   3398   10.4   -5.6     32   3.72    289      4  316.6  328.9  317.3
  672.0   3497   10.2  -11.8     20   2.32    262      5  317.4  325.3  317.9
  664.0   3596    9.7  -12.3     20   2.25    235      5  317.9  325.6  318.4
  648.0   3798    8.6  -13.4     20   2.11    228      6  318.9  326.2  319.3
  640.0   3900    7.6   -5.4     39   4.02    225      6  318.9  332.3  319.7
  634.0   3978    7.2   -9.8     29   2.88    222      6  319.3  329.1  319.9
  628.0   4056    6.6   -5.4     42   4.09    220      7  319.5  333.1  320.3
  617.0   4201    5.8  -12.2     26   2.44    215      7  320.2  328.6  320.7
  611.0   4280    5.6  -15.4     20   1.90    207      8  320.9  327.5  321.2
  604.0   4375    5.2  -19.8     14   1.32    198      9  321.5  326.2  321.7
  597.0   4469    4.6  -20.4     14   1.27    188     10  321.9  326.4  322.1
  592.0   4538    4.4  -19.6     16   1.37    181     11  322.4  327.3  322.7
  589.0   4579    4.0  -19.0     17   1.45    177     11  322.4  327.6  322.7
  588.0   4593    4.0  -20.0     15   1.34    176     12  322.6  327.3  322.8
  587.0   4607    4.0  -20.0     15   1.34    175     12  322.7  327.5  323.0
  586.0   4621    4.0  -20.0     15   1.34    173     12  322.9  327.7  323.1
  585.0   4634    3.8  -14.2     26   2.19    172     12  322.8  330.4  323.2
  584.0   4648    3.4   -4.6     56   4.68    170     12  322.5  338.1  323.4
  576.0   4760    3.2  -13.8     28   2.30    159     14  323.5  331.5  324.0
  573.0   4802    2.9  -14.0     28   2.27    155     14  323.7  331.6  324.1
  544.0   5220    0.0  -16.0     29   2.03    149     14  325.1  332.2  325.4
  508.0   5765   -3.5  -28.5     12   0.72    142     15  327.2  329.9  327.4
  500.0   5890   -4.3  -27.3     15   0.82    140     15  327.7  330.8  327.9
  493.0   6001   -4.9  -26.5     17   0.89    135     15  328.3  331.6  328.5
  475.0   6293   -6.5  -24.5     22   1.11    145     11  329.9  334.0  330.1
  457.0   6591   -8.9  -22.4     33   1.40    175      9  330.6  335.7  330.8
  439.0   6902  -11.3  -20.2     48   1.76    165      2  331.3  337.7  331.6
  432.0   7026  -12.3  -19.3     56   1.93     98      3  331.5  338.5  331.9
  422.0   7205  -13.8  -18.6     67   2.10      0      4  331.8  339.4  332.2
  419.0   7259  -14.3  -18.4     71   2.15    349      4  331.9  339.6  332.3
  411.0   7405  -15.5  -18.6     77   2.16    319      4  332.2  339.9  332.6
  408.0   7461  -15.9  -19.0     77   2.10    308      4  332.4  339.9  332.8
  407.0   7479  -15.9  -19.0     77   2.11    304      4  332.6  340.2  333.0
  406.0   7498  -15.8  -20.8     65   1.80    300      4  333.0  339.6  333.4
  404.0   7535  -15.5  -24.5     46   1.31    297      5  333.8  338.7  334.1
  400.0   7610  -15.9  -23.9     50   1.40    290      6  334.2  339.4  334.5
  390.0   7800  -17.3  -22.5     64   1.62    320      7  334.8  340.8  335.1
  386.0   7878  -17.9  -21.9     71   1.73    320      7  335.0  341.4  335.4
  375.0   8093  -18.5  -24.5     59   1.41    320      8  337.0  342.3  337.3
  367.0   8254  -18.9  -35.9     21   0.49    288      6  338.6  340.5  338.7
  360.0   8397  -19.5  -38.8     16   0.37    260      4  339.6  341.1  339.7
  349.0   8627  -20.5  -43.5     11   0.23    248      3  341.3  342.3  341.4
  346.0   8691  -20.9  -44.1     11   0.22    245      3  341.6  342.6  341.7
  332.0   8994  -22.7  -47.0      9   0.17    285      1  343.2  343.9  343.2
  323.0   9196  -23.9  -48.9      8   0.14    293      2  344.2  344.9  344.3
  300.0   9730  -28.7  -44.7     20   0.24    315      5  344.8  345.8  344.9
  293.0   9894  -30.0  -45.2     21   0.23    310      7  345.3  346.2  345.3
  281.0  10186  -32.4  -46.2     24   0.22    340      8  346.1  347.0  346.1
  269.0  10490  -34.8  -47.2     27   0.20      0     13  346.9  347.7  346.9
  250.0  11000  -38.9  -48.9     34   0.18     10     14  348.1  348.9  348.1
  245.0  11139  -40.1  -50.1     33   0.16     11     14  348.3  349.0  348.4
  216.0  11984  -47.0                          15     15  350.3         350.3
  200.0  12500  -51.3                           5     11  351.4         351.4
  188.0  12887  -54.8                           5      9  352.0         352.0
  171.0  13480  -60.1                           5      5  352.8         352.8
  163.0  13780  -62.8                          45      5  353.2         353.2
  155.0  14095  -65.7                          50      2  353.5         353.5
  150.0  14300  -67.5                         335      2  353.6         353.6
  149.0  14340  -68.3                         322      3  352.9         352.9
  147.0  14417  -68.8                         295      5  353.4         353.4
  127.0  15253  -74.5                         335      9  358.1         358.1
  114.0  15871  -78.8                         315      9  361.5         361.5
  108.0  16180  -80.9                         330      8  363.1         363.1
  102.0  16507  -83.1                         240      6  364.8         364.8
  100.0  16620  -83.9                         210     13  365.4         365.4
   97.0  16790  -83.3                         195     25  369.8         369.8
   90.5  17177  -81.9                         125     19  379.9         379.9
   87.0  17397  -83.0                          85     16  382.0         382.0
   83.7  17612  -84.1                          60     14  384.0         384.0
   78.1  17999  -81.5                          16      9  397.1         397.1
   78.0  18006  -81.5                          15      9  397.1         397.1
   74.7  18248  -83.1                         326      7  398.8         398.8
   74.0  18301  -81.4                         315      6  403.4         403.4
   72.4  18425  -77.5                         272      5  414.3         414.3
   70.0  18620  -73.7                         205      4  426.4         426.4
   67.0  18878  -72.2                         205     19  435.0         435.0
   64.5  19103  -70.9                         206     15  442.6         442.6
   63.9  19158  -68.3                         206     15  449.5         449.5
   58.2  19719  -69.1                         209      6  459.9         459.9
   57.0  19845  -67.9                         210      4  465.3         465.3
   55.2  20039  -66.1                         120     11  473.7         473.7
   55.0  20061  -66.1                         110     12  474.2         474.2
   52.0  20402  -66.1                          50     14  481.9         481.9
   50.0  20640  -66.1                          45     16  487.3         487.3
   47.0  21013  -67.4                          55     21  492.9         492.9
   46.3  21104  -67.7                          60     22  494.3         494.3
   43.5  21482  -63.5                          80     28  513.5         513.5
   40.9  21862  -61.1                         100     33  528.5         528.5
   39.0  22156  -62.2                         115     37  532.9         532.9
   36.7  22530  -63.7                         102     40  538.5         538.5
   34.0  22999  -63.2                          85     43  551.7         551.7
   31.4  23488  -62.7                          85     48  565.7         565.7
   30.0  23770  -60.5                          85     51  579.1         579.1
   26.2  24624  -54.3                          78     58  619.5         619.5
   25.0  24927  -53.4                          75     61  630.4         630.4
   20.0  26370  -49.3                          85     66  684.5         684.5
   17.7  27171  -48.9                          85     64  710.1         710.1
   17.4  27285  -48.4                          85     64  715.2         715.2
   17.0  27440  -47.7                          85     64  722.2         722.2
   15.0  28272  -43.9                          90     33  761.0         761.0
   14.5  28498  -42.9                                     771.8         771.8
</PRE><H3>Station information and sounding indices</H3><PRE>
                         Station identifier: WAAA
                             Station number: 97180
                           Observation time: 180531/0000
                           Station latitude: -5.06
                          Station longitude: 119.55
                          Station elevation: 14.0
                            Showalter index: 1.33
                               Lifted index: 1.76
    LIFT computed using virtual temperature: 1.11
                                SWEAT index: 210.20
                                    K index: 32.60
                         Cross totals index: 18.90
                      Vertical totals index: 22.90
                        Totals totals index: 41.80
      Convective Available Potential Energy: 0.00
             CAPE using virtual temperature: 0.05
                      Convective Inhibition: 0.00
             CINS using virtual temperature: -408.54
 Equilibrum Level using virtual temperature: 407.41
             LFCT using virtual temperature: 412.95
                     Bulk Richardson Number: 0.00
          Bulk Richardson Number using CAPV: 0.11
  Temp [K] of the Lifted Condensation Level: 291.00
Pres [hPa] of the Lifted Condensation Level: 903.35
     Mean mixed layer potential temperature: 299.59
              Mean mixed layer mixing ratio: 14.48
              1000 hPa to 500 hPa thickness: 5793.00
Precipitable water [mm] for entire sounding: 45.19
</PRE>
<P>Description of the 
<A HREF="/upperair/columns.html">data columns</A>
or <A HREF="/upperair/indices.html">sounding indices</A>.

<P>
<FORM>
<INPUT CLASS="button" TYPE="button" VALUE=" Close this window " 
 onClick="window.close();">
<INPUT CLASS="button" TYPE="button" VALUE=" Select another map " 
 onClick="window.blur();">
</FORM>
<HR SIZE="1">
<I>Interested in graduate studies in atmospheric science?
Check out our program at the
<a href="http://www.uwyo.edu/atsc/howtoapply/"
target=_top>University of Wyoming
</a></I>
<HR SIZE="1"><FONT SIZE="-1">
Questions about the weather data provided by this site can be
addressed to <A HREF="mailto:ldoolman@uwyo.edu">
Larry Oolman (ldoolman@uwyo.edu)</A></FONT>
<HR SIZE="1">
<SCRIPT TYPE="text/javascript">
<!--
window.focus();
// -->
</SCRIPT>
</BODY>
</HTML>
