2017-11-29 12
<HTML>
<TITLE>University of Wyoming - Radiosonde Data</TITLE>
<LINK REL="StyleSheet" HREF="/resources/select.css" TYPE="text/css">
<BODY BGCOLOR="white">
<H2>97180 WAAA Ujung Pandang Observations at 00Z 29 Nov 2017</H2>
<PRE>
-----------------------------------------------------------------------------
   PRES   HGHT   TEMP   DWPT   RELH   MIXR   DRCT   SKNT   THTA   THTE   THTV
    hPa     m      C      C      %    g/kg    deg   knot     K      K      K 
-----------------------------------------------------------------------------
 1009.0     14   24.0   23.4     96  18.34    135      4  296.4  349.5  299.6
 1000.0     86   23.0   21.6     92  16.54    140      3  296.1  343.9  299.1
  976.0    298   22.2   21.1     93  16.43    355      4  297.4  345.2  300.4
  943.0    598   21.1   20.4     96  16.27    300     10  299.3  346.9  302.2
  939.0    635   21.0   20.3     96  16.25    296     11  299.5  347.1  302.4
  925.0    766   21.2   19.0     87  15.19    280     14  301.0  345.8  303.7
  922.0    794   21.2   18.6     85  14.85    280     14  301.3  345.2  303.9
  911.0    897   20.7   18.2     86  14.64    280     15  301.8  345.1  304.4
  850.0   1493   17.6   15.8     89  13.46    290     17  304.6  344.9  307.0
  791.0   2101   14.9   13.2     90  12.18    295     19  308.0  345.1  310.2
  711.0   3002   10.8    9.3     90  10.43    310     18  313.0  345.5  315.0
  700.0   3134   10.2    8.7     90  10.19    315     17  313.8  345.6  315.7
  679.0   3387    9.4    6.8     84   9.21    327     16  315.6  344.7  317.4
  638.0   3894    6.0    4.2     88   8.17    350     14  317.5  343.6  319.0
  615.0   4193    4.1    2.7     91   7.60      5     16  318.5  343.0  320.0
  571.0   4797    0.1   -0.4     96   6.54     15     17  320.7  342.0  321.9
  570.0   4811    0.0   -0.5     96   6.52     15     17  320.7  342.0  322.0
  550.0   5095   -1.1   -1.5     98   6.29      5     13  322.7  343.4  323.9
  533.0   5345   -2.1   -2.3     99   6.10      1     12  324.4  344.7  325.6
  529.0   5405   -2.4   -2.6     98   6.00      0     12  324.8  344.8  326.0
  510.0   5694   -3.8   -4.2     96   5.52     20     10  326.5  345.1  327.6
  500.0   5850   -4.5   -5.1     96   5.27     35      9  327.5  345.3  328.5
  491.0   5993   -5.2   -5.8     95   5.09     55      6  328.4  345.6  329.4
  473.0   6287   -6.6   -7.2     95   4.73    115      1  330.2  346.4  331.1
  455.0   6593   -8.0   -8.7     95   4.38    215      4  332.0  347.2  332.9
  454.0   6610   -8.1   -8.8     95   4.36    216      4  332.1  347.2  333.0
  438.0   6888   -9.7  -10.7     93   3.90    225      5  333.5  347.1  334.3
  421.0   7195  -11.5  -12.7     91   3.43    170      4  335.0  347.2  335.7
  405.0   7495  -13.3  -14.7     89   3.03    160      2  336.4  347.3  337.1
  403.0   7533  -13.5  -15.0     88   2.98    136      2  336.6  347.3  337.2
  400.0   7590  -13.9  -15.3     89   2.93    100      1  336.8  347.4  337.4
  389.0   7799  -15.9  -18.2     82   2.36    115      4  336.9  345.6  337.4
  379.0   7994  -17.7  -20.9     76   1.92    114      5  337.1  344.1  337.4
  362.0   8335  -19.1  -21.8     79   1.86    111      6  339.6  346.5  340.0
  337.0   8861  -22.5  -30.5     48   0.90    108      9  342.0  345.5  342.2
  317.0   9304  -25.4  -30.9     61   0.93    105     11  343.9  347.6  344.1
  314.0   9373  -25.9  -30.9     63   0.93     99     11  344.2  347.9  344.4
  309.0   9488  -26.5  -29.7     74   1.06     90     10  345.0  349.1  345.2
  304.0   9605  -27.3  -30.1     77   1.03     80      9  345.5  349.6  345.7
  300.0   9700  -27.9  -30.5     78   1.01     90      8  345.9  349.9  346.1
  292.0   9892  -29.2  -32.7     71   0.84    110      9  346.8  350.1  346.9
  280.0  10191  -31.2  -36.2     61   0.62     95      7  348.0  350.5  348.1
  268.0  10503  -33.4  -39.9     52   0.45    100      5  349.3  351.2  349.4
  264.0  10610  -34.1  -41.1     49   0.40     99      5  349.7  351.4  349.8
  250.0  10990  -37.5  -43.5     53   0.33     95      6  350.2  351.6  350.2
  246.0  11100  -38.6  -45.0     51   0.28     95      6  350.2  351.4  350.3
  241.0  11241  -39.9  -46.9     47   0.23    102      6  350.3  351.3  350.3
  235.0  11409  -41.4                         110      5  350.5         350.5
  200.0  12480  -51.3                          90      9  351.4         351.4
  187.0  12901  -55.2                          85      9  351.9         351.9
  179.0  13174  -57.7                         130      7  352.2         352.2
  150.0  14280  -67.9                         115      9  352.9         352.9
  147.0  14395  -68.9                         120      9  353.3         353.3
  133.0  14965  -73.7                         120     12  355.0         355.0
  100.0  16590  -87.3                          80     34  358.8         358.8
   94.8  16879  -89.1                          80     38  360.8         360.8
   91.9  17047  -89.1                          75     42  364.0         364.0
   86.0  17408  -85.0                          65     50  379.3         379.3
   85.6  17434  -84.7                          65     47  380.4         380.4
   84.1  17533  -79.7                          65     37  392.4         392.4
   82.0  17678  -77.9                          65     23  399.1         399.1
   78.0  17967  -74.2                         305      5  412.4         412.4
   76.4  18086  -72.7                         291     10  417.9         417.9
   74.0  18274  -72.5                         270     17  422.1         422.1
   70.0  18600  -72.3                         260     23  429.4         429.4
   67.0  18857  -73.0                         255     25  433.2         433.2
   64.3  19098  -73.7                         258     23  436.9         436.9
   57.2  19786  -71.1                         265     19  457.6         457.6
   57.0  19806  -71.2                         265     19  457.9         457.9
   54.0  20125  -72.2                         235     17  462.5         462.5
   52.8  20257  -72.7                         265     10  464.5         464.5
   52.0  20348  -71.6                         285      5  469.0         469.0
   50.0  20580  -68.9                         340     11  480.7         480.7
   49.0  20701  -68.9                           0     14  483.5         483.5
   47.5  20887  -68.9                          11     16  487.8         487.8
   47.0  20950  -68.2                          15     16  491.0         491.0
   45.0  21213  -65.3                           5      9  504.1         504.1
   44.0  21349  -65.4                           0      5  507.2         507.2
   42.0  21632  -65.5                         110      7  513.7         513.7
   41.9  21647  -65.5                         110      8  514.0         514.0
   39.7  21975  -64.5                          99     21  524.5         524.5
   38.0  22245  -61.7                          90     32  538.2         538.2
   37.5  22327  -60.9                                     542.3         542.3
</PRE><H3>Station information and sounding indices</H3><PRE>
                         Station identifier: WAAA
                             Station number: 97180
                           Observation time: 171129/0000
                           Station latitude: -5.06
                          Station longitude: 119.55
                          Station elevation: 14.0
                            Showalter index: 0.43
                               Lifted index: 0.27
    LIFT computed using virtual temperature: 0.25
                                SWEAT index: 232.59
                                    K index: 36.40
                         Cross totals index: 20.30
                      Vertical totals index: 22.10
                        Totals totals index: 42.40
      Convective Available Potential Energy: 20.19
             CAPE using virtual temperature: 24.46
                      Convective Inhibition: -133.68
             CINS using virtual temperature: -121.52
                           Equilibrum Level: 520.85
 Equilibrum Level using virtual temperature: 519.00
                   Level of Free Convection: 612.83
             LFCT using virtual temperature: 619.12
                     Bulk Richardson Number: 1.55
          Bulk Richardson Number using CAPV: 1.88
  Temp [K] of the Lifted Condensation Level: 294.20
Pres [hPa] of the Lifted Condensation Level: 964.70
     Mean mixed layer potential temperature: 297.26
              Mean mixed layer mixing ratio: 16.59
              1000 hPa to 500 hPa thickness: 5764.00
Precipitable water [mm] for entire sounding: 64.20
</PRE>
<P>Description of the 
<A HREF="/upperair/columns.html">data columns</A>
or <A HREF="/upperair/indices.html">sounding indices</A>.

<P>
<FORM>
<INPUT CLASS="button" TYPE="button" VALUE=" Close this window " 
 onClick="window.close();">
<INPUT CLASS="button" TYPE="button" VALUE=" Select another map " 
 onClick="window.blur();">
</FORM>
<HR SIZE="1">
<I>Interested in graduate studies in atmospheric science?
Check out our program at the
<a href="http://www.uwyo.edu/atsc/howtoapply/"
target=_top>University of Wyoming
</a></I>
<HR SIZE="1"><FONT SIZE="-1">
Questions about the weather data provided by this site can be
addressed to <A HREF="mailto:ldoolman@uwyo.edu">
Larry Oolman (ldoolman@uwyo.edu)</A></FONT>
<HR SIZE="1">
<SCRIPT TYPE="text/javascript">
<!--
window.focus();
// -->
</SCRIPT>
</BODY>
</HTML>
