2017-01-25 12
<HTML>
<TITLE>University of Wyoming - Radiosonde Data</TITLE>
<LINK REL="StyleSheet" HREF="/resources/select.css" TYPE="text/css">
<BODY BGCOLOR="white">
<H2>97180 WAAA Ujung Pandang Observations at 00Z 25 Jan 2017</H2>
<PRE>
-----------------------------------------------------------------------------
   PRES   HGHT   TEMP   DWPT   RELH   MIXR   DRCT   SKNT   THTA   THTE   THTV
    hPa     m      C      C      %    g/kg    deg   knot     K      K      K 
-----------------------------------------------------------------------------
 1011.0     14   24.4   23.6     95  18.53     90      2  296.6  350.3  299.9
 1005.0     65   25.6   21.8     80  16.66     90      4  298.3  346.9  301.3
 1000.0    108   26.2   22.0     78  16.96     90      5  299.4  349.1  302.4
  998.0    126   26.2   22.0     78  16.99     89      5  299.5  349.4  302.6
  979.0    295   25.1   21.5     80  16.76     75      2  300.1  349.3  303.1
  946.0    597   23.1   20.5     85  16.35    275      6  301.0  349.2  303.9
  925.0    795   21.8   19.9     89  16.09    275      7  301.6  349.2  304.5
  876.0   1264   18.6   16.8     89  13.93    278      8  303.0  344.5  305.5
  850.0   1522   17.4   15.1     86  12.86    280      9  304.4  342.9  306.7
  794.0   2103   15.0   12.0     82  11.18    285      7  307.8  341.9  309.9
  766.0   2409   13.8   10.3     79  10.37    280      5  309.7  341.6  311.6
  740.0   2699   12.1    8.9     81   9.75    275      3  310.9  341.1  312.7
  714.0   3000   10.4    7.4     82   9.14    290      4  312.2  340.7  313.9
  700.0   3166    9.4    6.6     83   8.81    290      3  312.9  340.4  314.5
  664.0   3596    7.1    4.4     83   7.94    265      4  315.0  340.1  316.5
  617.0   4194    3.8    1.2     83   6.84    300      5  317.9  340.0  319.2
  573.0   4797    0.5   -1.9     84   5.85    285      4  320.9  340.1  322.0
  566.0   4897    0.0   -2.4     84   5.70    293      5  321.4  340.1  322.5
  552.0   5096   -1.0   -3.5     84   5.40    310      6  322.5  340.3  323.5
  532.0   5389   -2.6   -5.0     83   4.98    310      6  324.0  340.7  325.0
  512.0   5692   -4.2   -6.7     83   4.57    210      1  325.7  341.1  326.6
  503.0   5833   -4.9   -7.4     83   4.39    322      1  326.4  341.3  327.3
  500.0   5880   -4.9   -7.8     80   4.28      0      1  327.0  341.6  327.9
  493.0   5991   -5.6   -9.4     75   3.84    310      1  327.5  340.7  328.3
  474.0   6300   -7.4  -13.7     61   2.81    220      4  328.9  338.8  329.5
  469.0   6384   -7.9  -14.9     57   2.58    230      3  329.3  338.4  329.8
  456.0   6602   -9.4  -14.9     64   2.65    255      2  330.1  339.4  330.6
  439.0   6897  -11.4  -14.9     76   2.76    325      1  331.1  340.8  331.6
  437.0   6932  -11.7  -14.9     77   2.77    311      1  331.2  341.0  331.8
  428.0   7092  -12.7  -13.4     94   3.20    248      1  331.9  343.2  332.6
  423.0   7183  -11.9  -23.9     36   1.32    212      1  334.1  339.0  334.3
  422.0   7201  -12.0  -24.0     36   1.31    205      1  334.1  339.0  334.4
  406.0   7497  -14.4  -25.5     38   1.19    170      5  334.8  339.2  335.0
  404.0   7534  -14.7  -25.7     39   1.17    170      5  334.8  339.2  335.1
  400.0   7610  -15.3  -23.3     50   1.47    170      4  335.0  340.5  335.3
  396.0   7686  -15.9  -21.9     60   1.68    166      4  335.2  341.4  335.5
  390.0   7801  -16.8  -21.9     64   1.71    160      4  335.5  341.8  335.9
  389.0   7820  -16.9  -21.9     65   1.71    163      4  335.6  341.9  335.9
  380.0   7996  -18.1  -31.1     31   0.76    193      3  336.3  339.2  336.4
  375.0   8094  -18.8  -30.6     35   0.81    210      2  336.6  339.8  336.8
  364.0   8316  -20.3  -29.3     44   0.93    220      3  337.5  341.1  337.7
  345.0   8711  -23.3  -26.9     72   1.23    237      4  338.6  343.3  338.9
  332.0   8991  -25.1  -30.1     64   0.95    250      5  339.8  343.5  340.0
  331.0   9013  -25.3  -30.3     63   0.94    252      5  339.9  343.6  340.1
  322.0   9213  -27.1  -29.6     79   1.03    268      6  340.1  344.1  340.3
  300.0   9720  -30.1  -34.3     67   0.70    310      9  342.8  345.6  343.0
  280.0  10201  -33.7  -37.5     69   0.55    355     11  344.4  346.6  344.6
  268.0  10506  -36.0  -39.5     70   0.46     10     16  345.4  347.3  345.5
  250.0  10990  -39.7  -42.7     73   0.36     45     22  346.9  348.4  347.0
  249.0  11017  -39.9  -43.0     72   0.35     46     22  347.0  348.4  347.1
  246.0  11098  -40.6                          50     21  347.1         347.1
  215.0  11991  -48.5                          70     24  348.6         348.6
  200.0  12470  -52.7                          65     19  349.1         349.1
  196.0  12595  -53.9                          65     19  349.2         349.2
  154.0  14093  -68.5                         100     37  349.3         349.3
  150.0  14250  -69.1                         100     43  350.9         350.9
  113.0  15876  -81.5                          85     54  357.4         357.4
  103.0  16408  -85.5                         100     57  359.2         359.2
  100.0  16570  -85.7                         100     62  361.9         361.9
   96.0  16793  -85.5                          95     62  366.5         366.5
   95.9  16799  -85.5                          95     62  366.6         366.6
   95.7  16810  -85.5                          95     61  366.9         366.9
   91.1  17085  -77.5                          95     38  387.9         387.9
   86.0  17410  -79.0                          95     11  391.3         391.3
   82.0  17679  -80.3                         150     11  394.1         394.1
   80.7  17769  -80.7                         144     15  395.0         395.0
   74.0  18262  -76.2                         110     38  414.4         414.4
   72.7  18362  -75.3                         105     36  418.4         418.4
   70.0  18580  -75.5                          95     32  422.5         422.5
   69.4  18630  -75.7                          90     30  423.1         423.1
   67.1  18828  -70.9                          70     22  437.6         437.6
   66.0  18926  -71.0                          60     18  439.5         439.5
   63.0  19201  -71.2                          25      6  444.9         444.9
   62.0  19296  -71.3                          76      5  446.7         446.7
   60.0  19492  -68.5                         180      4  457.2         457.2
   56.1  19893  -70.7                         126     10  461.1         461.1
   54.0  20120  -70.5                          95     14  466.6         466.6
   52.0  20345  -70.3                          35      5  472.1         472.1
   51.9  20356  -70.3                          30      5  472.4         472.4
   50.0  20580  -67.3                         300     10  484.5         484.5
   49.0  20702  -66.5                         290     17  489.2         489.2
   48.3  20789  -65.9                         285     17  492.6         492.6
   44.0  21354  -66.3                         250     19  504.8         504.8
   40.0  21931  -66.8                         290     20  517.6         517.6
   39.1  22069  -66.9                         290     19  520.8         520.8
   34.1  22899  -65.1                         290     11  546.2         546.2
   33.0  23101  -63.7                         290      9  555.2         555.2
   30.0  23690  -59.5                         245      8  581.9         581.9
   29.5  23795  -58.7                         238      9  586.8         586.8
   26.0  24584  -60.1                         185     14  604.4         604.4
   25.0  24828  -60.5                         190      8  610.0         610.0
   24.0  25083  -61.0                         245      1  615.8         615.8
   23.8  25136  -61.1                         258      1  617.0         617.0
   22.0  25627  -59.6                          20      3  635.6         635.6
   21.0  25918  -58.7                           5     10  646.8         646.8
   20.4  26099  -58.1                         356     15  653.9         653.9
   20.0                                       350     19                     
</PRE><H3>Station information and sounding indices</H3><PRE>
                         Station identifier: WAAA
                             Station number: 97180
                           Observation time: 170125/0000
                           Station latitude: -5.06
                          Station longitude: 119.55
                          Station elevation: 14.0
                            Showalter index: 0.82
                               Lifted index: -1.51
    LIFT computed using virtual temperature: -1.79
                                SWEAT index: 200.18
                                    K index: 34.60
                         Cross totals index: 20.00
                      Vertical totals index: 22.30
                        Totals totals index: 42.30
      Convective Available Potential Energy: 454.63
             CAPE using virtual temperature: 549.04
                      Convective Inhibition: -28.58
             CINS using virtual temperature: -20.87
                           Equilibrum Level: 243.02
 Equilibrum Level using virtual temperature: 243.41
                   Level of Free Convection: 752.72
             LFCT using virtual temperature: 881.23
                     Bulk Richardson Number: 95.40
          Bulk Richardson Number using CAPV: 115.21
  Temp [K] of the Lifted Condensation Level: 293.92
Pres [hPa] of the Lifted Condensation Level: 934.27
     Mean mixed layer potential temperature: 299.70
              Mean mixed layer mixing ratio: 16.84
              1000 hPa to 500 hPa thickness: 5772.00
Precipitable water [mm] for entire sounding: 59.27
</PRE>
<P>Description of the 
<A HREF="/upperair/columns.html">data columns</A>
or <A HREF="/upperair/indices.html">sounding indices</A>.

<P>
<FORM>
<INPUT CLASS="button" TYPE="button" VALUE=" Close this window " 
 onClick="window.close();">
<INPUT CLASS="button" TYPE="button" VALUE=" Select another map " 
 onClick="window.blur();">
</FORM>
<HR SIZE="1">
<I>Interested in graduate studies in atmospheric science?
Check out our program at the
<a href="http://www.uwyo.edu/atsc/howtoapply/"
target=_top>University of Wyoming
</a></I>
<HR SIZE="1"><FONT SIZE="-1">
Questions about the weather data provided by this site can be
addressed to <A HREF="mailto:ldoolman@uwyo.edu">
Larry Oolman (ldoolman@uwyo.edu)</A></FONT>
<HR SIZE="1">
<SCRIPT TYPE="text/javascript">
<!--
window.focus();
// -->
</SCRIPT>
</BODY>
</HTML>
