2016-07-26 00
<HTML>
<TITLE>University of Wyoming - Radiosonde Data</TITLE>
<LINK REL="StyleSheet" HREF="/resources/select.css" TYPE="text/css">
<BODY BGCOLOR="white">
<H2>97180 WAAA Ujung Pandang Observations at 00Z 26 Jul 2016</H2>
<PRE>
-----------------------------------------------------------------------------
   PRES   HGHT   TEMP   DWPT   RELH   MIXR   DRCT   SKNT   THTA   THTE   THTV
    hPa     m      C      C      %    g/kg    deg   knot     K      K      K 
-----------------------------------------------------------------------------
 1009.0     14   22.2   20.6     91  15.39      0      0  294.6  338.8  297.3
 1008.0     23   25.2   20.2     74  15.02      8      0  297.7  341.4  300.4
 1003.0     68   26.0   18.0     61  13.12     50      1  298.9  337.4  301.2
 1000.0     95   26.6   18.6     61  13.67     75      2  299.8  340.0  302.2
  994.0    148   26.8   16.8     54  12.25     78      3  300.5  336.7  302.7
  977.0    298   25.6   16.1     56  11.90     85      4  300.7  336.0  302.9
  925.0    774   21.8   13.8     60  10.83     80     10  301.6  333.8  303.6
  892.0   1088   19.4   11.4     60   9.58     80      8  302.3  330.9  304.0
  880.0   1204   18.9   10.1     56   8.90     80      7  303.0  329.7  304.6
  850.0   1502   17.8    6.8     49   7.34     95     14  304.8  327.2  306.1
  829.0   1716   17.4    0.4     32   4.77     95     15  306.5  321.5  307.4
  821.0   1799   16.9    1.1     35   5.08     95     16  306.8  322.7  307.8
  793.0   2094   14.9    3.7     47   6.35    130      4  307.8  327.5  309.0
  786.0   2169   14.4    4.4     51   6.71    130      5  308.0  328.9  309.3
  767.0   2376   13.2    6.2     63   7.81    130      7  308.9  333.1  310.4
  765.0   2398   13.1    5.4     60   7.42    130      7  309.0  332.1  310.4
  755.0   2509   12.6    1.6     47   5.72    123      8  309.6  327.6  310.7
  738.0   2699   11.3    1.9     52   5.99    110      9  310.3  329.1  311.4
  702.0   3117    8.6    2.6     66   6.62    101      7  311.7  332.6  313.0
  700.0   3141    8.6    3.8     72   7.23    100      7  312.0  334.7  313.3
  687.0   3295    7.8    3.0     71   6.95    105      5  312.8  334.7  314.1
  664.0   3575    6.4    1.5     71   6.47    146      6  314.2  334.8  315.5
  662.0   3600    6.3    1.1     69   6.29    150      6  314.4  334.5  315.6
  647.0   3787    5.8   -2.2     56   5.06    147      8  315.9  332.3  316.9
  636.0   3927    5.6   -6.4     42   3.74    145      9  317.2  329.6  317.9
  633.0   3966    5.4   -6.6     42   3.70    144     10  317.4  329.7  318.1
  632.0   3979    5.4   -7.6     39   3.43    144     10  317.6  329.0  318.2
  631.0   3992    5.8  -13.2     24   2.20    143     10  318.2  325.7  318.6
  627.0   4043    6.0  -28.0      7   0.61    143     10  319.0  321.2  319.1
  615.0   4200    5.1  -25.7      9   0.77    140     12  319.7  322.5  319.8
  594.0   4482    3.4  -21.6     14   1.15    164     13  320.9  325.1  321.1
  593.0   4496    3.3  -21.2     15   1.19    165     13  320.9  325.2  321.2
  571.0   4799    0.7  -12.4     37   2.59    155     11  321.4  330.3  321.9
  565.0   4884    0.0  -10.0     47   3.18    140     11  321.6  332.3  322.2
  537.0   5288   -2.5  -12.5     46   2.74     68      9  323.3  332.7  323.8
  530.0   5392   -3.4  -10.2     59   3.33     50      9  323.4  334.8  324.1
  526.0   5452   -3.9   -8.9     68   3.73     53      8  323.5  336.1  324.2
  523.0   5497   -4.3   -8.9     70   3.75     55      7  323.6  336.2  324.3
  522.0   5512   -4.3   -8.0     75   4.03     55      7  323.7  337.3  324.5
  517.0   5587   -3.7  -11.7     54   3.04     59      6  325.3  335.8  325.9
  510.0   5695   -4.5  -13.5     49   2.66     63      4  325.6  334.9  326.2
  508.0   5725   -4.7  -14.7     46   2.42     65      4  325.8  334.2  326.2
  507.0   5741   -4.5  -20.5     27   1.48     65      4  326.2  331.5  326.5
  505.0   5772   -4.5  -26.5     16   0.87     67      3  326.6  329.8  326.7
  502.0   5819   -4.3  -36.3      6   0.34     69      2  327.4  328.7  327.4
  501.0   5834   -4.5  -29.5     12   0.67     69      2  327.3  329.8  327.4
  500.0   5850   -4.7  -22.7     23   1.24     70      2  327.2  331.8  327.5
  499.0   5866   -4.9  -31.9     10   0.53     73      2  327.2  329.2  327.3
  497.0   5897   -5.3  -22.3     25   1.29     78      2  327.1  331.8  327.3
  495.0   5929   -5.5  -18.5     35   1.81     84      1  327.2  333.6  327.6
  494.0   5945   -5.5  -13.5     53   2.75     87      1  327.4  337.0  327.9
  492.0   5977   -5.7  -12.7     58   2.94     92      1  327.5  337.8  328.1
  491.0   5993   -5.8  -13.4     55   2.78     95      1  327.6  337.3  328.2
  489.0   6025   -5.9  -14.9     49   2.47     99      1  327.9  336.6  328.4
  485.0   6090   -5.3  -25.3     19   1.01    108      1  329.4  333.1  329.6
  481.0   6155   -4.9  -32.9      9   0.50    117      2  330.6  332.6  330.7
  473.0   6287   -6.2  -22.2     27   1.37    135      2  330.6  335.7  330.9
  471.0   6321   -6.5  -19.5     35   1.74    128      2  330.6  337.0  331.0
  455.0   6588   -8.6  -19.8     40   1.76     70      5  331.3  337.7  331.7
  420.0   7207  -13.4  -20.5     55   1.79     90      6  332.8  339.3  333.2
  411.0   7374  -14.7  -20.7     60   1.80     82      7  333.2  339.8  333.6
  404.0   7505  -15.8  -21.2     63   1.75     75      7  333.4  339.8  333.7
  400.0   7580  -16.5  -21.5     65   1.73     75      6  333.5  339.8  333.8
  388.0   7808  -18.0  -24.9     55   1.32     40      3  334.4  339.3  334.7
  381.0   7944  -18.9  -26.9     49   1.12     49      4  335.0  339.2  335.2
  376.0   8043  -19.7  -24.7     64   1.38     56      5  335.2  340.3  335.4
  373.0   8102  -20.0  -25.9     59   1.25     60      5  335.6  340.2  335.8
  358.0   8405  -21.5  -32.2     38   0.72     45      9  337.5  340.3  337.6
  354.0   8488  -21.9  -33.9     33   0.62     51      8  338.0  340.5  338.2
  345.0   8678  -21.7  -47.7      8   0.15     63      7  340.8  341.4  340.8
  330.0   9000  -24.4  -48.8      9   0.14     85      5  341.5  342.1  341.5
  304.0   9594  -29.3  -50.8     11   0.12     85      9  342.7  343.2  342.7
  300.0   9690  -30.1  -51.1     11   0.12     70      8  342.8  343.4  342.9
  291.0   9902  -31.9  -51.2     13   0.12     40      8  343.3  343.9  343.4
  267.0  10503  -36.8  -51.6     20   0.12     55     11  344.7  345.2  344.7
  253.0  10879  -39.9  -51.9     27   0.13     71     11  345.4  346.0  345.5
  250.0  10960  -40.7                          75     11  345.4         345.4
  234.0  11396  -44.3                          85     12  346.5         346.5
  214.0  11984  -49.2                          70     13  347.9         347.9
  200.0  12430  -52.9                          55     21  348.8         348.8
  177.0  13194  -60.0                          45     23  349.6         349.6
  156.0  13984  -67.3                          68     24  350.0         350.0
  150.0  14220  -69.1                          75     24  350.9         350.9
  118.0  15612  -80.1                         110     29  355.5         355.5
  117.0  15661  -80.5                         109     29  355.6         355.6
  101.0  16484  -82.8                          85     27  366.6         366.6
  100.0  16540  -82.9                          85     27  367.3         367.3
   92.8  16961  -78.9                          69     37  383.1         383.1
   91.0  17074  -76.7                          65     39  389.6         389.6
   89.4  17176  -74.7                          74     37  395.6         395.6
   87.7  17289  -69.5                          84     34  408.2         408.2
   78.0  17978  -73.6                         145     19  413.6         413.6
   74.3  18264  -75.3                         140     19  415.8         415.8
   74.2  18272  -75.3                         140     19  416.0         416.0
   74.0  18287  -75.3                         135     19  416.3         416.3
   70.9  18535  -75.1                         104     27  421.9         421.9
   70.0  18610  -72.9                          95     29  428.1         428.1
   69.3  18670  -70.3                          93     29  434.9         434.9
   60.1  19515  -71.9                          70     28  449.4         449.4
   60.0  19525  -71.9                          70     28  449.7         449.7
   57.2  19808  -71.1                          72     32  457.6         457.6
   54.0  20157  -65.3                          75     36  478.5         478.5
   52.3  20351  -62.1                          90     31  490.4         490.4
   50.0  20630  -61.9                         110     24  497.2         497.2
   49.0  20754  -62.7                         110     23  498.2         498.2
   47.0  21008  -64.3                          88     17  500.3         500.3
   45.0  21276  -60.6                          65     11  515.5         515.5
   44.3  21372  -59.3                          43      8  521.0         521.0
   43.0  21558  -59.4                           0      1  525.3         525.3
   41.0  21854  -59.5                         325      6  532.2         532.2
   40.5  21931  -59.5                         321      8  534.0         534.0
   36.3  22619  -55.1                         283     21  562.4         562.4
   34.0  23035  -55.0                         260     29  573.3         573.3
   30.0  23830  -54.7                         275     36  594.9         594.9
   26.4  24644  -56.5                         275     41  612.0         612.0
   24.8  25043  -53.9                         275     43  630.5         630.5
   24.0  25253  -54.1                         275     44  635.8         635.8
   22.0  25810  -54.6                         270     42  650.2         650.2
   21.8  25869  -54.7                                     651.8         651.8
</PRE><H3>Station information and sounding indices</H3><PRE>
                         Station identifier: WAAA
                             Station number: 97180
                           Observation time: 160726/0000
                           Station latitude: -5.06
                          Station longitude: 119.55
                          Station elevation: 14.0
                            Showalter index: 8.00
                               Lifted index: 3.65
    LIFT computed using virtual temperature: 3.20
                                SWEAT index: 111.61
                                    K index: 24.50
                         Cross totals index: 11.50
                      Vertical totals index: 22.50
                        Totals totals index: 34.00
      Convective Available Potential Energy: 0.00
             CAPE using virtual temperature: 0.00
                      Convective Inhibition: 0.00
             CINS using virtual temperature: 0.00
                     Bulk Richardson Number: 0.00
          Bulk Richardson Number using CAPV: 0.00
  Temp [K] of the Lifted Condensation Level: 287.70
Pres [hPa] of the Lifted Condensation Level: 860.48
     Mean mixed layer potential temperature: 300.34
              Mean mixed layer mixing ratio: 12.29
              1000 hPa to 500 hPa thickness: 5755.00
Precipitable water [mm] for entire sounding: 36.18
</PRE>
<P>Description of the 
<A HREF="/upperair/columns.html">data columns</A>
or <A HREF="/upperair/indices.html">sounding indices</A>.

<P>
<FORM>
<INPUT CLASS="button" TYPE="button" VALUE=" Close this window " 
 onClick="window.close();">
<INPUT CLASS="button" TYPE="button" VALUE=" Select another map " 
 onClick="window.blur();">
</FORM>
<HR SIZE="1">
<I>Interested in graduate studies in atmospheric science?
Check out our program at the
<a href="http://www.uwyo.edu/atsc/howtoapply/"
target=_top>University of Wyoming
</a></I>
<HR SIZE="1"><FONT SIZE="-1">
Questions about the weather data provided by this site can be
addressed to <A HREF="mailto:ldoolman@uwyo.edu">
Larry Oolman (ldoolman@uwyo.edu)</A></FONT>
<HR SIZE="1">
<SCRIPT TYPE="text/javascript">
<!--
window.focus();
// -->
</SCRIPT>
</BODY>
</HTML>
