2017-03-21 00
<HTML>
<TITLE>University of Wyoming - Radiosonde Data</TITLE>
<LINK REL="StyleSheet" HREF="/resources/select.css" TYPE="text/css">
<BODY BGCOLOR="white">
<H2>97180 WAAA Ujung Pandang Observations at 00Z 21 Mar 2017</H2>
<PRE>
-----------------------------------------------------------------------------
   PRES   HGHT   TEMP   DWPT   RELH   MIXR   DRCT   SKNT   THTA   THTE   THTV
    hPa     m      C      C      %    g/kg    deg   knot     K      K      K 
-----------------------------------------------------------------------------
 1010.0     14   25.0   24.0     94  19.02      0      0  297.3  352.6  300.7
 1009.0     22   23.2   22.0     93  16.81      9      0  295.6  344.0  298.6
 1000.0     98   23.8   22.4     92  17.39     90      4  296.9  347.4  300.0
  986.0    223   24.4   22.3     88  17.53      4      5  298.8  350.0  301.9
  978.0    295   24.2   21.7     86  17.04    315      5  299.2  349.1  302.3
  950.0    551   23.4   19.6     79  15.36    310     10  300.9  346.3  303.7
  925.0    785   21.8   17.4     76  13.70    305     15  301.6  342.2  304.1
  910.0    927   21.2   17.1     77  13.67    305     15  302.4  343.0  304.9
  896.0   1061   20.4   17.0     81  13.79    305     15  302.9  344.0  305.4
  891.0   1110   20.0   16.9     82  13.78    305     15  303.0  344.0  305.5
  889.0   1129   19.0   16.0     83  13.03    305     15  302.1  340.8  304.5
  850.0   1514   17.2   15.9     92  13.55    305     15  304.1  344.7  306.6
  780.0   2244   13.2   12.4     95  11.73    296     15  307.4  343.1  309.6
  700.0   3149    9.6    6.6     82   8.81    285     15  313.1  340.7  314.8
  688.0   3292    9.0    5.6     79   8.37    290     13  314.0  340.3  315.6
  663.0   3597    7.7    3.5     75   7.48    320     14  315.9  339.7  317.3
  649.0   3773    7.0    2.3     72   7.01    319     12  317.0  339.5  318.3
  616.0   4196    4.0    0.8     80   6.63    315      7  318.3  339.8  319.6
  593.0   4504    1.9   -0.3     86   6.37    290      7  319.3  340.0  320.5
  574.0   4768    0.0   -1.2     92   6.14    308      6  320.1  340.2  321.3
  572.0   4796   -0.1   -1.3     92   6.11    310      6  320.2  340.2  321.4
  550.0   5107   -1.9   -2.6     94   5.77    350      9  321.8  340.9  323.0
  530.0   5401   -3.5   -3.9     97   5.46     25     11  323.3  341.5  324.4
  515.0   5628   -4.7   -4.8     99   5.23      6     10  324.5  342.0  325.5
  510.0   5705   -5.1   -5.2     99   5.13      0      9  324.9  342.1  325.9
  500.0   5860   -5.9   -6.0     99   4.92    340      6  325.8  342.3  326.8
  491.0   6001   -6.7   -6.9     99   4.68    345      3  326.5  342.4  327.5
  472.0   6307   -8.3   -8.7     97   4.21    105      2  328.2  342.6  329.0
  437.0   6905  -11.6  -12.4     94   3.40    115      7  331.3  343.2  332.0
  436.0   6923  -11.7  -12.5     94   3.38    116      7  331.4  343.3  332.1
  420.0   7209  -13.2  -14.5     90   2.98    130      5  333.1  343.7  333.7
  406.0   7467  -14.5  -16.3     86   2.65    123      9  334.6  344.1  335.2
  401.0   7561  -15.3  -17.8     81   2.37    121     11  334.8  343.3  335.3
  400.0   7580  -15.3  -19.9     68   1.98    120     11  335.0  342.2  335.4
  397.0   7637  -15.3  -17.4     84   2.47    118     11  335.7  344.7  336.2
  395.0   7675  -15.9  -20.2     69   1.96    116     11  335.4  342.6  335.8
  394.0   7694  -15.9  -24.9     46   1.29    115     12  335.7  340.5  335.9
  388.0   7809  -16.4  -26.3     42   1.15    110     12  336.5  340.9  336.7
  375.0   8064  -17.5  -29.5     34   0.89    114     12  338.3  341.8  338.5
  358.0   8409  -20.1  -25.1     64   1.40    120     13  339.4  344.7  339.6
  330.0   9003  -24.8  -27.6     77   1.20     80     21  340.9  345.6  341.2
  318.0   9273  -26.9  -28.8     84   1.12     88     22  341.6  345.9  341.9
  300.0   9690  -29.7  -32.2     79   0.86    100     24  343.4  346.8  343.6
  256.0  10795  -38.8  -41.1     79   0.41    115     23  346.0  347.7  346.1
  250.0  10960  -40.1  -42.4     79   0.37    115     22  346.3  347.8  346.4
  200.0  12430  -53.1                         105     24  348.5         348.5
  167.0  13567  -63.7                          93     31  349.3         349.3
  161.0  13790  -65.3                          90     33  350.3         350.3
  150.0  14220  -68.3                         100     36  352.2         352.2
  131.0  15009  -74.1                         120     44  355.8         355.8
  116.0  15717  -79.3                         113     45  358.7         358.7
  101.0  16494  -82.3                         105     46  367.5         367.5
  100.0  16550  -82.5                         105     46  368.1         368.1
   86.0  17392  -83.7                          85     17  381.8         381.8
   82.1  17652  -84.1                          66     21  386.2         386.2
   82.0  17658  -84.1                          65     21  386.3         386.3
   79.0  17866  -83.5                          78     24  391.7         391.7
   75.1  18155  -75.3                          95     28  414.6         414.6
   73.0  18321  -73.2                         105     30  422.3         422.3
   71.5  18443  -71.7                          88     25  428.1         428.1
   70.0  18570  -67.7                          70     19  439.2         439.2
   69.8  18587  -66.7                          63     19  441.7         441.7
   66.0  18927  -66.0                         290      9  450.3         450.3
   64.3  19086  -65.7                         282     15  454.4         454.4
   60.0  19503  -68.9                         260     32  456.3         456.3
   59.5  19554  -69.3                         258     32  456.5         456.5
   57.0  19810  -70.0                         245     30  460.6         460.6
   56.5  19863  -70.1                         247     29  461.5         461.5
   54.0  20135  -67.9                         255     23  472.5         472.5
   52.4  20315  -66.5                         253     21  479.9         479.9
   50.0  20600  -66.1                         250     19  487.3         487.3
   49.0  20721  -67.1                         250     19  487.8         487.8
   47.0  20972  -69.1                         260     13  488.8         488.8
   45.0  21236  -67.6                         330      4  498.5         498.5
   40.0  21953  -63.6                         255     10  525.8         525.8
   37.0  22428  -60.9                         265     20  544.5         544.5
   36.8  22461  -60.7                         264     20  545.8         545.8
   31.5  23426  -60.7                         250     22  570.6         570.6
   30.0  23730  -59.9                         245     23  580.8         580.8
   29.0  23943  -58.7                         235     18  589.8         589.8
   26.9  24416  -55.9                         218      7  610.4         610.4
   26.0  24631  -56.3                         210      2  615.2         615.2
   25.2  24829  -56.7                         341      7  619.6         619.6
   25.0  24880  -56.2                          15      8  622.5         622.5
   24.3  25060  -54.3                         354     12  633.0         633.0
   24.0  25139  -54.4                         345     14  634.9         634.9
   21.0  25990  -55.6                         345     10  656.1         656.1
   20.7  26082  -55.7                         349      9  658.4         658.4
   20.0  26300  -55.7                           0      8  664.9         664.9
   19.5  26461  -56.3                          30     11  667.9         667.9
   19.0  26628  -54.8                          60     15  677.5         677.5
   18.0  26977  -51.8                          50     16  697.7         697.7
   17.3  27233  -49.5                                     712.8         712.8
</PRE><H3>Station information and sounding indices</H3><PRE>
                         Station identifier: WAAA
                             Station number: 97180
                           Observation time: 170321/0000
                           Station latitude: -5.06
                          Station longitude: 119.55
                          Station elevation: 14.0
                            Showalter index: -0.88
                               Lifted index: -2.09
    LIFT computed using virtual temperature: -2.24
                                SWEAT index: 226.79
                                    K index: 36.00
                         Cross totals index: 21.80
                      Vertical totals index: 23.10
                        Totals totals index: 44.90
      Convective Available Potential Energy: 294.25
             CAPE using virtual temperature: 359.49
                      Convective Inhibition: -37.77
             CINS using virtual temperature: -27.63
                           Equilibrum Level: 268.85
 Equilibrum Level using virtual temperature: 272.35
                   Level of Free Convection: 842.79
             LFCT using virtual temperature: 889.40
                     Bulk Richardson Number: 40.20
          Bulk Richardson Number using CAPV: 49.12
  Temp [K] of the Lifted Condensation Level: 294.22
Pres [hPa] of the Lifted Condensation Level: 949.44
     Mean mixed layer potential temperature: 298.64
              Mean mixed layer mixing ratio: 16.89
              1000 hPa to 500 hPa thickness: 5762.00
Precipitable water [mm] for entire sounding: 60.35
</PRE>
<P>Description of the 
<A HREF="/upperair/columns.html">data columns</A>
or <A HREF="/upperair/indices.html">sounding indices</A>.

<P>
<FORM>
<INPUT CLASS="button" TYPE="button" VALUE=" Close this window " 
 onClick="window.close();">
<INPUT CLASS="button" TYPE="button" VALUE=" Select another map " 
 onClick="window.blur();">
</FORM>
<HR SIZE="1">
<I>Interested in graduate studies in atmospheric science?
Check out our program at the
<a href="http://www.uwyo.edu/atsc/howtoapply/"
target=_top>University of Wyoming
</a></I>
<HR SIZE="1"><FONT SIZE="-1">
Questions about the weather data provided by this site can be
addressed to <A HREF="mailto:ldoolman@uwyo.edu">
Larry Oolman (ldoolman@uwyo.edu)</A></FONT>
<HR SIZE="1">
<SCRIPT TYPE="text/javascript">
<!--
window.focus();
// -->
</SCRIPT>
</BODY>
</HTML>
