2017-05-29 00
<HTML>
<TITLE>University of Wyoming - Radiosonde Data</TITLE>
<LINK REL="StyleSheet" HREF="/resources/select.css" TYPE="text/css">
<BODY BGCOLOR="white">
<H2>97180 WAAA Ujung Pandang Observations at 00Z 29 May 2017</H2>
<PRE>
-----------------------------------------------------------------------------
   PRES   HGHT   TEMP   DWPT   RELH   MIXR   DRCT   SKNT   THTA   THTE   THTV
    hPa     m      C      C      %    g/kg    deg   knot     K      K      K 
-----------------------------------------------------------------------------
 1009.0     14   25.2   23.5     90  18.45      0      0  297.6  351.3  300.9
 1001.0     82   26.4   22.8     81  17.81     49      5  299.5  351.7  302.6
 1000.0     91   26.4   22.7     80  17.72     55      6  299.6  351.6  302.7
  977.0    297   25.4   21.1     77  16.37     55      8  300.6  348.8  303.5
  925.0    781   23.2   17.2     69  13.53     65      7  303.0  343.4  305.5
  909.0    934   22.8   16.8     69  13.42     67      8  304.1  344.3  306.6
  855.0   1466   18.4   15.7     84  13.29     75     12  304.9  344.8  307.3
  852.0   1497   18.3   15.6     84  13.24     75     12  305.1  344.9  307.5
  850.0   1517   18.2   15.5     84  13.20     75     12  305.2  344.9  307.6
  766.0   2400   13.7   11.4     86  11.19     90      9  309.6  343.9  311.6
  750.0   2579   12.8   10.6     86  10.81    102      9  310.4  343.8  312.5
  739.0   2702   11.9   10.2     89  10.65    110      9  310.8  343.7  312.8
  700.0   3154    8.8    8.5     98  10.05    105      8  312.2  343.5  314.1
  688.0   3297    8.1    7.8     98   9.77    105      9  312.9  343.4  314.8
  663.0   3604    6.5    6.4     99   9.19    115      7  314.5  343.4  316.3
  661.0   3629    6.4    6.3     99   9.14    114      7  314.6  343.4  316.4
  656.0   3692    5.0    3.4     89   7.50    112      7  313.8  337.5  315.2
  594.0   4499    1.2    0.8     97   6.90     85      8  318.4  340.7  319.7
  575.0   4764    0.0    0.0    100   6.70     76      9  319.9  341.7  321.2
  521.0   5554   -2.9   -3.5     96   5.71     50     11  325.6  344.7  326.7
  511.0   5707   -3.8   -4.2     97   5.52     45     11  326.3  344.8  327.3
  500.0   5880   -4.9   -5.0     99   5.31     40     14  327.0  344.9  328.1
  462.0   6495   -8.9   -9.2     98   4.15     40     17  329.5  343.8  330.3
  461.0   6512   -8.9   -9.1     98   4.19     40     17  329.7  344.1  330.5
  456.0   6596   -8.8  -10.0     91   3.95     40     17  330.9  344.6  331.7
  453.0   6647   -8.7  -10.5     87   3.82     37     17  331.6  344.9  332.4
  452.0   6664   -8.7  -10.0     90   3.98     36     17  331.8  345.6  332.6
  451.0   6681   -8.7   -9.9     91   4.02     35     16  332.0  346.0  332.8
  450.0   6699   -8.9  -10.2     90   3.94     33     16  332.0  345.7  332.8
  449.0   6716   -8.7  -11.1     83   3.67     32     16  332.4  345.3  333.2
  448.0   6733   -8.7  -15.7     57   2.53     31     16  332.6  341.7  333.1
  447.0   6750   -8.5  -13.2     69   3.11     30     16  333.1  344.1  333.7
  441.0   6855   -9.1  -16.1     57   2.48     23     15  333.6  342.6  334.1
  438.0   6907   -9.5  -15.6     61   2.61     20     15  333.8  343.1  334.3
  434.0   6978  -10.1  -14.9     68   2.79     21     14  333.9  343.9  334.5
  433.0   6995  -10.1  -14.3     71   2.94     21     14  334.1  344.6  334.7
  429.0   7067  -10.3  -19.3     48   1.95     23     13  334.8  341.9  335.1
  422.0   7193  -11.1  -19.1     52   2.01     25     12  335.3  342.7  335.7
  421.0   7211  -11.1  -23.1     36   1.42     25     12  335.5  340.8  335.8
  413.0   7357  -12.1  -18.1     61   2.24     28     10  336.1  344.2  336.5
  405.0   7506  -13.4  -17.2     73   2.47     30      9  336.3  345.2  336.8
  402.0   7562  -13.9  -16.8     79   2.57     27      9  336.4  345.6  336.9
  400.0   7600  -14.3  -17.0     80   2.54     25      9  336.3  345.5  336.8
  378.0   8029  -16.5  -29.5     32   0.88      8      8  338.9  342.3  339.1
  374.0   8108  -17.2  -30.5     30   0.81      5      8  339.0  342.2  339.2
  360.0   8394  -19.6  -34.3     26   0.59      0      8  339.5  341.9  339.6
  357.0   8457  -20.1  -35.1     25   0.54      3      8  339.6  341.8  339.8
  354.0   8520  -20.5  -31.5     37   0.78      6      8  339.9  343.0  340.1
  353.0   8541  -20.5  -32.5     33   0.71      7      8  340.2  343.0  340.3
  352.0   8562  -20.5  -27.5     54   1.14      8      9  340.5  344.9  340.7
  349.0   8625  -20.7  -28.7     49   1.03     11      9  341.0  345.0  341.2
  348.0   8646  -20.9  -28.9     49   1.02     12      9  341.0  345.0  341.2
  347.0   8668  -20.9  -34.9     27   0.57     13      9  341.3  343.6  341.4
  345.0   8711  -21.2  -34.1     30   0.62     15      9  341.4  343.9  341.6
  340.0   8819  -22.1  -32.1     40   0.77     14      9  341.7  344.7  341.8
  334.0   8950  -22.7  -39.7     20   0.37     13     10  342.6  344.1  342.7
  318.0   9308  -25.6  -33.3     48   0.73     10     11  343.4  346.3  343.6
  310.0   9494  -27.1  -30.0     76   1.03     19     12  343.8  347.9  344.1
  300.0   9730  -28.9  -31.5     78   0.92     30     13  344.5  348.2  344.7
  293.0   9894  -30.2  -33.1     76   0.81     30     12  345.0  348.2  345.2
  258.0  10781  -37.2  -41.8     62   0.38     45     12  347.5  349.1  347.6
  250.0  11000  -38.9  -43.9     59   0.31     60     13  348.1  349.4  348.2
  246.0  11110  -39.9  -44.5     61   0.30     63     13  348.2  349.5  348.3
  216.0  11977  -47.1                          85     17  350.3         350.3
  200.0  12490  -51.3                          70     17  351.4         351.4
  197.0  12585  -52.2                          60     18  351.5         351.5
  171.0  13478  -60.3                          20     17  352.6         352.6
  163.0  13781  -63.0                          25     18  352.9         352.9
  161.0  13859  -63.7                          31     17  352.9         352.9
  155.0  14090  -64.9                          50     12  354.8         354.8
  150.0  14290  -65.9                         125      4  356.4         356.4
  147.0  14409  -66.9                         190      7  356.8         356.8
  127.0  15267  -73.9                         200     26  359.3         359.3
  115.0  15850  -78.7                         212     25  360.7         360.7
  108.0  16205  -79.6                         220     24  365.6         365.6
  100.0  16640  -80.7                         270     21  371.6         371.6
   97.0  16812  -81.3                         285     21  373.6         373.6
   93.4  17025  -82.1                         292     20  376.1         376.1
   92.0  17111  -81.2                         295     20  379.5         379.5
   89.1  17292  -79.3                         281     22  386.8         386.8
   83.0  17696  -79.4                         250     25  394.5         394.5
   78.9  17985  -79.5                         255     20  400.1         400.1
   75.0  18275  -77.0                         260     15  411.1         411.1
   74.8  18291  -76.9                         261     15  411.7         411.7
   72.9  18441  -72.5                         266     16  424.0         424.0
   70.0  18680  -73.3                         275     17  427.2         427.2
   68.3  18824  -73.9                         275     15  429.0         429.0
   67.0  18936  -73.6                         275     13  432.0         432.0
   64.3  19176  -72.9                         248     18  438.6         438.6
   64.0  19204  -72.5                         245     18  440.0         440.0
   61.0  19489  -68.9                         270     18  454.1         454.1
   59.7  19617  -67.3                         267     22  460.6         460.6
   55.0  20113  -66.5                         255     38  473.4         473.4
   50.0  20690  -65.5                         270     35  488.7         488.7
   43.6  21530  -62.3                         279     40  516.0         516.0
   43.0  21615  -62.4                         280     41  517.9         517.9
   39.0  22216  -63.0                         260     37  530.9         530.9
   36.4  22641  -63.5                         238     25  540.3         540.3
   36.0  22709  -63.2                         235     23  542.6         542.6
   34.0  23062  -61.9                         255      4  555.1         555.1
   33.6  23135  -62.3                         268      7  555.9         555.9
   33.2  23209  -60.9                         281      9  561.5         561.5
   32.7  23304  -55.7                         297     12  577.8         577.8
   32.2  23403  -52.9                         313     16  587.8         587.8
   32.0  23443  -52.9                         320     17  588.9         588.9
   31.0  23648  -52.8                         315     12  594.5         594.5
   30.0  23860  -52.7                           0      4  600.4         600.4
   29.4  23990  -52.5                          42      6  604.4         604.4
   29.0  24077  -53.1                          70      8  605.2         605.2
   24.6  25120  -59.9                          90     28  614.6         614.6
   23.0  25546  -55.9                          95     37  638.2         638.2
   22.0  25827  -53.3                          83     41  654.2         654.2
   21.0  26126  -53.2                          70     46  663.3         663.3
   20.0  26440  -53.1                          75     41  672.9         672.9
   17.0  27493  -51.2                         105     48  710.9         710.9
   16.0  27886  -50.5                                     725.7         725.7
</PRE><H3>Station information and sounding indices</H3><PRE>
                         Station identifier: WAAA
                             Station number: 97180
                           Observation time: 170529/0000
                           Station latitude: -5.06
                          Station longitude: 119.55
                          Station elevation: 14.0
                            Showalter index: 0.05
                               Lifted index: -1.54
    LIFT computed using virtual temperature: -1.65
                                SWEAT index: 224.01
                                    K index: 38.30
                         Cross totals index: 20.40
                      Vertical totals index: 23.10
                        Totals totals index: 43.50
      Convective Available Potential Energy: 287.69
             CAPE using virtual temperature: 344.09
                      Convective Inhibition: -80.58
             CINS using virtual temperature: -58.63
                           Equilibrum Level: 299.25
 Equilibrum Level using virtual temperature: 294.55
                   Level of Free Convection: 753.35
             LFCT using virtual temperature: 790.02
                     Bulk Richardson Number: 194.02
          Bulk Richardson Number using CAPV: 232.05
  Temp [K] of the Lifted Condensation Level: 293.52
Pres [hPa] of the Lifted Condensation Level: 923.51
     Mean mixed layer potential temperature: 300.29
              Mean mixed layer mixing ratio: 16.64
              1000 hPa to 500 hPa thickness: 5789.00
Precipitable water [mm] for entire sounding: 60.90
</PRE>
<P>Description of the 
<A HREF="/upperair/columns.html">data columns</A>
or <A HREF="/upperair/indices.html">sounding indices</A>.

<P>
<FORM>
<INPUT CLASS="button" TYPE="button" VALUE=" Close this window " 
 onClick="window.close();">
<INPUT CLASS="button" TYPE="button" VALUE=" Select another map " 
 onClick="window.blur();">
</FORM>
<HR SIZE="1">
<I>Interested in graduate studies in atmospheric science?
Check out our program at the
<a href="http://www.uwyo.edu/atsc/howtoapply/"
target=_top>University of Wyoming
</a></I>
<HR SIZE="1"><FONT SIZE="-1">
Questions about the weather data provided by this site can be
addressed to <A HREF="mailto:ldoolman@uwyo.edu">
Larry Oolman (ldoolman@uwyo.edu)</A></FONT>
<HR SIZE="1">
<SCRIPT TYPE="text/javascript">
<!--
window.focus();
// -->
</SCRIPT>
</BODY>
</HTML>
