2016-05-07 00
<HTML>
<TITLE>University of Wyoming - Radiosonde Data</TITLE>
<LINK REL="StyleSheet" HREF="/resources/select.css" TYPE="text/css">
<BODY BGCOLOR="white">
<H2>97180 WAAA Ujung Pandang Observations at 00Z 07 May 2016</H2>
<PRE>
-----------------------------------------------------------------------------
   PRES   HGHT   TEMP   DWPT   RELH   MIXR   DRCT   SKNT   THTA   THTE   THTV
    hPa     m      C      C      %    g/kg    deg   knot     K      K      K 
-----------------------------------------------------------------------------
 1010.0     14   26.8   24.0     85  19.02      0      0  299.1  354.8  302.5
 1000.0     94   26.2   21.8     77  16.75    145      2  299.4  348.4  302.4
  977.0    299   25.2   20.7     76  15.97    250      2  300.4  347.4  303.2
  925.0    780   23.0   18.0     73  14.24    250      3  302.8  345.2  305.4
  913.0    894   22.5   16.9     71  13.45    265      3  303.4  343.6  305.9
  884.0   1175   21.2   14.2     64  11.64    292      4  304.9  340.0  307.0
  881.0   1204   21.0   14.0     64  11.55    295      4  305.0  339.8  307.1
  852.0   1494   19.3   12.3     64  10.67    285      6  306.2  338.5  308.1
  850.0   1514   19.2   12.2     64  10.61    290      6  306.2  338.4  308.2
  794.0   2097   15.6   11.6     78  10.95    330      5  308.4  341.9  310.4
  780.0   2249   14.6   11.5     82  11.04    308      5  308.9  342.8  311.0
  752.0   2559   13.6    5.6     58   7.64    262      5  311.1  335.0  312.5
  739.0   2705   13.0    5.0     58   7.46    240      5  312.0  335.4  313.4
  714.0   2995   11.9    3.9     58   7.12    215      3  313.8  336.4  315.2
  700.0   3161   11.2    3.2     58   6.93    265      2  314.9  336.9  316.2
  689.0   3292   10.5    2.4     57   6.63    300      2  315.5  336.7  316.8
  664.0   3597    8.8    0.4     56   5.98    355      2  317.0  336.3  318.1
  640.0   3901    7.2   -1.5     54   5.38     20      2  318.5  336.0  319.5
  618.0   4190    5.6   -3.3     52   4.86      0      0  319.9  335.9  320.8
  615.0   4231    5.4   -3.6     52   4.79     13      0  320.1  335.9  321.0
  595.0   4498    3.2   -3.1     63   5.16    105      3  320.5  337.5  321.5
  574.0   4789    0.8   -2.5     79   5.58     85      1  321.1  339.4  322.1
  567.0   4888    0.0   -2.3     84   5.73     60      2  321.2  340.1  322.3
  554.0   5074    0.2   -3.3     77   5.44     14      3  323.6  341.7  324.7
  553.0   5089    0.1   -3.4     77   5.42     10      3  323.7  341.7  324.7
  532.0   5397   -1.6   -5.3     76   4.88     40     10  325.2  341.7  326.2
  500.0   5890   -4.3   -8.3     74   4.11     45     12  327.7  341.8  328.6
  475.0   6294   -6.4  -10.9     70   3.51     30      7  329.9  342.1  330.6
  452.0   6684   -8.5  -13.5     67   3.00     47      7  332.1  342.7  332.6
  423.0   7199  -10.6  -21.4     41   1.64     70      7  335.7  341.8  336.0
  422.0   7218  -10.7  -21.7     40   1.61     70      7  335.8  341.8  336.1
  400.0   7630  -13.1  -21.1     51   1.79     70      6  337.9  344.5  338.2
  396.0   7706  -13.7  -21.7     51   1.71     66      6  338.1  344.4  338.4
  391.0   7802  -14.4  -22.4     51   1.63     60      6  338.4  344.5  338.8
  370.0   8218  -17.3  -25.3     50   1.33     93      7  339.9  345.0  340.2
  360.0   8422  -18.7  -32.7     28   0.68    109      8  340.7  343.4  340.8
  333.0   8993  -23.1  -33.2     39   0.71    155     10  342.3  345.1  342.4
  314.0   9423  -26.5  -33.5     52   0.72    131     10  343.4  346.3  343.6
  306.0   9608  -27.7  -34.7     51   0.66    120     10  344.2  346.9  344.4
  300.0   9750  -28.7  -35.7     51   0.61    120      6  344.8  347.3  344.9
  281.0  10209  -32.3  -40.7     43   0.39    165      3  346.2  347.8  346.2
  258.0  10809  -37.0  -47.3     33   0.21     50      4  347.8  348.7  347.9
  250.0  11030  -38.7  -49.7     30   0.16     45      4  348.4  349.1  348.4
  247.0  11113  -39.4  -49.4     34   0.17     55      4  348.6  349.3  348.6
  244.0  11196  -40.1  -49.1     38   0.18     46      4  348.7  349.5  348.8
  237.0  11390  -41.7                          25      5  349.2         349.2
  226.0  11706  -44.3                         305      5  350.0         350.0
  216.0  12008  -46.8                         275      8  350.6         350.6
  207.0  12291  -49.2                         270     10  351.2         351.2
  200.0  12520  -51.1                         295     10  351.7         351.7
  188.0  12907  -54.5                         315     13  352.5         352.5
  150.0  14320  -66.9                         290     11  354.6         354.6
  134.0  14988  -72.1                         280     12  357.0         357.0
  109.0  16168  -78.9                         345     12  366.0         366.0
  103.0  16491  -80.7                         100      1  368.4         368.4
  100.0  16660  -81.7                         195      5  369.6         369.6
   98.0  16773  -82.5                         215      5  370.3         370.3
   93.0  17064  -84.5                         235      4  371.9         371.9
   90.0  17247  -85.7                         345      4  373.0         373.0
   88.0  17371  -84.6                         355     13  377.5         377.5
   85.6  17525  -83.3                         347     16  383.2         383.2
   79.0  17971  -84.3                         325     26  389.9         389.9
   78.1  18035  -84.5                         319     26  390.9         390.9
   74.7  18282  -83.7                         297     25  397.6         397.6
   71.4  18537  -79.1                         275     24  412.5         412.5
   70.0  18650  -79.1                         265     24  414.8         414.8
   64.6  19103  -80.7                         229     29  421.0         421.0
   64.0  19155  -80.5                         225     30  422.6         422.6
   61.8  19352  -79.7                         203     24  428.6         428.6
   60.0  19522  -76.9                         185     18  438.5         438.5
   57.7  19747  -73.1                         116     16  451.9         451.9
   57.0  19818  -72.8                          95     15  454.2         454.2
   54.0  20137  -71.5                          80     16  464.2         464.2
   50.0  20590  -69.7                         105     38  478.8         478.8
   49.0  20711  -69.5                         100     44  482.2         482.2
   47.0  20959  -69.0                          90     41  489.1         489.1
   45.9  21101  -68.7                          93     44  493.1         493.1
   42.8  21524  -64.5                         102     53  513.4         513.4
   42.0  21640  -64.1                         105     55  517.2         517.2
   37.0  22421  -61.1                          90     43  543.8         543.8
   36.0  22590  -60.5                                     549.7         549.7
</PRE><H3>Station information and sounding indices</H3><PRE>
                         Station identifier: WAAA
                             Station number: 97180
                           Observation time: 160507/0000
                           Station latitude: -5.06
                          Station longitude: 119.55
                          Station elevation: 14.0
                            Showalter index: 3.24
                               Lifted index: -0.53
    LIFT computed using virtual temperature: -0.81
                                SWEAT index: 170.41
                                    K index: 27.70
                         Cross totals index: 16.50
                      Vertical totals index: 23.50
                        Totals totals index: 40.00
      Convective Available Potential Energy: 45.20
             CAPE using virtual temperature: 75.97
                      Convective Inhibition: -178.10
             CINS using virtual temperature: -100.06
                           Equilibrum Level: 446.46
 Equilibrum Level using virtual temperature: 438.11
                   Level of Free Convection: 602.64
             LFCT using virtual temperature: 635.94
                     Bulk Richardson Number: 64.11
          Bulk Richardson Number using CAPV: 107.75
  Temp [K] of the Lifted Condensation Level: 293.14
Pres [hPa] of the Lifted Condensation Level: 920.30
     Mean mixed layer potential temperature: 300.20
              Mean mixed layer mixing ratio: 16.30
              1000 hPa to 500 hPa thickness: 5796.00
Precipitable water [mm] for entire sounding: 52.20
</PRE>
<P>Description of the 
<A HREF="/upperair/columns.html">data columns</A>
or <A HREF="/upperair/indices.html">sounding indices</A>.

<P>
<FORM>
<INPUT CLASS="button" TYPE="button" VALUE=" Close this window " 
 onClick="window.close();">
<INPUT CLASS="button" TYPE="button" VALUE=" Select another map " 
 onClick="window.blur();">
</FORM>
<HR SIZE="1">
<I>Interested in graduate studies in atmospheric science?
Check out our program at the
<a href="http://www.uwyo.edu/atsc/howtoapply/"
target=_top>University of Wyoming
</a></I>
<HR SIZE="1"><FONT SIZE="-1">
Questions about the weather data provided by this site can be
addressed to <A HREF="mailto:ldoolman@uwyo.edu">
Larry Oolman (ldoolman@uwyo.edu)</A></FONT>
<HR SIZE="1">
<SCRIPT TYPE="text/javascript">
<!--
window.focus();
// -->
</SCRIPT>
</BODY>
</HTML>
