2018-06-21 12
<HTML>
<TITLE>University of Wyoming - Radiosonde Data</TITLE>
<LINK REL="StyleSheet" HREF="/resources/select.css" TYPE="text/css">
<BODY BGCOLOR="white">
<H2>97180 WAAA Ujung Pandang Observations at 00Z 21 Jun 2018</H2>
<PRE>
-----------------------------------------------------------------------------
   PRES   HGHT   TEMP   DWPT   RELH   MIXR   DRCT   SKNT   THTA   THTE   THTV
    hPa     m      C      C      %    g/kg    deg   knot     K      K      K 
-----------------------------------------------------------------------------
 1013.0     14   23.8   23.0     95  17.82      0      0  295.9  347.3  299.0
 1004.0     88   25.2   21.5     80  16.37     97      3  298.0  345.7  300.9
 1000.0    121   25.4   21.4     79  16.33    140      4  298.6  346.3  301.5
  980.0    300   24.9   19.9     74  15.19    145      3  299.7  344.3  302.4
  957.0    510   24.2   18.2     69  13.94    107      4  301.1  342.3  303.6
  947.0    602   23.4   17.7     70  13.65     90      4  301.2  341.6  303.7
  925.0    808   21.6   16.6     73  13.01     90      7  301.4  339.9  303.7
  850.0   1532   16.8   12.5     76  10.82     95     19  303.7  336.2  305.7
  847.0   1562   16.6   12.6     77  10.94     95     19  303.8  336.6  305.8
  768.0   2391   13.4    7.9     69   8.76     90     16  309.0  336.1  310.6
  700.0   3176   10.4    3.4     62   7.03     85     19  314.0  336.3  315.3
  694.0   3248   10.2    3.2     62   6.99     85     19  314.5  336.7  315.9
  665.0   3595    7.8    1.5     65   6.46     85     19  315.6  336.3  316.9
  641.0   3895    5.6    0.1     67   6.04     95     21  316.6  336.0  317.7
  596.0   4488    1.5   -2.8     73   5.25     80     22  318.4  335.5  319.4
  581.0   4696    0.0   -3.8     76   5.00     80     21  319.0  335.4  320.0
  525.0   5499   -5.1   -7.1     86   4.30     80     18  322.2  336.6  323.1
  500.0   5880   -6.9   -9.5     82   3.74     80     16  324.6  337.3  325.3
  493.0   5991   -7.0  -10.5     76   3.49     75     12  325.7  337.7  326.4
  488.0   6071   -7.1  -11.3     72   3.32     71     11  326.6  338.0  327.2
  439.0   6887  -12.3  -15.1     80   2.72     35      5  330.1  339.6  330.6
  422.0   7191  -14.2  -16.5     83   2.52     80      7  331.3  340.3  331.8
  411.0   7395  -15.5  -17.4     85   2.39     70      9  332.2  340.7  332.6
  404.0   7525  -16.5  -19.7     76   2.00     64     10  332.5  339.7  332.9
  400.0   7600  -16.9  -20.7     72   1.85     60     11  332.9  339.7  333.3
  390.0   7789  -18.5  -21.3     79   1.80     60     11  333.2  339.8  333.6
  374.0   8101  -21.2  -22.3     91   1.72     85      7  333.8  340.1  334.1
  372.0   8141  -21.5  -22.4     92   1.71     80      8  333.8  340.1  334.2
  369.0   8201  -21.9  -22.3     97   1.74     73      9  334.1  340.4  334.4
  368.0   8221  -22.1  -22.4     97   1.73     71      9  334.0  340.4  334.4
  364.0   8301  -21.1  -25.8     66   1.29     62     10  336.4  341.3  336.7
  363.0   8322  -20.9  -29.9     44   0.89     59     11  337.0  340.4  337.1
  359.0   8404  -21.1  -36.1     25   0.49     50     12  337.8  339.7  337.9
  356.0   8466  -20.9  -39.9     16   0.34     51     12  338.8  340.2  338.9
  345.0   8696  -22.3  -36.8     26   0.47     55     13  339.9  341.8  340.0
  332.0   8979  -24.1  -33.1     43   0.71     41     11  341.3  344.1  341.4
  318.0   9291  -26.9  -33.9     52   0.69     26      8  341.6  344.3  341.8
  317.0   9314  -27.0  -35.0     47   0.62     25      8  341.8  344.3  341.9
  313.0   9406  -27.3  -39.3     31   0.41     25      7  342.6  344.3  342.7
  300.0   9710  -29.9  -40.9     34   0.36     25      3  343.1  344.6  343.2
  292.0   9898  -31.5  -42.5     33   0.31     30      2  343.5  344.8  343.6
  280.0  10191  -33.9  -44.9     32   0.25     85      2  344.1  345.2  344.2
  252.0  10926  -40.1  -51.1     30   0.14     90      5  345.5  346.1  345.6
  250.0  10980  -40.5                          90      5  345.7         345.7
  246.0  11087  -41.4                          95      5  346.0         346.0
  235.0  11390  -43.8                         140      3  346.9         346.9
  215.0  11980  -48.6                         165      6  348.4         348.4
  200.0  12460  -52.5                         165     11  349.5         349.5
  187.0  12880  -56.4                         160     13  350.0         350.0
  170.0  13475  -61.8                         120     16  350.6         350.6
  154.0  14092  -67.5                         132     21  351.0         351.0
  150.0  14250  -68.7                         135     22  351.6         351.6
  139.0  14697  -72.4                         140     23  352.8         352.8
  132.0  15001  -74.9                         135     23  353.5         353.5
  131.0  15045  -75.3                         131     24  353.6         353.6
  119.0  15595  -77.5                          80     31  359.4         359.4
  112.0  15942  -78.9                          60     31  363.1         363.1
  107.0  16202  -77.9                          45     31  369.7         369.7
  106.0  16255  -77.7                          45     27  371.1         371.1
  105.0  16309  -78.1                          45     24  371.4         371.4
  104.0  16364  -78.3                          45     20  372.0         372.0
  102.0  16476  -75.4                          45     12  379.6         379.6
  100.0  16590  -72.5                         145      2  387.4         387.4
   97.0  16768  -73.5                         190     18  388.9         388.9
   87.2  17390  -76.9                         175     16  394.0         394.0
   83.0  17674  -77.5                         170     17  398.5         398.5
   81.3  17793  -77.7                         185     16  400.4         400.4
   78.7  17982  -73.9                         209     14  411.9         411.9
   75.0  18264  -74.0                         245     12  417.4         417.4
   73.6  18375  -74.1                         252     11  419.5         419.5
   70.0  18670  -72.1                         270     10  429.8         429.8
   67.0  18932  -69.9                         280     14  440.1         440.1
   64.0  19207  -67.5                         270     11  451.0         451.0
   61.5  19445  -65.5                         204      6  460.6         460.6
   61.0  19494  -65.8                         190      5  461.1         461.1
   58.0  19799  -67.5                         165      2  463.8         463.8
   55.8  20032  -68.9                          59      9  465.9         465.9
   55.0  20119  -68.8                          20     11  468.0         468.0
   50.0  20690  -68.3                          65     22  482.1         482.1
   48.0  20934  -68.5                          90     30  487.4         487.4
   45.0  21319  -68.7                          90     36  495.9         495.9
   39.6  22087  -66.1                          90     49  520.9         520.9
   37.0  22504  -60.6                          90     56  545.3         545.3
   36.7  22554  -59.9                          90     57  548.3         548.3
   30.0  23820  -56.1                          90     79  591.1         591.1
   29.1  24014  -55.3                          90     76  598.6         598.6
   29.0  24036  -55.2                          90     76  599.4         599.4
   27.9  24282  -54.1                          89     75  609.0         609.0
   25.5  24856  -55.1                          87     73  622.1         622.1
   20.0  26430  -47.1                          80     66  691.2         691.2
   18.7  26879  -43.1                          64     39  717.1         717.1
   18.0  27137  -42.3                          55     23  727.4         727.4
   17.0  27524  -41.2                          20      7  743.0         743.0
   16.6  27685  -40.7                         341     10  749.7         749.7
   16.0  27934  -41.8                         280     14  754.0         754.0
   14.8  28460  -44.1                         267     23  763.3         763.3
   13.0  29327  -45.6                         245     37  786.9         786.9
   12.9  29378  -45.7                         246     36  788.4         788.4
   12.0  29862  -44.2                         255     27  810.0         810.0
   11.8  29974  -43.9                                     815.1         815.1
</PRE><H3>Station information and sounding indices</H3><PRE>
                         Station identifier: WAAA
                             Station number: 97180
                           Observation time: 180621/0000
                           Station latitude: -5.06
                          Station longitude: 119.55
                          Station elevation: 14.0
                            Showalter index: 1.59
                               Lifted index: -1.84
    LIFT computed using virtual temperature: -2.09
                                SWEAT index: 204.00
                                    K index: 29.20
                         Cross totals index: 19.40
                      Vertical totals index: 23.70
                        Totals totals index: 43.10
      Convective Available Potential Energy: 216.61
             CAPE using virtual temperature: 257.43
                      Convective Inhibition: -128.52
             CINS using virtual temperature: -37.56
                           Equilibrum Level: 361.77
 Equilibrum Level using virtual temperature: 359.69
                   Level of Free Convection: 633.98
             LFCT using virtual temperature: 849.55
                     Bulk Richardson Number: 9.55
          Bulk Richardson Number using CAPV: 11.35
  Temp [K] of the Lifted Condensation Level: 292.39
Pres [hPa] of the Lifted Condensation Level: 922.05
     Mean mixed layer potential temperature: 299.26
              Mean mixed layer mixing ratio: 15.51
              1000 hPa to 500 hPa thickness: 5759.00
Precipitable water [mm] for entire sounding: 51.14
</PRE>
<P>Description of the 
<A HREF="/upperair/columns.html">data columns</A>
or <A HREF="/upperair/indices.html">sounding indices</A>.

<P>
<FORM>
<INPUT CLASS="button" TYPE="button" VALUE=" Close this window " 
 onClick="window.close();">
<INPUT CLASS="button" TYPE="button" VALUE=" Select another map " 
 onClick="window.blur();">
</FORM>
<HR SIZE="1">
<I>Interested in graduate studies in atmospheric science?
Check out our program at the
<a href="http://www.uwyo.edu/atsc/howtoapply/"
target=_top>University of Wyoming
</a></I>
<HR SIZE="1"><FONT SIZE="-1">
Questions about the weather data provided by this site can be
addressed to <A HREF="mailto:ldoolman@uwyo.edu">
Larry Oolman (ldoolman@uwyo.edu)</A></FONT>
<HR SIZE="1">
<SCRIPT TYPE="text/javascript">
<!--
window.focus();
// -->
</SCRIPT>
</BODY>
</HTML>
