2017-06-07 12
<HTML>
<TITLE>University of Wyoming - Radiosonde Data</TITLE>
<LINK REL="StyleSheet" HREF="/resources/select.css" TYPE="text/css">
<BODY BGCOLOR="white">
<H2>97180 WAAA Ujung Pandang Observations at 00Z 07 Jun 2017</H2>
<PRE>
-----------------------------------------------------------------------------
   PRES   HGHT   TEMP   DWPT   RELH   MIXR   DRCT   SKNT   THTA   THTE   THTV
    hPa     m      C      C      %    g/kg    deg   knot     K      K      K 
-----------------------------------------------------------------------------
 1010.0     14   24.8   23.1     90  17.98      0      0  297.1  349.3  300.3
 1000.0     96   25.6   21.1     76  16.03    115      8  298.8  345.6  301.6
  993.0    158   25.8   20.8     74  15.84    113      7  299.6  346.0  302.4
  977.0    301   25.2   20.3     74  15.57    110      4  300.4  346.2  303.2
  945.0    594   24.1   19.2     74  15.01    180      2  302.1  346.6  304.8
  932.0    716   23.6   18.7     74  14.79    167      1  302.8  346.8  305.5
  925.0    782   23.2   18.5     75  14.71    160      1  303.0  346.8  305.7
  913.0    896   22.5   17.8     75  14.26      0      0  303.4  345.9  306.0
  882.0   1196   20.5   16.0     75  13.11    305      2  304.4  343.7  306.8
  852.0   1498   18.5   14.1     76  12.03    280      3  305.3  341.6  307.6
  850.0   1518   18.4   14.0     76  11.96    280      3  305.4  341.5  307.6
  822.0   1804   16.1   13.2     83  11.72    285      3  305.9  341.3  308.1
  816.0   1867   15.6   13.0     85  11.66    278      3  306.0  341.3  308.2
  794.0   2098   14.5   11.9     84  11.12    250      1  307.2  341.1  309.3
  766.0   2401   13.0   10.4     84  10.43     90      1  308.8  340.8  310.7
  739.0   2703   11.5    8.9     84   9.78    340      5  310.4  340.6  312.2
  730.0   2807   11.0    8.4     84   9.56    337      5  310.9  340.5  312.7
  713.0   3004   10.4    5.4     71   7.95    330      4  312.3  337.3  313.8
  700.0   3157    9.8    6.0     77   8.45      0      1  313.3  339.9  314.9
  688.0   3301    8.9    5.6     80   8.34    135      2  313.8  340.1  315.4
  667.0   3558    7.2    4.8     85   8.15    161      2  314.7  340.5  316.3
  664.0   3595    7.0    4.5     84   8.03    165      2  314.9  340.3  316.4
  640.0   3895    5.3    2.3     81   7.10     85      2  316.3  339.0  317.6
  617.0   4193    3.5    0.0     78   6.26     90      3  317.6  337.9  318.8
  594.0   4503    1.8   -2.3     74   5.47    275      7  319.0  336.9  320.1
  572.0   4810    0.0   -4.6     71   4.78    270      8  320.4  336.2  321.3
  552.0   5094   -1.6   -4.7     79   4.91    265      9  321.8  338.1  322.8
  531.0   5404   -3.4   -4.8     89   5.06    230      5  323.3  340.1  324.3
  520.0   5570   -4.3   -4.9     96   5.14    197      7  324.1  341.2  325.1
  511.0   5708   -4.8   -5.9     92   4.85    170      9  325.1  341.4  326.0
  500.0   5880   -5.5   -7.1     88   4.52    170     11  326.3  341.6  327.2
  485.0   6119   -6.7  -10.9     72   3.45    168     10  327.6  339.6  328.3
  456.0   6597  -10.1  -11.7     88   3.45    165      9  329.2  341.2  329.9
  448.0   6734  -11.1  -11.9     94   3.45    158     10  329.6  341.6  330.3
  438.0   6907  -11.4  -14.2     80   2.94    150     11  331.4  341.8  332.0
  427.0   7103  -11.7  -16.7     66   2.44    153     12  333.4  342.2  333.9
  400.0   7600  -15.3  -21.3     60   1.76    160     13  335.0  341.5  335.4
  384.0   7907  -17.7  -22.7     65   1.62    158     13  335.8  341.8  336.1
  376.0   8065  -18.5  -25.5     54   1.28    157     14  336.8  341.6  337.0
  371.0   8164  -19.3  -26.3     54   1.21    157     14  337.0  341.6  337.2
  369.0   8204  -19.7  -24.2     67   1.47    156     14  337.0  342.5  337.3
  368.0   8225  -19.9  -22.8     78   1.67    156     14  337.0  343.2  337.3
  364.0   8306  -20.3  -27.3     54   1.13    156     14  337.5  341.8  337.7
  359.0   8406  -21.0  -27.7     55   1.10    155     14  337.9  342.1  338.1
  345.0   8695  -23.1  -28.7     60   1.04    190     13  338.9  342.9  339.2
  331.0   8996  -25.2  -29.9     65   0.98    205     13  340.0  343.8  340.2
  318.0   9287  -27.3  -30.9     71   0.92    130      9  341.1  344.6  341.3
  305.0   9590  -29.4  -32.1     78   0.86    110     11  342.1  345.5  342.3
  300.0   9710  -30.3  -32.5     81   0.84    115     12  342.6  345.8  342.7
  298.0   9757  -30.7  -32.6     83   0.83    116     14  342.6  345.9  342.8
  280.0  10197  -33.9  -35.9     82   0.64    125     32  344.2  346.8  344.3
  272.0  10399  -35.3  -37.4     81   0.57    120     32  345.0  347.3  345.1
  267.0  10528  -36.5  -42.5     54   0.34    117     32  345.1  346.5  345.2
  250.0  10980  -39.7  -46.7     47   0.23    105     31  346.9  347.9  346.9
  249.0  11007  -39.9  -46.9     47   0.23    105     31  347.0  348.0  347.1
  215.0  11981  -49.0                          95     29  347.7         347.7
  200.0  12460  -53.5                          95     31  347.9         347.9
  170.0  13485  -62.7                          80     46  349.2         349.2
  162.0  13779  -64.2                          75     51  351.5         351.5
  150.0  14250  -66.5                         100     33  355.3         355.3
  132.0  15011  -72.1                         145     26  358.6         358.6
  117.0  15714  -75.3                         161     20  365.2         365.2
  113.0  15914  -76.0                         165     18  367.6         367.6
  111.0  16017  -76.3                         187     16  368.9         368.9
  108.0  16175  -75.1                         220     12  374.0         374.0
  106.0  16283  -74.3                         228     16  377.6         377.6
  102.0  16506  -75.5                         245     23  379.5         379.5
  100.0  16620  -76.1                         240     23  380.4         380.4
   99.9  16626  -75.9                         240     23  380.9         380.9
   92.0  17099  -79.5                         230     15  382.9         382.9
   91.6  17124  -79.7                         230     14  383.0         383.0
   85.5  17516  -79.3                         268     19  391.4         391.4
   83.0  17686  -78.4                         285     21  396.6         396.6
   79.2  17955  -76.9                         290     32  405.0         405.0
   79.0  17969  -76.3                         290     33  406.4         406.4
   77.4  18089  -71.9                         283     35  418.1         418.1
   71.0  18597  -73.8                         255     46  424.5         424.5
   70.0  18680  -74.1                         255     45  425.5         425.5
   67.3  18909  -74.9                         258     44  428.6         428.6
   59.0  19675  -73.5                         269     41  448.2         448.2
   52.2  20399  -68.9                         280     38  474.8         474.8
   52.0  20422  -68.2                         280     38  476.9         476.9
   50.8  20563  -64.3                         283     39  489.3         489.3
   50.0  20660  -64.1                         285     40  492.0         492.0
   45.0  21311  -61.9                         270     38  512.3         512.3
   41.0  21887  -60.0                         260     33  530.8         530.8
   38.4  22292  -58.7                         225     23  544.3         544.3
   35.0  22866  -61.2                         175     10  552.2         552.2
   34.0  23046  -62.0                         110     14  554.8         554.8
   32.7  23287  -63.1                          90     19  558.1         558.1
   31.7  23478  -63.3                          75     28  562.6         562.6
   31.0  23616  -60.4                          65     34  574.1         574.1
   30.7  23676  -59.1                          65     35  579.1         579.1
   30.0  23820  -58.9                          65     37  583.5         583.5
   28.0  24254  -58.3                          50     35  596.8         596.8
   25.0  24966  -57.3                          95     37  619.2         619.2
   24.9  24992  -57.3                          95     37  620.0         620.0
   20.0  26390  -52.5                          95     57  674.7         674.7
   19.0  26723  -51.1                          90     58  689.1         689.1
   18.6  26861  -50.5                                     695.1         695.1
</PRE><H3>Station information and sounding indices</H3><PRE>
                         Station identifier: WAAA
                             Station number: 97180
                           Observation time: 170607/0000
                           Station latitude: -5.06
                          Station longitude: 119.55
                          Station elevation: 14.0
                            Showalter index: 0.79
                               Lifted index: -1.11
    LIFT computed using virtual temperature: -1.28
                                SWEAT index: 184.98
                                    K index: 34.10
                         Cross totals index: 19.50
                      Vertical totals index: 23.90
                        Totals totals index: 43.40
      Convective Available Potential Energy: 183.04
             CAPE using virtual temperature: 243.32
                      Convective Inhibition: -100.53
             CINS using virtual temperature: -82.46
                           Equilibrum Level: 307.76
 Equilibrum Level using virtual temperature: 305.78
                   Level of Free Convection: 741.20
             LFCT using virtual temperature: 804.78
                     Bulk Richardson Number: 55.85
          Bulk Richardson Number using CAPV: 74.24
  Temp [K] of the Lifted Condensation Level: 292.64
Pres [hPa] of the Lifted Condensation Level: 917.67
     Mean mixed layer potential temperature: 299.93
              Mean mixed layer mixing ratio: 15.82
              1000 hPa to 500 hPa thickness: 5784.00
Precipitable water [mm] for entire sounding: 56.83
</PRE>
<P>Description of the 
<A HREF="/upperair/columns.html">data columns</A>
or <A HREF="/upperair/indices.html">sounding indices</A>.

<P>
<FORM>
<INPUT CLASS="button" TYPE="button" VALUE=" Close this window " 
 onClick="window.close();">
<INPUT CLASS="button" TYPE="button" VALUE=" Select another map " 
 onClick="window.blur();">
</FORM>
<HR SIZE="1">
<I>Interested in graduate studies in atmospheric science?
Check out our program at the
<a href="http://www.uwyo.edu/atsc/howtoapply/"
target=_top>University of Wyoming
</a></I>
<HR SIZE="1"><FONT SIZE="-1">
Questions about the weather data provided by this site can be
addressed to <A HREF="mailto:ldoolman@uwyo.edu">
Larry Oolman (ldoolman@uwyo.edu)</A></FONT>
<HR SIZE="1">
<SCRIPT TYPE="text/javascript">
<!--
window.focus();
// -->
</SCRIPT>
</BODY>
</HTML>
