2018-04-18 12
<HTML>
<TITLE>University of Wyoming - Radiosonde Data</TITLE>
<LINK REL="StyleSheet" HREF="/resources/select.css" TYPE="text/css">
<BODY BGCOLOR="white">
<H2>97180 WAAA Ujung Pandang Observations at 00Z 18 Apr 2018</H2>
<PRE>
-----------------------------------------------------------------------------
   PRES   HGHT   TEMP   DWPT   RELH   MIXR   DRCT   SKNT   THTA   THTE   THTV
    hPa     m      C      C      %    g/kg    deg   knot     K      K      K 
-----------------------------------------------------------------------------
 1009.0     14   25.0   23.0     89  17.89      0      0  297.4  349.4  300.6
 1000.0     89   25.6   21.4     78  16.33    110      4  298.8  346.5  301.7
  998.0    107   26.0   21.3     75  16.26    116      4  299.3  347.0  302.2
  976.0    304   25.5   20.0     72  15.31    180      4  300.7  345.9  303.5
  963.0    423   25.2   19.2     69  14.76    200      5  301.6  345.3  304.2
  944.0    598   23.6   19.2     76  15.07    230      6  301.7  346.3  304.4
  930.0    730   22.4   19.2     82  15.30    226      6  301.7  347.1  304.5
  925.0    777   22.4   18.5     79  14.71    225      6  302.2  345.9  304.9
  912.0    900   21.6   17.8     79  14.30    225      5  302.6  345.2  305.2
  898.0   1034   20.8   17.1     79  13.85    285      3  303.1  344.4  305.6
  887.0   1141   21.4   16.4     73  13.40    334      2  304.8  345.1  307.3
  881.0   1199   20.9   15.9     73  13.11      0      1  304.9  344.4  307.3
  851.0   1498   18.7   13.7     73  11.69     65      6  305.6  340.9  307.7
  850.0   1508   18.6   13.6     73  11.65     65      6  305.6  340.8  307.8
  847.0   1538   18.2   13.5     74  11.61     66      6  305.5  340.6  307.6
  810.0   1920   17.0   10.0     63   9.60     75      7  308.2  337.6  309.9
  793.0   2099   15.6    9.2     66   9.32     80      7  308.6  337.2  310.3
  757.0   2491   12.6    7.6     72   8.72     73     10  309.4  336.4  311.0
  717.0   2945   11.6    5.6     67   8.02     64     13  313.1  338.4  314.7
  700.0   3145   10.2    5.2     71   7.98     60     15  313.8  338.9  315.3
  687.0   3301    9.5    3.8     68   7.38     65     14  314.7  338.1  316.1
  647.0   3798    7.4   -0.6     57   5.69     73     11  317.7  336.2  318.8
  639.0   3900    6.8   -0.6     60   5.78     75     10  318.1  336.9  319.2
  612.0   4255    4.6   -0.4     70   6.11     66     10  319.6  339.5  320.8
  594.0   4498    3.5   -3.5     60   4.99     60     10  321.1  337.6  322.1
  569.0   4847    2.0   -8.0     48   3.70     89     10  323.2  335.8  324.0
  563.0   4933    1.8  -11.2     37   2.90     96     10  324.0  334.0  324.6
  551.0   5106    0.6   -9.7     46   3.33    110     10  324.6  336.0  325.2
  545.0   5194    0.0   -9.0     51   3.57    107      9  324.9  337.1  325.6
  534.0   5357   -1.1  -12.1     43   2.85    102      7  325.5  335.3  326.0
  531.0   5402   -1.4  -10.9     48   3.15    100      7  325.6  336.5  326.2
  528.0   5447   -1.7   -9.7     54   3.49    104      7  325.8  337.7  326.5
  512.0   5692   -2.9  -12.9     46   2.78    128      6  327.2  336.9  327.8
  511.0   5708   -3.0  -12.8     47   2.81    130      6  327.3  337.1  327.9
  500.0   5880   -3.9  -11.9     54   3.09    110      7  328.2  339.0  328.8
  495.0   5959   -4.9  -10.9     63   3.38    107      6  327.9  339.6  328.6
  492.0   6007   -4.9  -12.2     57   3.07    105      6  328.5  339.2  329.1
  488.0   6071   -4.9  -13.9     49   2.69    108      5  329.3  338.8  329.8
  474.0   6297   -6.3  -13.4     57   2.90    120      3  330.2  340.4  330.8
  450.0   6701   -8.9  -12.4     76   3.30     81      2  332.0  343.6  332.6
  438.0   6907  -10.2  -13.4     78   3.12     60      2  332.9  343.9  333.5
  422.0   7191  -12.1  -14.8     80   2.89     70      6  334.1  344.4  334.7
  400.0   7600  -14.7  -16.8     84   2.58     50      9  335.8  345.1  336.3
  390.0   7792  -16.1  -17.7     87   2.45     40      8  336.4  345.3  336.9
  375.0   8086  -18.1  -20.3     83   2.04     40      5  337.5  345.0  337.9
  360.0   8391  -20.2  -23.0     79   1.68     20      3  338.6  344.9  339.0
  354.0   8517  -21.1  -24.1     77   1.55     36      3  339.1  344.9  339.4
  345.0   8706  -22.7  -24.6     84   1.52     60      4  339.5  345.2  339.8
  336.0   8901  -24.3  -25.1     93   1.49     54      4  339.8  345.5  340.1
  305.0   9601  -29.4  -30.7     88   0.97     30      6  342.2  346.0  342.4
  300.0   9720  -30.3  -31.7     88   0.90     40      6  342.6  346.1  342.7
  292.0   9910  -31.8  -33.4     86   0.79     40      8  343.1  346.2  343.3
  278.0  10257  -34.5  -36.5     82   0.61     29      6  344.0  346.5  344.2
  268.0  10510  -36.3  -41.1     61   0.39     20      4  345.0  346.7  345.1
  257.0  10799  -38.4  -46.3     43   0.23     45      5  346.2  347.2  346.2
  250.0  10990  -39.7  -49.7     34   0.16     50      4  346.9  347.6  346.9
  249.0  11017  -40.1  -50.1     33   0.16     51      4  346.7  347.4  346.7
  235.0  11404  -43.1                          65      4  348.0         348.0
  225.0  11694  -45.3                          25      9  349.0         349.0
  206.0  12283  -49.8                          10     13  350.8         350.8
  200.0  12480  -51.3                         355     12  351.4         351.4
  196.0  12606  -52.4                         350     11  351.6         351.6
  162.0  13798  -63.0                         285     10  353.5         353.5
  150.0  14280  -67.3                         280      7  354.0         354.0
  140.0  14689  -71.2                         280      7  354.1         354.1
  136.0  14860  -72.9                         272      5  354.1         354.1
  133.0  14987  -73.7                         265      4  355.0         355.0
  126.0  15295  -75.5                         210      5  357.2         357.2
  114.0  15864  -78.9                         175      7  361.3         361.3
  100.0  16610  -83.3                         155     24  366.5         366.5
   92.0  17069  -86.3                         135     25  369.5         369.5
   89.4  17226  -87.3                         100     28  370.5         370.5
   82.5  17678  -83.3                          95     28  387.3         387.3
   78.1  17983  -80.6                          95     26  399.0         399.0
   74.0  18288  -77.9                          40     24  410.9         410.9
   70.1  18593  -75.2                          30     15  423.1         423.1
   70.0  18600  -75.1                         325     16  423.4         423.4
   66.5  18898  -73.8                         325     16  432.4         432.4
   63.2  19202  -72.4                         280     26  441.8         441.8
   54.1  20117  -68.4                         250      7  471.3         471.3
   51.4  20422  -67.0                         260     13  481.5         481.5
   50.0  20580  -66.3                         220      6  486.8         486.8
   46.4  21031  -65.8                         200      7  498.4         498.4
   40.0  21946  -64.8                          90     30  522.7         522.7
   38.0  22250  -64.5                          70     36  531.0         531.0
   30.0  23700  -62.9                          90     57  572.6         572.6
   28.3  24079  -61.3                          90     57  586.7         586.7
   20.0  26280  -52.3                          85     73  675.3         675.3
   15.6  27958  -46.7                          90     72  743.4         743.4
   14.7  28346  -45.4                          90     72  760.0         760.0
   11.8  29870  -40.3                          90     58  828.7         828.7
   10.7  30480  -38.3                         110     29  857.8         857.8
   10.0  30960  -36.7                         115     18  881.4         881.4
</PRE><H3>Station information and sounding indices</H3><PRE>
                         Station identifier: WAAA
                             Station number: 97180
                           Observation time: 180418/0000
                           Station latitude: -5.06
                          Station longitude: 119.55
                          Station elevation: 14.0
                            Showalter index: 2.67
                               Lifted index: 0.53
    LIFT computed using virtual temperature: 0.13
                                SWEAT index: 182.20
                                    K index: 31.10
                         Cross totals index: 17.50
                      Vertical totals index: 22.50
                        Totals totals index: 40.00
      Convective Available Potential Energy: 2.69
             CAPE using virtual temperature: 5.95
                      Convective Inhibition: -211.59
             CINS using virtual temperature: -93.46
                           Equilibrum Level: 314.42
 Equilibrum Level using virtual temperature: 314.90
                   Level of Free Convection: 495.02
             LFCT using virtual temperature: 767.94
                     Bulk Richardson Number: 0.44
          Bulk Richardson Number using CAPV: 0.96
  Temp [K] of the Lifted Condensation Level: 292.39
Pres [hPa] of the Lifted Condensation Level: 911.79
     Mean mixed layer potential temperature: 300.22
              Mean mixed layer mixing ratio: 15.68
              1000 hPa to 500 hPa thickness: 5791.00
Precipitable water [mm] for entire sounding: 52.70
</PRE>
<P>Description of the 
<A HREF="/upperair/columns.html">data columns</A>
or <A HREF="/upperair/indices.html">sounding indices</A>.

<P>
<FORM>
<INPUT CLASS="button" TYPE="button" VALUE=" Close this window " 
 onClick="window.close();">
<INPUT CLASS="button" TYPE="button" VALUE=" Select another map " 
 onClick="window.blur();">
</FORM>
<HR SIZE="1">
<I>Interested in graduate studies in atmospheric science?
Check out our program at the
<a href="http://www.uwyo.edu/atsc/howtoapply/"
target=_top>University of Wyoming
</a></I>
<HR SIZE="1"><FONT SIZE="-1">
Questions about the weather data provided by this site can be
addressed to <A HREF="mailto:ldoolman@uwyo.edu">
Larry Oolman (ldoolman@uwyo.edu)</A></FONT>
<HR SIZE="1">
<SCRIPT TYPE="text/javascript">
<!--
window.focus();
// -->
</SCRIPT>
</BODY>
</HTML>
