2018-07-12 12
<HTML>
<TITLE>University of Wyoming - Radiosonde Data</TITLE>
<LINK REL="StyleSheet" HREF="/resources/select.css" TYPE="text/css">
<BODY BGCOLOR="white">
<H2>97180 WAAA Ujung Pandang Observations at 00Z 12 Jul 2018</H2>
<PRE>
-----------------------------------------------------------------------------
   PRES   HGHT   TEMP   DWPT   RELH   MIXR   DRCT   SKNT   THTA   THTE   THTV
    hPa     m      C      C      %    g/kg    deg   knot     K      K      K 
-----------------------------------------------------------------------------
 1010.0     14   23.2   21.4     90  16.17    135      6  295.5  342.1  298.4
 1009.0     23   24.2   18.2     69  13.21    132      6  296.6  334.9  298.9
 1000.0    102   25.8   16.8     58  12.18    105     10  298.9  334.7  301.1
  978.0    297   24.4   17.0     63  12.62     95      9  299.5  336.6  301.8
  945.0    597   22.3   17.3     73  13.33     95      3  300.3  339.6  302.7
  925.0    784   21.0   17.5     80  13.79      0      0  300.8  341.5  303.3
  913.0    897   20.1   17.0     82  13.53    275      1  301.0  340.9  303.4
  894.0   1080   18.6   16.2     86  13.13    348      3  301.2  340.1  303.6
  882.0   1197   18.7   14.9     79  12.22     35      4  302.5  338.9  304.7
  863.0   1385   18.8   12.8     68  10.87     48      3  304.5  337.2  306.5
  852.0   1496   18.5   10.8     61   9.61     55      3  305.3  334.4  307.0
  850.0   1516   18.4   10.4     60   9.40     55      2  305.4  333.9  307.1
  822.0   1801   16.3    9.3     63   9.03    120      3  306.2  333.7  307.8
  794.0   2096   14.2    8.2     67   8.66    125      2  306.9  333.4  308.5
  793.0   2107   14.1    8.3     68   8.71    125      2  306.9  333.6  308.5
  774.0   2311   12.2    9.4     83   9.65     48      3  307.0  336.5  308.8
  766.0   2398   11.7    8.5     81   9.16     15      4  307.4  335.4  309.1
  739.0   2698   10.0    5.3     73   7.61    350      7  308.7  332.3  310.1
  717.0   2949    8.6    6.5     87   8.54     11      9  309.8  336.3  311.4
  713.0   2995    8.5    5.9     84   8.24     15      9  310.2  335.8  311.7
  700.0   3147    8.0    4.0     76   7.33     20     11  311.3  334.3  312.7
  662.0   3607    5.9    2.9     81   7.19     35     13  313.9  336.7  315.3
  654.0   3707    5.4    2.7     83   7.16     50     13  314.5  337.2  315.8
  639.0   3897    5.0    1.6     79   6.79     80     13  316.1  337.9  317.4
  616.0   4197    4.4   -0.0     73   6.24     80     10  318.7  339.0  319.9
  603.0   4371    4.0   -1.0     70   5.93     36      7  320.2  339.7  321.4
  594.0   4494    3.5   -5.5     52   4.31      5      5  321.1  335.5  321.9
  583.0   4646    3.0  -11.0     35   2.85    350      6  322.2  331.9  322.7
  572.0   4800    1.8  -10.9     39   2.93    335      8  322.5  332.5  323.1
  567.0   4871    1.2  -10.8     40   2.97    337      7  322.6  332.8  323.2
  559.0   4985    0.0   -5.0     69   4.74    341      5  322.5  338.4  323.4
  554.0   5057   -0.3  -12.3     40   2.70    344      4  323.0  332.3  323.5
  551.0   5101   -0.7  -11.7     43   2.84    345      3  323.1  332.8  323.6
  531.0   5395   -3.2   -7.9     70   4.00    100      4  323.5  337.0  324.3
  530.0   5410   -3.3   -7.7     72   4.06     99      4  323.5  337.2  324.3
  500.0   5870   -6.3   -8.9     82   3.92     65      9  325.3  338.6  326.1
  473.0   6304   -8.4  -11.2     80   3.45     45     10  327.8  339.7  328.5
  470.0   6354   -8.7  -11.5     80   3.40     46     11  328.1  339.9  328.8
  434.0   6969  -13.5  -14.9     89   2.79     60     25  329.6  339.4  330.1
  429.0   7057  -13.7  -17.4     74   2.29     62     27  330.4  338.6  330.9
  422.0   7183  -14.5  -17.5     78   2.31     65     30  330.9  339.2  331.4
  420.0   7219  -14.7  -17.6     79   2.30     66     31  331.1  339.4  331.6
  409.0   7421  -14.3  -25.3     39   1.20     71     35  334.2  338.7  334.4
  400.0   7590  -14.9  -28.9     29   0.88     75     39  335.5  338.9  335.7
  399.0   7609  -15.1  -28.1     32   0.95     75     39  335.5  339.1  335.7
  398.0   7628  -15.3  -26.3     38   1.13     75     39  335.5  339.8  335.7
  396.0   7666  -14.9  -29.9     27   0.81     76     39  336.5  339.6  336.7
  395.0   7685  -14.3  -38.3     11   0.36     76     39  337.5  339.0  337.6
  393.0   7723  -13.9  -44.9      5   0.18     76     39  338.5  339.3  338.6
  374.0   8091  -16.6  -45.9      6   0.17     80     40  339.8  340.5  339.8
  323.0   9179  -24.7  -48.7      9   0.14     67     36  343.1  343.8  343.2
  300.0   9710  -29.3  -48.3     14   0.16     60     34  344.0  344.7  344.0
  268.0  10497  -36.2  -53.9     14   0.09     65     33  345.2  345.7  345.3
  252.0  10926  -39.9  -56.9     15   0.07     69     33  345.8  346.1  345.8
  250.0  10980  -40.3                          70     33  346.0         346.0
  200.0  12460  -53.1                          55     37  348.5         348.5
  178.0  13185  -59.6                          60     41  349.7         349.7
  150.0  14250  -69.1                          65     44  350.9         350.9
  136.0  14828  -74.5                          73     52  351.3         351.3
  132.0  14999  -75.6                          75     54  352.4         352.4
  115.0  15790  -80.5                          93     42  357.4         357.4
  113.0  15888  -80.7                          95     40  358.8         358.8
  109.0  16092  -81.1                          89     39  361.8         361.8
  100.0  16580  -78.3                          75     37  376.2         376.2
   96.0  16812  -79.6                          70     34  378.0         378.0
   95.2  16859  -79.9                          72     32  378.4         378.4
   91.0  17120  -77.6                          80     22  387.9         387.9
   87.0  17380  -75.2                         115     18  397.6         397.6
   82.0  17723  -72.2                         125      9  410.7         410.7
   79.1  17932  -70.3                          21      7  418.8         418.8
   78.0  18014  -70.7                         340      6  419.5         419.5
   71.9  18493  -73.3                         266     10  424.0         424.0
   71.0  18567  -72.9                         255     11  426.3         426.3
   70.0  18650  -72.5                         260     10  428.9         428.9
   67.0  18909  -71.0                         280      5  437.5         437.5
   64.0  19181  -69.5                          10      3  446.6         446.6
   63.6  19218  -69.3                          30      3  447.9         447.9
   61.0  19466  -70.5                         160      6  450.6         450.6
   60.2  19545  -70.9                         154      8  451.4         451.4
   55.0  20082  -69.3                         110     24  467.0         467.0
   54.5  20137  -69.1                         108     25  468.6         468.6
   52.9  20316  -65.3                         102     28  481.4         481.4
   50.0  20660  -64.9                          90     33  490.1         490.1
   47.0  21042  -63.5                          80     39  502.4         502.4
   43.0  21590  -61.4                          90     53  520.4         520.4
   38.4  22288  -58.7                          82     52  544.3         544.3
   35.0  22871  -58.0                          75     51  560.6         560.6
   30.0  23840  -56.9                          90     56  588.9         588.9
   27.0  24504  -56.4                          90     63  608.4         608.4
   26.6  24598  -56.3                          90     63  611.2         611.2
   23.5  25378  -55.7                          87     61  635.0         635.0
   22.0  25802  -51.6                          85     60  659.3         659.3
   21.0  26100  -48.7                          80     40  676.8         676.8
   20.1  26387  -46.7                         102     22  691.5         691.5
   20.0  26420  -46.3                         105     20  693.7         693.7
   18.0  27115  -49.1                         195      8  706.2         706.2
   17.7  27226  -49.5                         182      9  708.2         708.2
   17.0  27493  -47.8                         150     12  721.7         721.7
   16.0  27895  -45.3                         155      8  742.5         742.5
   15.3  28192  -43.5                         110      9  758.1         758.1
   15.0                                        90      9                     
</PRE><H3>Station information and sounding indices</H3><PRE>
                         Station identifier: WAAA
                             Station number: 97180
                           Observation time: 180712/0000
                           Station latitude: -5.06
                          Station longitude: 119.55
                          Station elevation: 14.0
                            Showalter index: 3.21
                               Lifted index: 2.13
    LIFT computed using virtual temperature: 2.11
                                SWEAT index: 137.80
                                    K index: 31.10
                         Cross totals index: 16.70
                      Vertical totals index: 24.70
                        Totals totals index: 41.40
      Convective Available Potential Energy: 0.00
             CAPE using virtual temperature: 0.00
                      Convective Inhibition: 0.00
             CINS using virtual temperature: 0.00
                     Bulk Richardson Number: 0.00
          Bulk Richardson Number using CAPV: 0.00
  Temp [K] of the Lifted Condensation Level: 288.59
Pres [hPa] of the Lifted Condensation Level: 881.87
     Mean mixed layer potential temperature: 299.16
              Mean mixed layer mixing ratio: 12.69
              1000 hPa to 500 hPa thickness: 5768.00
Precipitable water [mm] for entire sounding: 47.74
</PRE>
<P>Description of the 
<A HREF="/upperair/columns.html">data columns</A>
or <A HREF="/upperair/indices.html">sounding indices</A>.

<P>
<FORM>
<INPUT CLASS="button" TYPE="button" VALUE=" Close this window " 
 onClick="window.close();">
<INPUT CLASS="button" TYPE="button" VALUE=" Select another map " 
 onClick="window.blur();">
</FORM>
<HR SIZE="1">
<I>Interested in graduate studies in atmospheric science?
Check out our program at the
<a href="http://www.uwyo.edu/atsc/howtoapply/"
target=_top>University of Wyoming
</a></I>
<HR SIZE="1"><FONT SIZE="-1">
Questions about the weather data provided by this site can be
addressed to <A HREF="mailto:ldoolman@uwyo.edu">
Larry Oolman (ldoolman@uwyo.edu)</A></FONT>
<HR SIZE="1">
<SCRIPT TYPE="text/javascript">
<!--
window.focus();
// -->
</SCRIPT>
</BODY>
</HTML>
