2017-01-07 12
<HTML>
<TITLE>University of Wyoming - Radiosonde Data</TITLE>
<LINK REL="StyleSheet" HREF="/resources/select.css" TYPE="text/css">
<BODY BGCOLOR="white">
<H2>97180 WAAA Ujung Pandang Observations at 00Z 07 Jan 2017</H2>
<PRE>
-----------------------------------------------------------------------------
   PRES   HGHT   TEMP   DWPT   RELH   MIXR   DRCT   SKNT   THTA   THTE   THTV
    hPa     m      C      C      %    g/kg    deg   knot     K      K      K 
-----------------------------------------------------------------------------
 1007.0     14   25.8   23.9     89  18.96    100      2  298.4  353.7  301.7
 1000.0     75   25.4   22.5     84  17.50     40      3  298.6  349.7  301.7
  997.0    102   26.2   22.9     82  18.00     32      3  299.6  352.4  302.8
  975.0    299   24.9   22.1     84  17.51    330      7  300.2  351.7  303.3
  942.0    602   22.9   20.9     88  16.78    305     12  301.1  350.6  304.1
  925.0    763   21.8   20.2     91  16.40    295     15  301.6  350.1  304.6
  850.0   1500   17.6   15.5     87  13.20    295     22  304.6  344.2  307.0
  797.0   2051   14.2   12.8     91  11.79    287     23  306.6  342.3  308.8
  733.0   2758   10.4    8.6     89   9.66    276     24  309.9  339.7  311.7
  704.0   3095   10.0    5.0     71   7.83    271     25  313.0  337.6  314.5
  700.0   3143    9.6    4.6     71   7.65    270     25  313.1  337.2  314.5
  639.0   3894    4.3    0.9     79   6.46    260     26  315.3  335.9  316.5
  621.0   4129    2.6   -0.2     82   6.11    257     23  316.0  335.6  317.1
  617.0   4182    4.2    1.7     84   7.06    257     22  318.4  341.2  319.7
  584.0   4631    4.0   -0.7     71   6.27    252     16  323.2  343.9  324.4
  572.0   4799    3.0   -1.8     71   5.89    250     14  323.9  343.4  325.1
  539.0   5281    0.0   -5.0     69   4.92    268     12  325.9  342.5  326.9
  511.0   5707   -3.5   -7.1     76   4.43    285     10  326.7  341.8  327.6
  500.0   5880   -4.9   -7.9     79   4.24    280      9  327.0  341.5  327.8
  481.0   6184   -7.1   -8.0     93   4.38    262      8  327.9  342.9  328.8
  474.0   6296   -7.8   -8.6     93   4.23    255      8  328.5  343.0  329.3
  456.0   6594   -9.5  -10.3     94   3.85    240      8  329.9  343.2  330.7
  406.0   7486  -14.8  -15.3     96   2.87    260     15  334.2  344.4  334.8
  400.0   7600  -15.5  -16.0     96   2.76    255     16  334.8  344.6  335.3
  386.0   7869  -17.1  -17.3     98   2.57    250     14  336.1  345.4  336.6
  361.0   8370  -20.3  -21.8     88   1.86    240     11  338.3  345.2  338.7
  360.0   8391  -20.4  -22.2     85   1.80    240     11  338.4  345.1  338.8
  350.0   8600  -21.3  -26.3     64   1.28    243      6  339.9  344.8  340.2
  345.0   8705  -22.1  -26.9     65   1.23    245      4  340.2  344.9  340.4
  331.0   9008  -24.6  -28.6     69   1.09     75      6  340.9  345.1  341.1
  318.0   9300  -26.9  -30.3     73   0.97    115      5  341.6  345.3  341.8
  315.0   9370  -27.5  -30.7     74   0.95     89      4  341.7  345.4  341.9
  305.0   9601  -29.1  -33.5     66   0.75      0      1  342.6  345.6  342.8
  300.0   9720  -29.9  -34.9     62   0.66    210      1  343.1  345.8  343.3
  297.0   9792  -30.5  -36.5     56   0.57    182      2  343.3  345.6  343.4
  292.0   9910  -31.5  -37.4     56   0.53    135      3  343.5  345.6  343.6
  268.0  10507  -36.5  -41.9     58   0.36     75      4  344.7  346.2  344.8
  257.0  10799  -39.0  -44.1     58   0.30    100      6  345.2  346.5  345.3
  253.0  10909  -39.9  -44.9     59   0.28    100      8  345.4  346.6  345.5
  250.0  10990  -40.5                         100      9  345.7         345.7
  246.0  11097  -41.4                          95      8  346.0         346.0
  235.0  11400  -43.9                          60     11  346.8         346.8
  200.0  12470  -52.7                          70     27  349.1         349.1
  187.0  12888  -56.4                          70     33  349.9         349.9
  150.0  14260  -68.7                          70     43  351.6         351.6
  132.0  14988  -74.4                          85     51  354.5         354.5
  100.0  16570  -86.7                         100     70  360.0         360.0
   95.9  16798  -87.7                         100     71  362.4         362.4
   92.9  16971  -86.7                          97     70  367.6         367.6
   91.0  17086  -83.5                          95     70  376.1         376.1
   90.8  17099  -83.2                          95     70  377.0         377.0
   88.3  17254  -78.9                          85     59  388.6         388.6
   82.0  17678  -76.5                          60     30  401.9         401.9
   81.1  17742  -76.1                          46     25  403.9         403.9
   78.0  17966  -76.6                         355      9  407.4         407.4
   74.0  18269  -77.2                         255     10  412.2         412.2
   73.6  18300  -77.3                         255     11  412.7         412.7
   70.0  18590  -74.3                         250     17  425.1         425.1
   69.3  18649  -72.7                         249     17  429.8         429.8
   63.0  19208  -73.6                         235     19  439.6         439.6
   62.4  19264  -73.7                         235     18  440.6         440.6
   57.0  19797  -72.8                         240      9  454.2         454.2
   54.0  20114  -72.2                         295      8  462.6         462.6
   52.2  20314  -71.9                         284     11  467.9         467.9
   50.0  20570  -68.9                         270     15  480.7         480.7
   47.0  20945  -66.8                         240     19  494.3         494.3
   41.2  21744  -62.3                         244     21  524.5         524.5
   40.0  21926  -62.2                         245     22  529.1         529.1
   38.0  22242  -62.1                         235     17  537.1         537.1
   37.2  22373  -62.1                         245     19  540.5         540.5
   36.1  22559  -59.5                         259     23  551.9         551.9
   36.0  22576  -59.5                         260     23  552.3         552.3
   32.7  23176  -59.5                         260     22  567.7         567.7
   30.9  23532  -55.9                         260     22  586.7         586.7
   30.0  23720  -55.9                         260     22  591.6         591.6
   29.0  23934  -56.3                         250     18  596.2         596.2
   26.0  24624  -57.7                         285     17  611.2         611.2
   24.0  25129  -58.7                         282     21  622.5         622.5
   23.0  25398  -58.1                         280     23  631.9         631.9
   21.0  25972  -56.8                         255     18  652.4         652.4
   20.0  26280  -56.1                         260     15  663.7         663.7
   18.8  26675  -53.9                                     682.4         682.4
</PRE><H3>Station information and sounding indices</H3><PRE>
                         Station identifier: WAAA
                             Station number: 97180
                           Observation time: 170107/0000
                           Station latitude: -5.06
                          Station longitude: 119.55
                          Station elevation: 14.0
                            Showalter index: 0.33
                               Lifted index: -2.41
    LIFT computed using virtual temperature: -2.76
                                SWEAT index: 239.01
                                    K index: 33.00
                         Cross totals index: 20.40
                      Vertical totals index: 22.50
                        Totals totals index: 42.90
      Convective Available Potential Energy: 906.97
             CAPE using virtual temperature: 1018.40
                      Convective Inhibition: -15.07
             CINS using virtual temperature: -10.95
                           Equilibrum Level: 152.94
 Equilibrum Level using virtual temperature: 151.96
                   Level of Free Convection: 874.51
             LFCT using virtual temperature: 890.63
                     Bulk Richardson Number: 31.04
          Bulk Richardson Number using CAPV: 34.85
  Temp [K] of the Lifted Condensation Level: 294.73
Pres [hPa] of the Lifted Condensation Level: 940.66
     Mean mixed layer potential temperature: 299.94
              Mean mixed layer mixing ratio: 17.60
              1000 hPa to 500 hPa thickness: 5805.00
Precipitable water [mm] for entire sounding: 60.49
</PRE>
<P>Description of the 
<A HREF="/upperair/columns.html">data columns</A>
or <A HREF="/upperair/indices.html">sounding indices</A>.

<P>
<FORM>
<INPUT CLASS="button" TYPE="button" VALUE=" Close this window " 
 onClick="window.close();">
<INPUT CLASS="button" TYPE="button" VALUE=" Select another map " 
 onClick="window.blur();">
</FORM>
<HR SIZE="1">
<I>Interested in graduate studies in atmospheric science?
Check out our program at the
<a href="http://www.uwyo.edu/atsc/howtoapply/"
target=_top>University of Wyoming
</a></I>
<HR SIZE="1"><FONT SIZE="-1">
Questions about the weather data provided by this site can be
addressed to <A HREF="mailto:ldoolman@uwyo.edu">
Larry Oolman (ldoolman@uwyo.edu)</A></FONT>
<HR SIZE="1">
<SCRIPT TYPE="text/javascript">
<!--
window.focus();
// -->
</SCRIPT>
</BODY>
</HTML>
