2018-04-06 00
<HTML>
<TITLE>University of Wyoming - Radiosonde Data</TITLE>
<LINK REL="StyleSheet" HREF="/resources/select.css" TYPE="text/css">
<BODY BGCOLOR="white">
<H2>97180 WAAA Ujung Pandang Observations at 00Z 06 Apr 2018</H2>
<PRE>
-----------------------------------------------------------------------------
   PRES   HGHT   TEMP   DWPT   RELH   MIXR   DRCT   SKNT   THTA   THTE   THTV
    hPa     m      C      C      %    g/kg    deg   knot     K      K      K 
-----------------------------------------------------------------------------
 1008.0     14   25.6   23.9     90  18.94    130      4  298.1  353.3  301.4
 1002.0     63   25.0   22.2     84  17.14    123      7  298.0  347.9  301.0
 1000.0     79   25.6   23.0     86  18.05    120      8  298.8  351.6  302.0
  993.0    142   26.2   22.8     82  17.96    122      8  299.9  352.8  303.2
  976.0    295   26.0   21.0     74  16.33    128      7  301.2  349.5  304.2
  925.0    770   23.4   17.4     69  13.70    145      5  303.2  344.1  305.7
  911.0    903   22.7   16.2     67  12.85    135      2  303.9  342.3  306.2
  881.0   1194   21.2   13.5     61  11.14     55      7  305.2  338.9  307.2
  850.0   1505   19.6   10.6     56   9.53     20      3  306.7  335.7  308.4
  839.0   1617   19.2    9.2     52   8.78     20      3  307.4  334.3  309.0
  793.0   2099   15.8    7.2     56   8.08     20      3  308.8  333.7  310.3
  772.0   2328   14.2    6.2     59   7.76    343      2  309.4  333.5  310.9
  765.0   2405   13.6    7.2     65   8.37    330      2  309.6  335.5  311.1
  748.0   2594   12.2    9.5     84  10.06    291      4  310.0  341.1  311.9
  739.0   2695   11.5    8.7     83   9.64    270      5  310.4  340.2  312.1
  700.0   3148    8.4    5.1     80   7.93    255      9  311.8  336.6  313.2
  694.0   3219    8.0    4.9     81   7.89    257     10  312.1  336.8  313.6
  687.0   3302    7.6    4.5     80   7.72    260     11  312.6  336.8  314.0
  639.0   3895    5.0    1.2     76   6.59    270      7  316.1  337.3  317.4
  601.0   4397    2.8   -1.5     73   5.74    303      9  319.2  337.9  320.3
  593.0   4505    2.8   -2.5     68   5.40    310     10  320.4  338.1  321.4
  572.0   4797    2.8   -5.2     56   4.57    265     11  323.7  339.0  324.6
  551.0   5098    0.6   -6.7     59   4.24    265     13  324.5  338.8  325.3
  546.0   5172    0.0   -7.0     59   4.17    260     12  324.7  338.8  325.5
  531.0   5393   -1.7   -7.3     66   4.19    245     10  325.3  339.5  326.1
  500.0   5870   -5.3   -7.9     82   4.24    265     13  326.5  340.9  327.4
  496.0   5933   -6.1   -8.3     84   4.15    268     13  326.3  340.4  327.1
  474.0   6288   -7.3  -11.0     75   3.50    284     14  329.1  341.2  329.8
  473.0   6305   -7.4  -11.1     75   3.47    285     14  329.1  341.1  329.8
  426.0   7113  -13.3  -18.3     66   2.14    248     17  331.6  339.3  332.0
  405.0   7496  -15.7  -22.3     57   1.59    230     18  333.3  339.1  333.6
  400.0   7590  -16.3  -23.3     55   1.47    230     18  333.7  339.1  334.0
  391.0   7761  -17.5  -30.5     31   0.78    233     17  334.3  337.3  334.5
  375.0   8072  -19.5  -28.5     45   0.98    239     14  335.7  339.4  335.9
  359.0   8391  -21.6  -31.7     40   0.75    245     11  337.0  339.9  337.2
  332.0   8965  -25.5  -37.5     32   0.46    236      5  339.4  341.2  339.4
  330.0   9008  -25.9  -37.0     34   0.49    235      5  339.5  341.4  339.6
  317.0   9297  -28.1  -33.7     59   0.70    325      1  340.2  343.0  340.3
  314.0   9366  -28.7  -32.9     67   0.77    313      1  340.4  343.4  340.5
  304.0   9596  -30.5  -32.6     82   0.81    270      3  340.9  344.1  341.1
  302.0   9643  -30.9  -32.6     85   0.82    270      4  341.1  344.3  341.2
  300.0   9690  -31.3  -32.7     87   0.82    270      5  341.1  344.4  341.3
  298.0   9737  -31.5  -32.7     89   0.83    267      6  341.5  344.8  341.7
  287.0  10003  -32.7  -38.7     55   0.47    249      9  343.5  345.4  343.6
  279.0  10200  -34.4  -41.5     48   0.36    235     12  343.9  345.4  344.0
  253.0  10879  -40.1  -51.1     30   0.14    253     12  345.1  345.7  345.2
  250.0  10960  -40.9                         255     12  345.1         345.1
  204.0  12309  -52.2                         310     10  348.0         348.0
  200.0  12440  -53.3                         325     11  348.2         348.2
  186.0  12895  -57.1                         335     12  349.3         349.3
  177.0  13206  -59.8                         325     11  350.0         350.0
  169.0  13496  -62.2                         355      6  350.6         350.6
  161.0  13800  -64.8                          50     12  351.1         351.1
  160.0  13839  -65.1                          49     12  351.2         351.2
  153.0  14110  -67.0                          40     15  352.4         352.4
  150.0  14230  -67.9                          25     12  352.9         352.9
  146.0  14390  -69.1                           0      9  353.6         353.6
  139.0  14681  -71.2                         335     15  354.9         354.9
  138.0  14724  -71.5                         330     13  355.1         355.1
  133.0  14941  -70.7                         305      6  360.3         360.3
  132.0  14984  -71.0                         300      4  360.5         360.5
  125.0  15295  -73.4                         165      2  361.8         361.8
  119.0  15576  -75.5                          95      3  363.0         363.0
  113.0  15872  -77.8                         300      1  364.2         364.2
  107.0  16183  -80.2                         290     13  365.5         365.5
  100.0  16570  -83.1                         310     15  366.9         366.9
   96.0  16798  -82.5                         320     16  372.4         372.4
   93.6  16940  -82.1                         307     16  375.9         375.9
   86.0  17410  -85.2                         265     14  378.9         378.9
   82.5  17640  -86.7                         225     10  380.3         380.3
   82.0  17673  -86.7                         210      9  381.0         381.0
   78.5  17912  -86.5                          92      5  386.2         386.2
   77.0  18020  -85.6                          40      3  390.3         390.3
   73.0  18316  -83.0                         235      2  401.8         401.8
   70.0  18550  -80.9                          90     11  411.0         411.0
   69.0  18631  -80.6                          85     10  413.3         413.3
   67.2  18779  -80.1                          86     12  417.6         417.6
   62.8  19166  -74.7                          89     16  437.6         437.6
   62.0  19240  -74.8                          90     17  438.9         438.9
   58.3  19595  -75.5                         123     14  445.2         445.2
   54.0  20044  -69.8                         165     10  468.1         468.1
   53.9  20055  -69.7                         164     10  468.7         468.7
   51.4  20336  -70.3                         127     18  473.7         473.7
   50.0  20500  -68.5                         105     23  481.6         481.6
   46.0  21007  -64.7                          55     23  502.4         502.4
   45.0  21140  -63.7                          40     20  508.0         508.0
   44.0  21278  -63.9                          25     16  510.8         510.8
   42.0  21562  -64.4                          45     12  516.5         516.5
   40.0  21861  -64.8                          85     18  522.6         522.6
   38.0  22175  -65.3                         100     26  529.0         529.0
   37.3  22289  -65.5                          98     30  531.4         531.4
   35.3  22624  -65.5                          92     42  539.8         539.8
   33.4  22966  -59.9                          86     54  563.2         563.2
   33.0  23042  -59.7                          85     57  565.6         565.6
   30.0  23640  -58.5                          80     52  584.6         584.6
   26.9  24325  -57.9                          84     57  604.8         604.8
   22.1  25573  -54.1                          91     67  651.0         651.0
   20.0  26220  -48.9                          95     72  685.7         685.7
   19.8  26286  -48.5                          95     73  688.9         688.9
   16.0  27695  -46.9                          90     83  737.5         737.5
   15.5  27905  -46.6                          90     83  745.0         745.0
   15.0  28121  -46.4                          90     83  752.9         752.9
   14.5  28346  -46.1                                     761.1         761.1
</PRE><H3>Station information and sounding indices</H3><PRE>
                         Station identifier: WAAA
                             Station number: 97180
                           Observation time: 180406/0000
                           Station latitude: -5.06
                          Station longitude: 119.55
                          Station elevation: 14.0
                            Showalter index: 3.41
                               Lifted index: -2.15
    LIFT computed using virtual temperature: -2.46
                                SWEAT index: 146.18
                                    K index: 32.20
                         Cross totals index: 15.90
                      Vertical totals index: 24.90
                        Totals totals index: 40.80
      Convective Available Potential Energy: 715.93
             CAPE using virtual temperature: 829.66
                      Convective Inhibition: -112.16
             CINS using virtual temperature: -66.72
                           Equilibrum Level: 185.82
 Equilibrum Level using virtual temperature: 185.84
                   Level of Free Convection: 767.73
             LFCT using virtual temperature: 800.57
                     Bulk Richardson Number: 58.44
          Bulk Richardson Number using CAPV: 67.73
  Temp [K] of the Lifted Condensation Level: 293.58
Pres [hPa] of the Lifted Condensation Level: 921.28
     Mean mixed layer potential temperature: 300.55
              Mean mixed layer mixing ratio: 16.75
              1000 hPa to 500 hPa thickness: 5791.00
Precipitable water [mm] for entire sounding: 51.04
</PRE>
<P>Description of the 
<A HREF="/upperair/columns.html">data columns</A>
or <A HREF="/upperair/indices.html">sounding indices</A>.

<P>
<FORM>
<INPUT CLASS="button" TYPE="button" VALUE=" Close this window " 
 onClick="window.close();">
<INPUT CLASS="button" TYPE="button" VALUE=" Select another map " 
 onClick="window.blur();">
</FORM>
<HR SIZE="1">
<I>Interested in graduate studies in atmospheric science?
Check out our program at the
<a href="http://www.uwyo.edu/atsc/howtoapply/"
target=_top>University of Wyoming
</a></I>
<HR SIZE="1"><FONT SIZE="-1">
Questions about the weather data provided by this site can be
addressed to <A HREF="mailto:ldoolman@uwyo.edu">
Larry Oolman (ldoolman@uwyo.edu)</A></FONT>
<HR SIZE="1">
<SCRIPT TYPE="text/javascript">
<!--
window.focus();
// -->
</SCRIPT>
</BODY>
</HTML>
