2017-07-23 00
<HTML>
<TITLE>University of Wyoming - Radiosonde Data</TITLE>
<LINK REL="StyleSheet" HREF="/resources/select.css" TYPE="text/css">
<BODY BGCOLOR="white">
<H2>97180 WAAA Ujung Pandang Observations at 00Z 23 Jul 2017</H2>
<PRE>
-----------------------------------------------------------------------------
   PRES   HGHT   TEMP   DWPT   RELH   MIXR   DRCT   SKNT   THTA   THTE   THTV
    hPa     m      C      C      %    g/kg    deg   knot     K      K      K 
-----------------------------------------------------------------------------
 1011.0     14   24.4   21.1     82  15.85      0      0  296.6  342.5  299.4
 1010.0     22   23.8   19.9     79  14.71     10      1  296.1  338.6  298.7
 1009.0     30   23.6   19.3     77  14.17     19      1  296.0  337.0  298.5
 1003.0     79   25.6   17.6     61  12.78     76      5  298.5  335.9  300.8
 1000.0    104   25.8   17.8     61  12.99    105      7  298.9  337.1  301.3
  991.0    184   26.0   17.0     58  12.45    105      7  299.9  336.6  302.2
  978.0    300   25.1   16.3     58  12.07    105      6  300.2  335.8  302.4
  945.0    602   22.8   14.5     59  11.11    100      6  300.8  333.7  302.8
  925.0    790   21.4   13.4     60  10.55     80      7  301.2  332.5  303.1
  851.0   1506   17.5   10.4     63   9.41     20      7  304.3  332.8  306.0
  850.0   1516   17.4   10.4     63   9.40     20      7  304.4  332.8  306.1
  831.0   1709   16.0   11.2     73  10.15     17      8  304.9  335.5  306.7
  797.0   2064   14.4   11.0     80  10.45     11      9  306.8  338.6  308.7
  794.0   2096   14.3   10.7     79  10.31     10      9  307.1  338.5  309.0
  745.0   2634   13.4    6.4     63   8.16     14      6  311.7  337.2  313.2
  739.0   2702   13.3    3.4     51   6.63     15      6  312.3  333.3  313.6
  719.0   2933   13.0   -7.0     24   3.16     11      4  314.4  324.9  315.0
  713.0   3003   12.6  -10.9     18   2.35     10      4  314.7  322.6  315.1
  700.0   3157   11.6  -19.4     10   1.18     90      3  315.3  319.4  315.5
  692.0   3253   11.0  -21.0      9   1.04    107      4  315.7  319.4  315.9
  688.0   3301   10.7  -21.0      9   1.05    115      4  315.8  319.5  316.0
  664.0   3594    8.7  -21.2     10   1.07    135      5  316.9  320.7  317.1
  627.0   4067    5.6  -21.4     12   1.11    123      7  318.5  322.5  318.7
  617.0   4198    4.5  -23.1     11   0.97    120      8  318.7  322.2  318.9
  608.0   4318    3.4  -24.6     11   0.86    126      8  318.8  321.9  319.0
  597.0   4466    2.6  -22.4     14   1.07    133      8  319.5  323.4  319.8
  592.0   4534    2.4  -17.6     21   1.63    136      7  320.1  325.8  320.4
  585.0   4630    1.2   -4.8     64   4.60    141      7  319.8  335.0  320.7
  573.0   4797    0.0   -4.7     71   4.73    149      7  320.3  335.9  321.2
  572.0   4811   -0.1   -4.8     71   4.72    150      7  320.3  335.9  321.2
  531.0   5402   -3.1   -7.9     69   3.98    235      6  323.6  337.1  324.4
  500.0   5880   -5.5  -10.5     68   3.46    185      5  326.3  338.1  326.9
  492.0   6005   -6.2  -11.1     68   3.34    195      4  326.9  338.5  327.6
  473.0   6311   -7.8  -12.6     68   3.08    300      5  328.6  339.4  329.2
  456.0   6595   -9.3  -14.0     69   2.85    285      2  330.2  340.2  330.7
  438.0   6908  -11.0  -15.6     69   2.61    100      4  331.9  341.1  332.4
  433.0   6997  -11.5  -16.0     69   2.55    102      5  332.3  341.4  332.9
  400.0   7600  -15.7  -20.0     70   1.97    115     10  334.5  341.7  334.9
  389.0   7809  -17.1  -21.8     67   1.73    120     11  335.4  341.8  335.7
  381.0   7965  -18.1  -23.1     65   1.57    114     11  336.0  341.9  336.3
  345.0   8696  -24.2  -26.4     82   1.29     85     10  337.4  342.2  337.6
  338.0   8846  -25.5  -27.1     86   1.24     87     11  337.6  342.3  337.9
  331.0   8996  -26.6  -28.8     82   1.08     90     12  338.2  342.3  338.4
  304.0   9605  -31.0  -35.6     64   0.61     55     16  340.3  342.7  340.4
  300.0   9700  -31.7  -36.7     61   0.55     55     18  340.6  342.8  340.7
  259.0  10720  -40.1  -47.1     47   0.21     59     31  342.8  343.7  342.9
  250.0  10960  -42.3                          60     34  343.0         343.0
  200.0  12430  -55.5                          75     40  344.7         344.7
  185.0  12920  -60.3                          72     49  344.7         344.7
  177.0  13190  -62.0                          70     54  346.3         346.3
  150.0  14200  -68.3                          50     71  352.2         352.2
  145.0  14402  -69.7                          50     74  353.2         353.2
  141.0  14569  -70.9                          49     65  354.0         354.0
  131.0  15006  -69.5                          45     42  364.1         364.1
  130.0  15052  -69.3                          46     38  365.1         365.1
  125.0  15282  -70.4                          50     19  367.3         367.3
  119.0  15570  -71.7                          85      7  370.0         370.0
  113.0  15873  -73.2                         160     12  372.9         372.9
  107.0  16193  -74.6                         195     12  375.9         375.9
  102.0  16474  -76.0                         195     16  378.6         378.6
  100.0  16590  -76.5                         200     16  379.7         379.7
   99.3  16631  -76.9                         205     15  379.7         379.7
   92.1  17064  -77.1                         254     24  387.5         387.5
   92.0  17070  -77.0                         255     24  387.8         387.8
   87.0  17397  -73.4                         240     27  401.4         401.4
   84.8  17546  -71.7                         251     28  407.7         407.7
   79.0  17965  -71.8                         280     32  415.9         415.9
   70.0  18680  -71.9                         265     39  430.2         430.2
   68.3  18825  -72.5                         266     37  432.0         432.0
   64.0  19211  -70.3                         270     32  444.8         444.8
   62.8  19323  -69.7                         268     34  448.6         448.6
   55.9  20019  -69.9                         257     43  463.4         463.4
   52.0  20453  -68.0                         250     49  477.3         477.3
   51.7  20487  -67.9                         251     47  478.5         478.5
   50.0  20690  -65.9                         255     33  487.8         487.8
   48.4  20889  -60.9                         267     26  504.2         504.2
   48.0  20941  -61.1                         270     24  504.9         504.9
   44.3  21435  -63.1                         270     21  511.8         511.8
   41.0  21911  -62.9                         270     18  523.7         523.7
   39.0  22219  -62.8                         335      9  531.5         531.5
   37.0  22542  -62.6                          30     15  540.0         540.0
   35.0  22884  -62.5                          47     23  549.0         549.0
   33.4  23174  -59.7                          62     31  563.8         563.8
   31.0  23637  -61.6                          85     42  570.7         570.7
   30.9  23657  -61.7                          85     42  571.0         571.0
   30.0  23840  -60.5                          85     46  579.1         579.1
   29.1  24031  -57.7                          96     52  591.9         591.9
   28.0  24273  -57.9                         110     59  598.0         598.0
   20.4  26266  -59.1                          91     67  650.9         650.9
   20.0  26390  -58.9                          90     68  655.1         655.1
   17.0  27426  -54.5                          85     68  700.2         700.2
   16.0  27812  -52.9                          85     67  717.8         717.8
   15.4  28056  -51.9                                     729.0         729.0
</PRE><H3>Station information and sounding indices</H3><PRE>
                         Station identifier: WAAA
                             Station number: 97180
                           Observation time: 170723/0000
                           Station latitude: -5.06
                          Station longitude: 119.55
                          Station elevation: 14.0
                            Showalter index: 4.54
                               Lifted index: 3.14
    LIFT computed using virtual temperature: 3.05
                                SWEAT index: 143.78
                                    K index: 2.30
                         Cross totals index: 15.90
                      Vertical totals index: 22.90
                        Totals totals index: 38.80
      Convective Available Potential Energy: 0.00
             CAPE using virtual temperature: 0.00
                      Convective Inhibition: 0.00
             CINS using virtual temperature: 0.00
                     Bulk Richardson Number: 0.00
          Bulk Richardson Number using CAPV: 0.00
  Temp [K] of the Lifted Condensation Level: 287.99
Pres [hPa] of the Lifted Condensation Level: 871.05
     Mean mixed layer potential temperature: 299.59
              Mean mixed layer mixing ratio: 12.36
              1000 hPa to 500 hPa thickness: 5776.00
Precipitable water [mm] for entire sounding: 39.57
</PRE>
<P>Description of the 
<A HREF="/upperair/columns.html">data columns</A>
or <A HREF="/upperair/indices.html">sounding indices</A>.

<P>
<FORM>
<INPUT CLASS="button" TYPE="button" VALUE=" Close this window " 
 onClick="window.close();">
<INPUT CLASS="button" TYPE="button" VALUE=" Select another map " 
 onClick="window.blur();">
</FORM>
<HR SIZE="1">
<I>Interested in graduate studies in atmospheric science?
Check out our program at the
<a href="http://www.uwyo.edu/atsc/howtoapply/"
target=_top>University of Wyoming
</a></I>
<HR SIZE="1"><FONT SIZE="-1">
Questions about the weather data provided by this site can be
addressed to <A HREF="mailto:ldoolman@uwyo.edu">
Larry Oolman (ldoolman@uwyo.edu)</A></FONT>
<HR SIZE="1">
<SCRIPT TYPE="text/javascript">
<!--
window.focus();
// -->
</SCRIPT>
</BODY>
</HTML>
