2017-12-03 12
<HTML>
<TITLE>University of Wyoming - Radiosonde Data</TITLE>
<LINK REL="StyleSheet" HREF="/resources/select.css" TYPE="text/css">
<BODY BGCOLOR="white">
<H2>97180 WAAA Ujung Pandang Observations at 00Z 03 Dec 2017</H2>
<PRE>
-----------------------------------------------------------------------------
   PRES   HGHT   TEMP   DWPT   RELH   MIXR   DRCT   SKNT   THTA   THTE   THTV
    hPa     m      C      C      %    g/kg    deg   knot     K      K      K 
-----------------------------------------------------------------------------
 1008.0     14   26.2   23.2     84  18.13      0      0  298.7  351.7  301.9
 1000.0     82   27.2   19.2     62  14.21    125      2  300.4  342.2  302.9
  998.0    100   27.6   19.6     62  14.60    120      2  300.9  344.1  303.6
  981.0    253   27.8   17.8     55  13.25     82      3  302.6  342.1  305.0
  976.0    298   27.4   17.7     55  13.24     70      3  302.7  342.1  305.1
  944.0    593   25.2   17.1     61  13.20    320      2  303.3  342.7  305.7
  925.0    773   23.8   16.8     65  13.18    290      7  303.6  343.1  306.0
  912.0    895   22.9   16.3     66  12.97    295     10  304.0  342.8  306.3
  850.0   1504   18.6   14.0     75  11.96    285     15  305.6  341.7  307.8
  795.0   2075   14.6   11.8     83  11.05    280     16  307.2  340.9  309.3
  793.0   2096   14.5   11.6     83  10.95    280     16  307.4  340.7  309.4
  766.0   2389   13.4    9.1     75   9.56    294     16  309.2  338.7  311.0
  765.0   2400   13.4    8.7     73   9.29    295     16  309.3  338.0  311.0
  747.0   2600   12.8    0.8     44   5.46    290     16  310.8  328.1  311.8
  728.0   2816   11.2    4.2     62   7.15    284     17  311.4  333.8  312.7
  700.0   3142    9.6    0.6     53   5.74    275     17  313.1  331.4  314.2
  699.0   3154    9.6   -0.4     50   5.35    275     17  313.2  330.3  314.2
  693.0   3225    9.2    3.2     66   7.00    275     16  313.5  335.7  314.9
  662.0   3603    7.8   -1.3     53   5.30    275     13  316.1  333.3  317.1
  653.0   3715    7.4   -2.6     49   4.86    292     10  316.9  332.7  317.8
  639.0   3891    6.4   -2.6     53   4.96    320      5  317.7  333.9  318.6
  616.0   4188    4.7   -2.7     59   5.13     20      7  319.1  335.9  320.0
  571.0   4803    1.1   -2.8     75   5.50      5      6  321.9  340.0  322.9
  558.0   4990    0.0   -2.8     81   5.61    333      6  322.7  341.3  323.8
  551.0   5091   -0.5   -4.0     77   5.20    315      6  323.3  340.6  324.3
  530.0   5400   -2.0   -7.6     66   4.10    275      4  325.1  339.0  325.9
  526.0   5460   -2.3   -8.3     63   3.91    257      4  325.4  338.7  326.2
  510.0   5704   -4.0   -9.4     66   3.70    185      6  326.2  338.9  327.0
  500.0   5860   -5.1  -10.1     68   3.57    165      5  326.8  339.0  327.5
  491.0   6000   -5.9  -10.7     69   3.46    170      4  327.4  339.4  328.1
  473.0   6288   -7.6  -12.0     71   3.23    230      3  328.8  340.1  329.5
  455.0   6587   -9.4  -13.4     73   3.01    240      2  330.3  340.8  330.9
  437.0   6899  -11.3  -14.8     75   2.79    120      3  331.8  341.6  332.3
  421.0   7186  -13.0  -16.1     77   2.60     70      5  333.1  342.4  333.6
  402.0   7542  -15.1  -17.7     81   2.38     88      6  334.8  343.4  335.3
  400.0   7580  -15.5  -17.9     82   2.35     90      6  334.8  343.3  335.2
  388.0   7810  -17.0  -20.9     71   1.87     90     12  335.8  342.6  336.1
  387.0   7830  -17.1  -21.2     70   1.83     90     12  335.8  342.6  336.2
  324.0   9145  -25.5  -28.5     76   1.13     72     21  341.7  346.1  342.0
  300.0   9700  -29.7  -31.6     83   0.91     65     25  343.4  347.0  343.6
  250.0  10970  -39.3  -43.2     66   0.34     40     23  347.5  348.9  347.6
  246.0  11080  -40.1  -43.9     67   0.32     40     24  347.9  349.2  348.0
  245.0  11107  -40.3                          40     24  348.0         348.0
  224.0  11700  -45.6                          55     24  348.9         348.9
  200.0  12450  -52.3                          50     30  349.8         349.8
  150.0  14250  -66.7                          80     47  355.0         355.0
  139.0  14689  -70.0                          90     49  357.0         357.0
  102.0  16471  -83.5                         100     48  364.1         364.1
  100.0  16580  -82.7                         100     52  367.7         367.7
   96.0  16809  -82.1                          95     50  373.1         373.1
   93.2  16974  -81.7                          75     40  377.1         377.1
   90.0  17172  -78.5                          52     28  387.3         387.3
   87.0  17364  -79.3                          30     16  389.4         389.4
   78.0  17982  -82.0                          70      7  396.2         396.2
   77.7  18004  -82.1                          68      7  396.4         396.4
   74.0  18277  -82.0                          40      9  402.3         402.3
   71.8  18447  -81.9                         340      8  405.9         405.9
   70.0  18590  -79.1                         290      7  414.8         414.8
   69.6  18623  -77.1                         288      8  419.8         419.8
   63.0  19198  -73.3                         250     18  440.3         440.3
   62.7  19225  -73.1                         251     18  441.3         441.3
   50.0  20550  -71.5                         280     11  474.6         474.6
   49.0  20669  -71.6                         285      9  477.0         477.0
   47.1  20902  -71.9                          19      6  481.8         481.8
   46.0  21043  -69.4                          75      5  491.1         491.1
   44.4  21255  -65.7                          59      6  505.1         505.1
   42.0  21592  -65.7                          35      8  513.2         513.2
   40.7  21782  -65.7                          61     10  517.8         517.8
   40.0  21889  -64.8                          75     11  522.6         522.6
   36.9  22384  -60.7                          98     32  545.4         545.4
   36.0  22537  -61.1                         105     39  548.2         548.2
   34.7  22765  -61.7                         103     43  552.4         552.4
   33.0  23078  -57.7                         100     48  571.0         571.0
   30.0  23680  -56.7                          95     58  589.5         589.5
   29.6  23765  -56.3                          94     58  592.8         592.8
   27.0  24345  -58.5                          90     56  602.4         602.4
   26.8  24392  -58.7                          90     56  603.2         603.2
   20.0  26250  -53.9                          90     65  670.4         670.4
   19.7  26347  -53.9                                     673.3         673.3
   17.0  27304  -48.7                                     719.0         719.0
</PRE><H3>Station information and sounding indices</H3><PRE>
                         Station identifier: WAAA
                             Station number: 97180
                           Observation time: 171203/0000
                           Station latitude: -5.06
                          Station longitude: 119.55
                          Station elevation: 14.0
                            Showalter index: 1.09
                               Lifted index: 0.55
    LIFT computed using virtual temperature: 0.31
                                SWEAT index: 202.98
                                    K index: 28.70
                         Cross totals index: 19.10
                      Vertical totals index: 23.70
                        Totals totals index: 42.80
      Convective Available Potential Energy: 0.00
             CAPE using virtual temperature: 0.00
                      Convective Inhibition: 0.00
             CINS using virtual temperature: 0.00
                     Bulk Richardson Number: 0.00
          Bulk Richardson Number using CAPV: 0.00
  Temp [K] of the Lifted Condensation Level: 289.65
Pres [hPa] of the Lifted Condensation Level: 864.52
     Mean mixed layer potential temperature: 301.96
              Mean mixed layer mixing ratio: 13.91
              1000 hPa to 500 hPa thickness: 5778.00
Precipitable water [mm] for entire sounding: 50.46
</PRE>
<P>Description of the 
<A HREF="/upperair/columns.html">data columns</A>
or <A HREF="/upperair/indices.html">sounding indices</A>.

<P>
<FORM>
<INPUT CLASS="button" TYPE="button" VALUE=" Close this window " 
 onClick="window.close();">
<INPUT CLASS="button" TYPE="button" VALUE=" Select another map " 
 onClick="window.blur();">
</FORM>
<HR SIZE="1">
<I>Interested in graduate studies in atmospheric science?
Check out our program at the
<a href="http://www.uwyo.edu/atsc/howtoapply/"
target=_top>University of Wyoming
</a></I>
<HR SIZE="1"><FONT SIZE="-1">
Questions about the weather data provided by this site can be
addressed to <A HREF="mailto:ldoolman@uwyo.edu">
Larry Oolman (ldoolman@uwyo.edu)</A></FONT>
<HR SIZE="1">
<SCRIPT TYPE="text/javascript">
<!--
window.focus();
// -->
</SCRIPT>
</BODY>
</HTML>
