2017-09-13 00
<HTML>
<TITLE>University of Wyoming - Radiosonde Data</TITLE>
<LINK REL="StyleSheet" HREF="/resources/select.css" TYPE="text/css">
<BODY BGCOLOR="white">
<H2>97180 WAAA Ujung Pandang Observations at 00Z 13 Sep 2017</H2>
<PRE>
-----------------------------------------------------------------------------
   PRES   HGHT   TEMP   DWPT   RELH   MIXR   DRCT   SKNT   THTA   THTE   THTV
    hPa     m      C      C      %    g/kg    deg   knot     K      K      K 
-----------------------------------------------------------------------------
 1011.0     14   25.6   19.6     69  14.41      0      0  297.8  339.8  300.4
 1010.0     22   25.0   16.0     57  11.45      6      0  297.3  330.7  299.4
 1000.0    103   26.2   17.2     58  12.50     65      4  299.4  336.1  301.6
  998.0    121   26.4   17.4     58  12.68     72      4  299.7  337.1  302.0
  984.0    245   26.2   16.2     54  11.91    119      3  300.7  336.0  302.9
  978.0    299   25.7   16.2     56  11.96    140      3  300.8  336.2  303.0
  945.0    599   23.2   16.1     64  12.29    215      3  301.2  337.6  303.4
  930.0    739   22.0   16.0     69  12.45    219      4  301.3  338.2  303.6
  925.0    786   21.6   15.6     69  12.19    220      5  301.4  337.5  303.6
  913.0    899   20.9   14.5     66  11.46    215      5  301.8  335.9  303.9
  900.0   1024   20.2   13.2     64  10.70    155      4  302.3  334.3  304.3
  882.0   1198   20.2   11.6     58   9.79     70      2  304.1  333.6  305.9
  878.0   1238   20.2   11.2     56   9.60     75      3  304.5  333.5  306.2
  852.0   1497   18.7    7.9     49   7.88    105     10  305.5  329.6  307.0
  850.0   1517   18.6    7.6     49   7.76    105     11  305.6  329.3  307.1
  839.0   1629   18.2    5.2     42   6.65     99     12  306.3  326.9  307.6
  804.0   1993   14.8    8.8     67   8.92     81     14  306.5  333.7  308.1
  739.0   2703   11.8    5.8     67   7.86     45     19  310.6  335.1  312.1
  700.0   3160    9.8    3.8     66   7.23     70     19  313.3  336.2  314.7
  689.0   3291    9.0    3.0     66   6.94     75     19  313.8  335.9  315.1
  688.0   3303    9.0    2.8     65   6.86     75     19  313.9  335.7  315.2
  665.0   3584    8.6   -1.4     49   5.22     70     20  316.6  333.5  317.6
  664.0   3596    8.5   -1.4     50   5.22     70     20  316.6  333.6  317.6
  640.0   3898    7.1   -1.8     53   5.27     95     19  318.3  335.5  319.3
  602.0   4400    4.6   -2.4     60   5.36     95     14  321.1  338.8  322.1
  594.0   4508    3.8   -3.2     60   5.13     95     13  321.4  338.4  322.4
  575.0   4771    2.0   -5.0     60   4.61    104     12  322.3  337.7  323.2
  555.0   5055    0.0  -13.0     37   2.55    114     11  323.2  332.0  323.7
  552.0   5098   -0.4  -12.0     41   2.78    115     11  323.2  332.7  323.7
  537.0   5317   -2.7   -6.9     73   4.27    100     10  323.0  337.4  323.9
  521.0   5556   -3.5  -11.5     54   3.06     83      9  324.9  335.4  325.5
  500.0   5880   -4.9  -14.9     45   2.42     60      8  327.0  335.5  327.5
  499.0   5896   -4.9  -14.9     45   2.42     59      8  327.2  335.7  327.7
  492.0   6006   -5.8  -15.4     47   2.35     50      8  327.4  335.7  327.9
  481.0   6183   -7.3  -16.3     49   2.24     53      8  327.7  335.6  328.1
  480.0   6200   -7.3  -17.3     45   2.06     53      8  327.9  335.2  328.3
  479.0   6216   -7.3  -19.3     38   1.74     53      8  328.1  334.3  328.4
  478.0   6232   -7.3  -18.3     41   1.90     54      8  328.3  335.1  328.6
  477.0   6248   -7.7  -13.7     62   2.80     54      8  328.0  337.8  328.5
  460.0   6530   -9.5  -12.8     77   3.12     59      7  329.1  340.0  329.8
  444.0   6803  -11.1  -15.8     68   2.53     63      7  330.5  339.4  331.0
  433.0   6995  -11.9  -23.9     36   1.29     66      7  331.8  336.6  332.1
  414.0   7338  -12.5  -36.5     12   0.41     72      6  335.3  337.0  335.4
  405.0   7506  -13.7  -37.6     11   0.37     75      6  336.0  337.5  336.0
  400.0   7600  -14.3  -38.3     11   0.35     95      7  336.3  337.7  336.4
  390.0   7791  -15.7  -39.3     11   0.33    100      7  336.9  338.3  337.0
  376.0   8067  -17.7  -40.7     12   0.29     79      7  337.8  339.0  337.9
  360.0   8390  -20.6  -34.8     27   0.56     55      6  338.1  340.4  338.3
  351.0   8578  -22.3  -31.3     44   0.80     51      7  338.3  341.4  338.5
  336.0   8899  -23.3  -38.3     24   0.42     44     10  341.2  342.9  341.3
  318.0   9298  -26.4  -40.9     24   0.34     35     13  342.3  343.7  342.4
  300.0   9720  -29.7  -43.7     24   0.27     50     15  343.4  344.5  343.5
  297.0   9792  -29.7  -47.7     16   0.17     52     15  344.4  345.1  344.4
  280.0  10209  -33.1  -49.4     18   0.15     65     18  345.3  345.9  345.3
  269.0  10493  -35.5  -50.5     20   0.14     58     21  345.8  346.4  345.9
  252.0  10945  -39.9  -45.9     53   0.25     46     25  345.8  346.9  345.9
  250.0  11000  -40.3                          45     26  346.0         346.0
  235.0  11410  -43.6                          40     36  347.2         347.2
  200.0  12480  -52.1                          45     43  350.1         350.1
  187.0  12901  -55.4                          45     46  351.5         351.5
  150.0  14280  -66.3                          40     36  355.7         355.7
  126.0  15281  -75.0                          40     30  358.1         358.1
  108.0  16166  -82.7                          65     24  359.6         359.6
  103.0  16438  -85.1                          55     26  360.0         360.0
  100.0  16600  -83.9                          40     25  365.4         365.4
   97.0  16773  -77.7                          25     20  380.6         380.6
   96.5  16802  -76.7                          25     18  383.2         383.2
   92.0  17080  -76.2                          25      4  389.3         389.3
   87.0  17404  -75.7                         240      5  396.7         396.7
   83.0  17678  -75.2                         290     12  403.0         403.0
   75.0  18267  -74.3                         255     18  416.9         416.9
   72.2  18488  -73.9                         265     19  422.2         422.2
   71.0  18587  -73.4                         270     19  425.4         425.4
   70.0  18670  -72.9                         270     19  428.1         428.1
   67.0  18927  -72.4                         250     20  434.6         434.6
   65.5  19060  -72.1                         250     20  438.1         438.1
   61.0  19484  -67.5                         250     21  457.3         457.3
   58.0  19788  -67.3                         250     21  464.3         464.3
   55.0  20109  -67.1                         285     24  471.9         471.9
   54.5  20164  -67.1                         285     24  473.1         473.1
   50.7  20597  -69.7                         281     21  476.9         476.9
   50.0  20680  -69.7                         280     21  478.8         478.8
   47.0  21048  -69.9                         290     20  486.9         486.9
   46.9  21061  -69.9                         291     20  487.2         487.2
   45.0  21311  -67.5                         315     19  498.7         498.7
   43.0  21586  -65.0                         315     17  511.5         511.5
   41.6  21786  -63.1                         346     10  521.0         521.0
   41.0  21874  -63.5                           0      7  522.3         522.3
   39.0  22180  -64.7                         345      6  526.7         526.7
   38.4  22275  -65.1                         341      7  528.0         528.0
   37.0  22504  -64.0                         330      8  536.3         536.3
   35.0  22846  -62.5                          85     13  549.0         549.0
   34.0  23024  -61.7                         105     26  555.7         555.7
   32.4  23321  -60.3                         101     36  567.1         567.1
   30.0  23800  -60.5                          95     52  579.1         579.1
   29.0  24012  -59.8                         100     55  586.8         586.8
   25.7  24767  -57.1                          90     61  615.0         615.0
   23.7  25276  -58.3                          83     65  625.9         625.9
   23.0  25466  -57.6                          80     66  633.3         633.3
   20.0  26350  -54.3                          90     69  669.2         669.2
   16.1  27752  -50.4                          95     68  724.6         724.6
   16.0  27793  -50.3                                     726.3         726.3
</PRE><H3>Station information and sounding indices</H3><PRE>
                         Station identifier: WAAA
                             Station number: 97180
                           Observation time: 170913/0000
                           Station latitude: -5.06
                          Station longitude: 119.55
                          Station elevation: 14.0
                            Showalter index: 6.75
                               Lifted index: 3.71
    LIFT computed using virtual temperature: 3.46
                                SWEAT index: 121.19
                                    K index: 25.10
                         Cross totals index: 12.50
                      Vertical totals index: 23.50
                        Totals totals index: 36.00
      Convective Available Potential Energy: 0.00
             CAPE using virtual temperature: 0.00
                      Convective Inhibition: 0.00
             CINS using virtual temperature: 0.00
                     Bulk Richardson Number: 0.00
          Bulk Richardson Number using CAPV: 0.00
  Temp [K] of the Lifted Condensation Level: 287.53
Pres [hPa] of the Lifted Condensation Level: 860.28
     Mean mixed layer potential temperature: 300.17
              Mean mixed layer mixing ratio: 12.13
              1000 hPa to 500 hPa thickness: 5777.00
Precipitable water [mm] for entire sounding: 42.56
</PRE>
<P>Description of the 
<A HREF="/upperair/columns.html">data columns</A>
or <A HREF="/upperair/indices.html">sounding indices</A>.

<P>
<FORM>
<INPUT CLASS="button" TYPE="button" VALUE=" Close this window " 
 onClick="window.close();">
<INPUT CLASS="button" TYPE="button" VALUE=" Select another map " 
 onClick="window.blur();">
</FORM>
<HR SIZE="1">
<I>Interested in graduate studies in atmospheric science?
Check out our program at the
<a href="http://www.uwyo.edu/atsc/howtoapply/"
target=_top>University of Wyoming
</a></I>
<HR SIZE="1"><FONT SIZE="-1">
Questions about the weather data provided by this site can be
addressed to <A HREF="mailto:ldoolman@uwyo.edu">
Larry Oolman (ldoolman@uwyo.edu)</A></FONT>
<HR SIZE="1">
<SCRIPT TYPE="text/javascript">
<!--
window.focus();
// -->
</SCRIPT>
</BODY>
</HTML>
