2017-09-19 00
<HTML>
<TITLE>University of Wyoming - Radiosonde Data</TITLE>
<LINK REL="StyleSheet" HREF="/resources/select.css" TYPE="text/css">
<BODY BGCOLOR="white">
<H2>97180 WAAA Ujung Pandang Observations at 00Z 19 Sep 2017</H2>
<PRE>
-----------------------------------------------------------------------------
   PRES   HGHT   TEMP   DWPT   RELH   MIXR   DRCT   SKNT   THTA   THTE   THTV
    hPa     m      C      C      %    g/kg    deg   knot     K      K      K 
-----------------------------------------------------------------------------
 1012.0     14   24.6   18.6     69  13.51      0      0  296.7  335.9  299.1
 1011.0     22   24.6   14.6     54  10.43     12      0  296.8  327.3  298.7
 1000.0    114   25.6   14.6     51  10.55    150      4  298.8  329.8  300.6
  980.0    293   25.8   14.8     51  10.91     74      7  300.7  333.0  302.6
  979.0    302   25.7   14.7     51  10.87     70      7  300.7  332.9  302.7
  946.0    604   23.5   12.5     50   9.70     65     13  301.4  330.3  303.1
  925.0    801   22.0   11.0     50   8.98     80     15  301.8  328.7  303.4
  883.0   1202   19.0    8.7     51   8.08     90     20  302.8  327.1  304.2
  866.0   1369   17.8    7.8     52   7.72     85     17  303.2  326.5  304.6
  850.0   1529   18.2    5.2     42   6.56     80     15  305.2  325.4  306.4
  845.0   1580   18.2    3.2     37   5.73     80     14  305.7  323.5  306.8
  795.0   2098   15.0   -1.4     32   4.37     75      3  307.7  321.5  308.5
  774.0   2325   13.6   -3.4     31   3.86     68      4  308.5  320.9  309.2
  767.0   2401   13.4   -3.2     31   3.94     65      5  309.1  321.7  309.8
  740.0   2702   12.5   -2.6     35   4.27    310      1  311.3  325.0  312.1
  738.0   2725   12.4   -2.6     35   4.30    305      1  311.4  325.3  312.2
  714.0   3001   10.4   -3.9     36   4.04    250      6  312.2  325.3  313.0
  704.0   3119    9.6   -4.4     37   3.94    211      8  312.6  325.3  313.3
  700.0   3166   10.6  -14.4     16   1.80    195      9  314.2  320.3  314.5
  690.0   3286   10.8  -27.2      5   0.60    163     12  315.7  317.9  315.8
  689.0   3298   10.7  -27.1      5   0.61    160     12  315.7  317.9  315.9
  640.0   3903    6.0  -20.4     13   1.19    130      8  317.1  321.3  317.4
  617.0   4203    3.7  -17.0     20   1.64    130      3  317.8  323.5  318.1
  614.0   4243    3.4  -16.6     22   1.71    117      3  317.9  323.8  318.2
  595.0   4497    1.4  -21.8     16   1.13     30      3  318.5  322.5  318.7
  585.0   4633    0.4  -24.6     13   0.90     55      3  318.8  322.1  319.0
  573.0   4799    0.2  -29.9      8   0.56     85      4  320.5  322.6  320.6
  564.0   4926    0.0  -34.0      6   0.38     60      3  321.7  323.2  321.8
  552.0   5097   -1.0  -33.0      7   0.43     25      1  322.5  324.1  322.5
  532.0   5390   -2.8  -31.4      9   0.53      0      1  323.7  325.7  323.8
  529.0   5435   -3.1  -31.1      9   0.54     17      2  323.9  326.0  324.0
  516.0   5631   -3.9  -38.9      5   0.26     92      4  325.3  326.3  325.3
  512.0   5693   -3.5  -41.2      4   0.20    115      5  326.4  327.2  326.5
  507.0   5770   -3.1  -44.1      3   0.15    107      7  327.9  328.5  327.9
  500.0   5880   -3.3  -45.3      2   0.13     95     11  328.9  329.5  329.0
  493.0   5991   -3.7  -45.2      2   0.14     90     13  329.8  330.3  329.8
  474.0   6300   -4.9  -44.9      3   0.15     97     13  332.0  332.6  332.1
  439.0   6892   -9.0  -48.1      3   0.11    110     12  334.2  334.7  334.3
  400.0   7610  -13.9  -51.9      2   0.08    110     21  336.8  337.2  336.9
  390.0   7800  -15.0  -50.9      3   0.09    115     23  337.8  338.2  337.8
  359.0   8423  -18.7  -47.7      6   0.14    112     16  341.0  341.6  341.0
  346.0   8691  -21.0  -46.8      8   0.17    110     13  341.4  342.1  341.4
  319.0   9283  -26.2  -44.7     16   0.23    140     11  342.3  343.2  342.3
  306.0   9586  -28.8  -43.6     23   0.26    135      7  342.7  343.8  342.7
  300.0   9730  -30.1  -43.1     27   0.28    110      6  342.8  344.0  342.9
  293.0   9895  -31.6  -43.3     30   0.28     85      8  343.0  344.2  343.1
  258.0  10784  -39.6  -44.6     59   0.28     60     20  343.9  345.1  343.9
  257.0  10812  -39.9  -44.6     61   0.28     61     21  343.9  345.1  343.9
  250.0  11000  -41.3                          65     24  344.5         344.5
  200.0  12480  -52.3                          40     38  349.8         349.8
  178.0  13205  -58.4                          40     39  351.7         351.7
  154.0  14106  -65.9                          25     19  353.6         353.6
  150.0  14270  -67.3                          15     16  354.0         354.0
  146.0  14431  -69.1                           9     14  353.6         353.6
  140.0  14672  -70.7                           0     11  355.1         355.1
  133.0  14967  -72.6                          30      7  356.9         356.9
  120.0  15557  -76.4                          45      7  360.5         360.5
  113.0  15902  -78.7                          10      5  362.6         362.6
  108.0  16162  -80.4                         235     10  364.1         364.1
  102.0  16490  -82.5                         225     13  366.0         366.0
  100.0  16600  -82.5                         210     14  368.1         368.1
   97.0  16771  -82.8                         190     18  370.8         370.8
   95.2  16876  -82.9                         206     16  372.5         372.5
   92.8  17021  -78.5                         228     14  383.9         383.9
   92.0  17071  -78.0                         235     13  385.8         385.8
   85.8  17475  -74.1                         262     25  401.5         401.5
   83.0  17669  -74.5                         275     31  404.4         404.4
   77.1  18100  -75.5                         266     34  411.0         411.0
   70.4  18636  -70.3                         256     39  432.9         432.9
   70.0  18670  -70.1                         255     39  434.1         434.1
   67.0  18929  -70.7                         245     36  438.3         438.3
   63.1  19285  -71.5                         257     40  444.1         444.1
   58.0  19786  -70.3                         275     45  457.7         457.7
   50.0  20670  -68.1                         265     34  482.6         482.6
   49.0  20791  -67.1                         265     31  487.8         487.8
   45.4  21249  -68.7                         265     21  494.6         494.6
   45.0  21302  -68.4                         265     20  496.6         496.6
   43.4  21519  -67.3                         257     15  504.5         504.5
   43.0  21575  -67.1                         255     14  506.4         506.4
   42.4  21660  -66.7                         218     12  509.3         509.3
   41.8  21746  -64.1                         181     10  517.9         517.9
   41.0  21865  -62.7                         130      8  524.2         524.2
   40.0  22017  -60.9                         113     17  532.4         532.4
   39.0  22173  -61.4                          95     27  535.1         535.1
   34.0  23014  -64.0                          75     29  549.5         549.5
   31.2  23542  -65.7                          85     26  558.7         558.7
   30.0  23780  -64.7                          90     36  567.7         567.7
   29.0  23988  -63.0                          90     41  577.8         577.8
   28.8  24031  -62.7                          91     41  579.9         579.9
   26.9  24450  -63.7                          96     46  588.5         588.5
   25.1  24878  -60.7                         101     50  608.8         608.8
   24.0  25157  -61.5                         105     53  614.4         614.4
   23.2  25367  -62.1                         100     53  618.6         618.6
   21.1  25961  -57.1                          87     54  650.6         650.6
   20.0  26300  -56.5                          80     54  662.5         662.5
   17.0  27332  -56.1                          91     54  695.3         695.3
   15.0  28136  -52.3                         100     54  733.1         733.1
   14.4  28398  -51.1                                     745.8         745.8
</PRE><H3>Station information and sounding indices</H3><PRE>
                         Station identifier: WAAA
                             Station number: 97180
                           Observation time: 170919/0000
                           Station latitude: -5.06
                          Station longitude: 119.55
                          Station elevation: 14.0
                            Showalter index: 10.32
                               Lifted index: 7.52
    LIFT computed using virtual temperature: 7.00
                                SWEAT index: 103.39
                                    K index: 1.70
                         Cross totals index: 8.50
                      Vertical totals index: 21.50
                        Totals totals index: 30.00
      Convective Available Potential Energy: 0.00
             CAPE using virtual temperature: 0.00
                      Convective Inhibition: 0.00
             CINS using virtual temperature: 0.00
                     Bulk Richardson Number: 0.00
          Bulk Richardson Number using CAPV: 0.00
  Temp [K] of the Lifted Condensation Level: 285.09
Pres [hPa] of the Lifted Condensation Level: 838.67
     Mean mixed layer potential temperature: 299.81
              Mean mixed layer mixing ratio: 10.59
              1000 hPa to 500 hPa thickness: 5766.00
Precipitable water [mm] for entire sounding: 24.19
</PRE>
<P>Description of the 
<A HREF="/upperair/columns.html">data columns</A>
or <A HREF="/upperair/indices.html">sounding indices</A>.

<P>
<FORM>
<INPUT CLASS="button" TYPE="button" VALUE=" Close this window " 
 onClick="window.close();">
<INPUT CLASS="button" TYPE="button" VALUE=" Select another map " 
 onClick="window.blur();">
</FORM>
<HR SIZE="1">
<I>Interested in graduate studies in atmospheric science?
Check out our program at the
<a href="http://www.uwyo.edu/atsc/howtoapply/"
target=_top>University of Wyoming
</a></I>
<HR SIZE="1"><FONT SIZE="-1">
Questions about the weather data provided by this site can be
addressed to <A HREF="mailto:ldoolman@uwyo.edu">
Larry Oolman (ldoolman@uwyo.edu)</A></FONT>
<HR SIZE="1">
<SCRIPT TYPE="text/javascript">
<!--
window.focus();
// -->
</SCRIPT>
</BODY>
</HTML>
