2018-10-09 00
<HTML>
<TITLE>University of Wyoming - Radiosonde Data</TITLE>
<LINK REL="StyleSheet" HREF="/resources/select.css" TYPE="text/css">
<BODY BGCOLOR="white">
<H2>97180 WAAA Ujung Pandang Observations at 00Z 09 Oct 2018</H2>
<PRE>
-----------------------------------------------------------------------------
   PRES   HGHT   TEMP   DWPT   RELH   MIXR   DRCT   SKNT   THTA   THTE   THTV
    hPa     m      C      C      %    g/kg    deg   knot     K      K      K 
-----------------------------------------------------------------------------
 1009.0     14   23.4   17.4     69  12.54    120      2  295.8  332.1  298.0
 1008.0     23   27.0   12.0     39   8.81    119      2  299.5  325.6  301.1
 1003.0     67   26.4   11.4     39   8.50    117      3  299.3  324.6  300.8
 1000.0     94   26.2   11.2     39   8.42    115      4  299.4  324.4  300.9
  997.0    121   27.6   10.6     35   8.11    114      4  301.0  325.3  302.5
  977.0    299   26.5   10.1     36   7.98    110      6  301.7  325.7  303.1
  944.0    602   24.7    9.1     37   7.76    155      3  302.8  326.2  304.2
  925.0    781   23.6    8.6     38   7.63    200      4  303.4  326.6  304.8
  913.0    895   22.6    7.6     38   7.22    182      3  303.5  325.5  304.9
  912.0    904   22.6    7.3     37   7.08    180      3  303.6  325.2  304.9
  881.0   1203   21.5   -2.2     20   3.71    100      8  305.5  317.3  306.2
  855.0   1462   20.6  -10.4     11   2.04     75     11  307.2  313.9  307.6
  850.0   1512   20.4  -10.6     11   2.02     70     11  307.5  314.1  307.9
  822.0   1799   17.9   -1.8     26   4.09     40      7  307.9  320.9  308.6
  796.0   2074   15.6    6.6     55   7.74     47     10  308.2  332.1  309.6
  778.0   2268   16.0   -7.0     20   2.92     52     12  310.6  320.2  311.2
  730.0   2806   12.8    0.8     44   5.59     66     18  312.9  330.7  313.9
  724.0   2876   12.4    4.4     58   7.29     68     19  313.1  336.2  314.5
  703.0   3123   12.0    3.0     54   6.80     74     22  315.4  337.1  316.6
  700.0   3159   11.8    1.8     50   6.27     75     22  315.5  335.6  316.7
  664.0   3597    8.8   -4.8     38   4.07     90     22  316.9  330.3  317.7
  650.0   3774    7.6   -7.4     34   3.39    102     21  317.5  328.8  318.2
  640.0   3900    6.5   -6.2     40   3.79    110     20  317.7  330.3  318.5
  620.0   4160    4.4   -3.6     56   4.75     99     17  318.2  333.8  319.1
  595.0   4492    2.5   -5.5     56   4.27     85     14  319.7  333.8  320.5
  565.0   4910    0.0   -8.0     55   3.72     99     17  321.6  334.1  322.3
  552.0   5095   -0.8  -10.9     46   3.03    105     18  322.8  333.1  323.4
  512.0   5693   -3.3  -20.3     26   1.50     71     16  326.7  332.1  327.0
  500.0   5880   -4.3  -22.3     23   1.29     60     16  327.7  332.4  328.0
  492.0   6005   -5.3  -22.6     24   1.28     60     15  328.0  332.7  328.3
  440.0   6873  -12.3  -24.3     36   1.22     54     10  329.8  334.3  330.1
  429.0   7066  -11.5  -34.5     13   0.48     53      9  333.2  335.1  333.3
  405.0   7505  -14.0  -40.3      9   0.28     50      7  335.6  336.7  335.6
  400.0   7600  -14.5  -41.5      8   0.25     35      3  336.1  337.1  336.1
  395.0   7695  -14.9  -43.9      6   0.20    320      3  336.7  337.6  336.8
  390.0   7790  -15.6  -44.1      7   0.20    245      4  337.0  337.9  337.1
  374.0   8102  -17.9  -44.6      8   0.19    250      3  338.0  338.8  338.0
  359.0   8407  -20.2  -45.2      9   0.19    175      1  338.9  339.7  338.9
  351.0   8575  -21.5  -45.5     10   0.19    179      3  339.4  340.2  339.4
  343.0   8744  -22.1  -53.1      4   0.08    183      4  340.8  341.2  340.8
  305.0   9592  -29.7  -43.2     26   0.28    205     12  341.8  343.0  341.9
  304.0   9616  -29.9  -42.9     27   0.29    203     12  341.8  343.0  341.9
  300.0   9710  -30.5  -42.5     30   0.30    195     10  342.3  343.5  342.3
  292.0   9899  -32.1  -44.3     29   0.26    165      9  342.6  343.7  342.6
  257.0  10791  -39.9  -52.9     24   0.11    100      3  343.9  344.4  343.9
  250.0  10980  -41.5                         340      2  344.2         344.2
  246.0  11087  -42.3                         295      3  344.6         344.6
  200.0  12460  -52.5                         275     17  349.5         349.5
  170.0  13477  -61.3                         265     19  351.5         351.5
  150.0  14260  -68.1                         260     11  352.6         352.6
  126.0  15253  -75.8                         260      8  356.6         356.6
  119.0  15579  -78.4                         305      4  357.8         357.8
  113.0  15874  -80.7                          40      9  358.9         358.9
  100.0  16570  -86.1                          40     36  361.1         361.1
   97.0  16738  -86.1                          47     33  364.3         364.3
   96.0  16796  -83.3                          50     32  370.8         370.8
   95.2  16842  -81.1                          52     29  376.0         376.0
   91.0  17103  -75.7                          60     12  391.6         391.6
   88.7  17251  -72.7                         157      9  400.5         400.5
   87.0  17365  -73.2                         230      7  401.8         401.8
   82.0  17711  -74.6                         235      9  405.7         405.7
   78.0  18004  -75.8                         290      3  409.0         409.0
   77.8  18019  -75.9                         296      3  409.1         409.1
   74.0  18313  -73.1                          55      5  420.9         420.9
   73.2  18376  -72.5                          65      5  423.5         423.5
   70.0  18640  -73.3                         105      6  427.2         427.2
   64.0  19160  -74.0                          95     21  436.8         436.8
   60.0  19534  -74.5                          80     27  443.8         443.8
   51.4  20437  -70.9                          88     44  472.3         472.3
   50.0  20600  -69.9                          90     47  478.4         478.4
   49.0  20721  -68.8                          90     47  483.7         483.7
   46.2  21075  -65.7                          89     52  499.4         499.4
   42.9  21526  -65.5                          88     59  510.6         510.6
   40.2  21927  -59.7                          86     65  534.7         534.7
   37.0  22446  -59.2                          85     73  548.7         548.7
   36.7  22497  -59.2                          85     73  550.1         550.1
   36.1  22600  -59.1                          85     69  552.9         552.9
   34.1  22960  -55.5                          87     57  571.4         571.4
   30.0  23780  -53.7                          90     30  597.6         597.6
   28.8  24042  -54.3                          99     22  603.0         603.0
   28.0  24223  -53.7                         105     17  609.6         609.6
   27.8  24269  -53.5                         103     16  611.4         611.4
   26.2  24655  -47.3                          83      4  639.3         639.3
   26.0  24705  -47.5                          80      2  640.1         640.1
   25.0  24962  -48.7                         255     12  643.9         643.9
   23.0  25506  -51.3                         260     15  651.9         651.9
   22.1  25767  -52.5                         264     20  655.7         655.7
   21.0  26097  -52.8                         270     27  664.4         664.4
   20.1  26379  -53.1                         261     23  671.9         671.9
   20.0                                       260     23                     
</PRE><H3>Station information and sounding indices</H3><PRE>
                         Station identifier: WAAA
                             Station number: 97180
                           Observation time: 181009/0000
                           Station latitude: -5.06
                          Station longitude: 119.55
                          Station elevation: 14.0
                            Showalter index: 15.52
                               Lifted index: 9.23
    LIFT computed using virtual temperature: 9.02
                                SWEAT index: 38.00
                                    K index: 4.10
                         Cross totals index: -6.30
                      Vertical totals index: 24.70
                        Totals totals index: 18.40
      Convective Available Potential Energy: 0.00
             CAPE using virtual temperature: 0.00
                      Convective Inhibition: 0.00
             CINS using virtual temperature: 0.00
                     Bulk Richardson Number: 0.00
          Bulk Richardson Number using CAPV: 0.00
  Temp [K] of the Lifted Condensation Level: 280.00
Pres [hPa] of the Lifted Condensation Level: 774.42
     Mean mixed layer potential temperature: 301.23
              Mean mixed layer mixing ratio: 8.12
              1000 hPa to 500 hPa thickness: 5786.00
Precipitable water [mm] for entire sounding: 26.83
</PRE>
<P>Description of the 
<A HREF="/upperair/columns.html">data columns</A>
or <A HREF="/upperair/indices.html">sounding indices</A>.

<P>
<FORM>
<INPUT CLASS="button" TYPE="button" VALUE=" Close this window " 
 onClick="window.close();">
<INPUT CLASS="button" TYPE="button" VALUE=" Select another map " 
 onClick="window.blur();">
</FORM>
<HR SIZE="1">
<I>Interested in graduate studies in atmospheric science?
Check out our program at the
<a href="http://www.uwyo.edu/atsc/howtoapply/"
target=_top>University of Wyoming
</a></I>
<HR SIZE="1"><FONT SIZE="-1">
Questions about the weather data provided by this site can be
addressed to <A HREF="mailto:ldoolman@uwyo.edu">
Larry Oolman (ldoolman@uwyo.edu)</A></FONT>
<HR SIZE="1">
<SCRIPT TYPE="text/javascript">
<!--
window.focus();
// -->
</SCRIPT>
</BODY>
</HTML>
