2017-09-24 00
<HTML>
<TITLE>University of Wyoming - Radiosonde Data</TITLE>
<LINK REL="StyleSheet" HREF="/resources/select.css" TYPE="text/css">
<BODY BGCOLOR="white">
<H2>97180 WAAA Ujung Pandang Observations at 00Z 24 Sep 2017</H2>
<PRE>
-----------------------------------------------------------------------------
   PRES   HGHT   TEMP   DWPT   RELH   MIXR   DRCT   SKNT   THTA   THTE   THTV
    hPa     m      C      C      %    g/kg    deg   knot     K      K      K 
-----------------------------------------------------------------------------
 1010.0     14   25.2   23.2     89  18.10      0      0  297.5  350.1  300.7
 1000.0    101   24.8   20.4     77  15.33    110      4  297.9  342.6  300.7
  983.0    252   26.0   19.0     65  14.28    118      6  300.6  342.7  303.2
  978.0    297   25.8   18.6     65  13.97    120      6  300.8  342.1  303.4
  957.0    488   24.8   16.8     61  12.73     98      6  301.7  339.5  304.0
  945.0    599   24.9   16.5     59  12.62     85      6  302.9  340.5  305.2
  929.0    749   25.0   16.0     57  12.46     89      5  304.5  341.9  306.8
  925.0    787   24.6   15.6     57  12.19     90      5  304.5  341.1  306.7
  913.0    901   23.8   14.9     58  11.84     90      2  304.8  340.4  306.9
  882.0   1201   21.7   13.2     59  10.95    290      3  305.6  338.7  307.6
  853.0   1492   19.6   11.6     60  10.14    255      7  306.4  337.2  308.2
  850.0   1523   19.4   11.4     60  10.05    255      6  306.4  337.1  308.3
  795.0   2095   14.9   11.2     78  10.60    240      6  307.6  339.9  309.6
  777.0   2290   13.4   11.1     86  10.79    230      5  308.0  340.9  310.0
  767.0   2399   12.8   10.5     86  10.53    225      5  308.5  340.7  310.4
  740.0   2699   11.2    9.0     87   9.83     10      2  309.9  340.2  311.7
  700.0   3165    8.6    6.6     87   8.81     40     10  312.0  339.5  313.6
  689.0   3295    7.8    5.8     87   8.48     45     12  312.5  339.1  314.1
  628.0   4056    3.2    1.3     87   6.74     48     15  315.6  337.2  316.9
  619.0   4173    3.8   -2.2     65   5.29     48     15  317.6  334.8  318.6
  578.0   4727    0.0   -3.5     77   5.14     50     17  319.5  336.3  320.5
  547.0   5168   -0.9   -7.9     59   3.88     52     18  323.5  336.6  324.2
  500.0   5880   -5.5  -11.5     63   3.19     55     21  326.3  337.3  326.9
  481.0   6183   -7.7  -14.7     57   2.56     58     20  327.2  336.1  327.7
  475.0   6281   -7.7  -17.7     45   2.01     59     19  328.4  335.5  328.8
  462.0   6496   -9.1  -21.1     37   1.55     61     18  329.2  334.8  329.5
  453.0   6649   -9.9  -13.8     73   2.92     62     18  330.1  340.4  330.7
  446.0   6769  -10.9  -13.8     79   2.97     63     17  330.3  340.7  330.9
  443.0   6821  -11.1  -15.7     69   2.56     64     17  330.7  339.7  331.2
  437.0   6925  -11.5  -14.8     77   2.79     65     17  331.5  341.3  332.0
  436.0   6943  -11.1  -21.1     44   1.64     65     16  332.2  338.2  332.5
  434.0   6978  -11.1  -18.1     56   2.13     65     16  332.6  340.3  333.1
  430.0   7049  -11.3  -21.3     43   1.63     66     16  333.2  339.2  333.6
  424.0   7157  -12.1  -23.1     40   1.41     67     16  333.6  338.8  333.9
  420.0   7230  -12.9  -18.9     61   2.06     67     15  333.4  340.9  333.9
  405.0   7506  -15.1  -19.0     72   2.12     70     14  334.0  341.7  334.5
  400.0   7600  -15.9  -19.0     77   2.14     65     15  334.2  342.0  334.7
  398.0   7638  -16.3  -19.1     79   2.13     65     15  334.2  341.9  334.6
  386.0   7869  -17.9  -23.9     59   1.45     64     17  335.0  340.4  335.3
  377.0   8046  -19.1  -23.3     69   1.56     63     19  335.7  341.5  336.0
  372.0   8146  -18.9  -27.9     45   1.04     63     19  337.3  341.2  337.5
  349.0   8621  -22.5  -32.5     40   0.72     60     23  338.6  341.4  338.8
  345.0   8706  -23.1  -32.1     44   0.76     60     24  338.9  341.9  339.1
  343.0   8749  -23.5  -34.5     36   0.60     62     24  338.9  341.3  339.1
  342.0   8770  -23.5  -39.5     22   0.36     63     23  339.2  340.7  339.3
  323.0   9188  -26.7  -36.7     38   0.51     80     20  340.4  342.4  340.5
  318.0   9300  -27.4  -38.0     36   0.45     85     19  340.9  342.7  341.0
  300.0   9720  -30.1  -43.1     27   0.28     95     21  342.8  344.0  342.9
  289.0   9982  -32.1  -49.1     17   0.15     92     24  343.7  344.3  343.7
  280.0  10203  -33.5  -54.5     10   0.08     90     26  344.8  345.1  344.8
  276.0  10303  -34.3  -46.3     29   0.22     88     26  345.0  346.0  345.1
  251.0  10953  -40.1  -49.1     38   0.17     76     27  345.9  346.7  345.9
  250.0  10980  -40.3                          75     27  346.0         346.0
  205.0  12296  -51.5                          45     35  348.6         348.6
  200.0  12460  -52.9                          45     35  348.8         348.8
  150.0  14240  -68.7                          60     34  351.6         351.6
  146.0  14396  -70.0                          60     34  352.0         352.0
  113.0  15878  -82.5                          75     43  355.5         355.5
  112.0  15930  -82.9                          75     42  355.6         355.6
  110.0  16031  -80.3                          78     38  362.3         362.3
  107.0  16188  -76.7                          82     31  372.0         372.0
  101.0  16522  -75.0                          90     17  381.5         381.5
  100.0  16580  -74.7                          85     15  383.1         383.1
   97.6  16721  -75.7                          61      8  383.9         383.9
   96.0  16818  -74.0                          45      4  389.0         389.0
   93.9  16947  -71.7                         330     10  396.0         396.0
   92.0  17067  -72.1                         260     16  397.6         397.6
   74.0  18336  -76.2                         255     29  414.3         414.3
   71.0  18577  -77.0                         245     20  417.6         417.6
   70.0  18660  -77.3                         245     19  418.7         418.7
   69.5  18701  -77.7                         245     18  418.7         418.7
   64.2  19160  -70.9                         279     23  443.2         443.2
   64.0  19179  -70.9                         280     23  443.6         443.6
   55.1  20062  -70.7                         271     19  463.4         463.4
   53.4  20248  -68.3                         269     18  473.1         473.1
   50.0  20640  -68.5                         265     16  481.6         481.6
   45.0  21270  -68.7                         270     10  495.9         495.9
   41.0  21829  -67.3                          65      5  512.8         512.8
   40.5  21902  -67.1                          50      5  515.0         515.0
   39.0  22135  -64.3                           5      7  527.7         527.7
   37.0  22460  -60.4                          35      5  545.7         545.7
   35.2  22768  -56.7                          93     20  563.2         563.2
   35.0  22804  -56.5                         100     22  564.5         564.5
   33.2  23140  -55.1                          88     40  576.9         576.9
   32.0  23372  -56.5                          80     53  579.2         579.2
   30.1  23759  -58.9                          80     55  582.9         582.9
   30.0  23780  -58.5                          80     55  584.6         584.6
   28.0  24215  -57.9                          85     53  598.0         598.0
   24.7  25006  -56.7                          87     58  623.1         623.1
   21.0  26032  -57.2                          90     64  651.3         651.3
   20.0  26340  -57.3                          85     58  660.0         660.0
   18.9  26697  -57.5                          91     61  670.2         670.2
   17.2  27300  -55.3                         100     66  695.6         695.6
   17.0  27375  -55.0                         100     66  698.8         698.8
   15.0  28176  -52.0                         110     60  734.1         734.1
   14.8  28262  -51.7                                     738.0         738.0
</PRE><H3>Station information and sounding indices</H3><PRE>
                         Station identifier: WAAA
                             Station number: 97180
                           Observation time: 170924/0000
                           Station latitude: -5.06
                          Station longitude: 119.55
                          Station elevation: 14.0
                            Showalter index: 2.64
                               Lifted index: 0.47
    LIFT computed using virtual temperature: 0.19
                                SWEAT index: 169.80
                                    K index: 34.30
                         Cross totals index: 16.90
                      Vertical totals index: 24.90
                        Totals totals index: 41.80
      Convective Available Potential Energy: 9.88
             CAPE using virtual temperature: 22.71
                      Convective Inhibition: -226.55
             CINS using virtual temperature: -195.75
                           Equilibrum Level: 569.45
 Equilibrum Level using virtual temperature: 478.55
                   Level of Free Convection: 675.04
             LFCT using virtual temperature: 688.10
                     Bulk Richardson Number: 2.36
          Bulk Richardson Number using CAPV: 5.42
  Temp [K] of the Lifted Condensation Level: 290.78
Pres [hPa] of the Lifted Condensation Level: 896.60
     Mean mixed layer potential temperature: 300.01
              Mean mixed layer mixing ratio: 14.43
              1000 hPa to 500 hPa thickness: 5779.00
Precipitable water [mm] for entire sounding: 50.77
</PRE>
<P>Description of the 
<A HREF="/upperair/columns.html">data columns</A>
or <A HREF="/upperair/indices.html">sounding indices</A>.

<P>
<FORM>
<INPUT CLASS="button" TYPE="button" VALUE=" Close this window " 
 onClick="window.close();">
<INPUT CLASS="button" TYPE="button" VALUE=" Select another map " 
 onClick="window.blur();">
</FORM>
<HR SIZE="1">
<I>Interested in graduate studies in atmospheric science?
Check out our program at the
<a href="http://www.uwyo.edu/atsc/howtoapply/"
target=_top>University of Wyoming
</a></I>
<HR SIZE="1"><FONT SIZE="-1">
Questions about the weather data provided by this site can be
addressed to <A HREF="mailto:ldoolman@uwyo.edu">
Larry Oolman (ldoolman@uwyo.edu)</A></FONT>
<HR SIZE="1">
<SCRIPT TYPE="text/javascript">
<!--
window.focus();
// -->
</SCRIPT>
</BODY>
</HTML>
