2016-08-15 12
<HTML>
<TITLE>University of Wyoming - Radiosonde Data</TITLE>
<LINK REL="StyleSheet" HREF="/resources/select.css" TYPE="text/css">
<BODY BGCOLOR="white">
<H2>97180 WAAA Ujung Pandang Observations at 00Z 15 Aug 2016</H2>
<PRE>
-----------------------------------------------------------------------------
   PRES   HGHT   TEMP   DWPT   RELH   MIXR   DRCT   SKNT   THTA   THTE   THTV
    hPa     m      C      C      %    g/kg    deg   knot     K      K      K 
-----------------------------------------------------------------------------
 1010.0     14   25.2   20.7     76  15.47     95      4  297.5  342.5  300.3
 1009.0     22   24.8   18.8     69  13.72    100      4  297.2  337.1  299.6
 1003.0     72   26.4   19.4     65  14.35    130      4  299.3  341.4  301.9
 1000.0     97   26.8   19.8     66  14.76    145      4  299.9  343.4  302.6
  980.0    274   26.0   17.0     58  12.59    123      5  300.9  338.1  303.2
  977.0    301   25.8   17.0     58  12.60    120      5  300.9  338.2  303.2
  944.0    600   23.2   16.5     66  12.69     90     12  301.3  338.9  303.6
  934.0    693   22.4   16.4     69  12.72     85     14  301.4  339.1  303.7
  925.0    777   21.8   16.8     73  13.18     80     15  301.6  340.7  304.0
  858.0   1427   19.8    8.8     49   8.35     75     11  306.1  331.6  307.6
  851.0   1497   19.6    8.6     49   8.32     75     11  306.6  332.1  308.1
  850.0   1507   19.6    8.6     49   8.31     75     11  306.7  332.1  308.2
  822.0   1792   17.8    7.9     52   8.18     45      4  307.7  332.9  309.2
  793.0   2097   15.9    7.1     56   8.04    320      5  308.9  333.7  310.4
  739.0   2696   12.2    5.6     64   7.77    340      6  311.1  335.3  312.5
  726.0   2847   11.2    5.2     67   7.70    333      6  311.6  335.7  313.0
  713.0   2998   10.4    3.1     61   6.77    325      6  312.4  333.7  313.6
  706.0   3080   10.0    2.0     58   6.30    330      7  312.8  332.8  313.9
  700.0   3151    9.4    1.4     57   6.09    335      7  312.9  332.2  314.0
  686.0   3318    8.0    5.8     86   8.50    341      7  313.1  339.8  314.7
  663.0   3596    6.5    4.5     88   8.05    350      6  314.4  339.9  316.0
  616.0   4195    3.1    1.8     91   7.15    340      9  317.3  340.2  318.7
  593.0   4506    1.4    0.4     93   6.71    355      9  318.8  340.5  320.1
  575.0   4757    0.0   -0.7     95   6.36      4     12  319.9  340.7  321.2
  572.0   4799   -0.4   -0.9     96   6.29      5     12  320.0  340.5  321.2
  571.0   4813   -0.5   -1.0     96   6.27      7     12  320.0  340.4  321.2
  565.0   4897    0.0   -2.0     86   5.88     22     11  321.6  340.9  322.7
  554.0   5055    0.4   -7.6     55   3.92     49     10  323.8  337.1  324.6
  542.0   5231   -0.5  -15.5     31   2.12     79      9  324.8  332.2  325.2
  532.0   5379   -1.5  -16.5     31   1.99    105      8  325.3  332.4  325.7
  530.0   5409   -1.8  -15.2     35   2.22    110      8  325.4  333.1  325.8
  523.0   5515   -2.7  -10.7     54   3.25    109      9  325.5  336.6  326.1
  513.0   5667   -3.5  -16.5     36   2.06    107     10  326.3  333.6  326.7
  500.0   5870   -4.3  -18.3     33   1.82    105     11  327.7  334.2  328.1
  492.0   5994   -5.3  -18.6     34   1.80     90     11  328.0  334.4  328.3
  473.0   6295   -7.9  -19.3     39   1.76     65     15  328.5  334.9  328.9
  400.0   7580  -18.7  -22.4     73   1.59     80     24  330.6  336.4  330.9
  390.0   7768  -20.5  -22.8     82   1.58     76     25  330.6  336.4  331.0
  388.0   7806  -20.8  -22.8     84   1.58     75     25  330.7  336.4  331.0
  383.0   7902  -21.7  -22.9     90   1.59     82     28  330.8  336.6  331.1
  381.0   7941  -22.1  -23.0     92   1.59     84     29  330.8  336.5  331.1
  379.0   7979  -22.3  -23.7     88   1.50     87     30  331.0  336.5  331.3
  373.0   8097  -20.1  -29.7     42   0.88     95     33  335.4  338.8  335.6
  372.0   8117  -19.7  -30.7     37   0.80     95     33  336.2  339.3  336.4
  371.0   8137  -19.3  -40.3     14   0.31     95     33  337.0  338.2  337.1
  365.0   8258  -18.7  -37.7     17   0.41     93     34  339.4  341.0  339.4
  362.0   8320  -18.5  -41.5     11   0.28     92     34  340.4  341.6  340.5
  300.0   9690  -29.9  -42.9     27   0.29     75     40  343.1  344.3  343.2
  250.0  10960  -39.9  -49.9     34   0.16     65     53  346.6  347.3  346.6
  200.0  12440  -52.3                          55     63  349.8         349.8
  178.0  13169  -58.4                          60     72  351.7         351.7
  150.0  14240  -67.3                          65     76  354.0         354.0
  132.0  14993  -74.1                          65     66  355.0         355.0
  129.0  15129  -75.3                          66     65  355.2         355.2
  100.0  16570  -83.1                          80     54  366.9         366.9
   99.5  16598  -83.3                          80     54  367.1         367.1
   97.5  16712  -82.9                          80     51  370.0         370.0
   96.0  16800  -79.7                          80     48  377.9         377.9
   94.7  16878  -76.9                          77     41  384.8         384.8
   91.0  17110  -75.5                          70     22  392.1         392.1
   83.9  17585  -72.5                         113     27  407.3         407.3
   82.0  17720  -73.2                         125     29  408.7         408.7
   80.4  17836  -73.7                         113     28  409.8         409.8
   78.0  18016  -70.9                          95     26  419.2         419.2
   74.1  18321  -70.3                          97     22  426.7         426.7
   70.0  18660  -72.1                         100     18  429.8         429.8
   67.0  18913  -73.9                         110     12  431.4         431.4
   64.0  19178  -75.7                         140      9  433.0         433.0
   62.5  19315  -76.7                         145     11  433.8         433.8
   59.3  19616  -75.5                          96     19  443.1         443.1
   58.6  19685  -72.1                          85     20  452.2         452.2
   58.0  19746  -71.5                          75     22  454.9         454.9
   55.0  20060  -68.4                         130     19  468.9         468.9
   54.5  20114  -67.9                         132     20  471.3         471.3
   52.0  20395  -67.2                         140     27  479.2         479.2
   50.0  20630  -66.7                         125     28  485.9         485.9
   48.9  20765  -67.1                         114     26  488.0         488.0
   46.4  21085  -63.3                          89     23  504.6         504.6
   41.0  21850  -62.2                          30     14  525.4         525.4
   40.5  21925  -62.1                          20     12  527.5         527.5
   39.0  22161  -60.8                         350      5  536.5         536.5
   37.0  22490  -59.0                         210     11  549.2         549.2
   36.4  22592  -58.5                         235      8  553.1         553.1
   35.0  22842  -54.6                         295      1  569.6         569.6
   34.9  22860  -54.3                         295      2  570.8         570.8
   30.0  23830  -55.3                         290     33  593.3         593.3
   28.0  24269  -56.5                         285     38  601.7         601.7
   27.7  24337  -56.7                                     603.1         603.1
</PRE><H3>Station information and sounding indices</H3><PRE>
                         Station identifier: WAAA
                             Station number: 97180
                           Observation time: 160815/0000
                           Station latitude: -5.06
                          Station longitude: 119.55
                          Station elevation: 14.0
                            Showalter index: 6.03
                               Lifted index: 2.82
    LIFT computed using virtual temperature: 2.39
                                SWEAT index: 136.18
                                    K index: 24.50
                         Cross totals index: 12.90
                      Vertical totals index: 23.90
                        Totals totals index: 36.80
      Convective Available Potential Energy: 16.74
             CAPE using virtual temperature: 19.84
                      Convective Inhibition: -507.86
             CINS using virtual temperature: -433.55
                           Equilibrum Level: 376.68
 Equilibrum Level using virtual temperature: 376.50
                   Level of Free Convection: 415.57
             LFCT using virtual temperature: 418.52
                     Bulk Richardson Number: 3.67
          Bulk Richardson Number using CAPV: 4.35
  Temp [K] of the Lifted Condensation Level: 289.16
Pres [hPa] of the Lifted Condensation Level: 875.46
     Mean mixed layer potential temperature: 300.38
              Mean mixed layer mixing ratio: 13.28
              1000 hPa to 500 hPa thickness: 5773.00
Precipitable water [mm] for entire sounding: 45.81
</PRE>
<P>Description of the 
<A HREF="/upperair/columns.html">data columns</A>
or <A HREF="/upperair/indices.html">sounding indices</A>.

<P>
<FORM>
<INPUT CLASS="button" TYPE="button" VALUE=" Close this window " 
 onClick="window.close();">
<INPUT CLASS="button" TYPE="button" VALUE=" Select another map " 
 onClick="window.blur();">
</FORM>
<HR SIZE="1">
<I>Interested in graduate studies in atmospheric science?
Check out our program at the
<a href="http://www.uwyo.edu/atsc/howtoapply/"
target=_top>University of Wyoming
</a></I>
<HR SIZE="1"><FONT SIZE="-1">
Questions about the weather data provided by this site can be
addressed to <A HREF="mailto:ldoolman@uwyo.edu">
Larry Oolman (ldoolman@uwyo.edu)</A></FONT>
<HR SIZE="1">
<SCRIPT TYPE="text/javascript">
<!--
window.focus();
// -->
</SCRIPT>
</BODY>
</HTML>
