2018-09-10 12
<HTML>
<TITLE>University of Wyoming - Radiosonde Data</TITLE>
<LINK REL="StyleSheet" HREF="/resources/select.css" TYPE="text/css">
<BODY BGCOLOR="white">
<H2>97180 WAAA Ujung Pandang Observations at 00Z 10 Sep 2018</H2>
<PRE>
-----------------------------------------------------------------------------
   PRES   HGHT   TEMP   DWPT   RELH   MIXR   DRCT   SKNT   THTA   THTE   THTV
    hPa     m      C      C      %    g/kg    deg   knot     K      K      K 
-----------------------------------------------------------------------------
 1013.0     14   25.8   18.8     65  13.67      0      0  297.9  337.7  300.3
 1000.0    119   26.0   19.0     65  14.03    200      5  299.1  340.3  301.7
  990.0    208   25.4   18.4     65  13.64    183      5  299.4  339.5  301.9
  980.0    298   25.6   15.6     54  11.49    165      5  300.5  334.5  302.6
  948.0    592   26.4    6.4     28   6.40    107     16  304.2  323.8  305.3
  947.0    601   26.3    6.3     28   6.37    105     16  304.2  323.7  305.3
  925.0    808   24.6    4.6     27   5.78    100     19  304.5  322.3  305.5
  854.0   1496   18.4    1.4     32   4.98     86     22  305.0  320.5  305.9
  850.0   1536   18.0    2.0     34   5.23     85     22  305.0  321.2  305.9
  825.0   1791   16.6    0.6     34   4.87     85     21  306.1  321.3  307.0
  790.0   2160   15.2   -6.8     21   2.92     85     20  308.4  317.9  309.0
  783.0   2235   16.2   -6.8     20   2.95     85     20  310.3  319.9  310.9
  768.0   2399   15.2   -7.4     20   2.86     85     19  311.0  320.4  311.5
  737.0   2748   13.2   -8.8     21   2.68     76     14  312.4  321.3  312.9
  715.0   3001   11.3   -5.4     31   3.60     70     11  313.1  324.8  313.8
  700.0   3179   10.0   -3.0     40   4.40     80      9  313.5  327.8  314.4
  695.0   3238    9.6   -0.4     50   5.38     92      9  313.7  331.0  314.8
  690.0   3298    9.1   -0.5     51   5.40    105      8  313.8  331.1  314.8
  653.0   3751    5.2   -0.8     65   5.56     93     14  314.4  332.2  315.4
  640.0   3915    3.8   -3.2     60   4.74     88     16  314.6  330.0  315.5
  626.0   4094    3.2  -20.8     15   1.17     83     18  315.9  320.0  316.1
  621.0   4159    3.0  -24.0     12   0.89     81     19  316.4  319.6  316.6
  618.0   4198    2.6  -19.9     17   1.28     80     19  316.4  320.9  316.6
  609.0   4316    1.4   -7.6     51   3.56     85     21  316.3  328.1  317.0
  605.0   4369    1.0   -6.0     60   4.06     87     22  316.5  329.8  317.3
  584.0   4653    1.2  -22.8     15   1.05     99     27  319.9  323.7  320.1
  573.0   4805    0.1  -26.6     11   0.76    105     30  320.4  323.2  320.5
  572.0   4819    0.0  -27.0     11   0.74    105     30  320.4  323.1  320.6
  521.0   5558   -4.7  -37.7      6   0.29     84     25  323.4  324.5  323.5
  508.0   5756   -5.5  -30.5     12   0.60     78     24  324.8  327.1  324.9
  500.0   5880   -6.3  -19.3     35   1.67     75     23  325.3  331.2  325.6
  493.0   5990   -7.0  -18.0     41   1.89     70     23  325.8  332.4  326.1
  486.0   6101   -7.7  -16.7     48   2.14     73     23  326.2  333.8  326.6
  461.0   6510   -9.5  -29.5     18   0.72     84     24  328.9  331.7  329.1
  438.0   6903  -12.0  -32.0     17   0.60     95     25  330.6  332.9  330.7
  434.0   6973  -12.5  -32.5     17   0.58     94     26  330.9  333.1  331.0
  421.0   7204  -14.5  -25.5     39   1.15     93     29  331.2  335.4  331.4
  404.0   7515  -16.5  -26.5     42   1.09     91     33  332.5  336.6  332.7
  400.0   7590  -16.3  -29.3     32   0.85     90     34  333.7  337.0  333.9
  379.0   7995  -18.5  -39.5     14   0.33     90     33  336.0  337.3  336.1
  302.0   9653  -30.1  -48.1     16   0.16     90     31  342.2  342.9  342.2
  300.0   9700  -30.7  -46.7     19   0.19     90     31  342.0  342.8  342.0
  292.0   9890  -32.5  -46.5     23   0.20     85     31  342.1  343.0  342.2
  284.0  10084  -34.3  -46.3     29   0.21     81     31  342.2  343.1  342.3
  253.0  10879  -39.9  -52.9     24   0.11     62     29  345.4  345.9  345.4
  250.0  10960  -41.1                          60     29  344.8         344.8
  245.0  11094  -42.3                          60     31  345.0         345.0
  200.0  12440  -54.5                          70     38  346.3         346.3
  161.0  13775  -66.6                          85     38  348.1         348.1
  150.0  14210  -70.5                          85     40  348.5         348.5
  131.0  15000  -76.9                          85     47  350.8         350.8
  128.0  15134  -74.9                          88     45  356.7         356.7
  118.0  15604  -75.4                         100     37  364.2         364.2
  112.0  15905  -75.7                          90     21  369.1         369.1
  106.0  16223  -76.0                          50     11  374.4         374.4
  101.0  16503  -76.2                         355     12  379.1         379.1
  100.0  16560  -76.3                         350     13  380.1         380.1
   91.0  17098  -79.0                         295     12  385.1         385.1
   88.2  17276  -79.9                         265      8  386.7         386.7
   86.0  17421  -78.9                         225      8  391.5         391.5
   82.0  17695  -77.1                         110      6  400.5         400.5
   78.0  17983  -75.2                          80      9  410.2         410.2
   74.0  18286  -73.3                          75     16  420.6         420.6
   73.3  18340  -72.9                          79     17  422.5         422.5
   70.0  18610  -72.9                         100     22  428.1         428.1
   66.4  18919  -72.5                          97     32  435.5         435.5
   63.0  19230  -70.0                          95     41  447.6         447.6
   60.3  19490  -67.9                          80     38  457.9         457.9
   57.0  19825  -69.7                          60     35  461.2         461.2
   56.7  19856  -69.9                          63     35  461.5         461.5
   52.0  20375  -67.0                         105     40  479.8         479.8
   50.0  20610  -65.7                         100     45  488.2         488.2
   49.2  20708  -64.5                          98     46  493.3         493.3
   42.4  21618  -64.1                          83     57  515.7         515.7
   39.0  22137  -59.6                          75     63  539.6         539.6
   38.6  22201  -59.0                          75     63  542.6         542.6
   37.8  22331  -57.9                                     548.8         548.8
</PRE><H3>Station information and sounding indices</H3><PRE>
                         Station identifier: WAAA
                             Station number: 97180
                           Observation time: 180910/0000
                           Station latitude: -5.06
                          Station longitude: 119.55
                          Station elevation: 14.0
                            Showalter index: 9.51
                               Lifted index: 3.00
    LIFT computed using virtual temperature: 2.66
                                SWEAT index: 91.02
                                    K index: 13.30
                         Cross totals index: 8.30
                      Vertical totals index: 24.30
                        Totals totals index: 32.60
      Convective Available Potential Energy: 0.00
             CAPE using virtual temperature: 0.00
                      Convective Inhibition: 0.00
             CINS using virtual temperature: 0.00
                     Bulk Richardson Number: 0.00
          Bulk Richardson Number using CAPV: 0.00
  Temp [K] of the Lifted Condensation Level: 286.58
Pres [hPa] of the Lifted Condensation Level: 849.30
     Mean mixed layer potential temperature: 300.29
              Mean mixed layer mixing ratio: 11.80
              1000 hPa to 500 hPa thickness: 5761.00
Precipitable water [mm] for entire sounding: 25.30
</PRE>
<P>Description of the 
<A HREF="/upperair/columns.html">data columns</A>
or <A HREF="/upperair/indices.html">sounding indices</A>.

<P>
<FORM>
<INPUT CLASS="button" TYPE="button" VALUE=" Close this window " 
 onClick="window.close();">
<INPUT CLASS="button" TYPE="button" VALUE=" Select another map " 
 onClick="window.blur();">
</FORM>
<HR SIZE="1">
<I>Interested in graduate studies in atmospheric science?
Check out our program at the
<a href="http://www.uwyo.edu/atsc/howtoapply/"
target=_top>University of Wyoming
</a></I>
<HR SIZE="1"><FONT SIZE="-1">
Questions about the weather data provided by this site can be
addressed to <A HREF="mailto:ldoolman@uwyo.edu">
Larry Oolman (ldoolman@uwyo.edu)</A></FONT>
<HR SIZE="1">
<SCRIPT TYPE="text/javascript">
<!--
window.focus();
// -->
</SCRIPT>
</BODY>
</HTML>
