2017-12-25 12
<HTML>
<TITLE>University of Wyoming - Radiosonde Data</TITLE>
<LINK REL="StyleSheet" HREF="/resources/select.css" TYPE="text/css">
<BODY BGCOLOR="white">
<H2>97180 WAAA Ujung Pandang Observations at 00Z 25 Dec 2017</H2>
<PRE>
-----------------------------------------------------------------------------
   PRES   HGHT   TEMP   DWPT   RELH   MIXR   DRCT   SKNT   THTA   THTE   THTV
    hPa     m      C      C      %    g/kg    deg   knot     K      K      K 
-----------------------------------------------------------------------------
 1006.0     14   26.2   24.3     89  19.45    145      4  298.8  355.8  302.3
 1000.0     70   25.6   21.8     80  16.75     50      4  298.8  347.7  301.7
  990.0    158   26.2   21.3     74  16.40     27      6  300.2  348.5  303.1
  974.0    300   25.1   21.3     79  16.71    350      9  300.6  349.8  303.6
  942.0    592   23.0   21.4     91  17.36    327     10  301.2  352.6  304.4
  925.0    750   22.0   19.7     87  15.88    315     10  301.8  348.8  304.7
  878.0   1202   19.5   13.5     69  11.22    290     14  303.7  337.3  305.7
  877.0   1211   19.4   13.4     68  11.13    290     14  303.7  337.1  305.8
  850.0   1480   18.6    7.6     49   7.76    285     16  305.6  329.3  307.1
  842.0   1561   18.4    3.4     37   5.83    286     15  306.2  324.3  307.3
  832.0   1663   18.2   -0.8     28   4.36    287     14  307.1  320.8  307.9
  819.0   1798   17.2   -1.8     27   4.11    288     13  307.4  320.4  308.2
  818.0   1808   17.2   -2.8     25   3.82    289     13  307.5  319.7  308.2
  817.0   1819   17.2   -2.8     25   3.83    289     13  307.6  319.8  308.3
  815.0   1839   17.0    5.0     45   6.75    289     13  307.6  328.5  308.9
  814.0   1850   16.4   11.6     73  10.65    289     13  307.1  339.5  309.1
  763.0   2395   13.7    9.1     73   9.58    295      8  309.9  339.5  311.7
  700.0   3122   10.2    5.7     74   8.27    265     11  313.8  339.8  315.3
  671.0   3474    7.8    5.0     82   8.22    258     12  314.9  340.9  316.4
  661.0   3597    7.3    3.9     79   7.70    255     12  315.7  340.2  317.1
  592.0   4502    3.6   -4.4     56   4.69    285     11  321.5  337.1  322.4
  578.0   4696    2.4   -4.6     60   4.73    291     11  322.3  338.0  323.2
  531.0   5380    0.0  -13.0     37   2.66    314     10  327.3  336.6  327.8
  510.0   5702   -2.1  -13.1     43   2.76    325     10  328.6  338.2  329.1
  500.0   5860   -3.1  -13.1     46   2.80    325     11  329.2  339.0  329.8
  473.0   6297   -6.6  -16.6     45   2.23    335     12  330.2  338.1  330.6
  466.0   6414   -7.5  -17.5     45   2.09    345     12  330.4  337.9  330.8
  456.0   6583   -8.7  -21.7     34   1.49    359     12  331.0  336.4  331.3
  455.0   6600   -8.8  -21.6     35   1.50      0     12  331.0  336.5  331.3
  446.0   6755   -9.9  -20.9     40   1.63    358     12  331.6  337.5  331.9
  445.0   6772   -9.9  -17.9     52   2.11    358     11  331.8  339.4  332.2
  441.0   6842  -10.3  -19.3     48   1.89    358     11  332.1  339.0  332.5
  423.0   7163  -11.9  -21.9     43   1.57    354     10  334.1  339.9  334.4
  418.0   7254  -12.3  -18.3     61   2.18    353     10  334.7  342.6  335.1
  403.0   7533  -14.1  -23.1     46   1.49    351      9  335.9  341.4  336.2
  400.0   7590  -14.1  -22.1     51   1.64    350      9  336.6  342.6  336.9
  389.0   7801  -15.9  -19.2     76   2.17    340      7  336.9  344.8  337.4
  383.0   7918  -16.7  -19.5     79   2.14    360      7  337.4  345.2  337.8
  379.0   7997  -16.1  -23.1     55   1.58     13      7  339.2  345.1  339.5
  374.0   8096  -16.9  -23.8     55   1.51     30      7  339.4  345.0  339.7
  359.0   8400  -19.5  -25.9     57   1.30     30      4  340.0  344.9  340.2
  345.0   8696  -21.9  -27.9     58   1.12    350      6  340.5  344.8  340.7
  344.0   8718  -22.1  -28.1     58   1.11    351      6  340.5  344.8  340.8
  331.0   9000  -24.3  -27.6     74   1.20      0      6  341.3  345.9  341.5
  330.0   9022  -24.5  -27.6     75   1.21      5      6  341.3  345.9  341.6
  324.0   9155  -25.7  -27.9     82   1.20     37      5  341.4  346.1  341.7
  323.0   9178  -25.9  -27.8     84   1.21     43      5  341.5  346.1  341.7
  318.0   9291  -26.3  -34.3     47   0.66     70      5  342.4  345.1  342.6
  317.0   9313  -26.3  -36.3     38   0.54     71      5  342.8  344.9  342.9
  315.0   9359  -26.1  -39.1     28   0.41     73      6  343.7  345.4  343.7
  300.0   9710  -29.1  -41.1     30   0.35     90     11  344.2  345.7  344.3
  292.0   9901  -30.6  -42.9     29   0.30     95     12  344.7  346.0  344.8
  267.0  10534  -35.7  -48.7     25   0.17     98     19  346.3  347.0  346.3
  260.0  10719  -36.9  -48.9     28   0.17     99     21  347.1  347.9  347.2
  250.0  10990  -39.3  -44.1     60   0.31    100     24  347.5  348.8  347.6
  247.0  11072  -40.1  -44.1     65   0.31    100     24  347.5  348.8  347.6
  200.0  12470  -51.7                         105     24  350.7         350.7
  179.0  13164  -57.6                          95     22  352.4         352.4
  150.0  14270  -66.9                          95     19  354.6         354.6
  147.0  14387  -67.8                          95     19  355.2         355.2
  126.0  15276  -74.2                          80     20  359.6         359.6
  114.0  15854  -78.4                          60     25  362.2         362.2
  100.0  16610  -83.9                          75     28  365.4         365.4
   92.0  17070  -87.2                          70     36  367.6         367.6
   89.5  17222  -88.3                          65     40  368.4         368.4
   87.0  17377  -87.6                          60     39  372.8         372.8
   84.1  17563  -86.7                          71     28  378.2         378.2
   82.0  17703  -84.7                          80     20  385.1         385.1
   80.8  17785  -83.5                          58     17  389.1         389.1
   79.3  17891  -79.5                          30     14  399.5         399.5
   78.0  17986  -79.2                           5     11  402.1         402.1
   74.0  18287  -78.1                         305     12  410.4         410.4
   73.9  18295  -78.1                         304     12  410.6         410.6
   71.9  18454  -75.5                         292     16  419.3         419.3
   70.0  18610  -75.7                         280     20  422.1         422.1
   67.0  18861  -76.2                         255     24  426.4         426.4
   60.0  19495  -77.4                         185     19  437.2         437.2
   56.6  19830  -78.1                         155     12  443.1         443.1
   55.3  19962  -78.5                         142     10  445.1         445.1
   54.0  20101  -76.2                         130      7  453.4         453.4
   51.1  20421  -70.9                          91     13  473.1         473.1
   51.0  20433  -70.8                          90     13  473.5         473.5
   50.0  20550  -70.1                          90     12  477.9         477.9
   49.0  20672  -69.3                          90     11  482.6         482.6
   46.0  21052  -66.6                         110     11  497.8         497.8
   43.9  21333  -64.7                         105     18  509.2         509.2
   40.0  21899  -65.7                          95     33  520.4         520.4
   38.6  22116  -66.1                          93     35  524.7         524.7
   35.4  22644  -63.1                          89     39  545.6         545.6
   33.0  23074  -64.0                          85     42  554.4         554.4
   32.1  23244  -64.3                          85     46  557.9         557.9
   30.0  23660  -61.5                          85     57  576.4         576.4
   29.0  23871  -59.7                          86     60  587.0         587.0
   26.6  24411  -59.1                          89     68  603.3         603.3
   26.0  24554  -57.5                          90     70  611.7         611.7
   25.3  24727  -55.7                          91     70  621.7         621.7
   20.0  26230  -53.1                          95     72  672.9         672.9
   18.0  26909  -53.0                          85     73  693.9         693.9
   17.8  26981  -53.0                          85     73  696.1         696.1
   17.0  27277  -52.9                                     705.5         705.5
</PRE><H3>Station information and sounding indices</H3><PRE>
                         Station identifier: WAAA
                             Station number: 97180
                           Observation time: 171225/0000
                           Station latitude: -5.06
                          Station longitude: 119.55
                          Station elevation: 14.0
                            Showalter index: 8.55
                               Lifted index: 0.01
    LIFT computed using virtual temperature: -0.53
                                SWEAT index: 134.21
                                    K index: 24.80
                         Cross totals index: 10.70
                      Vertical totals index: 21.70
                        Totals totals index: 32.40
      Convective Available Potential Energy: 203.80
             CAPE using virtual temperature: 327.98
                      Convective Inhibition: -52.31
             CINS using virtual temperature: -17.51
                           Equilibrum Level: 237.19
 Equilibrum Level using virtual temperature: 237.01
                   Level of Free Convection: 745.91
             LFCT using virtual temperature: 881.00
                     Bulk Richardson Number: 18.59
          Bulk Richardson Number using CAPV: 29.91
  Temp [K] of the Lifted Condensation Level: 293.85
Pres [hPa] of the Lifted Condensation Level: 927.69
     Mean mixed layer potential temperature: 300.23
              Mean mixed layer mixing ratio: 16.89
              1000 hPa to 500 hPa thickness: 5790.00
Precipitable water [mm] for entire sounding: 50.40
</PRE>
<P>Description of the 
<A HREF="/upperair/columns.html">data columns</A>
or <A HREF="/upperair/indices.html">sounding indices</A>.

<P>
<FORM>
<INPUT CLASS="button" TYPE="button" VALUE=" Close this window " 
 onClick="window.close();">
<INPUT CLASS="button" TYPE="button" VALUE=" Select another map " 
 onClick="window.blur();">
</FORM>
<HR SIZE="1">
<I>Interested in graduate studies in atmospheric science?
Check out our program at the
<a href="http://www.uwyo.edu/atsc/howtoapply/"
target=_top>University of Wyoming
</a></I>
<HR SIZE="1"><FONT SIZE="-1">
Questions about the weather data provided by this site can be
addressed to <A HREF="mailto:ldoolman@uwyo.edu">
Larry Oolman (ldoolman@uwyo.edu)</A></FONT>
<HR SIZE="1">
<SCRIPT TYPE="text/javascript">
<!--
window.focus();
// -->
</SCRIPT>
</BODY>
</HTML>
