2016-02-07 00
<HTML>
<TITLE>University of Wyoming - Radiosonde Data</TITLE>
<LINK REL="StyleSheet" HREF="/resources/select.css" TYPE="text/css">
<BODY BGCOLOR="white">
<H2>97180 WAAA Ujung Pandang Observations at 00Z 07 Feb 2016</H2>
<PRE>
-----------------------------------------------------------------------------
   PRES   HGHT   TEMP   DWPT   RELH   MIXR   DRCT   SKNT   THTA   THTE   THTV
    hPa     m      C      C      %    g/kg    deg   knot     K      K      K 
-----------------------------------------------------------------------------
 1009.0     14   25.6   24.9     96  20.13      0      0  298.0  356.7  301.6
 1000.0     87   26.2   23.7     86  18.86     10      2  299.4  354.7  302.7
  989.0    185   26.8   23.9     84  19.31     10      5  300.9  357.9  304.4
  976.0    302   26.1   22.9     82  18.41     10      8  301.4  355.8  304.7
  925.0    775   23.4   18.9     76  15.09    350      8  303.2  348.2  306.0
  912.0    898   22.6   18.4     77  14.86    340      8  303.7  348.1  306.4
  868.0   1329   20.0   16.8     82  14.06    326      8  305.2  347.5  307.8
  850.0   1510   18.8   16.2     85  13.82    320      8  305.8  347.5  308.4
  794.0   2087   15.9   13.1     84  12.09    295      4  308.7  345.7  311.0
  766.0   2391   14.4   11.5     83  11.25    270      6  310.3  344.9  312.4
  739.0   2695   12.8    9.9     82  10.46    225      8  311.8  344.3  313.8
  701.0   3142   10.6    7.5     81   9.36    230     14  314.1  343.5  315.8
  700.0   3154   10.6    7.5     81   9.38    230     14  314.2  343.7  316.0
  639.0   3903    6.3    3.7     83   7.87    230     12  317.6  342.8  319.1
  616.0   4203    4.6    2.2     84   7.31    205     12  319.0  342.6  320.4
  594.0   4502    2.9    0.6     85   6.79    175     10  320.3  342.4  321.6
  559.0   5001    0.0   -1.9     87   5.99    171      8  322.5  342.3  323.7
  512.0   5701   -3.7   -4.7     93   5.29    165      6  326.2  344.0  327.3
  500.0   5890   -4.7   -5.5     94   5.11    140      8  327.2  344.5  328.3
  493.0   6000   -5.3   -6.1     94   4.94    120      8  327.8  344.6  328.8
  456.0   6608   -8.8   -9.6     94   4.07    150      4  330.8  344.9  331.6
  453.0   6659   -9.1   -9.9     94   4.00    159      4  331.1  345.0  331.9
  450.0   6710   -9.1  -12.7     75   3.22    167      4  331.7  343.0  332.4
  439.0   6900  -10.3  -13.0     81   3.21    200      4  332.5  343.9  333.2
  427.0   7113  -11.7  -13.4     87   3.21    198      6  333.4  344.8  334.1
  406.0   7497  -13.7  -18.7     66   2.16    195     10  335.6  343.5  336.1
  400.0   7610  -14.3  -20.3     60   1.92    200     10  336.3  343.4  336.7
  398.0   7648  -14.7  -19.7     66   2.03    202     10  336.3  343.7  336.7
  375.0   8092  -17.6  -21.8     70   1.80    230      8  338.2  344.9  338.6
  360.0   8396  -19.5  -23.2     73   1.65    215      8  339.6  345.8  339.9
  346.0   8692  -21.5  -24.6     76   1.52    175      8  340.9  346.6  341.2
  340.0   8823  -22.3  -25.2     77   1.46    178      7  341.4  347.0  341.7
  336.0   8909  -22.9  -31.9     44   0.79    180      7  341.8  344.9  341.9
  335.0   8931  -22.9  -25.3     81   1.47    180      6  342.0  347.6  342.3
  306.0   9587  -27.8  -31.9     68   0.86    195      2  344.1  347.5  344.3
  300.0   9730  -28.9  -33.4     65   0.77    225      2  344.5  347.6  344.7
  283.0  10146  -32.5  -39.5     50   0.44    185      2  345.2  347.0  345.2
  281.0  10195  -32.9  -39.6     51   0.44    180      2  345.3  347.1  345.4
  258.0  10790  -37.4  -41.3     67   0.40     90     12  347.1  348.8  347.2
  250.0  11010  -39.1  -41.9     75   0.39     80     12  347.8  349.4  347.9
  247.0  11092  -39.7  -42.7     73   0.36     80     12  348.1  349.6  348.2
  245.0  11147  -40.1  -43.3     71   0.34     81     12  348.3  349.8  348.4
  200.0  12490  -52.1                          95     17  350.1         350.1
  150.0  14290  -68.3                         115     25  352.2         352.2
  140.0  14694  -71.3                         110     31  353.9         353.9
  120.0  15597  -78.1                          80     45  357.5         357.5
  108.0  16200  -77.8                          55     23  369.0         369.0
  105.0  16361  -77.7                          62     18  372.1         372.1
  102.0  16527  -78.4                          70     12  373.9         373.9
  100.0  16640  -78.9                          90     12  375.0         375.0
   97.0  16812  -79.3                         110     14  377.5         377.5
   92.0  17110  -80.0                         115     10  381.8         381.8
   87.0  17424  -80.8                           5      8  386.4         386.4
   80.4  17869  -81.9                         250      4  393.0         393.0
   79.0  17968  -80.5                         265      8  398.0         398.0
   74.4  18309  -75.5                         254     16  415.2         415.2
   71.0  18578  -76.7                         245     23  418.2         418.2
   70.0  18660  -77.1                         240     21  419.1         419.1
   67.0  18911  -76.9                         220     14  424.7         424.7
   60.0  19544  -76.5                         280     12  439.2         439.2
   57.0  19838  -76.3                         275      8  446.2         446.2
   53.2  20233  -76.1                         238     13  455.6         455.6
   50.0  20590  -75.5                         205     17  465.2         465.2
   49.0  20710  -74.6                         195     17  470.0         470.0
   40.2  21887  -65.9                          58     19  519.1         519.1
   40.0  21917  -65.6                          55     19  520.6         520.6
   37.7  22281  -62.3                          49     14  537.9         537.9
   36.0  22567  -62.0                          45     10  545.9         545.9
   35.0  22742  -61.8                         115     10  550.8         550.8
   30.0  23700  -60.7                         110      6  578.6         578.6
   29.0  23911  -60.7                          80      4  584.3         584.3
   27.0  24356  -60.6                         105      6  596.6         596.6
   26.0  24591  -60.5                         340      8  603.2         603.2
   24.0  25089  -60.4                         265     17  617.5         617.5
   21.5  25774  -60.3                         236      5  637.6         637.6
   21.0  25922  -58.5                         230      2  647.4         647.4
   20.0  26230  -54.7                         255      6  668.0         668.0
   19.0  26557  -54.9                         185     10  677.3         677.3
   18.0  26902  -55.0                         215      8  687.3         687.3
   17.0  27266  -55.2                         285      4  698.0         698.0
   15.0  28064  -55.7                         300      6  722.0         722.0
   14.0  28504  -55.9                                     735.6         735.6
</PRE><H3>Station information and sounding indices</H3><PRE>
                         Station identifier: WAAA
                             Station number: 97180
                           Observation time: 160207/0000
                           Station latitude: -5.06
                          Station longitude: 119.55
                          Station elevation: 14.0
                            Showalter index: -0.72
                               Lifted index: -3.45
    LIFT computed using virtual temperature: -3.78
                                SWEAT index: 218.41
                                    K index: 36.60
                         Cross totals index: 20.90
                      Vertical totals index: 23.50
                        Totals totals index: 44.40
      Convective Available Potential Energy: 1356.38
             CAPE using virtual temperature: 1477.86
                      Convective Inhibition: -33.99
             CINS using virtual temperature: -20.16
                           Equilibrum Level: 132.76
 Equilibrum Level using virtual temperature: 132.35
                   Level of Free Convection: 851.79
             LFCT using virtual temperature: 871.40
                     Bulk Richardson Number: 155.73
          Bulk Richardson Number using CAPV: 169.67
  Temp [K] of the Lifted Condensation Level: 295.49
Pres [hPa] of the Lifted Condensation Level: 939.65
     Mean mixed layer potential temperature: 300.81
              Mean mixed layer mixing ratio: 18.50
              1000 hPa to 500 hPa thickness: 5803.00
Precipitable water [mm] for entire sounding: 63.70
</PRE>
<P>Description of the 
<A HREF="/upperair/columns.html">data columns</A>
or <A HREF="/upperair/indices.html">sounding indices</A>.

<P>
<FORM>
<INPUT CLASS="button" TYPE="button" VALUE=" Close this window " 
 onClick="window.close();">
<INPUT CLASS="button" TYPE="button" VALUE=" Select another map " 
 onClick="window.blur();">
</FORM>
<HR SIZE="1">
<I>Interested in graduate studies in atmospheric science?
Check out our program at the
<a href="http://www.uwyo.edu/atsc/howtoapply/"
target=_top>University of Wyoming
</a></I>
<HR SIZE="1"><FONT SIZE="-1">
Questions about the weather data provided by this site can be
addressed to <A HREF="mailto:ldoolman@uwyo.edu">
Larry Oolman (ldoolman@uwyo.edu)</A></FONT>
<HR SIZE="1">
<SCRIPT TYPE="text/javascript">
<!--
window.focus();
// -->
</SCRIPT>
</BODY>
</HTML>
