2016-04-17 00
<HTML>
<TITLE>University of Wyoming - Radiosonde Data</TITLE>
<LINK REL="StyleSheet" HREF="/resources/select.css" TYPE="text/css">
<BODY BGCOLOR="white">
<H2>97180 WAAA Ujung Pandang Observations at 00Z 17 Apr 2016</H2>
<PRE>
-----------------------------------------------------------------------------
   PRES   HGHT   TEMP   DWPT   RELH   MIXR   DRCT   SKNT   THTA   THTE   THTV
    hPa     m      C      C      %    g/kg    deg   knot     K      K      K 
-----------------------------------------------------------------------------
 1011.0     14   25.6   24.3     93  19.35      0      0  297.8  354.2  301.2
 1006.0     58   25.0   22.7     87  17.61     52      1  297.6  348.9  300.8
 1000.0    110   26.2   22.4     80  17.39    115      2  299.4  350.3  302.5
  995.0    154   27.0   22.0     74  17.05     98      2  300.6  350.8  303.6
  987.0    226   27.2   20.2     66  15.34     72      2  301.5  346.9  304.2
  979.0    297   26.8   19.8     66  15.08     45      2  301.8  346.5  304.5
  946.0    598   25.1   18.1     65  14.02     70      3  303.0  344.8  305.6
  925.0    795   24.0   17.0     65  13.35     70      6  303.8  343.8  306.3
  914.0    900   23.3   16.6     66  13.21     70      6  304.1  343.7  306.5
  883.0   1201   21.1   15.6     71  12.80    115      4  304.9  343.4  307.3
  853.0   1503   19.0   14.6     76  12.40    120      6  305.8  343.2  308.0
  850.0   1534   18.8   14.5     76  12.36    120      7  305.8  343.1  308.1
  829.0   1749   17.4   13.5     78  11.87    104      8  306.5  342.5  308.7
  824.0   1800   17.2   13.3     78  11.75    100      8  306.8  342.5  309.0
  768.0   2397   14.5   10.5     77  10.47    140      4  310.2  342.5  312.1
  741.0   2701   13.1    9.1     76   9.85    210      5  311.9  342.5  313.7
  727.0   2863   12.4    8.3     76   9.54    207      6  312.8  342.6  314.6
  715.0   3002   11.4    7.8     78   9.38    205      6  313.2  342.6  315.0
  700.0   3180   10.2    7.2     82   9.18    215      8  313.8  342.6  315.5
  665.0   3604    7.3    5.5     88   8.59    230      8  315.2  342.4  316.8
  649.0   3806    6.0    4.7     91   8.32    224      8  315.9  342.3  317.4
  596.0   4500    2.0   -0.3     85   6.32    205     10  318.9  339.5  320.2
  594.0   4527    1.8   -0.5     85   6.25    203     10  319.1  339.4  320.3
  574.0   4803    0.6   -4.1     71   4.93    180     11  320.8  337.1  321.8
  564.0   4944    0.0   -6.0     64   4.36    182     11  321.7  336.2  322.6
  553.0   5101   -1.0   -5.3     73   4.70    185     12  322.4  338.0  323.3
  532.0   5410   -2.9   -3.8     94   5.46    167      9  323.6  341.8  324.7
  513.0   5697   -4.3   -5.3     93   5.07    150      6  325.3  342.4  326.3
  500.0   5900   -5.3   -6.3     93   4.80    175      6  326.5  342.8  327.5
  494.0   5994   -5.9   -6.8     94   4.69    175      6  326.9  342.8  327.9
  478.0   6252   -7.5   -8.0     96   4.41    314      3  328.0  343.1  328.9
  475.0   6301   -7.9   -8.4     97   4.31    340      3  328.1  342.8  329.0
  457.0   6599  -10.4  -10.6     99   3.77     20      5  328.6  341.6  329.3
  451.0   6701  -11.3  -11.3    100   3.60     38      7  328.8  341.2  329.5
  450.0   6718  -11.5  -11.5    100   3.55     41      8  328.7  341.0  329.4
  446.0   6787  -10.3  -12.2     86   3.38     53      9  331.1  342.9  331.7
  439.0   6909  -10.1  -15.0     67   2.73     75     12  332.8  342.5  333.4
  423.0   7194  -11.7  -20.7     47   1.75     85     13  334.3  340.7  334.7
  420.0   7248  -12.1  -21.1     47   1.70     87     13  334.5  340.7  334.8
  419.0   7267  -12.1  -22.1     43   1.56     88     13  334.7  340.5  335.0
  417.0   7303  -11.9  -29.9     21   0.77     89     13  335.4  338.4  335.6
  409.0   7451  -12.9  -39.9      8   0.29     94     14  336.0  337.2  336.1
  405.0   7526  -13.1  -25.1     36   1.24     97     14  336.7  341.3  336.9
  400.0   7620  -13.9  -23.9     43   1.40    100     14  336.8  342.1  337.1
  383.0   7947  -16.7  -24.7     50   1.36    107     13  337.4  342.5  337.6
  375.0   8104  -18.3  -22.2     71   1.72    110     12  337.3  343.7  337.6
  372.0   8164  -18.9  -21.3     81   1.89    109     11  337.3  344.2  337.6
  360.0   8406  -20.2  -22.9     79   1.69    105      7  338.7  345.0  339.1
  346.0   8698  -21.7  -24.9     76   1.48     50      9  340.5  346.1  340.8
  341.0   8806  -22.3  -25.6     74   1.40     48     10  341.1  346.5  341.4
  301.0   9706  -29.3  -31.6     80   0.91     30     18  343.6  347.2  343.8
  300.0   9730  -29.5  -31.8     80   0.89     30     18  343.7  347.2  343.9
  281.0  10189  -33.0  -36.3     72   0.61     20     17  345.1  347.6  345.2
  258.0  10789  -37.6  -42.1     62   0.37     50     20  346.9  348.4  347.0
  250.0  11010  -39.3  -44.3     59   0.30     45     21  347.5  348.8  347.6
  247.0  11093  -40.1  -44.6     62   0.29     45     21  347.5  348.8  347.6
  200.0  12500  -52.3                          50     22  349.8         349.8
  197.0  12595  -53.0                          45     20  350.2         350.2
  188.0  12887  -55.0                          25     13  351.6         351.6
  179.0  13194  -57.2                          80      1  353.0         353.0
  171.0  13480  -59.3                         175      5  354.2         354.2
  155.0  14095  -63.6                         170     15  356.9         356.9
  150.0  14300  -65.1                         175     14  357.7         357.7
  148.0  14378  -65.6                         185     11  358.2         358.2
  140.0  14703  -67.9                         260     12  360.0         360.0
  134.0  14959  -69.6                         280     21  361.5         361.5
  103.0  16497  -80.1                         265     35  369.6         369.6
  100.0  16670  -81.3                         260     30  370.4         370.4
   93.0  17075  -82.5                         275     19  375.8         375.8
   83.0  17709  -84.4                         205     17  384.4         384.4
   80.5  17880  -84.9                         195     17  386.7         386.7
   75.0  18275  -83.0                         180     20  398.6         398.6
   71.0  18581  -81.5                         150      7  408.1         408.1
   70.0  18660  -81.1                         120      5  410.6         410.6
   67.0  18908  -80.1                          15      7  418.0         418.0
   64.0  19168  -79.0                         330      9  425.8         425.8
   62.1  19339  -78.3                         314      8  431.1         431.1
   58.3  19698  -79.1                         282      7  437.1         437.1
   57.0  19828  -78.5                         270      7  441.2         441.2
   54.0  20138  -77.2                          40      6  451.1         451.1
   50.8  20488  -75.7                          56     22  462.6         462.6
   50.0  20580  -74.7                          60     26  467.1         467.1
   49.7  20615  -72.7                          62     27  472.6         472.6
   46.9  20953  -73.7                          78     33  478.1         478.1
   44.0  21328  -71.4                          95     39  492.4         492.4
   42.4  21546  -70.1                          94     37  500.9         500.9
   41.6  21659  -69.5                          94     35  505.2         505.2
   40.7  21790  -64.5                          93     34  520.8         520.8
   39.1  22037  -61.1                          92     31  535.4         535.4
   36.0  22554  -59.0                          90     26  553.5         553.5
   33.0  23099  -56.9                          90     21  573.2         573.2
   32.0  23291  -56.1                          70     14  580.3         580.3
   30.0  23700  -56.3                           5      6  590.6         590.6
   29.0  23916  -56.0                         310     11  597.3         597.3
   26.2  24562  -54.9                         287     24  617.8         617.8
   26.0  24610  -55.2                         285     25  618.4         618.4
   24.2  25065  -57.9                         281     34  623.3         623.3
   24.0  25118  -57.8                         280     35  625.2         625.2
   21.9  25696  -56.1                         222     23  646.7         646.7
   21.0  25966  -53.5                         195     17  662.3         662.3
   20.0  26280  -50.5                         190      9  680.8         680.8
   19.0  26617  -47.9                         245     10  699.1         699.1
   18.8  26686  -47.3                         247     10  702.9         702.9
   15.7  27871  -49.7                         285     14  732.2         732.2
   15.0  28171  -47.8                         295     15  748.2         748.2
   14.9  28215  -47.5                         295     15  750.5         750.5
   14.0  28624  -48.4                         295     11  761.1         761.1
   13.0  29111  -49.4                         335      4  773.9         773.9
   12.7  29265  -49.7                                     778.0         778.0
</PRE><H3>Station information and sounding indices</H3><PRE>
                         Station identifier: WAAA
                             Station number: 97180
                           Observation time: 160417/0000
                           Station latitude: -5.06
                          Station longitude: 119.55
                          Station elevation: 14.0
                            Showalter index: 0.33
                               Lifted index: -1.36
    LIFT computed using virtual temperature: -1.52
                                SWEAT index: 193.99
                                    K index: 35.60
                         Cross totals index: 19.80
                      Vertical totals index: 24.10
                        Totals totals index: 43.90
      Convective Available Potential Energy: 185.25
             CAPE using virtual temperature: 225.57
                      Convective Inhibition: -154.82
             CINS using virtual temperature: -119.57
                           Equilibrum Level: 348.97
 Equilibrum Level using virtual temperature: 347.24
                   Level of Free Convection: 683.22
             LFCT using virtual temperature: 695.25
                     Bulk Richardson Number: 60.40
          Bulk Richardson Number using CAPV: 73.55
  Temp [K] of the Lifted Condensation Level: 292.39
Pres [hPa] of the Lifted Condensation Level: 903.93
     Mean mixed layer potential temperature: 300.96
              Mean mixed layer mixing ratio: 15.85
              1000 hPa to 500 hPa thickness: 5790.00
Precipitable water [mm] for entire sounding: 57.78
</PRE>
<P>Description of the 
<A HREF="/upperair/columns.html">data columns</A>
or <A HREF="/upperair/indices.html">sounding indices</A>.

<P>
<FORM>
<INPUT CLASS="button" TYPE="button" VALUE=" Close this window " 
 onClick="window.close();">
<INPUT CLASS="button" TYPE="button" VALUE=" Select another map " 
 onClick="window.blur();">
</FORM>
<HR SIZE="1">
<I>Interested in graduate studies in atmospheric science?
Check out our program at the
<a href="http://www.uwyo.edu/atsc/howtoapply/"
target=_top>University of Wyoming
</a></I>
<HR SIZE="1"><FONT SIZE="-1">
Questions about the weather data provided by this site can be
addressed to <A HREF="mailto:ldoolman@uwyo.edu">
Larry Oolman (ldoolman@uwyo.edu)</A></FONT>
<HR SIZE="1">
<SCRIPT TYPE="text/javascript">
<!--
window.focus();
// -->
</SCRIPT>
</BODY>
</HTML>
