2017-03-16 12
<HTML>
<TITLE>University of Wyoming - Radiosonde Data</TITLE>
<LINK REL="StyleSheet" HREF="/resources/select.css" TYPE="text/css">
<BODY BGCOLOR="white">
<H2>97180 WAAA Ujung Pandang Observations at 00Z 16 Mar 2017</H2>
<PRE>
-----------------------------------------------------------------------------
   PRES   HGHT   TEMP   DWPT   RELH   MIXR   DRCT   SKNT   THTA   THTE   THTV
    hPa     m      C      C      %    g/kg    deg   knot     K      K      K 
-----------------------------------------------------------------------------
 1010.0     14   25.4   23.9     91  18.90     85      4  297.7  352.7  301.1
 1000.0     97   26.2   21.3     74  16.23    115      5  299.4  346.9  302.3
  999.0    106   26.4   21.9     76  16.87    112      5  299.6  349.2  302.7
  977.0    303   25.2   20.6     75  15.90     35      1  300.4  347.2  303.2
  945.0    598   23.5   18.6     74  14.53    325      3  301.5  344.5  304.1
  925.0    787   22.4   17.4     73  13.70    325      4  302.2  342.9  304.7
  914.0    892   21.8   16.4     72  12.99    330      4  302.6  341.2  304.9
  895.0   1076   20.6   14.6     68  11.81    303      4  303.2  338.5  305.4
  882.0   1202   19.7   14.3     71  11.78    285      4  303.5  338.8  305.7
  850.0   1523   17.4   13.7     79  11.72    295      8  304.4  339.6  306.5
  845.0   1573   17.0   13.9     82  11.95    296      8  304.4  340.4  306.6
  774.0   2319   15.2    9.2     67   9.52    309     12  310.2  339.7  312.0
  700.0   3160    9.2    4.6     73   7.65    325     16  312.6  336.7  314.1
  688.0   3301    8.3    3.6     72   7.26    325     16  313.2  336.1  314.6
  617.0   4192    2.9   -2.6     67   5.13    335      9  316.9  333.6  317.9
  582.0   4670    0.0   -6.0     64   4.22    304     11  318.8  332.8  319.6
  572.0   4809   -0.2   -6.2     64   4.23    295     11  320.2  334.3  321.0
  556.0   5037   -0.5   -6.5     64   4.25    295     15  322.4  336.7  323.3
  551.0   5109   -0.9   -6.9     64   4.17    295     16  322.8  336.8  323.6
  532.0   5390   -2.3   -8.3     63   3.86    262     14  324.4  337.5  325.1
  514.0   5663   -5.1   -7.1     86   4.39    230     12  324.2  339.0  325.1
  511.0   5709   -5.3   -7.2     87   4.37    225     12  324.4  339.2  325.3
  500.0   5880   -6.3   -7.7     90   4.31    215      9  325.3  339.9  326.1
  438.0   6895  -12.7  -14.0     90   2.98    160     10  329.7  340.1  330.3
  400.0   7590  -17.1  -18.3     90   2.27    160      7  332.7  340.8  333.1
  391.0   7760  -18.3  -19.0     94   2.19    156      6  333.3  341.2  333.7
  389.0   7798  -18.5  -19.4     92   2.13    155      6  333.5  341.2  333.9
  357.0   8435  -21.9  -26.4     67   1.25    105      8  337.2  341.9  337.5
  318.0   9275  -28.5  -31.3     77   0.89     37     11  339.4  342.8  339.6
  317.0   9298  -28.7  -31.5     76   0.87     35     11  339.5  342.9  339.7
  304.0   9596  -30.8  -34.6     69   0.67     25     15  340.5  343.2  340.7
  300.0   9690  -31.5  -35.6     67   0.62     30     15  340.9  343.3  341.0
  277.0  10248  -35.9  -39.7     68   0.44     68     18  342.4  344.2  342.5
  267.0  10501  -38.1  -42.5     63   0.34     85     19  342.8  344.2  342.9
  259.0  10710  -39.9  -44.8     59   0.27     90     20  343.1  344.3  343.2
  250.0  10950  -41.9                          95     21  343.6         343.6
  224.0  11678  -48.3                         110     26  344.8         344.8
  200.0  12430  -54.9                          90     40  345.7         345.7
  179.0  13126  -60.9                          90     46  347.0         347.0
  177.0  13194  -61.4                          90     47  347.3         347.3
  150.0  14200  -68.7                          95     60  351.6         351.6
  147.0  14320  -69.9                          94     60  351.5         351.5
  138.0  14694  -70.6                          90     61  356.6         356.6
  126.0  15231  -71.7                          86     39  364.1         364.1
  112.0  15908  -76.3                          80     10  368.0         368.0
  107.0  16171  -78.1                         225      2  369.4         369.4
  101.0  16503  -80.3                         230     11  371.2         371.2
  100.0  16560  -80.7                         225     12  371.6         371.6
   96.0  16789  -81.4                         205     14  374.5         374.5
   86.0  17408  -83.4                         240     11  382.6         382.6
   85.3  17454  -83.5                         235     10  383.2         383.2
   83.2  17593  -83.7                         222      6  385.5         385.5
   82.0  17675  -82.0                         215      4  390.5         390.5
   79.4  17857  -78.3                         212      7  401.8         401.8
   75.4  18154  -76.9                         207     12  410.7         410.7
   74.0  18262  -77.8                         205     14  411.0         411.0
   72.1  18411  -79.1                         193     14  411.4         411.4
   70.0  18580  -79.3                         180     14  414.4         414.4
   67.9  18752  -79.5                         137     15  417.6         417.6
   64.3  19064  -74.3                          59     16  435.6         435.6
   63.0  19185  -73.4                          30     17  440.1         440.1
   60.0  19473  -71.2                          60      2  451.1         451.1
   57.0  19776  -68.9                         205      9  463.0         463.0
   55.2  19966  -67.5                         222     10  470.5         470.5
   51.0  20440  -67.9                         264     14  480.3         480.3
   50.0  20560  -64.7                         275     15  490.6         490.6
   49.9  20572  -64.5                         276     16  491.4         491.4
   49.0  20683  -64.5                         285     21  493.8         493.8
   45.1  21190  -64.7                         253     25  505.3         505.3
   42.0  21621  -67.9                         225     29  507.8         507.8
   41.6  21679  -68.3                         221     27  508.1         508.1
   38.0  22224  -67.3                         180     12  524.0         524.0
   36.1  22533  -66.7                         194      8  533.3         533.3
   36.0  22550  -66.6                         195      8  534.0         534.0
   35.0  22723  -65.6                         230     13  541.0         541.0
   31.0  23469  -61.1                         225     16  572.1         572.1
   30.0  23670  -59.9                         195     13  580.8         580.8
   29.9  23691  -59.5                         193     13  582.4         582.4
   27.2  24283  -59.3                         125      9  598.9         598.9
   27.0  24329  -59.1                         120      9  600.8         600.8
   26.0  24569  -58.0                          60     11  610.4         610.4
   25.0  24817  -56.9                           0     13  620.5         620.5
   24.0  25076  -55.7                         350     13  631.2         631.2
   22.1  25599  -53.3                           9      7  653.4         653.4
   22.0  25629  -53.4                          10      7  654.1         654.1
   20.0  26240  -54.3                          80     17  669.2         669.2
   19.5  26402  -54.5                          78     16  673.5         673.5
   18.0  26918  -53.2                          70     13  693.0         693.0
   16.0  27678  -51.4                          30     25  722.7         722.7
   15.9  27718  -51.3                                     724.4         724.4
</PRE><H3>Station information and sounding indices</H3><PRE>
                         Station identifier: WAAA
                             Station number: 97180
                           Observation time: 170316/0000
                           Station latitude: -5.06
                          Station longitude: 119.55
                          Station elevation: 14.0
                            Showalter index: 0.77
                               Lifted index: -2.35
    LIFT computed using virtual temperature: -2.59
                                SWEAT index: 189.40
                                    K index: 32.80
                         Cross totals index: 20.00
                      Vertical totals index: 23.70
                        Totals totals index: 43.70
      Convective Available Potential Energy: 666.36
             CAPE using virtual temperature: 751.17
                      Convective Inhibition: -90.05
             CINS using virtual temperature: -33.09
                           Equilibrum Level: 177.24
 Equilibrum Level using virtual temperature: 177.32
                   Level of Free Convection: 719.31
             LFCT using virtual temperature: 854.29
                     Bulk Richardson Number: 56.68
          Bulk Richardson Number using CAPV: 63.90
  Temp [K] of the Lifted Condensation Level: 293.05
Pres [hPa] of the Lifted Condensation Level: 920.80
     Mean mixed layer potential temperature: 300.05
              Mean mixed layer mixing ratio: 16.20
              1000 hPa to 500 hPa thickness: 5783.00
Precipitable water [mm] for entire sounding: 53.07
</PRE>
<P>Description of the 
<A HREF="/upperair/columns.html">data columns</A>
or <A HREF="/upperair/indices.html">sounding indices</A>.

<P>
<FORM>
<INPUT CLASS="button" TYPE="button" VALUE=" Close this window " 
 onClick="window.close();">
<INPUT CLASS="button" TYPE="button" VALUE=" Select another map " 
 onClick="window.blur();">
</FORM>
<HR SIZE="1">
<I>Interested in graduate studies in atmospheric science?
Check out our program at the
<a href="http://www.uwyo.edu/atsc/howtoapply/"
target=_top>University of Wyoming
</a></I>
<HR SIZE="1"><FONT SIZE="-1">
Questions about the weather data provided by this site can be
addressed to <A HREF="mailto:ldoolman@uwyo.edu">
Larry Oolman (ldoolman@uwyo.edu)</A></FONT>
<HR SIZE="1">
<SCRIPT TYPE="text/javascript">
<!--
window.focus();
// -->
</SCRIPT>
</BODY>
</HTML>
