2016-07-06 12
<HTML>
<TITLE>University of Wyoming - Radiosonde Data</TITLE>
<LINK REL="StyleSheet" HREF="/resources/select.css" TYPE="text/css">
<BODY BGCOLOR="white">
<H2>97180 WAAA Ujung Pandang Observations at 00Z 06 Jul 2016</H2>
<PRE>
-----------------------------------------------------------------------------
   PRES   HGHT   TEMP   DWPT   RELH   MIXR   DRCT   SKNT   THTA   THTE   THTV
    hPa     m      C      C      %    g/kg    deg   knot     K      K      K 
-----------------------------------------------------------------------------
 1013.0     14   24.0   21.7     87  16.43      0      0  296.1  343.5  299.0
 1011.0     31   24.6   19.7     74  14.51     17      1  296.8  338.9  299.4
 1008.0     56   25.2   19.2     69  14.09     42      3  297.7  338.7  300.2
 1000.0    125   25.6   19.6     69  14.57    110      7  298.8  341.4  301.4
  986.0    249   25.2   18.2     65  13.52    117      9  299.6  339.3  302.0
  981.0    294   24.9   17.8     64  13.23    120     10  299.7  338.7  302.1
  948.0    594   23.2   15.0     60  11.43     90     11  300.9  334.8  303.0
  925.0    809   22.0   13.0     57  10.27     90     14  301.8  332.4  303.7
  916.0    894   21.6   11.6     53   9.45     93     13  302.2  330.5  303.9
  861.0   1432   18.0   12.0     68  10.33    112     10  303.9  334.9  305.8
  859.0   1452   17.8   11.8     68  10.22    113      9  303.9  334.6  305.7
  854.0   1502   18.1   11.6     66  10.13    115      9  304.7  335.3  306.6
  850.0   1543   18.4   11.4     64  10.05    115      8  305.4  335.9  307.2
  844.0   1604   19.0    4.0     37   6.07    119      8  306.7  325.5  307.8
  839.0   1654   19.6    2.6     32   5.53    122      8  307.8  325.1  308.8
  829.0   1757   18.4    6.4     45   7.32    128      7  307.6  330.2  309.0
  825.0   1798   18.2    4.9     41   6.62    130      7  307.9  328.4  309.1
  794.0   2123   17.0   -7.0     19   2.86    119     11  309.9  319.3  310.4
  755.0   2548   14.6  -18.4      9   1.19    105     15  311.8  315.9  312.0
  741.0   2704   13.5  -16.5     11   1.43    100     17  312.3  317.2  312.6
  700.0   3178   10.2  -10.8     22   2.41    105     14  313.8  321.8  314.2
  690.0   3297    9.1  -11.0     23   2.41    105     14  313.9  321.9  314.3
  667.0   3577    6.6  -11.4     26   2.41     87     15  314.1  322.1  314.5
  665.0   3602    6.5  -11.2     27   2.45     85     15  314.2  322.4  314.6
  654.0   3739    5.6  -10.4     31   2.66     87     14  314.7  323.6  315.2
  641.0   3903    6.4  -12.8     24   2.23     90     13  317.4  325.0  317.9
  638.0   3942    6.6  -13.4     22   2.14     86     12  318.1  325.4  318.5
  596.0   4494    3.5  -23.1     12   1.01     25      3  320.7  324.4  320.9
  574.0   4799    1.8  -28.4      9   0.64    115      5  322.2  324.6  322.3
  553.0   5101    0.1  -33.7      6   0.40    100      3  323.6  325.2  323.7
  552.0   5116    0.0  -34.0      6   0.39    100      3  323.7  325.2  323.8
  533.0   5393   -2.0  -32.5      8   0.47    110      2  324.5  326.3  324.6
  512.0   5712   -4.3  -30.7     11   0.58     75      3  325.5  327.7  325.6
  500.0   5900   -5.7  -29.7     13   0.66     80      7  326.0  328.5  326.1
  480.0   6218   -7.1  -36.1      8   0.37     84     10  328.1  329.6  328.2
  475.0   6299   -7.6  -39.1      6   0.27     85     11  328.5  329.6  328.5
  472.0   6348   -7.9  -40.9      5   0.23     82     11  328.7  329.6  328.8
  467.0   6430   -8.5  -29.5     17   0.72     76     10  329.0  331.7  329.1
  457.0   6597   -9.9  -25.4     27   1.06     65      8  329.3  333.2  329.5
  447.0   6767  -11.3  -21.3     43   1.57     68      9  329.6  335.3  329.9
  446.0   6784  -11.5  -20.5     47   1.69     69      9  329.5  335.6  329.9
  437.0   6940  -11.1  -30.1     19   0.72     72      9  332.0  334.7  332.1
  400.0   7610  -15.9  -36.9     15   0.41     85     11  334.2  335.9  334.3
  392.0   7762  -17.1  -37.1     16   0.41     88     11  334.6  336.2  334.7
  364.0   8315  -19.9  -44.9      9   0.19     98     10  338.0  338.8  338.1
  360.0   8395  -20.5  -45.2      9   0.19    100     10  338.3  339.1  338.3
  318.0   9297  -27.3  -48.1     12   0.15     70      7  341.1  341.7  341.1
  305.0   9600  -29.6  -49.1     13   0.14     50      8  341.9  342.6  342.0
  300.0   9720  -30.5  -49.5     14   0.14     55      8  342.3  342.9  342.3
  280.0  10207  -33.3  -56.3      8   0.07     53     11  345.1  345.4  345.1
  257.0  10800  -38.7  -57.6     12   0.06     50     15  345.7  346.0  345.7
  252.0  10936  -39.9  -57.9     13   0.06     54     15  345.8  346.1  345.8
  250.0  10990  -40.5                          55     15  345.7         345.7
  200.0  12470  -53.5                          50     34  347.9         347.9
  180.0  13136  -59.3                          47     36  349.1         349.1
  170.0  13490  -60.7                          45     37  352.5         352.5
  158.0  13943  -62.5                          38     16  356.9         356.9
  154.0  14099  -64.0                          35      9  357.0         357.0
  150.0  14260  -65.5                           5      5  357.1         357.1
  147.0  14380  -66.5                         345      2  357.4         357.4
  140.0  14671  -68.9                         275      4  358.2         358.2
  133.0  14977  -71.4                         290     11  359.0         359.0
  128.0  15205  -73.3                         281     11  359.6         359.6
  120.0  15575  -75.3                         265     11  362.6         362.6
  108.0  16179  -78.5                         175     10  367.6         367.6
  102.0  16506  -80.3                         170     11  370.2         370.2
  100.0  16620  -80.9                         165      9  371.2         371.2
   97.5  16763  -82.1                         140      5  371.5         371.5
   97.0  16792  -82.0                         135      5  372.3         372.3
   92.0  17093  -80.9                          65      9  380.1         380.1
   87.0  17410  -79.7                         290      7  388.6         388.6
   83.0  17678  -78.7                         255     12  395.9         395.9
   80.5  17852  -78.1                         213     12  400.7         400.7
   78.0  18032  -79.1                         170     11  402.2         402.2
   75.0  18256  -80.3                         137      9  404.2         404.2
   71.0  18569  -78.1                          90      7  415.4         415.4
   70.0  18650  -77.5                          75      7  418.3         418.3
   67.0  18901  -77.0                          75     14  424.6         424.6
   64.0  19164  -76.5                          95     26  431.4         431.4
   63.1  19246  -76.3                          95     28  433.5         433.5
   59.5  19588  -71.7                          93     36  451.1         451.1
   55.0  20052  -70.8                          90     47  463.4         463.4
   54.3  20128  -70.7                          90     47  465.4         465.4
   50.0  20620  -67.7                          90     47  483.5         483.5
   47.0  20994  -64.9                          95     52  498.9         498.9
   46.2  21098  -64.1                          96     48  503.2         503.2
   44.7  21302  -59.7                          98     41  518.7         518.7
   43.0  21544  -59.2                         100     33  525.8         525.8
   42.2  21661  -58.9                          90     26  529.3         529.3
   41.0  21843  -56.8                          75     15  538.8         538.8
   39.7  22047  -54.5                           4     11  549.7         549.7
   39.0  22159  -54.8                         325      9  551.8         551.8
   35.0  22845  -56.2                         260     19  565.2         565.2
   32.0  23413  -57.5                         230     23  576.6         576.6
   30.0  23820  -56.9                         270     14  588.9         588.9
   29.2  23991  -57.1                         274     17  593.0         593.0
   29.0  24035  -56.7                         275     18  595.2         595.2
   27.2  24443  -52.9                         271     17  616.9         616.9
   25.5  24860  -50.9                         266     16  634.0         634.0
   25.0  24988  -51.1                         265     16  637.1         637.1
   24.0  25252  -51.5                         290     23  643.4         643.4
   20.0  26430  -53.3                         270     37  672.3         672.3
   19.5  26593  -54.1                         268     37  674.7         674.7
   18.0  27108  -53.4                         260     37  692.6         692.6
   15.6  28030  -52.1                         236     21  725.7         725.7
   15.0  28286  -50.6                         230     16  738.7         738.7
   14.1  28690  -48.3                         258     19  759.8         759.8
   13.0  29225  -47.9                         295     22  779.1         779.1
   12.6  29431  -47.7                                     786.7         786.7
</PRE><H3>Station information and sounding indices</H3><PRE>
                         Station identifier: WAAA
                             Station number: 97180
                           Observation time: 160706/0000
                           Station latitude: -5.06
                          Station longitude: 119.55
                          Station elevation: 14.0
                            Showalter index: 2.95
                               Lifted index: 1.75
    LIFT computed using virtual temperature: 1.14
                                SWEAT index: 159.80
                                    K index: 14.50
                         Cross totals index: 17.10
                      Vertical totals index: 24.10
                        Totals totals index: 41.20
      Convective Available Potential Energy: 0.00
             CAPE using virtual temperature: 0.00
                      Convective Inhibition: 0.00
             CINS using virtual temperature: 0.00
                     Bulk Richardson Number: 0.00
          Bulk Richardson Number using CAPV: 0.00
  Temp [K] of the Lifted Condensation Level: 289.63
Pres [hPa] of the Lifted Condensation Level: 891.52
     Mean mixed layer potential temperature: 299.31
              Mean mixed layer mixing ratio: 13.45
              1000 hPa to 500 hPa thickness: 5775.00
Precipitable water [mm] for entire sounding: 27.69
</PRE>
<P>Description of the 
<A HREF="/upperair/columns.html">data columns</A>
or <A HREF="/upperair/indices.html">sounding indices</A>.

<P>
<FORM>
<INPUT CLASS="button" TYPE="button" VALUE=" Close this window " 
 onClick="window.close();">
<INPUT CLASS="button" TYPE="button" VALUE=" Select another map " 
 onClick="window.blur();">
</FORM>
<HR SIZE="1">
<I>Interested in graduate studies in atmospheric science?
Check out our program at the
<a href="http://www.uwyo.edu/atsc/howtoapply/"
target=_top>University of Wyoming
</a></I>
<HR SIZE="1"><FONT SIZE="-1">
Questions about the weather data provided by this site can be
addressed to <A HREF="mailto:ldoolman@uwyo.edu">
Larry Oolman (ldoolman@uwyo.edu)</A></FONT>
<HR SIZE="1">
<SCRIPT TYPE="text/javascript">
<!--
window.focus();
// -->
</SCRIPT>
</BODY>
</HTML>
