2018-10-02 12
<HTML>
<TITLE>University of Wyoming - Radiosonde Data</TITLE>
<LINK REL="StyleSheet" HREF="/resources/select.css" TYPE="text/css">
<BODY BGCOLOR="white">
<H2>97180 WAAA Ujung Pandang Observations at 00Z 02 Oct 2018</H2>
<PRE>
-----------------------------------------------------------------------------
   PRES   HGHT   TEMP   DWPT   RELH   MIXR   DRCT   SKNT   THTA   THTE   THTV
    hPa     m      C      C      %    g/kg    deg   knot     K      K      K 
-----------------------------------------------------------------------------
 1010.0     14   25.2   19.2     69  14.06    230      4  297.5  338.4  300.0
 1009.0     23   26.0   13.0     45   9.41    214      4  298.4  326.1  300.1
 1008.0     31   26.8   13.8     45   9.93    197      4  299.3  328.6  301.1
 1000.0    101   26.6   14.6     48  10.55     65      2  299.8  330.9  301.6
  993.0    163   27.2   13.2     42   9.69     67      3  300.9  329.8  302.7
  978.0    298   26.6   11.5     39   8.77     70      4  301.6  327.9  303.2
  945.0    601   25.2    7.6     33   6.97    100     12  303.2  324.4  304.5
  940.0    648   25.0    7.0     32   6.73    101     13  303.5  324.0  304.7
  925.0    789   23.8    5.8     31   6.29    105     17  303.6  322.9  304.8
  882.0   1198   20.3    7.4     43   7.36    100     11  304.2  326.6  305.5
  850.0   1516   17.6    8.6     56   8.31     80     10  304.6  329.8  306.1
  845.0   1566   17.2    9.2     59   8.71     75     10  304.7  331.1  306.3
  823.0   1791   15.6    9.6     67   9.20     55      9  305.3  333.2  307.0
  794.0   2095   14.2    4.5     52   6.71     85      4  306.9  327.6  308.1
  791.0   2127   14.0    4.0     51   6.48     83      4  307.0  327.1  308.2
  769.0   2365   14.2   -0.8     36   4.72     67      3  309.7  324.7  310.6
  766.0   2398   14.0   -1.2     35   4.59     65      3  309.9  324.5  310.8
  739.0   2699   12.6   -5.0     29   3.60     70      7  311.5  323.2  312.2
  713.0   2999   11.1   -8.7     24   2.80    100      8  313.1  322.4  313.7
  700.0   3153   10.4  -10.6     22   2.45    120      8  314.0  322.1  314.4
  697.0   3189   10.2  -10.8     22   2.42    126      9  314.1  322.2  314.6
  688.0   3296   10.2  -13.8     17   1.93    145     13  315.3  321.9  315.7
  679.0   3406   10.2  -16.8     13   1.52    147     13  316.5  321.8  316.8
  616.0   4202    4.2  -22.0     13   1.07    160      9  318.6  322.4  318.8
  596.0   4471    2.2  -23.8     13   0.94    109      8  319.2  322.6  319.4
  572.0   4801    0.7  -30.9      7   0.51     45      6  321.2  323.1  321.3
  562.0   4943    0.0  -34.0      6   0.39     59      8  322.0  323.5  322.1
  551.0   5100   -0.6  -36.2      5   0.32     75     10  323.1  324.3  323.2
  507.0   5760   -3.3  -45.3      2   0.13     84     23  327.6  328.2  327.7
  500.0   5870   -3.9  -43.9      3   0.16     85     25  328.2  328.9  328.2
  473.0   6300   -6.3  -45.0      3   0.15     85     24  330.5  331.1  330.5
  421.0   7202  -11.3  -47.3      3   0.13     85     12  335.3  335.8  335.3
  400.0   7590  -14.3  -48.3      4   0.12    100     12  336.3  336.8  336.3
  389.0   7798  -16.1  -47.4      5   0.14    100     14  336.6  337.2  336.6
  361.0   8357  -21.1  -45.1     10   0.19     94     20  337.2  338.0  337.3
  345.0   8687  -23.0  -48.4      8   0.14     90     23  339.1  339.7  339.1
  318.0   9282  -26.3  -54.3      5   0.08     90     14  342.4  342.8  342.5
  300.0   9700  -29.3  -54.3      7   0.08     90      8  344.0  344.3  344.0
  279.0  10206  -33.9  -54.2     11   0.09    100     11  344.6  344.9  344.6
  253.0  10889  -40.1  -54.1     21   0.10     47     23  345.1  345.6  345.1
  250.0  10970  -40.7                          40     24  345.4         345.4
  245.0  11104  -41.7                          35     30  345.9         345.9
  214.0  12001  -48.6                          35     32  348.8         348.8
  200.0  12450  -52.1                          15     35  350.1         350.1
  186.0  12905  -56.2                          15     33  350.9         350.9
  152.0  14170  -67.5                          29     32  352.3         352.3
  150.0  14250  -68.1                          30     32  352.6         352.6
  132.0  14985  -72.5                          25     24  357.8         357.8
  119.0  15580  -76.1                          60     28  362.0         362.0
  113.0  15878  -77.9                          55     20  364.1         364.1
  102.0  16466  -81.4                          85     22  368.1         368.1
  100.0  16580  -82.1                          85     23  368.9         368.9
   94.6  16893  -80.1                          59     15  378.7         378.7
   91.0  17112  -81.8                          40      9  379.6         379.6
   89.0  17237  -82.7                          65     11  380.1         380.1
   87.0  17364  -82.8                          90     14  382.5         382.5
   82.0  17695  -82.9                          90     13  388.8         388.8
   81.9  17702  -82.9                          91     13  388.9         388.9
   78.0  17981  -80.2                         115     13  399.9         399.9
   74.0  18282  -77.3                         100      8  412.0         412.0
   70.0  18600  -74.3                         100     11  425.1         425.1
   65.8  18961  -74.5                          99     20  432.2         432.2
   58.5  19658  -68.9                          97     37  459.6         459.6
   54.0  20138  -68.9                          95     48  470.3         470.3
   50.0  20600  -68.9                          85     48  480.7         480.7
   48.4  20794  -69.1                          85     50  484.7         484.7
   46.4  21045  -69.7                          85     52  489.2         489.2
   44.0  21365  -67.4                          85     54  502.3         502.3
   40.4  21879  -63.7                          90     54  523.9         523.9
   39.1  22081  -58.7                          92     55  541.5         541.5
   37.0  22429  -57.0                          95     55  554.3         554.3
   36.1  22584  -56.3                          88     52  560.1         560.1
   35.0  22782  -53.8                          80     49  571.6         571.6
   33.6  23044  -50.5                          77     30  587.0         587.0
   33.0  23161  -50.0                          75     21  591.3         591.3
   32.3  23301  -49.5                          23      6  596.4         596.4
   32.0  23361  -49.8                           0      0  597.1         597.1
   30.0  23780  -52.1                         255     17  602.0         602.0
   29.0  23999  -53.3                         250     17  604.6         604.6
   28.0  24225  -52.7                         245     18  612.4         612.4
   26.8  24508  -51.9                         233     14  622.3         622.3
   26.0  24702  -52.6                         225     11  625.8         625.8
   23.0  25489  -55.2                         265     33  640.3         640.3
   22.1  25745  -56.1                                     645.0         645.0
</PRE><H3>Station information and sounding indices</H3><PRE>
                         Station identifier: WAAA
                             Station number: 97180
                           Observation time: 181002/0000
                           Station latitude: -5.06
                          Station longitude: 119.55
                          Station elevation: 14.0
                            Showalter index: 7.52
                               Lifted index: 8.35
    LIFT computed using virtual temperature: 7.90
                                SWEAT index: 148.21
                                    K index: 9.10
                         Cross totals index: 12.50
                      Vertical totals index: 21.50
                        Totals totals index: 34.00
      Convective Available Potential Energy: 0.00
             CAPE using virtual temperature: 0.00
                      Convective Inhibition: 0.00
             CINS using virtual temperature: 0.00
                     Bulk Richardson Number: 0.00
          Bulk Richardson Number using CAPV: 0.00
  Temp [K] of the Lifted Condensation Level: 281.86
Pres [hPa] of the Lifted Condensation Level: 792.86
     Mean mixed layer potential temperature: 301.21
              Mean mixed layer mixing ratio: 9.06
              1000 hPa to 500 hPa thickness: 5769.00
Precipitable water [mm] for entire sounding: 23.61
</PRE>
<P>Description of the 
<A HREF="/upperair/columns.html">data columns</A>
or <A HREF="/upperair/indices.html">sounding indices</A>.

<P>
<FORM>
<INPUT CLASS="button" TYPE="button" VALUE=" Close this window " 
 onClick="window.close();">
<INPUT CLASS="button" TYPE="button" VALUE=" Select another map " 
 onClick="window.blur();">
</FORM>
<HR SIZE="1">
<I>Interested in graduate studies in atmospheric science?
Check out our program at the
<a href="http://www.uwyo.edu/atsc/howtoapply/"
target=_top>University of Wyoming
</a></I>
<HR SIZE="1"><FONT SIZE="-1">
Questions about the weather data provided by this site can be
addressed to <A HREF="mailto:ldoolman@uwyo.edu">
Larry Oolman (ldoolman@uwyo.edu)</A></FONT>
<HR SIZE="1">
<SCRIPT TYPE="text/javascript">
<!--
window.focus();
// -->
</SCRIPT>
</BODY>
</HTML>
