2016-01-04 00
<HTML>
<TITLE>University of Wyoming - Radiosonde Data</TITLE>
<LINK REL="StyleSheet" HREF="/resources/select.css" TYPE="text/css">
<BODY BGCOLOR="white">
<H2>97180 WAAA Ujung Pandang Observations at 00Z 04 Jan 2016</H2>
<PRE>
-----------------------------------------------------------------------------
   PRES   HGHT   TEMP   DWPT   RELH   MIXR   DRCT   SKNT   THTA   THTE   THTV
    hPa     m      C      C      %    g/kg    deg   knot     K      K      K 
-----------------------------------------------------------------------------
 1014.0     14   26.4   23.3     83  18.13      0      0  298.4  351.3  301.6
 1000.0    133   26.8   23.1     80  18.17      0      0  299.9  353.4  303.2
  981.0    302   25.8   22.3     81  17.61      0      0  300.6  352.5  303.8
  925.0    820   22.8   19.8     83  15.98    250      2  302.6  350.1  305.5
  916.0    905   22.3   19.3     83  15.62    270      4  302.9  349.4  305.8
  850.0   1553   18.4   15.3     82  13.03    230      2  305.4  344.6  307.8
  842.0   1634   18.0   14.7     81  12.65    227      2  305.8  344.0  308.1
  826.0   1797   17.1   12.8     76  11.39    220      2  306.6  341.1  308.6
  798.0   2091   15.5    9.5     67   9.40    135      4  307.9  336.7  309.6
  753.0   2584   12.8    3.8     54   6.72     90      9  310.1  331.1  311.4
  743.0   2696   12.3    1.3     47   5.69     80     10  310.8  328.8  311.8
  717.0   2993   11.1   -5.3     31   3.60     75     12  312.5  324.3  313.2
  700.0   3194   10.2   -9.8     23   2.61    115      6  313.8  322.4  314.2
  692.0   3289    9.9   -9.6     24   2.69    135      4  314.4  323.4  314.9
  686.0   3362    9.6   -9.4     25   2.75    140      4  314.9  324.1  315.4
  667.0   3594    7.7   -4.2     43   4.21    155      4  315.3  329.1  316.1
  654.0   3756    6.4   -0.6     61   5.63    203      4  315.6  333.8  316.7
  643.0   3896    7.1   -9.9     29   2.81    245      4  318.0  327.4  318.5
  642.0   3909    7.2  -10.8     27   2.63    244      4  318.2  327.1  318.7
  628.0   4090    5.6   -2.4     56   5.13    226      3  318.4  335.2  319.4
  623.0   4155    5.6   -9.4     33   3.02    219      2  319.1  329.3  319.7
  620.0   4194    5.4  -10.2     31   2.85    215      2  319.3  328.9  319.8
  598.0   4487    3.6  -16.5     21   1.77    120      4  320.6  326.8  320.9
  576.0   4791    1.8  -23.0     14   1.05    115      6  321.9  325.7  322.1
  566.0   4933    1.0  -26.0     11   0.82    124      8  322.6  325.6  322.7
  555.0   5091    0.1  -28.8      9   0.65    135     10  323.3  325.7  323.4
  554.0   5105    0.0  -29.0      9   0.63    134     10  323.4  325.7  323.5
  515.0   5685   -3.1  -34.2      7   0.41    100     12  326.5  328.1  326.6
  500.0   5920   -4.3  -36.3      6   0.35    100     10  327.7  329.1  327.8
  462.0   6538   -7.9  -38.9      6   0.29    105      7  330.7  331.9  330.8
  424.0   7194  -12.6  -43.0      6   0.20    110      4  333.0  333.8  333.0
  408.0   7489  -14.6  -44.8      6   0.17    135      6  334.0  334.7  334.0
  400.0   7640  -15.7  -45.7      6   0.16    160      6  334.5  335.2  334.5
  398.0   7678  -15.9  -45.9      6   0.16    168      6  334.7  335.4  334.8
  390.0   7831  -17.3  -27.3     41   1.05    199      5  334.8  338.8  335.0
  387.0   7888  -17.5  -25.5     50   1.25    211      5  335.3  340.0  335.6
  386.0   7908  -17.3  -41.3     10   0.27    215      5  335.8  336.9  335.9
  376.0   8102  -18.6  -41.0     12   0.28    255      4  336.6  337.8  336.7
  362.0   8384  -20.5  -40.6     15   0.31    220      4  337.7  339.0  337.8
  347.0   8697  -22.7  -40.2     19   0.33    235      8  338.9  340.3  339.0
  344.0   8762  -23.1  -40.1     20   0.34    232      8  339.2  340.6  339.3
  333.0   8997  -24.9  -42.1     19   0.28    220     10  339.9  341.1  340.0
  307.0   9583  -29.2  -47.1     16   0.18    255      8  341.8  342.5  341.8
  300.0   9750  -30.5  -48.5     16   0.16    250      6  342.3  342.9  342.3
  270.0  10484  -36.2  -51.8     18   0.12    240     10  344.5  345.0  344.5
  251.0  10993  -40.1  -54.1     21   0.10    254     12  345.9  346.4  345.9
  250.0  11020  -40.3                         255     12  346.0         346.0
  226.0  11689  -45.8                         255     16  347.7         347.7
  200.0  12500  -52.5                         235     10  349.5         349.5
  197.0  12594  -53.2                         235      8  349.8         349.8
  188.0  12885  -55.5                         215      6  350.9         350.9
  179.0  13190  -57.9                         220      4  351.9         351.9
  163.0  13773  -62.5                         165      6  353.8         353.8
  155.0  14086  -64.9                         110     10  354.7         354.7
  150.0  14290  -66.5                          90     12  355.3         355.3
  148.0  14369  -67.1                          80     14  355.7         355.7
  127.0  15273  -73.5                          75      6  360.1         360.1
  117.0  15757  -76.9                         110     12  362.3         362.3
  109.0  16161  -79.0                         140     17  365.7         365.7
  103.0  16483  -80.7                         155     19  368.4         368.4
  100.0  16650  -81.3                         135     19  370.4         370.4
   97.3  16803  -81.7                         115     17  372.5         372.5
   93.0  17059  -78.3                          90      2  384.0         384.0
   91.5  17151  -77.1                         122      4  388.2         388.2
   88.0  17372  -78.5                         200     10  389.8         389.8
   83.0  17703  -80.5                         170     12  392.2         392.2
   80.8  17856  -81.5                         118      7  393.3         393.3
   79.0  17985  -79.9                          75      2  399.0         399.0
   71.0  18598  -72.5                         315     14  427.2         427.2
   70.2  18663  -71.7                         311     16  430.3         430.3
   70.0  18680  -71.7                         310     16  430.7         430.7
   61.0  19498  -69.6                         300     41  452.7         452.7
   56.9  19911  -68.5                         284     33  464.2         464.2
   50.0  20680  -71.3                         255     19  475.1         475.1
   46.4  21120  -73.1                         255     17  481.0         481.0
   45.0  21303  -71.8                         255     14  488.5         488.5
   43.0  21574  -69.8                         235      8  499.8         499.8
   41.0  21858  -67.7                         250      8  511.8         511.8
   39.2  22126  -65.7                         224      8  523.4         523.4
   37.0  22478  -65.4                         190      8  533.0         533.0
   35.0  22816  -65.0                         125     12  542.4         542.4
   34.2  22957  -64.9                         122     17  546.3         546.3
   32.0  23367  -60.1                         115     31  569.6         569.6
   30.0  23770  -59.7                          95     21  581.3         581.3
   25.0  24912  -59.1                         340     12  614.2         614.2
   24.0  25168  -58.9                         295     23  621.8         621.8
   22.0  25713  -58.6                         260      6  638.4         638.4
   21.3  25916  -58.5                                     644.7         644.7
</PRE><H3>Station information and sounding indices</H3><PRE>
                         Station identifier: WAAA
                             Station number: 97180
                           Observation time: 160104/0000
                           Station latitude: -5.06
                          Station longitude: 119.55
                          Station elevation: 14.0
                            Showalter index: 0.75
                               Lifted index: -2.06
    LIFT computed using virtual temperature: -3.08
                                SWEAT index: 197.61
                                    K index: 18.00
                         Cross totals index: 19.60
                      Vertical totals index: 22.70
                        Totals totals index: 42.30
      Convective Available Potential Energy: 938.36
             CAPE using virtual temperature: 1199.59
                      Convective Inhibition: -39.64
             CINS using virtual temperature: -28.32
                           Equilibrum Level: 178.67
 Equilibrum Level using virtual temperature: 178.67
                   Level of Free Convection: 829.37
             LFCT using virtual temperature: 860.81
                     Bulk Richardson Number: 715.22
          Bulk Richardson Number using CAPV: 914.33
  Temp [K] of the Lifted Condensation Level: 294.75
Pres [hPa] of the Lifted Condensation Level: 936.92
     Mean mixed layer potential temperature: 300.31
              Mean mixed layer mixing ratio: 17.70
              1000 hPa to 500 hPa thickness: 5787.00
Precipitable water [mm] for entire sounding: 43.82
</PRE>
<P>Description of the 
<A HREF="/upperair/columns.html">data columns</A>
or <A HREF="/upperair/indices.html">sounding indices</A>.

<P>
<FORM>
<INPUT CLASS="button" TYPE="button" VALUE=" Close this window " 
 onClick="window.close();">
<INPUT CLASS="button" TYPE="button" VALUE=" Select another map " 
 onClick="window.blur();">
</FORM>
<HR SIZE="1">
<I>Interested in graduate studies in atmospheric science?
Check out our program at the
<a href="http://www.uwyo.edu/atsc/howtoapply/"
target=_top>University of Wyoming
</a></I>
<HR SIZE="1"><FONT SIZE="-1">
Questions about the weather data provided by this site can be
addressed to <A HREF="mailto:ldoolman@uwyo.edu">
Larry Oolman (ldoolman@uwyo.edu)</A></FONT>
<HR SIZE="1">
<SCRIPT TYPE="text/javascript">
<!--
window.focus();
// -->
</SCRIPT>
</BODY>
</HTML>
