2018-12-18 12
<HTML>
<TITLE>University of Wyoming - Radiosonde Data</TITLE>
<LINK REL="StyleSheet" HREF="/resources/select.css" TYPE="text/css">
<BODY BGCOLOR="white">
<H2>97180 WAAA Ujung Pandang Observations at 00Z 18 Dec 2018</H2>
<PRE>
-----------------------------------------------------------------------------
   PRES   HGHT   TEMP   DWPT   RELH   MIXR   DRCT   SKNT   THTA   THTE   THTV
    hPa     m      C      C      %    g/kg    deg   knot     K      K      K 
-----------------------------------------------------------------------------
 1011.0     14   26.4   24.3     88  19.35      0      0  298.6  355.2  302.1
 1000.0    109   25.6   20.7     74  15.63     65      5  298.8  344.4  301.5
  989.0    207   26.0   19.0     65  14.19     31      5  300.1  341.9  302.6
  979.0    297   25.6   18.6     65  13.98      0      5  300.6  341.8  303.1
  949.0    571   24.4   17.4     65  13.35    337      7  302.0  341.7  304.4
  946.0    599   24.1   17.4     66  13.39    335      7  302.1  341.8  304.5
  925.0    796   22.4   17.4     73  13.70    340      8  302.2  342.9  304.7
  914.0    900   21.6   17.1     76  13.58    340      7  302.4  342.7  304.8
  883.0   1200   19.1   16.1     83  13.23    325      7  302.8  342.2  305.2
  882.0   1209   19.0   16.1     83  13.22    324      7  302.8  342.2  305.2
  853.0   1498   18.1   15.0     82  12.74    285      8  304.8  343.1  307.1
  850.0   1528   18.0   14.9     82  12.69    290      8  305.0  343.1  307.3
  817.0   1866   15.2   14.0     93  12.45    299     12  305.5  343.0  307.8
  795.0   2097   14.5   12.5     88  11.60    305     14  307.2  342.4  309.3
  759.0   2489   13.4   10.0     80  10.26    309     14  310.0  341.7  311.9
  714.0   3001   10.8    7.6     80   9.24    315     13  312.7  341.6  314.4
  700.0   3167   10.0    6.8     80   8.93    305     14  313.5  341.6  315.2
  641.0   3888    5.7    3.3     84   7.60    295     13  316.6  340.9  318.1
  574.0   4791    0.3   -1.2     90   6.15    220      8  320.4  340.5  321.6
  571.0   4834    0.0   -1.4     90   6.09    214      8  320.6  340.5  321.8
  553.0   5089   -1.2   -3.1     87   5.54    180      8  322.1  340.4  323.2
  500.0   5890   -4.9   -8.4     76   4.08    180      8  327.0  340.9  327.8
  496.0   5953   -5.1   -9.9     69   3.65    177      7  327.5  340.1  328.2
  493.0   6000   -5.4  -10.2     69   3.61    175      7  327.7  340.1  328.4
  475.0   6288   -7.4  -11.7     71   3.32    190      5  328.8  340.3  329.4
  457.0   6588   -9.4  -13.2     74   3.04    165      6  329.9  340.5  330.5
  429.0   7077  -12.7  -15.8     78   2.62    178      9  331.7  341.0  332.2
  426.0   7131  -12.7  -17.7     66   2.25    180      9  332.4  340.4  332.8
  423.0   7185  -12.9  -17.9     66   2.22    181      9  332.8  340.8  333.2
  422.0   7203  -13.1  -16.8     74   2.45    182      9  332.7  341.5  333.2
  420.0   7239  -12.7  -15.6     79   2.72    183     10  333.7  343.4  334.3
  418.0   7276  -12.7  -16.4     74   2.55    184     10  334.2  343.3  334.7
  417.0   7294  -12.5  -20.5     51   1.81    184     10  334.6  341.3  335.0
  406.0   7497  -14.2  -19.9     62   1.96    190     11  335.0  342.1  335.4
  403.0   7553  -14.7  -19.7     66   2.00    192     12  335.1  342.4  335.5
  400.0   7610  -15.1  -19.9     67   1.98    195     12  335.3  342.5  335.7
  397.0   7667  -15.5  -20.2     67   1.95    191     13  335.5  342.6  335.9
  390.0   7801  -16.4  -26.2     43   1.16    180     15  336.0  340.4  336.3
  383.0   7938  -17.3  -32.3     26   0.67    170     15  336.6  339.2  336.7
  360.0   8401  -20.6  -38.8     18   0.37    135     16  338.2  339.7  338.3
  355.0   8505  -21.3  -40.3     16   0.32    133     15  338.6  339.9  338.6
  353.0   8547  -21.5  -39.5     18   0.35    133     15  338.9  340.3  338.9
  351.0   8589  -21.7  -39.7     18   0.35    132     14  339.1  340.6  339.2
  350.0   8610  -21.9  -40.9     16   0.31    132     14  339.1  340.4  339.2
  349.0   8631  -22.1  -41.1     16   0.30    131     14  339.1  340.4  339.2
  348.0   8652  -22.1  -34.1     33   0.62    131     14  339.4  341.9  339.6
  347.0   8673  -22.1  -27.1     64   1.20    130     14  339.7  344.3  339.9
  332.0   8996  -24.7  -28.2     73   1.14    125     11  340.4  344.8  340.6
  319.0   9289  -27.1  -29.2     82   1.08    105     12  341.0  345.2  341.3
  300.0   9730  -30.3  -33.4     74   0.77    110      9  342.6  345.6  342.7
  281.0  10186  -33.8  -37.0     73   0.57    125      5  344.0  346.3  344.1
  258.0  10781  -38.4  -41.7     71   0.38    180      2  345.7  347.3  345.8
  250.0  11000  -40.1  -43.4     71   0.33     45      2  346.3  347.7  346.4
  246.0  11107  -41.0                          50      3  346.5         346.5
  236.0  11382  -43.4                           0      1  347.1         347.1
  225.0  11699  -46.1                         235      4  347.6         347.6
  200.0  12480  -52.9                         115      6  348.8         348.8
  196.0  12606  -54.0                         110     10  349.1         349.1
  179.0  13170  -59.1                         100     19  350.0         350.0
  154.0  14106  -67.4                         130     25  351.1         351.1
  150.0  14270  -68.9                         125     26  351.2         351.2
  113.0  15884  -81.1                          95     54  358.1         358.1
  100.0  16580  -86.3                          90     76  360.8         360.8
   92.9  16980  -88.5                          85     79  364.1         364.1
   86.5  17367  -87.5                          80     79  373.6         373.6
   86.0  17399  -86.5                          80     79  376.3         376.3
   81.8  17678  -77.7                          66     49  399.6         399.6
   77.0  18029  -72.8                          50     13  416.9         416.9
   76.0  18105  -71.7                          73     11  420.7         420.7
   74.0  18262  -71.7                         120      8  423.9         423.9
   70.0  18590  -71.7                         130     18  430.7         430.7
   57.9  19695  -76.9                          95     41  442.9         442.9
   57.0  19785  -76.8                          90     40  445.2         445.2
   50.1  20528  -75.7                          70     37  464.4         464.4
   50.0  20540  -75.9                          70     37  464.2         464.2
   49.0  20657  -75.2                          75     41  468.6         468.6
   48.1  20765  -74.5                          72     38  472.7         472.7
   47.6  20826  -74.7                          71     37  473.7         473.7
   47.1  20887  -71.5                          69     35  482.8         482.8
   44.2  21269  -65.3                          61     27  506.7         506.7
   44.0  21297  -64.3                          60     26  509.8         509.8
   43.3  21395  -60.9                          60     26  520.5         520.5
   40.0  21895  -57.1                          60     25  541.9         541.9
   38.8  22086  -55.7                          48     13  550.2         550.2
   38.0  22220  -55.4                          40      5  554.4         554.4
   36.0  22566  -54.5                         175     12  565.2         565.2
   34.6  22820  -53.9                         152      8  573.2         573.2
   33.0  23122  -54.9                         125      3  578.4         578.4
   32.0  23318  -55.5                         305      7  581.8         581.8
   30.0  23730  -56.9                         320      9  588.9         588.9
   29.0  23946  -56.6                         285     19  595.5         595.5
   25.0  24889  -55.2                         290     17  625.4         625.4
   24.3  25070  -54.9                                     631.3         631.3
</PRE><H3>Station information and sounding indices</H3><PRE>
                         Station identifier: WAAA
                             Station number: 97180
                           Observation time: 181218/0000
                           Station latitude: -5.06
                          Station longitude: 119.55
                          Station elevation: 14.0
                            Showalter index: 0.73
                               Lifted index: 0.63
    LIFT computed using virtual temperature: 0.47
                                SWEAT index: 202.81
                                    K index: 34.60
                         Cross totals index: 19.80
                      Vertical totals index: 22.90
                        Totals totals index: 42.70
      Convective Available Potential Energy: 3.31
             CAPE using virtual temperature: 7.63
                      Convective Inhibition: -175.68
             CINS using virtual temperature: -152.40
                           Equilibrum Level: 546.01
 Equilibrum Level using virtual temperature: 428.84
                   Level of Free Convection: 593.75
             LFCT using virtual temperature: 603.82
                     Bulk Richardson Number: 0.50
          Bulk Richardson Number using CAPV: 1.14
  Temp [K] of the Lifted Condensation Level: 291.16
Pres [hPa] of the Lifted Condensation Level: 898.95
     Mean mixed layer potential temperature: 300.18
              Mean mixed layer mixing ratio: 14.77
              1000 hPa to 500 hPa thickness: 5781.00
Precipitable water [mm] for entire sounding: 57.04
</PRE>
<P>Description of the 
<A HREF="/upperair/columns.html">data columns</A>
or <A HREF="/upperair/indices.html">sounding indices</A>.

<P>
<FORM>
<INPUT CLASS="button" TYPE="button" VALUE=" Close this window " 
 onClick="window.close();">
<INPUT CLASS="button" TYPE="button" VALUE=" Select another map " 
 onClick="window.blur();">
</FORM>
<HR SIZE="1">
<I>Interested in graduate studies in atmospheric science?
Check out our program at the
<a href="http://www.uwyo.edu/atsc/howtoapply/"
target=_top>University of Wyoming
</a></I>
<HR SIZE="1"><FONT SIZE="-1">
Questions about the weather data provided by this site can be
addressed to <A HREF="mailto:ldoolman@uwyo.edu">
Larry Oolman (ldoolman@uwyo.edu)</A></FONT>
<HR SIZE="1">
<SCRIPT TYPE="text/javascript">
<!--
window.focus();
// -->
</SCRIPT>
</BODY>
</HTML>
