2017-12-16 12
<HTML>
<TITLE>University of Wyoming - Radiosonde Data</TITLE>
<LINK REL="StyleSheet" HREF="/resources/select.css" TYPE="text/css">
<BODY BGCOLOR="white">
<H2>97180 WAAA Ujung Pandang Observations at 00Z 16 Dec 2017</H2>
<PRE>
-----------------------------------------------------------------------------
   PRES   HGHT   TEMP   DWPT   RELH   MIXR   DRCT   SKNT   THTA   THTE   THTV
    hPa     m      C      C      %    g/kg    deg   knot     K      K      K 
-----------------------------------------------------------------------------
 1012.0     14   25.0   23.9     94  18.86      0      0  297.1  351.9  300.5
 1000.0    115   24.6   22.0     85  16.96    350      5  297.8  347.1  300.8
  979.0    301   23.5   21.2     87  16.49    320     10  298.5  346.6  301.4
  946.0    601   21.8   19.9     89  15.76    300     16  299.6  345.8  302.4
  925.0    797   20.6   19.1     91  15.29    305     16  300.4  345.4  303.1
  850.0   1526   17.0   16.7     98  14.28    295     19  303.9  346.6  306.5
  815.0   1883   15.4   15.1     98  13.42    301     13  305.9  346.4  308.4
  795.0   2091   14.2   13.5     96  12.40    305     10  306.8  344.3  309.1
  740.0   2691   10.6    8.9     90   9.79      0      7  309.2  339.4  311.1
  713.0   3002    8.7    6.6     86   8.63      5      4  310.5  337.3  312.1
  711.0   3025    8.6    6.4     86   8.55      7      4  310.6  337.1  312.2
  700.0   3154    8.4    6.9     90   8.99     15      3  311.8  339.8  313.4
  688.0   3297    7.7    6.0     89   8.63     25      3  312.6  339.6  314.2
  668.0   3541    6.6    4.6     87   8.02    277      4  313.9  339.2  315.4
  663.0   3602    6.2    4.0     86   7.77    250      4  314.1  338.7  315.6
  640.0   3889    4.3    1.4     82   6.68    140      5  315.1  336.5  316.4
  592.0   4522    0.0   -4.3     73   4.72    144      5  317.3  332.7  318.2
  566.0   4881   -1.9   -4.9     80   4.72    147      4  319.1  334.7  320.1
  548.0   5138   -3.7   -8.3     70   3.75    148      4  320.0  332.5  320.7
  544.0   5196   -4.5  -11.5     58   2.93    149      4  319.7  329.6  320.3
  537.0   5298   -4.9  -10.9     63   3.12    149      4  320.4  330.9  321.0
  536.0   5312   -4.9  -10.9     63   3.12    149      4  320.6  331.1  321.2
  535.0   5327   -4.3   -6.4     85   4.45    150      4  321.5  336.3  322.3
  533.0   5357   -3.7   -5.7     86   4.72    150      4  322.5  338.2  323.4
  530.0   5401   -3.9   -5.9     86   4.68    150      4  322.8  338.4  323.7
  500.0   5860   -6.3   -7.8     89   4.28    175      5  325.3  339.8  326.1
  491.0   6002   -7.3   -8.6     90   4.09    185      4  325.8  339.7  326.6
  489.0   6034   -7.5   -8.8     90   4.04    200      4  325.9  339.6  326.7
  472.0   6309   -9.5  -12.8     77   3.05    330      2  326.7  337.2  327.3
  464.0   6441  -10.5  -14.7     71   2.65    345      2  327.1  336.3  327.6
  460.0   6508  -11.1  -15.3     71   2.54    353      3  327.1  336.1  327.6
  459.0   6525  -11.7  -19.7     52   1.76    355      3  326.6  332.9  326.9
  457.0   6558  -11.9  -19.9     51   1.73    359      3  326.8  332.9  327.1
  456.0   6575  -11.9  -16.4     69   2.34      1      3  327.0  335.2  327.4
  455.0   6592  -11.3  -14.1     80   2.84      3      3  327.9  337.8  328.5
  454.0   6609  -11.3  -15.4     72   2.56      5      3  328.1  337.1  328.6
  453.0   6626  -11.7  -19.7     52   1.78      6      3  327.8  334.2  328.2
  446.0   6745  -12.3  -19.3     56   1.87     17      3  328.5  335.2  328.9
  441.0   6831  -13.3  -28.3     27   0.85     24      2  328.3  331.5  328.5
  437.0   6901  -13.7  -29.4     25   0.77     30      2  328.7  331.6  328.8
  435.0   6936  -13.9  -29.9     25   0.74     28      2  328.9  331.6  329.0
  430.0   7023  -14.5  -33.5     18   0.53     24      3  329.2  331.2  329.3
  423.0   7148  -15.1  -33.1     20   0.56     18      4  330.0  332.1  330.1
  420.0   7202  -15.3  -32.7     21   0.58     15      4  330.3  332.6  330.4
  418.0   7238  -15.5  -32.5     22   0.60     16      4  330.6  332.9  330.7
  415.0   7292  -15.7  -30.7     26   0.72     19      4  331.0  333.7  331.1
  413.0   7329  -15.9  -31.9     24   0.64     20      4  331.2  333.7  331.3
  412.0   7347  -16.1  -31.1     26   0.70     21      4  331.2  333.8  331.3
  411.0   7365  -16.3  -31.3     26   0.68     22      4  331.1  333.8  331.3
  410.0   7384  -16.3  -32.3     24   0.62     22      4  331.4  333.8  331.5
  409.0   7402  -16.3  -21.2     66   1.73     23      5  331.6  337.9  331.9
  404.0   7495  -15.3  -18.4     77   2.23     27      5  334.1  342.1  334.5
  401.0   7551  -16.7  -25.7     46   1.18     29      5  333.0  337.4  333.2
  400.0   7570  -16.9  -27.9     38   0.97     30      5  332.9  336.6  333.1
  392.0   7721  -17.5  -24.5     54   1.35     40      6  334.1  339.1  334.4
  388.0   7798  -18.1  -24.5     57   1.36     45      7  334.3  339.4  334.6
  385.0   7856  -18.5  -24.5     59   1.37     43      7  334.5  339.6  334.8
  379.0   7973  -19.1  -27.1     49   1.10     39      6  335.2  339.4  335.4
  370.0   8152  -19.7  -23.7     70   1.54     33      5  336.7  342.4  337.0
  362.0   8313  -20.9  -27.9     53   1.07     28      5  337.2  341.3  337.4
  355.0   8457  -21.3  -26.1     65   1.29     23      4  338.6  343.4  338.8
  347.0   8625  -21.7  -30.7     44   0.86     18      3  340.2  343.6  340.4
  343.0   8709  -22.3  -31.6     43   0.80     15      3  340.5  343.7  340.7
  330.0   8990  -24.4  -34.5     38   0.62    345      2  341.5  344.0  341.6
  316.0   9305  -26.6  -37.8     34   0.47    335      5  342.6  344.5  342.7
  305.0   9562  -28.5  -40.5     31   0.37    352      8  343.5  345.0  343.6
  303.0   9609  -28.8  -40.8     31   0.36    355      8  343.7  345.1  343.7
  300.0   9680  -29.3  -41.3     30   0.34      5      8  344.0  345.4  344.0
  291.0   9892  -31.0  -42.0     33   0.33     35     10  344.5  345.9  344.6
  267.0  10492  -36.0  -44.1     43   0.29     75     15  345.9  347.1  346.0
  250.0  10950  -39.7  -45.7     53   0.26     70     18  346.9  348.0  347.0
  249.0  10977  -40.1  -46.1     53   0.25     70     18  346.7  347.8  346.8
  245.0  11085  -41.0                          70     18  347.0         347.0
  234.0  11389  -43.5                          90     19  347.9         347.9
  200.0  12430  -51.9                          95     25  350.4         350.4
  195.0  12588  -53.3                          95     25  350.7         350.7
  161.0  13787  -64.1                          85     34  352.2         352.2
  150.0  14230  -68.1                          85     31  352.6         352.6
  141.0  14598  -71.7                          86     34  352.6         352.6
  107.0  16176  -82.8                          90     45  360.6         360.6
  104.0  16339  -83.9                                     361.3         361.3
</PRE><H3>Station information and sounding indices</H3><PRE>
                         Station identifier: WAAA
                             Station number: 97180
                           Observation time: 171216/0000
                           Station latitude: -5.06
                          Station longitude: 119.55
                          Station elevation: 14.0
                            Showalter index: -2.00
                               Lifted index: -2.20
    LIFT computed using virtual temperature: -2.43
                                SWEAT index: 243.39
                                    K index: 38.50
                         Cross totals index: 23.00
                      Vertical totals index: 23.30
                        Totals totals index: 46.30
      Convective Available Potential Energy: 517.31
             CAPE using virtual temperature: 602.02
                      Convective Inhibition: -17.35
             CINS using virtual temperature: -13.38
                           Equilibrum Level: 348.93
 Equilibrum Level using virtual temperature: 347.41
                   Level of Free Convection: 813.88
             LFCT using virtual temperature: 826.92
                     Bulk Richardson Number: 416.28
          Bulk Richardson Number using CAPV: 484.45
  Temp [K] of the Lifted Condensation Level: 294.16
Pres [hPa] of the Lifted Condensation Level: 952.58
     Mean mixed layer potential temperature: 298.29
              Mean mixed layer mixing ratio: 16.77
              1000 hPa to 500 hPa thickness: 5745.00
Precipitable water [mm] for entire sounding: 58.30
</PRE>
<P>Description of the 
<A HREF="/upperair/columns.html">data columns</A>
or <A HREF="/upperair/indices.html">sounding indices</A>.

<P>
<FORM>
<INPUT CLASS="button" TYPE="button" VALUE=" Close this window " 
 onClick="window.close();">
<INPUT CLASS="button" TYPE="button" VALUE=" Select another map " 
 onClick="window.blur();">
</FORM>
<HR SIZE="1">
<I>Interested in graduate studies in atmospheric science?
Check out our program at the
<a href="http://www.uwyo.edu/atsc/howtoapply/"
target=_top>University of Wyoming
</a></I>
<HR SIZE="1"><FONT SIZE="-1">
Questions about the weather data provided by this site can be
addressed to <A HREF="mailto:ldoolman@uwyo.edu">
Larry Oolman (ldoolman@uwyo.edu)</A></FONT>
<HR SIZE="1">
<SCRIPT TYPE="text/javascript">
<!--
window.focus();
// -->
</SCRIPT>
</BODY>
</HTML>
