2017-01-23 00
<HTML>
<TITLE>University of Wyoming - Radiosonde Data</TITLE>
<LINK REL="StyleSheet" HREF="/resources/select.css" TYPE="text/css">
<BODY BGCOLOR="white">
<H2>97180 WAAA Ujung Pandang Observations at 00Z 23 Jan 2017</H2>
<PRE>
-----------------------------------------------------------------------------
   PRES   HGHT   TEMP   DWPT   RELH   MIXR   DRCT   SKNT   THTA   THTE   THTV
    hPa     m      C      C      %    g/kg    deg   knot     K      K      K 
-----------------------------------------------------------------------------
 1011.0     14   24.4   23.6     95  18.53      0      0  296.6  350.3  299.9
 1000.0    109   24.6   22.3     87  17.28      0      3  297.8  348.1  300.8
  978.0    305   24.4   21.7     85  17.03    345      5  299.4  349.4  302.5
  945.0    606   22.0   20.9     93  16.73    295      7  300.0  349.1  303.0
  931.0    737   21.0   20.5     97  16.60    305      8  300.2  349.0  303.2
  925.0    793   20.8   20.0     95  16.19    310      9  300.6  348.2  303.5
  883.0   1193   18.4   17.8     96  14.75    320     12  302.1  345.8  304.8
  850.0   1521   16.4   16.0     97  13.64    315     12  303.3  344.0  305.8
  836.0   1663   15.6   15.4     99  13.34    316     12  303.9  343.8  306.3
  783.0   2218   14.2   12.6     90  11.84    319     12  308.1  344.3  310.3
  766.0   2402   13.2   11.3     88  11.10    320     12  309.0  343.0  311.1
  713.0   3003    9.8    7.1     83   8.94    350      8  311.7  339.6  313.4
  700.0   3157    9.0    6.0     81   8.45      0      8  312.4  338.9  314.0
  688.0   3298    8.2    5.2     81   8.13      5      8  313.1  338.7  314.7
  639.0   3900    5.0    1.8     80   6.88      5     10  316.2  338.2  317.5
  616.0   4198    3.5    0.1     79   6.32    350      9  317.7  338.1  318.9
  594.0   4494    1.9   -1.5     78   5.79     10      9  319.1  338.0  320.3
  572.0   4802    0.2   -3.3     77   5.29    355      5  320.7  338.1  321.7
  569.0   4844    0.0   -3.5     77   5.22    355      5  320.9  338.1  321.9
  557.0   5015   -0.5   -5.3     70   4.65    355      3  322.3  337.8  323.2
  551.0   5101   -1.1   -4.2     80   5.11    355      2  322.5  339.5  323.5
  546.0   5174   -1.7   -3.3     89   5.53    349      2  322.7  341.0  323.8
  531.0   5394   -2.6   -4.2     89   5.29    330      4  324.1  341.8  325.2
  511.0   5698   -4.0   -5.6     89   4.97    270      3  326.1  342.9  327.1
  506.0   5776   -4.3   -5.9     89   4.89    225      3  326.6  343.2  327.6
  500.0   5870   -4.9   -6.7     87   4.66    170      2  327.0  342.8  327.9
  492.0   5996   -5.8   -7.9     85   4.32    175      2  327.4  342.1  328.3
  469.0   6371   -8.5  -11.4     80   3.43    209      3  328.6  340.4  329.2
  455.0   6605   -9.9  -11.9     85   3.40    230      4  329.7  341.5  330.4
  447.0   6742  -10.7  -12.2     89   3.37    216      4  330.3  342.1  331.0
  443.0   6811  -11.3  -11.8     96   3.52    209      4  330.4  342.7  331.1
  439.0   6881  -11.3  -14.9     75   2.76    202      4  331.3  341.0  331.8
  426.0   7111  -12.5  -18.5     61   2.10    179      5  332.6  340.2  333.0
  421.0   7201  -12.8  -19.7     57   1.92    170      5  333.3  340.3  333.7
  420.0   7219  -12.9  -19.9     56   1.89    171      5  333.4  340.3  333.8
  416.0   7292  -13.3  -21.3     51   1.69    174      5  333.9  340.0  334.2
  414.0   7329  -13.5  -21.5     51   1.67    175      5  334.1  340.2  334.4
  413.0   7347  -13.7  -21.7     51   1.64    176      5  334.0  340.1  334.4
  412.0   7366  -13.9  -20.9     55   1.76    176      5  334.0  340.5  334.4
  411.0   7384  -13.9  -16.5     81   2.58    177      5  334.2  343.5  334.8
  402.0   7552  -14.7  -20.7     60   1.84    184      5  335.3  342.1  335.7
  400.0   7590  -14.7  -21.7     55   1.70    185      5  335.8  342.1  336.1
  390.0   7782  -15.7  -23.7     50   1.46    180      7  336.9  342.4  337.2
  389.0   7801  -15.9  -20.9     65   1.87    180      7  336.9  343.8  337.3
  388.0   7821  -16.1  -25.1     46   1.29    179      7  336.9  341.8  337.2
  378.0   8017  -17.5  -23.5     60   1.53    169      6  337.6  343.3  337.9
  374.0   8096  -18.0  -24.7     56   1.39    165      6  337.9  343.1  338.2
  359.0   8402  -20.1  -29.4     43   0.94    130      8  339.1  342.7  339.2
  355.0   8485  -20.7  -30.7     40   0.84    136      8  339.4  342.6  339.6
  345.0   8694  -22.2  -32.4     39   0.73    150      8  340.1  343.0  340.3
  311.0   9452  -27.7  -38.7     34   0.43    157      9  342.7  344.4  342.8
  300.0   9710  -29.9  -40.9     34   0.36    160     10  343.1  344.6  343.2
  292.0   9902  -31.5  -42.5     33   0.31    155     12  343.5  344.8  343.6
  290.0   9950  -31.9  -42.9     33   0.30    155     12  343.6  344.9  343.7
  281.0  10172  -33.7  -38.6     61   0.49    155     12  344.1  346.1  344.2
  251.0  10953  -39.9  -44.0     65   0.31    155     11  346.2  347.5  346.3
  250.0  10980  -40.3                         155     11  346.0         346.0
  200.0  12460  -53.3                         135     24  348.2         348.2
  178.0  13188  -60.3                         125     24  348.6         348.6
  162.0  13777  -65.9                         103     21  348.6         348.6
  150.0  14240  -69.5                          85     19  350.2         350.2
  146.0  14395  -70.7                          75     24  350.9         350.9
  113.0  15861  -81.5                          85     42  357.3         357.3
  100.0  16560  -86.7                          80     39  360.0         360.0
   96.5  16755  -87.9                          80     44  361.3         361.3
   92.2  17004  -87.7                          76     51  366.4         366.4
   91.0  17076  -86.6                          75     53  370.0         370.0
   88.8  17211  -84.5                          73     45  376.8         376.8
   87.6  17287  -80.7                          72     41  385.9         385.9
   86.0  17392  -79.9                          70     35  389.5         389.5
   82.4  17636  -78.1                          85     29  398.0         398.0
   77.0  18024  -79.5                         110     20  402.9         402.9
   76.3  18076  -79.7                         109     20  403.5         403.5
   71.3  18464  -78.3                         102     20  414.4         414.4
   70.0  18570  -76.7                         100     20  420.0         420.0
   68.1  18728  -75.5                          88     15  425.9         425.9
   67.0  18824  -70.1                          81     13  439.6         439.6
   66.0  18913  -69.0                          75     10  443.8         443.8
   64.3  19069  -67.1                         111     13  451.3         451.3
   63.0  19191  -67.7                         140     15  452.7         452.7
   60.0  19483  -69.0                         130     20  456.1         456.1
   58.5  19634  -69.7                         105     17  457.8         457.8
   57.0  19789  -69.7                          80     14  461.3         461.3
   54.0  20110  -69.6                           0     19  468.7         468.7
   52.3  20300  -69.5                         352     18  473.2         473.2
   50.2  20546  -65.7                         341     16  487.7         487.7
   50.0  20570  -65.5                         340     16  488.7         488.7
   49.0  20693  -65.4                         330     16  491.9         491.9
   47.0  20947  -65.1                         330     12  498.4         498.4
   45.8  21104  -64.9                         316     12  502.6         502.6
   42.3  21595  -59.7                         274     12  527.0         527.0
   40.0  21942  -60.5                         245     12  533.3         533.3
   38.0  22260  -61.3                         275     17  539.2         539.2
   37.0  22425  -61.7                         265     12  542.3         542.3
   35.1  22753  -62.5                         289     13  548.5         548.5
   35.0  22770  -62.5                         290     13  549.0         549.0
   30.0  23720  -62.7                         245     15  573.1         573.1
   29.5  23823  -63.1                         245     15  574.8         574.8
   27.0  24374  -61.3                         245     12  594.7         594.7
   25.0  24853  -59.7                         235     10  612.5         612.5
   24.0  25107  -58.8                         275      9  622.2         622.2
   21.9  25677  -56.9                         278     16  644.3         644.3
   21.0  25942  -57.1                         280     19  651.5         651.5
   20.0  26250  -57.3                         270     16  660.0         660.0
   19.4  26442  -57.9                         264     11  664.0         664.0
   19.0  26574  -57.6                         260      7  668.8         668.8
   18.0  26917  -56.9                          30     12  681.6         681.6
   16.3  27545  -55.5                          76     12  705.6         705.6
   16.0  27665  -54.4                          85     12  712.8         712.8
   15.2  27995  -51.5                          93     11  733.1         733.1
   15.0  28081  -51.4                          95     11  736.2         736.2
   13.1  28962  -50.3                          48     11  769.0         769.0
   13.0                                        45     11                     
</PRE><H3>Station information and sounding indices</H3><PRE>
                         Station identifier: WAAA
                             Station number: 97180
                           Observation time: 170123/0000
                           Station latitude: -5.06
                          Station longitude: 119.55
                          Station elevation: 14.0
                            Showalter index: 0.40
                               Lifted index: -1.48
    LIFT computed using virtual temperature: -1.70
                                SWEAT index: 218.01
                                    K index: 34.30
                         Cross totals index: 20.90
                      Vertical totals index: 21.30
                        Totals totals index: 42.20
      Convective Available Potential Energy: 479.47
             CAPE using virtual temperature: 576.71
                      Convective Inhibition: -7.84
             CINS using virtual temperature: -6.84
                           Equilibrum Level: 160.34
 Equilibrum Level using virtual temperature: 160.25
                   Level of Free Convection: 902.86
             LFCT using virtual temperature: 908.65
                     Bulk Richardson Number: 267.01
          Bulk Richardson Number using CAPV: 321.16
  Temp [K] of the Lifted Condensation Level: 294.57
Pres [hPa] of the Lifted Condensation Level: 952.08
     Mean mixed layer potential temperature: 298.75
              Mean mixed layer mixing ratio: 17.21
              1000 hPa to 500 hPa thickness: 5761.00
Precipitable water [mm] for entire sounding: 60.56
</PRE>
<P>Description of the 
<A HREF="/upperair/columns.html">data columns</A>
or <A HREF="/upperair/indices.html">sounding indices</A>.

<P>
<FORM>
<INPUT CLASS="button" TYPE="button" VALUE=" Close this window " 
 onClick="window.close();">
<INPUT CLASS="button" TYPE="button" VALUE=" Select another map " 
 onClick="window.blur();">
</FORM>
<HR SIZE="1">
<I>Interested in graduate studies in atmospheric science?
Check out our program at the
<a href="http://www.uwyo.edu/atsc/howtoapply/"
target=_top>University of Wyoming
</a></I>
<HR SIZE="1"><FONT SIZE="-1">
Questions about the weather data provided by this site can be
addressed to <A HREF="mailto:ldoolman@uwyo.edu">
Larry Oolman (ldoolman@uwyo.edu)</A></FONT>
<HR SIZE="1">
<SCRIPT TYPE="text/javascript">
<!--
window.focus();
// -->
</SCRIPT>
</BODY>
</HTML>
