2016-08-10 00
<HTML>
<TITLE>University of Wyoming - Radiosonde Data</TITLE>
<LINK REL="StyleSheet" HREF="/resources/select.css" TYPE="text/css">
<BODY BGCOLOR="white">
<H2>97180 WAAA Ujung Pandang Observations at 00Z 10 Aug 2016</H2>
<PRE>
-----------------------------------------------------------------------------
   PRES   HGHT   TEMP   DWPT   RELH   MIXR   DRCT   SKNT   THTA   THTE   THTV
    hPa     m      C      C      %    g/kg    deg   knot     K      K      K 
-----------------------------------------------------------------------------
 1009.0     14   28.4   23.5     75  18.45     80      2  300.8  355.2  304.1
 1008.0     23   24.4   17.4     65  12.56     89      2  296.9  333.4  299.1
 1000.0     95   24.2   17.2     65  12.50    165      2  297.4  333.8  299.6
  989.0    192   25.2   18.2     65  13.48    146      2  299.3  338.9  301.7
  977.0    298   24.6   17.8     66  13.27    125      1  299.7  338.7  302.1
  944.0    597   22.8   16.5     68  12.69     65      6  300.9  338.4  303.2
  925.0    774   21.8   15.8     69  12.35     65      7  301.6  338.2  303.8
  881.0   1196   19.2   14.4     74  11.84     75     16  303.1  338.4  305.2
  872.0   1285   18.6   14.1     75  11.73     71     16  303.4  338.5  305.5
  850.0   1505   17.6   12.6     72  10.90     60     17  304.6  337.4  306.6
  816.0   1855   15.4    8.4     63   8.54     45     14  305.8  331.9  307.4
  793.0   2097   14.0    0.8     41   5.14     35     12  306.8  322.9  307.8
  790.0   2129   13.8   -0.2     38   4.80     35     12  306.9  322.0  307.8
  765.0   2401   13.0   -2.5     34   4.17     35     11  308.9  322.2  309.7
  758.0   2478   12.8   -3.2     33   4.00      9     10  309.5  322.3  310.3
  738.0   2704   13.9  -15.5     12   1.56    295      9  313.1  318.5  313.4
  727.0   2831   14.6  -22.4      6   0.88    296     12  315.2  318.3  315.4
  700.0   3150   12.4  -24.6      6   0.75    300     19  316.2  318.9  316.3
  690.0   3270   11.2   -9.8     22   2.65    303     17  316.1  325.0  316.7
  663.0   3599    9.4  -14.1     17   1.94    310     12  317.8  324.5  318.1
  639.0   3904    7.8  -18.1     14   1.44    330      8  319.3  324.4  319.6
  628.0   4047    7.0  -20.0     13   1.25    356      8  320.0  324.4  320.2
  616.0   4204    5.6  -18.3     16   1.48     25      9  320.2  325.4  320.5
  590.0   4554    2.6  -14.4     27   2.14     40     11  320.6  328.0  321.0
  572.0   4803    1.2  -18.5     21   1.56     50     12  321.8  327.4  322.1
  557.0   5016    0.0  -22.0     17   1.19     41     13  322.9  327.1  323.1
  555.0   5045   -0.3  -16.3     29   1.94     40     13  322.8  329.6  323.2
  549.0   5131   -0.7  -23.7     16   1.03     36     13  323.4  327.1  323.6
  531.0   5396   -2.2  -15.0     37   2.25     25     14  324.6  332.5  325.1
  521.0   5546   -3.1  -10.1     58   3.42     31     17  325.4  337.1  326.0
  503.0   5823   -5.5   -8.2     81   4.12     43     21  325.7  339.7  326.5
  500.0   5870   -5.7   -7.9     84   4.24     45     22  326.0  340.4  326.9
  492.0   5996   -6.7   -8.6     86   4.10     45     21  326.4  340.3  327.2
  477.0   6238   -8.5   -9.8     90   3.83     45     16  327.0  340.1  327.7
  473.0   6303   -8.8  -10.9     84   3.53     45     14  327.4  339.6  328.1
  465.0   6435   -9.3  -13.2     73   2.99     56     12  328.4  338.8  329.0
  455.0   6601  -10.7  -13.9     77   2.88     70     10  328.7  338.8  329.3
  438.0   6891  -13.1  -15.2     84   2.69     60     10  329.3  338.8  329.8
  408.0   7431  -17.5  -17.6     99   2.37     87     15  330.3  338.7  330.8
  404.0   7505  -15.9  -21.9     60   1.65     91     16  333.3  339.3  333.6
  400.0   7580  -16.1  -22.1     60   1.64     95     17  334.0  340.0  334.3
  389.0   7789  -17.2  -25.4     49   1.26     95     16  335.2  339.9  335.4
  375.0   8064  -18.7  -29.7     37   0.87     96     18  336.8  340.1  336.9
  357.0   8429  -21.3  -30.3     44   0.87     98     20  338.0  341.4  338.2
  329.0   9027  -25.1  -39.1     26   0.39    102     24  340.8  342.4  340.9
  304.0   9595  -30.1  -38.9     42   0.43    105     28  341.6  343.4  341.7
  300.0   9690  -30.9  -38.9     45   0.44    105     26  341.7  343.5  341.8
  295.0   9809  -32.1  -39.1     50   0.44    103     27  341.6  343.4  341.8
  252.0  10906  -39.9  -57.9     13   0.06     81     38  345.8  346.1  345.8
  250.0  10960  -40.5                          80     39  345.7         345.7
  234.0  11399  -43.8                          85     44  347.4         347.4
  200.0  12440  -51.5                          75     55  351.1         351.1
  161.0  13797  -63.4                          65     58  353.4         353.4
  150.0  14240  -67.3                          60     52  354.0         354.0
  138.0  14738  -71.9                          63     55  354.4         354.4
  132.0  14995  -73.5                          65     57  356.2         356.2
  119.0  15592  -77.1                          85     55  360.2         360.2
  103.0  16424  -82.1                          75     49  365.8         365.8
  102.0  16479  -81.7                          75     47  367.5         367.5
  100.0  16590  -80.9                          85     44  371.2         371.2
   91.0  17120  -82.1                         115     38  379.0         379.0
   87.0  17373  -82.6                         105     37  382.8         382.8
   86.5  17405  -82.7                         103     36  383.3         383.3
   82.9  17644  -81.9                          85     30  389.6         389.6
   80.2  17832  -77.3                          71     26  402.7         402.7
   78.0  17993  -76.8                          60     22  407.1         407.1
   70.0  18620  -74.7                         100     22  424.2         424.2
   67.0  18874  -73.6                         110     30  432.1         432.1
   65.3  19023  -72.9                         103     31  436.7         436.7
   62.4  19292  -67.3                          91     33  454.8         454.8
   60.4  19487  -67.1                          82     35  459.5         459.5
   60.0  19528  -66.4                          80     35  461.9         461.9
   57.0  19840  -61.1                          85     31  480.7         480.7
   55.0  20061  -61.0                         125     21  485.9         485.9
   52.0  20408  -60.8                         125     19  494.2         494.2
   50.0  20650  -60.7                          95      7  500.0         500.0
   46.2  21143  -60.5                         342      2  511.9         511.9
   45.0  21308  -59.4                         305      1  518.4         518.4
   43.1  21578  -57.7                         267      9  529.0         529.0
   43.0  21593  -57.7                         265      9  529.3         529.3
   41.0  21892  -58.2                         265     13  535.4         535.4
   39.0  22205  -58.7                         300     21  541.8         541.8
   36.0  22707  -59.6                         275     41  552.2         552.2
   32.0  23445  -60.8                         260     29  567.8         567.8
   31.6  23524  -60.9                         260     31  569.5         569.5
   30.1  23829  -57.9                         260     40  585.6         585.6
   30.0  23850  -57.7                         260     41  586.8         586.8
   28.0  24285  -57.8                         255     32  598.1         598.1
   27.0  24514  -57.9                                     604.1         604.1
</PRE><H3>Station information and sounding indices</H3><PRE>
                         Station identifier: WAAA
                             Station number: 97180
                           Observation time: 160810/0000
                           Station latitude: -5.06
                          Station longitude: 119.55
                          Station elevation: 14.0
                            Showalter index: 2.29
                               Lifted index: 2.23
    LIFT computed using virtual temperature: 2.24
                                SWEAT index: 207.20
                                    K index: -1.10
                         Cross totals index: 18.30
                      Vertical totals index: 23.30
                        Totals totals index: 41.60
      Convective Available Potential Energy: 0.00
             CAPE using virtual temperature: 0.00
                      Convective Inhibition: 0.00
             CINS using virtual temperature: 0.00
                     Bulk Richardson Number: 0.00
          Bulk Richardson Number using CAPV: 0.00
  Temp [K] of the Lifted Condensation Level: 289.16
Pres [hPa] of the Lifted Condensation Level: 887.60
     Mean mixed layer potential temperature: 299.19
              Mean mixed layer mixing ratio: 13.08
              1000 hPa to 500 hPa thickness: 5775.00
Precipitable water [mm] for entire sounding: 35.68
</PRE>
<P>Description of the 
<A HREF="/upperair/columns.html">data columns</A>
or <A HREF="/upperair/indices.html">sounding indices</A>.

<P>
<FORM>
<INPUT CLASS="button" TYPE="button" VALUE=" Close this window " 
 onClick="window.close();">
<INPUT CLASS="button" TYPE="button" VALUE=" Select another map " 
 onClick="window.blur();">
</FORM>
<HR SIZE="1">
<I>Interested in graduate studies in atmospheric science?
Check out our program at the
<a href="http://www.uwyo.edu/atsc/howtoapply/"
target=_top>University of Wyoming
</a></I>
<HR SIZE="1"><FONT SIZE="-1">
Questions about the weather data provided by this site can be
addressed to <A HREF="mailto:ldoolman@uwyo.edu">
Larry Oolman (ldoolman@uwyo.edu)</A></FONT>
<HR SIZE="1">
<SCRIPT TYPE="text/javascript">
<!--
window.focus();
// -->
</SCRIPT>
</BODY>
</HTML>
