2016-11-23 00
<HTML>
<TITLE>University of Wyoming - Radiosonde Data</TITLE>
<LINK REL="StyleSheet" HREF="/resources/select.css" TYPE="text/css">
<BODY BGCOLOR="white">
<H2>97180 WAAA Ujung Pandang Observations at 00Z 23 Nov 2016</H2>
<PRE>
-----------------------------------------------------------------------------
   PRES   HGHT   TEMP   DWPT   RELH   MIXR   DRCT   SKNT   THTA   THTE   THTV
    hPa     m      C      C      %    g/kg    deg   knot     K      K      K 
-----------------------------------------------------------------------------
 1008.0     14   25.0   23.5     91  18.47      0      0  297.5  351.2  300.8
 1007.0     22   24.4   21.3     83  16.12     10      0  297.0  343.7  299.8
 1002.0     64   25.8   21.6     78  16.51     60      2  298.8  347.1  301.7
 1000.0     81   26.0   22.0     79  16.96     80      3  299.1  348.8  302.2
  981.0    251   25.8   21.5     77  16.76      1      5  300.6  350.0  303.6
  976.0    296   25.5   21.2     77  16.51    340      6  300.8  349.5  303.7
  925.0    768   22.8   17.8     73  14.06      0      5  302.6  344.4  305.2
  911.0    899   22.0   16.7     72  13.29      0      4  303.2  342.8  305.6
  880.0   1197   20.3   14.1     68  11.65    165      3  304.4  339.4  306.5
  850.0   1495   18.6   11.6     64  10.19    200      7  305.6  336.5  307.5
  849.0   1505   18.6   11.4     63  10.07    200      7  305.7  336.2  307.6
  826.0   1741   18.0    7.0     49   7.66    205      7  307.5  331.1  308.9
  813.0   1877   16.6   10.6     68   9.97    208      7  307.4  337.8  309.2
  797.0   2046   16.2    5.2     48   7.00    212      8  308.7  330.5  310.0
  769.0   2350   14.0    9.0     72   9.45    219      8  309.5  338.7  311.3
  764.0   2404   13.7    8.7     72   9.34    220      8  309.8  338.6  311.6
  712.0   2996   10.7    5.7     71   8.14    250     10  312.8  338.4  314.3
  700.0   3139   10.0    5.0     71   7.87    240     10  313.5  338.4  315.0
  638.0   3896    5.9    2.0     76   6.97    220     13  317.3  339.7  318.6
  615.0   4196    4.2    0.8     78   6.64    235     12  318.7  340.2  320.0
  559.0   4975    0.0   -2.3     84   5.82    219      8  322.5  341.7  323.7
  530.0   5398   -2.3   -4.9     83   5.05    210      6  324.7  341.6  325.7
  500.0   5860   -4.9   -7.7     81   4.31    240     10  327.0  341.7  327.9
  491.0   6001   -5.8   -8.2     83   4.21    240     10  327.6  341.9  328.4
  455.0   6593   -9.7  -10.5     94   3.80    240     15  329.9  343.0  330.6
  443.0   6801  -11.1  -11.3     98   3.66    246     13  330.7  343.4  331.4
  400.0   7580  -14.7  -17.5     79   2.43    270      7  335.8  344.6  336.3
  378.0   8007  -17.1  -20.7     74   1.96    280      9  338.1  345.3  338.5
  359.0   8388  -19.9  -23.5     73   1.61    290     10  339.4  345.4  339.7
  344.0   8703  -22.2  -25.8     73   1.37    260     12  340.4  345.6  340.7
  321.0   9213  -25.9  -29.5     72   1.04    254     10  342.1  346.1  342.3
  304.0   9605  -28.8  -33.5     64   0.75    250      9  343.4  346.3  343.5
  300.0   9700  -29.5  -34.5     62   0.69    250      7  343.7  346.4  343.8
  292.0   9892  -30.8  -37.1     54   0.54    300      2  344.5  346.7  344.6
  282.0  10140  -32.5  -40.5     45   0.40      2      2  345.5  347.1  345.6
  280.0  10190  -33.0  -40.7     46   0.39     15      2  345.6  347.2  345.6
  268.0  10498  -35.7  -41.7     54   0.37     60      2  345.9  347.4  346.0
  257.0  10789  -37.8  -46.8     38   0.22     30      9  347.1  348.0  347.1
  250.0  10980  -39.1  -50.1     30   0.16     35      9  347.8  348.5  347.8
  247.0  11062  -39.9  -50.9     30   0.14     37      9  347.8  348.4  347.8
  225.0  11680  -45.2                          50     10  349.1         349.1
  215.0  11981  -47.8                          40     10  349.6         349.6
  200.0  12460  -51.9                          50     13  350.4         350.4
  187.0  12881  -55.7                          55     15  351.1         351.1
  154.0  14095  -66.6                          45     11  352.5         352.5
  150.0  14260  -68.1                          60      9  352.6         352.6
  139.0  14694  -71.5                          90      9  354.3         354.3
  126.0  15253  -75.9                         100      4  356.4         356.4
  113.0  15874  -80.8                          70     18  358.6         358.6
  100.0  16570  -86.3                          60     40  360.8         360.8
   93.5  16938  -88.3                          50     44  363.8         363.8
   91.0  17087  -87.8                          50     43  367.6         367.6
   88.3  17251  -87.3                          58     39  371.8         371.8
   86.4  17371  -85.5                          64     36  377.8         377.8
   86.0  17397  -83.8                          65     35  381.6         381.6
   84.8  17476  -78.7                          80     29  393.5         393.5
   82.2  17656  -76.1                         112     15  402.4         402.4
   82.0  17670  -76.2                         115     14  402.5         402.5
   77.0  18032  -77.8                         175     19  406.5         406.5
   74.0  18261  -78.8                         175     23  409.0         409.0
   70.2  18564  -80.1                         156     19  412.4         412.4
   70.0  18580  -80.1                         155     19  412.7         412.7
   68.1  18736  -78.5                         146     18  419.4         419.4
   66.1  18908  -72.3                         136     17  436.5         436.5
   66.0  18917  -72.2                         135     17  436.9         436.9
   63.3  19164  -68.9                         211      5  449.4         449.4
   63.0  19192  -68.9                         220      4  449.9         449.9
   60.0  19482  -69.3                         275     12  455.5         455.5
   57.0  19788  -69.6                         285      8  461.4         461.4
   56.2  19872  -69.7                         293     10  463.1         463.1
   54.0  20110  -69.0                         315     14  470.1         470.1
   51.4  20404  -68.1                         299     15  478.8         478.8
   50.0  20570  -66.7                         290     16  485.9         485.9
   49.0  20694  -65.6                         275     15  491.3         491.3
   45.1  21202  -61.1                         240     17  514.0         514.0
   42.0  21642  -62.5                         210     19  521.0         521.0
   40.1  21928  -63.5                         219     19  525.5         525.5
   35.0  22763  -64.0                         245     20  545.1         545.1
   34.0  22940  -64.1                         255     18  549.3         549.3
   32.0  23317  -60.6                         275     15  568.2         568.2
   30.4  23636  -57.7                         267     19  584.5         584.5
   30.0  23720  -57.3                         265     20  587.8         587.8
   27.1  24363  -56.1                         255     21  608.5         608.5
   27.0  24387  -56.2                         255     21  608.9         608.9
   26.0  24625  -57.4                         230     14  612.1         612.1
   25.6  24723  -57.9                         233     15  613.4         613.4
   21.0  25980  -54.9                         275     26  658.3         658.3
   20.0  26290  -54.1                         275     32  669.8         669.8
   19.3  26518  -54.3                                     676.1         676.1
</PRE><H3>Station information and sounding indices</H3><PRE>
                         Station identifier: WAAA
                             Station number: 97180
                           Observation time: 161123/0000
                           Station latitude: -5.06
                          Station longitude: 119.55
                          Station elevation: 14.0
                            Showalter index: 3.47
                               Lifted index: -1.27
    LIFT computed using virtual temperature: -1.53
                                SWEAT index: 163.19
                                    K index: 30.10
                         Cross totals index: 16.50
                      Vertical totals index: 23.50
                        Totals totals index: 40.00
      Convective Available Potential Energy: 212.29
             CAPE using virtual temperature: 275.96
                      Convective Inhibition: -102.93
             CINS using virtual temperature: -54.55
                           Equilibrum Level: 292.90
 Equilibrum Level using virtual temperature: 290.83
                   Level of Free Convection: 705.13
             LFCT using virtual temperature: 781.76
                     Bulk Richardson Number: 20.08
          Bulk Richardson Number using CAPV: 26.11
  Temp [K] of the Lifted Condensation Level: 293.26
Pres [hPa] of the Lifted Condensation Level: 921.03
     Mean mixed layer potential temperature: 300.25
              Mean mixed layer mixing ratio: 16.39
              1000 hPa to 500 hPa thickness: 5779.00
Precipitable water [mm] for entire sounding: 54.11
</PRE>
<P>Description of the 
<A HREF="/upperair/columns.html">data columns</A>
or <A HREF="/upperair/indices.html">sounding indices</A>.

<P>
<FORM>
<INPUT CLASS="button" TYPE="button" VALUE=" Close this window " 
 onClick="window.close();">
<INPUT CLASS="button" TYPE="button" VALUE=" Select another map " 
 onClick="window.blur();">
</FORM>
<HR SIZE="1">
<I>Interested in graduate studies in atmospheric science?
Check out our program at the
<a href="http://www.uwyo.edu/atsc/howtoapply/"
target=_top>University of Wyoming
</a></I>
<HR SIZE="1"><FONT SIZE="-1">
Questions about the weather data provided by this site can be
addressed to <A HREF="mailto:ldoolman@uwyo.edu">
Larry Oolman (ldoolman@uwyo.edu)</A></FONT>
<HR SIZE="1">
<SCRIPT TYPE="text/javascript">
<!--
window.focus();
// -->
</SCRIPT>
</BODY>
</HTML>
