2017-12-09 00
<HTML>
<TITLE>University of Wyoming - Radiosonde Data</TITLE>
<LINK REL="StyleSheet" HREF="/resources/select.css" TYPE="text/css">
<BODY BGCOLOR="white">
<H2>97180 WAAA Ujung Pandang Observations at 00Z 09 Dec 2017</H2>
<PRE>
-----------------------------------------------------------------------------
   PRES   HGHT   TEMP   DWPT   RELH   MIXR   DRCT   SKNT   THTA   THTE   THTV
    hPa     m      C      C      %    g/kg    deg   knot     K      K      K 
-----------------------------------------------------------------------------
 1010.0     14   25.6   23.6     89  18.55    120      3  297.9  352.0  301.2
 1007.0     39   25.2   21.7     81  16.53    111      4  297.8  345.9  300.7
 1000.0     96   25.6   22.1     81  17.07     90      5  298.8  348.6  301.8
  979.0    284   25.6   21.1     76  16.38    122      5  300.6  348.8  303.5
  977.0    302   25.5   21.0     76  16.35    125      5  300.6  348.8  303.6
  945.0    596   23.4   20.0     82  15.88    210      7  301.3  348.3  304.2
  925.0    785   22.0   19.4     85  15.58    215      8  301.8  347.9  304.6
  917.0    861   21.2   19.0     87  15.32    214      9  301.7  347.1  304.5
  856.0   1457   18.6   12.6     68  10.82    210     14  305.0  337.7  307.0
  850.0   1517   18.2   13.2     73  11.34    210     14  305.2  339.4  307.3
  822.0   1803   16.0   13.1     83  11.66    203     13  305.8  341.0  307.9
  794.0   2098   14.9    6.5     57   7.71    195     11  307.7  331.5  309.1
  791.0   2130   14.8    5.8     55   7.36    193     11  307.9  330.7  309.3
  766.0   2400   13.2    6.8     65   8.15    175     10  309.0  334.3  310.6
  739.0   2701   11.5    7.9     79   9.14    190      9  310.3  338.6  312.0
  723.0   2885   10.4    8.6     89   9.79    172      7  311.1  341.4  312.9
  713.0   3001    9.8    8.0     89   9.53    160      5  311.7  341.3  313.4
  700.0   3154    9.0    7.2     88   9.18    155      6  312.4  341.1  314.1
  669.0   3527    6.4    5.4     93   8.48    176      5  313.6  340.2  315.2
  663.0   3601    6.3    4.8     90   8.21    180      5  314.3  340.2  315.9
  645.0   3827    6.2    3.0     80   7.42    133      5  316.6  340.4  318.1
  616.0   4199    4.0    1.2     82   6.82     55      4  318.4  340.4  319.7
  594.0   4494    2.3   -0.2     83   6.37     50      7  319.7  340.4  320.9
  565.0   4899    0.0   -2.2     85   5.80    100      6  321.6  340.6  322.7
  551.0   5099   -0.7   -3.1     84   5.54    125      5  323.0  341.4  324.1
  531.0   5393   -1.8   -4.5     82   5.17    100      8  325.1  342.5  326.1
  515.0   5637   -2.7   -5.7     80   4.88    329      5  326.9  343.4  327.9
  511.0   5698   -3.1   -6.5     77   4.62    295      4  327.1  342.8  328.0
  500.0   5870   -4.3   -8.8     71   3.95      0      1  327.7  341.3  328.5
  492.0   5996   -5.4   -8.8     76   4.01    120      2  327.9  341.7  328.8
  482.0   6157   -6.7   -8.9     84   4.07    214      3  328.2  342.2  329.0
  474.0   6287   -7.4  -10.8     77   3.56    290      3  328.9  341.2  329.6
  456.0   6587   -9.0  -15.2     61   2.58    335      3  330.6  339.7  331.1
  451.0   6673   -9.5  -16.5     57   2.35    334      3  331.0  339.4  331.5
  447.0   6742  -10.1  -14.3     71   2.84    333      3  331.1  341.1  331.7
  430.0   7039  -11.3  -18.3     56   2.12    328      2  333.2  340.9  333.7
  421.0   7201  -12.2  -17.5     65   2.32    325      2  334.1  342.5  334.6
  414.0   7329  -12.9  -16.8     73   2.49    290      3  334.8  343.8  335.3
  405.0   7496  -13.9  -17.5     74   2.40    245      4  335.6  344.3  336.1
  400.0   7590  -14.5  -17.9     75   2.35    270      5  336.1  344.6  336.5
  396.0   7666  -15.1  -17.8     80   2.40    274      5  336.2  344.9  336.7
  374.0   8098  -17.4  -25.1     52   1.35    295      3  338.7  343.8  338.9
  368.0   8220  -18.1  -27.1     45   1.13    321      2  339.4  343.7  339.6
  359.0   8403  -19.4  -28.1     46   1.05      0      0  340.0  344.1  340.2
  345.0   8699  -21.5  -29.9     47   0.94      0      1  341.0  344.7  341.2
  335.0   8917  -23.1  -31.1     48   0.86     78      2  341.8  345.1  341.9
  331.0   9005  -23.5  -33.3     40   0.70    110      3  342.4  345.2  342.6
  324.0   9162  -24.1  -37.1     29   0.49    113      4  343.7  345.7  343.8
  318.0   9298  -25.2  -37.0     32   0.51    115      5  343.9  346.0  344.1
  305.0   9600  -27.7  -36.8     42   0.54    100      4  344.6  346.8  344.7
  300.0   9720  -28.7  -36.7     46   0.55    100      5  344.8  347.1  344.9
  292.0   9910  -30.2  -37.9     47   0.50    110      7  345.4  347.4  345.5
  269.0  10486  -34.7  -41.5     50   0.38     70     10  347.0  348.6  347.1
  250.0  11000  -38.7  -44.7     53   0.29     70     15  348.4  349.6  348.4
  245.0  11138  -40.1  -45.1     59   0.28     71     16  348.3  349.5  348.4
  200.0  12480  -51.9                          80     23  350.4         350.4
  155.0  14075  -65.9                          90     30  353.1         353.1
  150.0  14280  -67.7                          90     29  353.3         353.3
  130.0  15122  -74.5                          86     31  355.8         355.8
  126.0  15300  -76.0                          85     32  356.3         356.3
  114.0  15870  -80.9                          83     30  357.5         357.5
  102.0  16490  -82.6                          80     28  365.8         365.8
  100.0  16600  -82.9                          80     22  367.3         367.3
   97.0  16769  -83.8                          75      9  368.9         368.9
   92.0  17063  -85.2                         130      3  371.6         371.6
   87.2  17360  -86.7                         100      7  374.3         374.3
   87.0  17373  -86.3                          90      8  375.3         375.3
   84.4  17542  -81.7                          57      7  388.0         388.0
   82.0  17707  -79.3                          25      7  396.0         396.0
   80.0  17848  -77.3                         336     14  403.0         403.0
   78.0  17994  -77.2                         285     21  406.2         406.2
   70.0  18620  -76.7                         250     25  420.0         420.0
   67.0  18871  -77.3                         230     16  423.9         423.9
   65.3  19019  -77.7                         237     16  426.2         426.2
   57.0  19802  -75.0                         275     13  449.1         449.1
   56.6  19842  -74.9                         280     13  450.4         450.4
   55.4  19967  -72.1                         293     14  459.5         459.5
   54.0  20118  -72.4                         310     15  462.2         462.2
   51.7  20373  -72.9                         313     12  466.8         466.8
   50.0  20570  -70.9                         315     10  476.0         476.0
   49.0  20690  -69.9                         315     10  481.1         481.1
   47.0  20939  -67.9                         135      3  491.6         491.6
   46.6  20989  -67.5                         135      4  493.8         493.8
   42.0  21614  -67.5                         135     22  508.7         508.7
   39.6  21967  -67.5                         116     30  517.4         517.4
   36.7  22426  -65.7                          91     40  533.4         533.4
   36.1  22526  -65.7                          86     42  535.9         535.9
   36.0  22542  -65.4                          85     42  537.1         537.1
   35.3  22662  -63.3                          86     44  545.5         545.5
   30.9  23478  -63.1                          93     56  567.2         567.2
   30.0  23660  -62.3                          95     59  574.2         574.2
   25.1  24782  -53.7                          93     69  628.9         628.9
   21.0  25927  -53.7                          90     79  661.8         661.8
   20.5  26082  -53.7                          90     79  666.3         666.3
   20.0  26240  -53.7                          90     75  671.0         671.0
</PRE><H3>Station information and sounding indices</H3><PRE>
                         Station identifier: WAAA
                             Station number: 97180
                           Observation time: 171209/0000
                           Station latitude: -5.06
                          Station longitude: 119.55
                          Station elevation: 14.0
                            Showalter index: 2.84
                               Lifted index: -0.69
    LIFT computed using virtual temperature: -1.00
                                SWEAT index: 187.40
                                    K index: 33.90
                         Cross totals index: 17.50
                      Vertical totals index: 22.50
                        Totals totals index: 40.00
      Convective Available Potential Energy: 199.21
             CAPE using virtual temperature: 283.46
                      Convective Inhibition: -47.21
             CINS using virtual temperature: -31.67
                           Equilibrum Level: 370.34
 Equilibrum Level using virtual temperature: 333.47
                   Level of Free Convection: 822.74
             LFCT using virtual temperature: 837.70
                     Bulk Richardson Number: 89.92
          Bulk Richardson Number using CAPV: 127.95
  Temp [K] of the Lifted Condensation Level: 293.51
Pres [hPa] of the Lifted Condensation Level: 927.39
     Mean mixed layer potential temperature: 299.92
              Mean mixed layer mixing ratio: 16.54
              1000 hPa to 500 hPa thickness: 5774.00
Precipitable water [mm] for entire sounding: 56.46
</PRE>
<P>Description of the 
<A HREF="/upperair/columns.html">data columns</A>
or <A HREF="/upperair/indices.html">sounding indices</A>.

<P>
<FORM>
<INPUT CLASS="button" TYPE="button" VALUE=" Close this window " 
 onClick="window.close();">
<INPUT CLASS="button" TYPE="button" VALUE=" Select another map " 
 onClick="window.blur();">
</FORM>
<HR SIZE="1">
<I>Interested in graduate studies in atmospheric science?
Check out our program at the
<a href="http://www.uwyo.edu/atsc/howtoapply/"
target=_top>University of Wyoming
</a></I>
<HR SIZE="1"><FONT SIZE="-1">
Questions about the weather data provided by this site can be
addressed to <A HREF="mailto:ldoolman@uwyo.edu">
Larry Oolman (ldoolman@uwyo.edu)</A></FONT>
<HR SIZE="1">
<SCRIPT TYPE="text/javascript">
<!--
window.focus();
// -->
</SCRIPT>
</BODY>
</HTML>
