2016-10-18 00
<HTML>
<TITLE>University of Wyoming - Radiosonde Data</TITLE>
<LINK REL="StyleSheet" HREF="/resources/select.css" TYPE="text/css">
<BODY BGCOLOR="white">
<H2>97180 WAAA Ujung Pandang Observations at 00Z 18 Oct 2016</H2>
<PRE>
-----------------------------------------------------------------------------
   PRES   HGHT   TEMP   DWPT   RELH   MIXR   DRCT   SKNT   THTA   THTE   THTV
    hPa     m      C      C      %    g/kg    deg   knot     K      K      K 
-----------------------------------------------------------------------------
 1008.0     14   24.8   21.5     82  16.30      0      0  297.3  344.6  300.2
 1007.0     23   27.2   20.2     66  15.03     12      1  299.8  343.9  302.4
 1000.0     84   26.4   19.4     65  14.39    100      4  299.6  341.8  302.1
  976.0    300   25.3   18.6     66  14.06    140      4  300.6  342.1  303.1
  944.0    597   23.9   17.6     68  13.62    155      4  302.0  342.4  304.4
  925.0    778   23.0   17.0     69  13.35    160      5  302.8  342.6  305.2
  885.0   1162   20.0   15.6     76  12.75    120      8  303.6  341.7  305.9
  851.0   1499   18.8   12.9     68  11.09     85     10  305.8  339.3  307.8
  850.0   1509   18.8   12.8     68  11.04     85     10  305.8  339.2  307.9
  842.0   1590   18.8   12.8     68  11.15     82     10  306.6  340.5  308.7
  796.0   2072   15.4   13.2     87  12.12     66      7  308.0  344.9  310.2
  793.0   2104   15.2   13.0     87  12.02     65      7  308.1  344.7  310.3
  761.0   2453   12.8   11.0     89  10.95     68      8  309.2  342.7  311.2
  739.0   2699   11.8    8.8     82   9.74     70      8  310.7  340.9  312.5
  713.0   3000   10.7    6.2     74   8.43     90     12  312.6  339.0  314.2
  703.0   3118   10.2    5.2     71   7.95     94     12  313.4  338.4  314.9
  700.0   3154   10.2    4.2     66   7.44     95     12  313.8  337.3  315.2
  688.0   3298    9.8    0.8     53   5.93     93     12  314.9  333.9  316.0
  674.0   3468    8.6    2.6     66   6.89     92     13  315.4  337.4  316.7
  663.0   3603    7.9    0.7     60   6.12     90     13  316.1  335.8  317.2
  616.0   4206    4.8   -7.7     40   3.51     35     12  319.3  331.0  319.9
  595.0   4490    3.4  -11.6     32   2.66     35      9  320.8  329.9  321.3
  583.0   4655    2.4   -8.6     44   3.44     35      8  321.5  333.1  322.1
  572.0   4808    1.6  -13.6     31   2.35     35      6  322.3  330.4  322.8
  551.0   5109    0.1  -23.5     15   1.05     90      6  323.9  327.8  324.2
  550.0   5124    0.0  -24.0     14   1.01     90      6  324.0  327.7  324.2
  531.0   5403   -1.6  -25.2     15   0.93     80      9  325.4  328.8  325.6
  511.0   5707   -3.3  -26.6     15   0.86    105     11  326.9  330.1  327.1
  500.0   5880   -4.3  -27.3     15   0.82     80      7  327.7  330.8  327.9
  498.0   5912   -4.7  -28.7     13   0.72     76      7  327.6  330.3  327.8
  481.0   6184   -7.1  -20.1     35   1.62     44      7  327.9  333.8  328.2
  475.0   6281   -8.1  -18.1     44   1.95     32      7  327.9  334.8  328.3
  474.0   6298   -8.1  -19.5     39   1.73     30      7  328.0  334.2  328.4
  470.0   6364   -8.3  -25.3     24   1.05     28      8  328.6  332.5  328.8
  456.0   6597   -9.6  -27.7     21   0.86     20     12  329.9  333.1  330.1
  446.0   6769  -10.5  -29.5     19   0.75     45     12  330.8  333.6  330.9
  439.0   6891  -11.1  -33.1     14   0.54     62     12  331.5  333.6  331.6
  438.0   6908  -11.2  -31.6     17   0.63     65     12  331.6  334.0  331.7
  433.0   6996  -11.9  -23.9     36   1.29     71     13  331.8  336.6  332.1
  428.0   7085  -12.7  -22.7     43   1.45     77     15  331.9  337.2  332.2
  426.0   7121  -12.5  -20.5     51   1.77     79     16  332.6  339.1  333.0
  421.0   7211  -12.7  -29.7     23   0.78     85     17  333.5  336.5  333.6
  420.0   7229  -12.7  -40.7      8   0.26     85     17  333.7  334.8  333.8
  404.0   7525  -14.3  -42.3      7   0.23     85     16  335.4  336.3  335.4
  400.0   7600  -14.7  -45.7      5   0.16     85     16  335.8  336.5  335.8
  399.0   7619  -14.9  -45.9      5   0.16     85     16  335.8  336.4  335.8
  396.0   7676  -15.5  -40.5     10   0.28     85     16  335.7  336.9  335.8
  395.0   7695  -15.5  -29.5     29   0.85     85     16  336.0  339.2  336.1
  394.0   7714  -15.5  -36.5     15   0.43     85     16  336.2  337.9  336.3
  392.0   7753  -15.7  -46.7      5   0.15     85     15  336.4  337.1  336.5
  388.0   7830  -16.3  -34.3     20   0.54     85     15  336.6  338.8  336.7
  384.0   7908  -17.1  -26.1     46   1.19     85     15  336.6  341.1  336.8
  382.0   7947  -17.3  -23.3     60   1.54     85     15  336.8  342.6  337.1
  381.0   7967  -17.5  -21.8     69   1.76     85     15  336.8  343.3  337.2
  380.0   7986  -17.5  -19.2     87   2.22     85     15  337.1  345.2  337.5
  379.0   8006  -17.3  -25.3     50   1.30     85     15  337.6  342.5  337.8
  378.0   8026  -17.1  -31.1     29   0.76     85     14  338.1  341.1  338.2
  371.0   8166  -16.7  -48.7      4   0.12     85     14  340.4  341.0  340.5
  351.0   8581  -18.5  -49.5      5   0.12     85     12  343.4  344.0  343.5
  345.0   8708  -19.6  -50.0      5   0.12     85     12  343.7  344.2  343.7
  318.0   9305  -24.7  -52.2      6   0.10    110     17  344.7  345.1  344.7
  304.0   9635  -27.5  -53.5      7   0.09     98     16  345.2  345.6  345.2
  300.0   9730  -28.1  -48.1     13   0.16     95     16  345.7  346.4  345.7
  269.0  10490  -35.3  -47.4     28   0.20     65     15  346.1  346.9  346.1
  251.0  10973  -39.9  -46.9     47   0.22     74     15  346.2  347.2  346.3
  250.0  11000  -40.1                          75     15  346.3         346.3
  236.0  11385  -43.3                          75     20  347.2         347.2
  215.0  12007  -48.5                          40     27  348.6         348.6
  200.0  12490  -52.5                          40     25  349.5         349.5
  188.0  12877  -55.6                          50     23  350.6         350.6
  170.0  13507  -60.8                          85     13  352.4         352.4
  150.0  14290  -67.1                          80     25  354.3         354.3
  133.0  14981  -72.3                          75     29  357.4         357.4
  102.0  16506  -83.8                          75     24  363.4         363.4
  100.0  16620  -84.7                          80     22  363.8         363.8
   97.0  16786  -85.6                          90     21  365.2         365.2
   87.0  17379  -89.0                         110     28  370.0         370.0
   84.4  17544  -89.9                         105     31  371.4         371.4
   81.8  17712  -89.1                         100     34  376.3         376.3
   79.6  17862  -83.5                          96     37  390.8         390.8
   75.2  18182  -78.7                          87     43  407.3         407.3
   74.0  18275  -75.1                          85     45  416.7         416.7
   73.8  18290  -74.5                          85     45  418.3         418.3
   70.0  18600  -71.9                          85     38  430.2         430.2
   66.3  18922  -68.3                          57     33  444.8         444.8
   59.6  19558  -68.5                           1     24  458.1         458.1
   54.9  20050  -66.3                         319     16  474.0         474.0
   54.0  20151  -63.1                         310     15  483.6         483.6
   51.5  20440  -64.9                         285     11  486.0         486.0
   50.0  20620  -63.3                         270      8  493.9         493.9
   48.4  20819  -62.7                         270      9  499.9         499.9
   42.7  21584  -65.3                         268     14  511.8         511.8
   37.9  22318  -59.5                         267     19  544.3         544.3
   30.0  23780  -58.1                         265     29  585.7         585.7
   26.0  24684  -56.5                                     614.6         614.6
</PRE><H3>Station information and sounding indices</H3><PRE>
                         Station identifier: WAAA
                             Station number: 97180
                           Observation time: 161018/0000
                           Station latitude: -5.06
                          Station longitude: 119.55
                          Station elevation: 14.0
                            Showalter index: 2.90
                               Lifted index: 1.72
    LIFT computed using virtual temperature: 1.06
                                SWEAT index: 180.60
                                    K index: 29.90
                         Cross totals index: 17.10
                      Vertical totals index: 23.10
                        Totals totals index: 40.20
      Convective Available Potential Energy: 0.00
             CAPE using virtual temperature: 0.00
                      Convective Inhibition: 0.00
             CINS using virtual temperature: -305.38
 Equilibrum Level using virtual temperature: 473.31
             LFCT using virtual temperature: 475.90
                     Bulk Richardson Number: 0.00
          Bulk Richardson Number using CAPV: 0.00
  Temp [K] of the Lifted Condensation Level: 290.43
Pres [hPa] of the Lifted Condensation Level: 888.63
     Mean mixed layer potential temperature: 300.41
              Mean mixed layer mixing ratio: 14.18
              1000 hPa to 500 hPa thickness: 5796.00
Precipitable water [mm] for entire sounding: 45.96
</PRE>
<P>Description of the 
<A HREF="/upperair/columns.html">data columns</A>
or <A HREF="/upperair/indices.html">sounding indices</A>.

<P>
<FORM>
<INPUT CLASS="button" TYPE="button" VALUE=" Close this window " 
 onClick="window.close();">
<INPUT CLASS="button" TYPE="button" VALUE=" Select another map " 
 onClick="window.blur();">
</FORM>
<HR SIZE="1">
<I>Interested in graduate studies in atmospheric science?
Check out our program at the
<a href="http://www.uwyo.edu/atsc/howtoapply/"
target=_top>University of Wyoming
</a></I>
<HR SIZE="1"><FONT SIZE="-1">
Questions about the weather data provided by this site can be
addressed to <A HREF="mailto:ldoolman@uwyo.edu">
Larry Oolman (ldoolman@uwyo.edu)</A></FONT>
<HR SIZE="1">
<SCRIPT TYPE="text/javascript">
<!--
window.focus();
// -->
</SCRIPT>
</BODY>
</HTML>
