2018-11-12 00
<HTML>
<TITLE>University of Wyoming - Radiosonde Data</TITLE>
<LINK REL="StyleSheet" HREF="/resources/select.css" TYPE="text/css">
<BODY BGCOLOR="white">
<H2>97180 WAAA Ujung Pandang Observations at 00Z 12 Nov 2018</H2>
<PRE>
-----------------------------------------------------------------------------
   PRES   HGHT   TEMP   DWPT   RELH   MIXR   DRCT   SKNT   THTA   THTE   THTV
    hPa     m      C      C      %    g/kg    deg   knot     K      K      K 
-----------------------------------------------------------------------------
 1010.0     14   26.8   23.4     82  18.32      0      0  299.1  352.8  302.4
 1009.0     22   27.0   19.0     62  13.90      7      0  299.4  340.2  301.9
 1000.0     99   26.4   21.5     74  16.44     75      3  299.6  347.8  302.5
  979.0    287   25.6   22.5     83  17.88    147      2  300.6  353.3  303.8
  978.0    296   25.5   22.4     83  17.84    150      2  300.6  353.2  303.8
  945.0    599   23.6   20.4     82  16.29    175      5  301.6  349.8  304.5
  925.0    787   22.4   19.2     82  15.38    175      5  302.2  347.9  305.0
  892.0   1104   20.2   17.8     86  14.59    164      7  303.1  346.6  305.7
  882.0   1201   19.6   16.8     84  13.87    160      8  303.5  344.9  306.0
  850.0   1520   17.8   13.7     77  11.72    140     10  304.8  340.1  306.9
  828.0   1744   16.4   11.6     73  10.47    136      8  305.6  337.3  307.5
  822.0   1806   16.2   10.0     67   9.49    135      7  306.0  334.9  307.8
  797.0   2069   15.4    3.4     45   6.17    104     11  307.9  327.1  309.0
  794.0   2100   15.3    2.9     43   5.99    100     12  308.1  326.8  309.2
  766.0   2403   14.3   -1.5     34   4.51    105     12  310.2  324.6  311.1
  740.0   2694   13.4   -5.7     26   3.40    185      2  312.2  323.3  312.9
  725.0   2867   12.8   -8.2     22   2.86    179      3  313.5  322.9  314.0
  714.0   2994   12.1   -4.7     31   3.80    175      3  314.0  326.5  314.8
  707.0   3077   11.6   -2.4     38   4.56    175      3  314.4  329.2  315.3
  705.0   3101   11.6   -1.4     40   4.92    175      2  314.7  330.6  315.6
  700.0   3160   11.8  -11.2     19   2.33    175      2  315.5  323.4  316.0
  699.0   3172   11.8  -13.2     16   1.99    179      2  315.6  322.4  316.0
  697.0   3196   12.0  -17.0     12   1.46    186      3  316.1  321.2  316.4
  688.0   3304   11.1  -13.2     17   2.01    220      5  316.3  323.1  316.6
  678.0   3426   10.0   -9.0     25   2.87    214      6  316.4  326.0  316.9
  664.0   3598    8.2   -2.4     47   4.87    205      8  316.2  332.1  317.2
  655.0   3711    7.0    2.0     70   6.80    212      7  316.1  337.9  317.4
  641.0   3888    6.2    2.5     77   7.20    224      4  317.2  340.3  318.6
  640.0   3901    6.1    2.2     76   7.08    225      4  317.3  340.0  318.6
  620.0   4161    5.0   -3.0     56   4.97    147      5  318.9  335.2  319.8
  617.0   4200    4.9   -3.8     53   4.71    135      5  319.1  334.6  320.1
  611.0   4280    4.6   -5.4     48   4.21    135      6  319.7  333.7  320.6
  606.0   4347    4.0   -3.0     60   5.09    135      6  319.8  336.5  320.8
  594.0   4509    2.8   -4.2     60   4.74    135      8  320.2  335.9  321.2
  588.0   4591    2.2   -4.8     60   4.58    146      8  320.5  335.6  321.4
  582.0   4674    1.4   -5.6     60   4.35    158      9  320.5  334.9  321.3
  576.0   4757    1.0   -8.0     51   3.65    169      9  320.9  333.2  321.7
  574.0   4785    0.8  -14.2     32   2.23    173      9  321.0  328.7  321.5
  573.0   4799    0.7  -14.2     32   2.24    175      9  321.1  328.8  321.6
  563.0   4940    0.0  -14.0     34   2.31    168      9  321.9  329.9  322.3
  558.0   5011   -0.5  -17.5     26   1.74    164      8  322.1  328.2  322.4
  557.0   5026   -0.3  -20.3     20   1.37    164      8  322.5  327.4  322.8
  553.0   5083   -0.9  -12.9     40   2.58    161      8  322.5  331.3  323.0
  552.0   5098   -1.3   -9.3     55   3.44    160      8  322.1  333.8  322.8
  551.0   5112   -1.5   -7.5     64   3.97    158      8  322.1  335.4  322.9
  550.0   5127   -1.7   -6.7     69   4.23    156      8  322.0  336.2  322.8
  548.0   5156   -1.7  -11.7     46   2.86    153      8  322.4  332.1  322.9
  547.0   5170   -1.1  -19.1     24   1.55    151      8  323.2  328.7  323.5
  544.0   5214   -1.5  -11.5     46   2.93    145      8  323.3  333.3  323.8
  541.0   5258   -1.9  -10.9     50   3.09    139      8  323.3  333.9  323.9
  540.0   5272   -2.1  -12.1     46   2.81    137      8  323.2  332.9  323.8
  539.0   5287   -2.1  -13.1     43   2.60    135      8  323.4  332.4  323.9
  537.0   5317   -2.3  -11.3     50   3.02    132      8  323.5  333.8  324.1
  536.0   5332   -2.7   -6.3     76   4.48    130      8  323.2  338.2  324.1
  531.0   5406   -3.1   -6.5     77   4.44    120      8  323.6  338.6  324.5
  525.0   5496   -3.5   -6.8     78   4.40    114      9  324.2  339.0  325.0
  521.0   5556   -3.7  -10.7     58   3.26    110     10  324.6  335.8  325.3
  512.0   5693   -4.2  -14.4     45   2.47    100     12  325.6  334.2  326.1
  504.0   5817   -4.7  -17.7     35   1.90    107     13  326.5  333.2  326.9
  500.0   5880   -4.9  -19.9     30   1.59    110     13  327.0  332.7  327.3
  493.0   5990   -5.8  -19.8     32   1.62    110     13  327.2  333.1  327.6
  478.0   6232   -7.7  -19.7     38   1.69     90     12  327.8  333.8  328.1
  474.0   6297   -8.1  -21.1     34   1.51     85     12  328.1  333.6  328.4
  446.0   6768  -10.9  -30.9     18   0.66     85     20  330.3  332.8  330.4
  438.0   6907  -11.1  -33.1     14   0.54     85     23  331.8  333.9  331.9
  427.0   7102  -11.3  -36.3     11   0.40     95     20  333.9  335.5  334.0
  400.0   7600  -14.5  -34.5     17   0.52    120     14  336.1  338.1  336.2
  390.0   7791  -15.6  -38.9     12   0.34    125     11  337.1  338.5  337.1
  371.0   8167  -17.7  -47.7      5   0.14     91     12  339.1  339.7  339.1
  360.0   8388  -19.3  -48.3      6   0.13     70     12  339.9  340.5  339.9
  345.0   8701  -21.6  -49.1      6   0.13     70      9  341.0  341.6  341.0
  319.0   9278  -25.7  -50.7      8   0.11    128      3  343.0  343.5  343.0
  318.0   9301  -25.9  -51.0      8   0.11    130      3  343.0  343.5  343.1
  300.0   9720  -29.3  -57.3      5   0.06    110      3  344.0  344.2  344.0
  292.0   9909  -31.0  -56.8      6   0.06    105      3  344.2  344.5  344.2
  280.0  10201  -33.7  -56.0      9   0.07     55      3  344.5  344.8  344.5
  268.0  10507  -36.5  -55.2     13   0.08      0      5  344.8  345.2  344.8
  253.0  10909  -40.1  -54.1     21   0.10    343      7  345.1  345.6  345.1
  250.0  10990  -40.7                         340      7  345.4         345.4
  225.0  11689  -46.5                         310     11  347.0         347.0
  205.0  12306  -51.7                         300      7  348.2         348.2
  200.0  12470  -53.1                         320      5  348.5         348.5
  196.0  12596  -54.1                         350      5  348.9         348.9
  187.0  12888  -56.5                          35      5  349.9         349.9
  178.0  13195  -58.9                          40      4  350.8         350.8
  162.0  13781  -63.6                           0      4  352.4         352.4
  154.0  14096  -66.2                          25      9  353.2         353.2
  150.0  14260  -67.5                          25     11  353.6         353.6
  139.0  14696  -70.9                          15     15  355.4         355.4
  113.0  15881  -80.1                          35     11  360.0         360.0
  100.0  16580  -85.5                          70     14  362.3         362.3
   92.3  17017  -88.3                          95     13  365.1         365.1
   91.0  17094  -87.8                          95     17  367.6         367.6
   82.3  17644  -84.3                          81     32  385.5         385.5
   82.0  17664  -84.0                          80     33  386.4         386.4
   81.1  17726  -83.3                          83     29  389.1         389.1
   79.6  17831  -77.7                          87     23  402.8         402.8
   77.2  18007  -75.3                          94     13  411.3         411.3
   77.0  18022  -75.4                          95     12  411.4         411.4
   73.7  18275  -76.9                          86     16  413.4         413.4
   70.5  18529  -77.7                          76     20  417.0         417.0
   70.0  18570  -77.5                          75     21  418.3         418.3
   68.6  18687  -72.9                          63     21  430.6         430.6
   66.0  18912  -73.3                          40     22  434.5         434.5
   63.0  19183  -73.8                          65     14  439.2         439.2
   60.0  19467  -74.3                         125     21  444.3         444.3
   57.0  19766  -74.8                         125     33  449.6         449.6
   53.4  20146  -75.5                         104     41  456.5         456.5
   51.0  20414  -73.1                          90     47  468.1         468.1
   50.0  20530  -72.1                          90     47  473.2         473.2
   47.5  20834  -70.9                          82     48  483.0         483.0
   44.0  21301  -66.5                          70     50  504.6         504.6
   40.0  21883  -60.9                          85     42  532.4         532.4
   38.9  22053  -59.3                          81     34  540.7         540.7
   37.3  22321  -51.9                          75     23  566.2         566.2
   36.0  22549  -52.8                          70     13  569.8         569.8
   35.0  22731  -53.4                          10      4  572.6         572.6
   33.0  23110  -54.8                         270     13  578.6         578.6
   32.1  23288  -55.5                         255     20  581.4         581.4
   32.0  23308  -55.5                         245     21  581.9         581.9
   30.0  23720  -55.3                         255     14  593.3         593.3
   29.2  23893  -53.3                         259     14  603.4         603.4
   27.0  24394  -54.4                         270     15  613.8         613.8
   26.0  24636  -55.0                         210      8  618.9         618.9
   25.8  24685  -55.1                         195      9  620.0         620.0
   25.0  24889  -54.0                         135     12  628.7         628.7
   23.0  25429  -51.1                          95      7  652.3         652.3
   22.0  25717  -49.6                          25     15  665.2         665.2
   21.3  25926  -48.5                           1     18  674.7         674.7
   21.0  26019  -48.4                         350     20  677.7         677.7
   20.0  26340  -48.1                         330     22  688.2         688.2
   18.0  27034  -48.1                         295     34  709.2         709.2
   17.1  27372  -48.1                         282     33  719.7         719.7
   17.0                                       280     33                     
</PRE><H3>Station information and sounding indices</H3><PRE>
                         Station identifier: WAAA
                             Station number: 97180
                           Observation time: 181112/0000
                           Station latitude: -5.06
                          Station longitude: 119.55
                          Station elevation: 14.0
                            Showalter index: 1.97
                               Lifted index: -1.80
    LIFT computed using virtual temperature: -2.54
                                SWEAT index: 197.40
                                    K index: 13.40
                         Cross totals index: 18.60
                      Vertical totals index: 22.70
                        Totals totals index: 41.30
      Convective Available Potential Energy: 451.39
             CAPE using virtual temperature: 633.16
                      Convective Inhibition: -34.69
             CINS using virtual temperature: -25.51
                           Equilibrum Level: 191.82
 Equilibrum Level using virtual temperature: 191.79
                   Level of Free Convection: 839.71
             LFCT using virtual temperature: 865.93
                     Bulk Richardson Number: 245.96
          Bulk Richardson Number using CAPV: 345.00
  Temp [K] of the Lifted Condensation Level: 293.78
Pres [hPa] of the Lifted Condensation Level: 925.74
     Mean mixed layer potential temperature: 300.34
              Mean mixed layer mixing ratio: 16.88
              1000 hPa to 500 hPa thickness: 5781.00
Precipitable water [mm] for entire sounding: 43.61
</PRE>
<P>Description of the 
<A HREF="/upperair/columns.html">data columns</A>
or <A HREF="/upperair/indices.html">sounding indices</A>.

<P>
<FORM>
<INPUT CLASS="button" TYPE="button" VALUE=" Close this window " 
 onClick="window.close();">
<INPUT CLASS="button" TYPE="button" VALUE=" Select another map " 
 onClick="window.blur();">
</FORM>
<HR SIZE="1">
<I>Interested in graduate studies in atmospheric science?
Check out our program at the
<a href="http://www.uwyo.edu/atsc/howtoapply/"
target=_top>University of Wyoming
</a></I>
<HR SIZE="1"><FONT SIZE="-1">
Questions about the weather data provided by this site can be
addressed to <A HREF="mailto:ldoolman@uwyo.edu">
Larry Oolman (ldoolman@uwyo.edu)</A></FONT>
<HR SIZE="1">
<SCRIPT TYPE="text/javascript">
<!--
window.focus();
// -->
</SCRIPT>
</BODY>
</HTML>
