2016-11-03 00
<HTML>
<TITLE>University of Wyoming - Radiosonde Data</TITLE>
<LINK REL="StyleSheet" HREF="/resources/select.css" TYPE="text/css">
<BODY BGCOLOR="white">
<H2>97180 WAAA Ujung Pandang Observations at 00Z 03 Nov 2016</H2>
<PRE>
-----------------------------------------------------------------------------
   PRES   HGHT   TEMP   DWPT   RELH   MIXR   DRCT   SKNT   THTA   THTE   THTV
    hPa     m      C      C      %    g/kg    deg   knot     K      K      K 
-----------------------------------------------------------------------------
 1010.0     14   26.2   21.4     75  16.17      0      0  298.5  345.7  301.4
 1000.0    101   26.0   20.0     70  14.95    140      3  299.1  343.0  301.8
  992.0    172   26.8   20.8     70  15.86    154      5  300.6  347.4  303.5
  978.0    297   25.9   20.8     74  16.05    180      8  300.9  348.3  303.8
  954.0    515   24.2   20.7     81  16.40    180      9  301.4  349.9  304.3
  945.0    598   23.7   19.9     79  15.74    180      9  301.7  348.3  304.5
  925.0    784   22.6   18.1     76  14.34    180      4  302.4  345.0  305.0
  913.0    898   21.8   17.4     76  13.91      0      0  302.7  344.1  305.3
  883.0   1189   19.8   15.7     77  12.87     58      8  303.6  342.0  305.9
  882.0   1199   19.8   15.3     75  12.57     60      8  303.7  341.3  306.0
  871.0   1308   20.2   11.2     56   9.68     70     10  305.2  334.5  306.9
  850.0   1519   19.0    8.0     49   7.98     90     15  306.0  330.4  307.5
  823.0   1796   17.2    7.0     51   7.67    105     20  307.0  330.6  308.4
  814.0   1890   16.6    6.6     52   7.56    106     20  307.3  330.6  308.7
  803.0   2006   16.6    0.6     34   5.00    107     20  308.5  324.3  309.4
  781.0   2242   15.0   -5.0     25   3.39    110     21  309.2  320.2  309.9
  773.0   2329   14.4   -7.6     21   2.81    111     21  309.5  318.6  310.0
  770.0   2361   14.2   -8.8     19   2.56    111     21  309.6  318.0  310.1
  762.0   2449   13.0    4.0     54   6.73    112     21  309.3  330.3  310.5
  761.0   2460   12.6    8.2     75   9.04    112     21  308.9  336.8  310.6
  740.0   2695   11.4    7.1     75   8.63    115     22  310.1  336.9  311.8
  736.0   2741   11.2    6.9     75   8.55    111     22  310.4  336.9  312.0
  726.0   2855   11.6   -1.4     40   4.78    102     21  312.0  327.3  312.9
  714.0   2995   11.0    2.0     54   6.23     90     20  312.9  332.6  314.0
  700.0   3160   10.2   -3.8     37   4.14     95     15  313.8  327.2  314.5
  689.0   3292    9.6   -7.4     29   3.20     97     13  314.5  325.1  315.1
  664.0   3596    7.5   -6.7     36   3.52    100      8  315.5  327.1  316.2
  637.0   3938    5.2   -5.8     45   3.91    134      6  316.6  329.5  317.4
  620.0   4158    4.4  -12.6     28   2.35    156      5  318.2  326.2  318.6
  617.0   4198    4.2  -11.2     31   2.64    160      5  318.4  327.4  318.9
  616.0   4211    4.2  -10.8     33   2.74    160      5  318.5  327.8  319.1
  597.0   4465    3.0  -16.0     23   1.85    164      4  320.0  326.4  320.4
  573.0   4796    1.2  -13.6     32   2.34    170      2  321.7  329.8  322.1
  557.0   5024    0.0  -12.0     40   2.75    155      3  322.9  332.3  323.4
  540.0   5272   -1.7  -14.7     36   2.28    138      4  323.7  331.6  324.1
  526.0   5481   -2.5  -27.5     13   0.76    124      4  325.2  328.0  325.3
  516.0   5632   -3.9  -26.9     15   0.82    114      5  325.3  328.3  325.4
  512.0   5694   -4.4  -23.4     21   1.14    110      5  325.4  329.5  325.6
  508.0   5755   -4.9  -19.9     30   1.56    102      5  325.5  331.1  325.8
  500.0   5880   -6.3  -15.3     49   2.34     85      4  325.3  333.5  325.8
  493.0   5990   -7.3  -15.7     51   2.29     70      4  325.4  333.4  325.9
  475.0   6278   -9.9  -16.9     57   2.16    146      4  325.6  333.2  326.1
  474.0   6295   -9.1  -26.1     24   0.97    150      4  326.8  330.4  327.0
  458.0   6561   -7.3  -37.3      7   0.34    139      6  332.3  333.7  332.4
  400.0   7600  -14.7  -40.7      9   0.27     95     14  335.8  336.9  335.9
  390.0   7789  -16.1  -41.6      9   0.26     90     13  336.5  337.5  336.5
  360.0   8386  -20.3  -44.5     10   0.20     95      6  338.5  339.4  338.6
  338.0   8857  -23.7  -46.7     10   0.17     80      7  340.1  340.8  340.1
  331.0   9008  -24.8  -46.4     12   0.18     75      7  340.6  341.4  340.7
  318.0   9298  -26.9  -45.8     15   0.20     90      5  341.7  342.5  341.7
  300.0   9720  -29.9  -44.9     22   0.23     80      7  343.1  344.1  343.2
  289.0   9985  -31.7  -43.7     30   0.28     83     10  344.2  345.4  344.3
  285.0  10083  -32.3  -48.3     19   0.17     84     11  344.8  345.5  344.8
  280.0  10206  -33.5  -46.7     25   0.21     85     13  344.8  345.7  344.9
  269.0  10486  -36.1  -43.1     48   0.32     90     11  345.0  346.3  345.0
  257.0  10800  -38.3  -46.0     45   0.24     95      9  346.2  347.2  346.2
  250.0  10990  -39.7  -47.7     42   0.21     75      9  346.9  347.8  346.9
  248.0  11045  -40.1  -48.1     42   0.20     77      9  347.1  348.0  347.1
  246.0  11098  -40.6                          80      8  347.2         347.2
  235.0  11401  -43.2                          30      8  347.7         347.7
  225.0  11690  -45.8                         350      9  348.2         348.2
  215.0  11991  -48.5                           5      9  348.6         348.6
  200.0  12470  -52.7                          20     13  349.1         349.1
  162.0  13788  -63.7                          85     21  352.3         352.3
  150.0  14270  -67.7                         105     21  353.3         353.3
  147.0  14385  -68.7                         105     21  353.6         353.6
  126.0  15263  -76.4                          75     38  355.6         355.6
  102.0  16467  -86.9                          60     55  357.5         357.5
  100.0  16580  -87.9                          60     59  357.7         357.7
   96.7  16762  -89.3                          65     63  358.4         358.4
   91.0  17089  -89.8                          75     54  363.7         363.7
   89.4  17184  -89.9                          78     49  365.3         365.3
   88.2  17257  -89.7                          81     45  367.1         367.1
   86.1  17390  -80.1                          86     39  389.0         389.0
   84.9  17470  -77.1                          89     35  396.6         396.6
   80.9  17748  -77.1                          98     22  402.1         402.1
   78.0  17960  -73.9                         105     12  413.0         413.0
   77.3  18012  -73.1                          87     11  415.7         415.7
   74.0  18266  -74.4                           0      4  418.2         418.2
   70.0  18590  -76.1                         230      2  421.3         421.3
   66.7  18867  -77.7                         140      4  423.6         423.6
   66.0  18928  -77.5                         125      4  425.4         425.4
   63.5  19150  -76.7                          71     11  431.8         431.8
   63.0  19195  -76.2                          60     12  434.0         434.0
   61.8  19306  -74.9                          82     12  439.2         439.2
   60.9  19393  -70.3                          98     12  451.3         451.3
   60.0  19482  -68.3                         115     12  457.7         457.7
   59.3  19552  -66.7                         113     11  462.8         462.8
   57.0  19793  -65.2                         105      9  471.6         471.6
   55.5  19955  -64.1                         191     12  477.6         477.6
   54.0  20122  -64.7                         280     15  479.9         479.9
   50.0  20590  -66.5                         260     28  486.4         486.4
   49.5  20651  -66.9                         258     27  486.8         486.8
   49.0  20713  -66.6                         255     25  488.9         488.9
   45.0  21232  -64.2                         230     15  506.8         506.8
   40.3  21906  -61.1                         296     17  530.8         530.8
   40.0  21952  -61.2                         300     17  531.5         531.5
   38.0  22269  -62.3                         285     19  536.7         536.7
   33.0  23149  -57.3                         245     26  572.1         572.1
   32.1  23322  -56.3                         246     29  579.3         579.3
   30.0  23750  -56.5                         250     35  590.0         590.0
   28.0  24187  -57.3                         250     35  599.5         599.5
   26.2  24609  -54.9                         250     36  617.8         617.8
   26.0  24657  -54.9                         250     36  619.1         619.1
   22.0  25722  -55.6                         285     40  647.5         647.5
   21.2  25959  -55.7                         283     38  654.0         654.0
   20.0  26330  -54.9                         280     35  667.4         667.4
   17.0  27379  -50.8                         285     33  712.2         712.2
   16.8  27455  -50.5                         284     33  715.6         715.6
   16.0  27773  -50.8                         280     33  724.7         724.7
   15.2  28106  -51.1                                     734.4         734.4
</PRE><H3>Station information and sounding indices</H3><PRE>
                         Station identifier: WAAA
                             Station number: 97180
                           Observation time: 161103/0000
                           Station latitude: -5.06
                          Station longitude: 119.55
                          Station elevation: 14.0
                            Showalter index: 4.82
                               Lifted index: -2.26
    LIFT computed using virtual temperature: -2.81
                                SWEAT index: 129.99
                                    K index: 19.30
                         Cross totals index: 14.30
                      Vertical totals index: 25.30
                        Totals totals index: 39.60
      Convective Available Potential Energy: 145.09
             CAPE using virtual temperature: 302.60
                      Convective Inhibition: -105.41
             CINS using virtual temperature: -54.76
                           Equilibrum Level: 301.11
 Equilibrum Level using virtual temperature: 296.97
                   Level of Free Convection: 761.79
             LFCT using virtual temperature: 795.45
                     Bulk Richardson Number: 17.41
          Bulk Richardson Number using CAPV: 36.32
  Temp [K] of the Lifted Condensation Level: 292.64
Pres [hPa] of the Lifted Condensation Level: 912.03
     Mean mixed layer potential temperature: 300.46
              Mean mixed layer mixing ratio: 15.92
              1000 hPa to 500 hPa thickness: 5779.00
Precipitable water [mm] for entire sounding: 38.88
</PRE>
<P>Description of the 
<A HREF="/upperair/columns.html">data columns</A>
or <A HREF="/upperair/indices.html">sounding indices</A>.

<P>
<FORM>
<INPUT CLASS="button" TYPE="button" VALUE=" Close this window " 
 onClick="window.close();">
<INPUT CLASS="button" TYPE="button" VALUE=" Select another map " 
 onClick="window.blur();">
</FORM>
<HR SIZE="1">
<I>Interested in graduate studies in atmospheric science?
Check out our program at the
<a href="http://www.uwyo.edu/atsc/howtoapply/"
target=_top>University of Wyoming
</a></I>
<HR SIZE="1"><FONT SIZE="-1">
Questions about the weather data provided by this site can be
addressed to <A HREF="mailto:ldoolman@uwyo.edu">
Larry Oolman (ldoolman@uwyo.edu)</A></FONT>
<HR SIZE="1">
<SCRIPT TYPE="text/javascript">
<!--
window.focus();
// -->
</SCRIPT>
</BODY>
</HTML>
