2018-03-07 00
<HTML>
<TITLE>University of Wyoming - Radiosonde Data</TITLE>
<LINK REL="StyleSheet" HREF="/resources/select.css" TYPE="text/css">
<BODY BGCOLOR="white">
<H2>97180 WAAA Ujung Pandang Observations at 00Z 07 Mar 2018</H2>
<PRE>
-----------------------------------------------------------------------------
   PRES   HGHT   TEMP   DWPT   RELH   MIXR   DRCT   SKNT   THTA   THTE   THTV
    hPa     m      C      C      %    g/kg    deg   knot     K      K      K 
-----------------------------------------------------------------------------
 1008.0     14   25.0   23.5     91  18.47      0      0  297.5  351.2  300.8
 1000.0     81   26.2   22.7     81  17.72     75      3  299.4  351.3  302.5
  976.0    295   24.9   21.8     82  17.13     40      3  300.2  350.6  303.2
  943.0    598   23.2   20.4     85  16.32    295      6  301.4  349.6  304.3
  925.0    768   22.2   19.7     86  15.88    300      5  302.0  349.1  304.9
  860.0   1396   18.6   16.5     88  13.92    253      8  304.6  346.4  307.1
  850.0   1496   18.2   15.6     85  13.29    245      8  305.2  345.2  307.6
  773.0   2305   14.0    9.0     72   9.40    267      9  309.1  338.0  310.8
  764.0   2403   13.5    8.6     72   9.28    270      9  309.6  338.2  311.3
  711.0   3005   10.5    6.4     76   8.54    245     10  312.6  339.4  314.2
  700.0   3136    9.8    5.9     77   8.39    260     10  313.3  339.7  314.9
  686.0   3301    8.9    4.9     76   7.99    260      9  314.1  339.4  315.6
  662.0   3591    7.3    3.2     75   7.32    235     10  315.6  338.9  317.0
  638.0   3891    5.7    1.4     74   6.67    230      7  317.1  338.5  318.4
  615.0   4191    4.1   -0.4     72   6.07    205      7  318.6  338.3  319.8
  560.0   4954    0.0   -5.0     69   4.74    202      8  322.4  338.1  323.3
  530.0   5391   -2.7   -7.3     70   4.18    200      8  324.2  338.3  325.0
  528.0   5421   -2.9   -7.5     71   4.14    199      8  324.4  338.4  325.2
  505.0   5772   -5.1  -12.1     58   3.01    183      7  325.8  336.2  326.4
  500.0   5850   -5.3  -11.3     63   3.24    180      7  326.5  337.7  327.1
  472.0   6301   -8.1  -14.1     62   2.74    175      9  328.5  338.1  329.0
  445.0   6757  -11.3  -12.6     90   3.28    206      5  330.0  341.5  330.7
  437.0   6895  -12.0  -13.7     87   3.05    215      4  330.9  341.6  331.5
  420.0   7198  -13.5  -16.2     80   2.59    260      1  332.7  342.0  333.2
  404.0   7494  -14.9  -18.6     74   2.20      0      1  334.6  342.5  335.0
  400.0   7570  -15.3  -19.2     72   2.11    130      2  335.0  342.7  335.4
  396.0   7646  -15.7  -21.7     60   1.71    130      2  335.5  341.8  335.8
  388.0   7800  -16.7  -19.6     78   2.10    130      1  336.1  343.8  336.5
  373.0   8091  -18.5  -22.6     70   1.67     15      3  337.5  343.7  337.8
  358.0   8395  -20.4  -25.8     62   1.31    315      1  338.9  343.9  339.2
  344.0   8690  -22.3  -28.9     55   1.03      0      1  340.3  344.3  340.5
  330.0   8997  -24.2  -32.0     48   0.79    300      3  341.7  344.9  341.9
  318.0   9270  -25.9  -34.9     43   0.62    328      3  343.0  345.5  343.1
  317.0   9293  -26.1  -35.0     43   0.62    330      3  343.1  345.6  343.2
  304.0   9595  -28.5  -36.0     49   0.59    315      3  343.8  346.1  343.9
  300.0   9690  -29.3  -36.3     51   0.57    335      4  344.0  346.3  344.1
  291.0   9904  -31.2  -37.4     54   0.53      5      4  344.3  346.5  344.4
  267.0  10507  -36.4  -40.3     67   0.43     50      8  345.2  347.0  345.3
  264.0  10586  -37.1  -40.7     69   0.42     46      9  345.4  347.1  345.4
  261.0  10665  -37.7  -40.4     76   0.43     41      9  345.6  347.4  345.7
  250.0  10960  -39.9  -44.9     59   0.28     25     12  346.6  347.8  346.7
  245.0  11095  -41.1                          30     12  346.9         346.9
  200.0  12450  -52.7                          60     16  349.1         349.1
  169.0  13492  -62.6                          80     21  349.8         349.8
  150.0  14230  -69.7                          85     25  349.8         349.8
  143.0  14512  -71.9                          84     27  350.8         350.8
  130.0  15065  -77.1                          81     32  351.2         351.2
  125.0  15290  -77.2                          80     34  354.9         354.9
  122.0  15428  -77.3                          84     34  357.2         357.2
  107.0  16162  -83.1                         105     36  359.9         359.9
  101.0  16484  -85.7                         100     37  361.0         361.0
  100.0  16540  -86.1                          95     36  361.1         361.1
   98.7  16612  -86.3                          90     33  362.1         362.1
   93.1  16938  -81.1                          43     17  378.4         378.4
   91.0  17067  -81.2                          25     11  380.7         380.7
   86.0  17386  -81.5                          45      6  386.3         386.3
   79.3  17843  -81.9                          41     16  394.5         394.5
   77.0  18011  -79.3                          40     19  403.4         403.4
   75.5  18123  -77.5                          20     14  409.3         409.3
   73.0  18318  -77.0                         345      5  414.2         414.2
   70.0  18560  -76.5                         285     13  420.4         420.4
   63.0  19166  -77.0                         280     18  432.2         432.2
   57.0  19742  -77.4                         210     12  443.8         443.8
   55.6  19885  -77.5                         231      9  446.7         446.7
   54.0  20053  -75.8                         255      5  454.4         454.4
   53.2  20140  -74.9                         259      6  458.4         458.4
   51.0  20385  -75.0                         270     10  463.6         463.6
   50.0  20500  -75.1                         270      8  466.1         466.1
   46.0  20982  -75.9                         140     16  475.5         475.5
   45.9  20994  -75.9                         139     16  475.7         475.7
   42.7  21413  -74.5                         114     27  489.1         489.1
   42.2  21481  -74.5                         110     29  490.8         490.8
   41.0  21652  -67.5                         100     33  512.3         512.3
   40.9  21666  -66.9                         100     33  514.1         514.1
   36.0  22438  -66.0                         100     40  535.4         535.4
   35.2  22574  -65.9                          99     42  539.2         539.2
   31.1  23329  -63.5                          90     53  565.1         565.1
   31.0  23348  -63.4                          90     53  565.9         565.9
   30.0  23550  -62.3                          90     55  574.2         574.2
   29.1  23739  -59.3                          89     57  587.5         587.5
   28.0  23980  -57.1                          88     59  600.1         600.1
   25.6  24542  -59.3                          86     64  609.4         609.4
   24.0  24949  -57.9                          85     68  624.8         624.8
   20.0  26100  -53.9                          85     56  670.4         670.4
   18.1  26745  -50.7                          90     63  699.9         699.9
   18.0  26781  -50.7                          90     63  700.9         700.9
   15.8  27628  -51.7                          90     71  724.3         724.3
   15.2  27881  -50.7                          90     74  735.7         735.7
   15.0  27967  -50.4                          90     74  739.6         739.6
   14.4  28233  -49.3                          75     69  751.9         751.9
   14.0                                        65     66                     
</PRE><H3>Station information and sounding indices</H3><PRE>
                         Station identifier: WAAA
                             Station number: 97180
                           Observation time: 180307/0000
                           Station latitude: -5.06
                          Station longitude: 119.55
                          Station elevation: 14.0
                            Showalter index: -0.45
                               Lifted index: -2.46
    LIFT computed using virtual temperature: -2.95
                                SWEAT index: 210.20
                                    K index: 35.20
                         Cross totals index: 20.90
                      Vertical totals index: 23.50
                        Totals totals index: 44.40
      Convective Available Potential Energy: 663.78
             CAPE using virtual temperature: 785.43
                      Convective Inhibition: -35.88
             CINS using virtual temperature: -25.30
                           Equilibrum Level: 145.12
 Equilibrum Level using virtual temperature: 145.07
                   Level of Free Convection: 806.07
             LFCT using virtual temperature: 844.20
                     Bulk Richardson Number: 88.30
          Bulk Richardson Number using CAPV: 104.48
  Temp [K] of the Lifted Condensation Level: 294.36
Pres [hPa] of the Lifted Condensation Level: 936.67
     Mean mixed layer potential temperature: 299.93
              Mean mixed layer mixing ratio: 17.27
              1000 hPa to 500 hPa thickness: 5769.00
Precipitable water [mm] for entire sounding: 57.24
</PRE>
<P>Description of the 
<A HREF="/upperair/columns.html">data columns</A>
or <A HREF="/upperair/indices.html">sounding indices</A>.

<P>
<FORM>
<INPUT CLASS="button" TYPE="button" VALUE=" Close this window " 
 onClick="window.close();">
<INPUT CLASS="button" TYPE="button" VALUE=" Select another map " 
 onClick="window.blur();">
</FORM>
<HR SIZE="1">
<I>Interested in graduate studies in atmospheric science?
Check out our program at the
<a href="http://www.uwyo.edu/atsc/howtoapply/"
target=_top>University of Wyoming
</a></I>
<HR SIZE="1"><FONT SIZE="-1">
Questions about the weather data provided by this site can be
addressed to <A HREF="mailto:ldoolman@uwyo.edu">
Larry Oolman (ldoolman@uwyo.edu)</A></FONT>
<HR SIZE="1">
<SCRIPT TYPE="text/javascript">
<!--
window.focus();
// -->
</SCRIPT>
</BODY>
</HTML>
