2018-05-03 12
<HTML>
<TITLE>University of Wyoming - Radiosonde Data</TITLE>
<LINK REL="StyleSheet" HREF="/resources/select.css" TYPE="text/css">
<BODY BGCOLOR="white">
<H2>97180 WAAA Ujung Pandang Observations at 00Z 03 May 2018</H2>
<PRE>
-----------------------------------------------------------------------------
   PRES   HGHT   TEMP   DWPT   RELH   MIXR   DRCT   SKNT   THTA   THTE   THTV
    hPa     m      C      C      %    g/kg    deg   knot     K      K      K 
-----------------------------------------------------------------------------
 1011.0     14   25.8   23.4     87  18.30      0      0  298.0  351.4  301.3
 1003.0     84   25.4   19.4     69  14.35    102      4  298.3  340.2  300.9
 1000.0    111   26.4   19.4     65  14.39    140      5  299.6  341.8  302.1
  982.0    271   25.8   19.8     69  15.04    174      5  300.5  344.8  303.2
  979.0    298   25.6   19.7     70  14.98    180      5  300.6  344.8  303.3
  946.0    598   23.8   18.4     72  14.31    195      4  301.7  344.1  304.3
  925.0    795   22.6   17.6     73  13.88    205      4  302.4  343.7  304.9
  850.0   1526   18.0   11.0     64   9.79    160      6  305.0  334.6  306.8
  823.0   1800   16.3    8.5     60   8.56    160      7  306.0  332.1  307.6
  815.0   1884   15.8    7.8     59   8.21    180      8  306.3  331.5  307.9
  794.0   2105   16.3   -1.8     29   4.26    235     12  309.2  322.7  310.0
  790.0   2147   16.4   -3.6     25   3.73    236     12  309.7  321.7  310.4
  786.0   2190   15.8    6.8     55   7.94    237     13  309.5  334.2  311.0
  741.0   2686   11.8    7.1     73   8.61    250     16  310.4  337.2  312.0
  740.0   2697   11.7    7.0     73   8.58    250     16  310.5  337.1  312.1
  714.0   2995   10.0    5.0     71   7.72    240     15  311.8  335.9  313.2
  700.0   3159    9.8    1.8     57   6.27    250     15  313.3  333.2  314.5
  669.0   3535    9.0  -14.0     18   1.95    259     16  316.5  323.1  316.9
  664.0   3597    8.7  -17.5     14   1.47    260     16  316.8  321.9  317.1
  641.0   3888    7.2  -33.8      3   0.34    226     15  318.3  319.6  318.4
  640.0   3901    7.1  -33.8      3   0.34    225     15  318.4  319.7  318.5
  595.0   4496    4.3  -35.0      4   0.33    235      9  321.8  323.1  321.8
  588.0   4593    3.8  -35.2      4   0.33    229     11  322.3  323.6  322.4
  573.0   4801    2.4  -29.1      8   0.61    215     15  323.1  325.4  323.2
  552.0   5103    0.5  -20.2     20   1.40    230     12  324.3  329.3  324.5
  547.0   5176    0.0  -18.0     24   1.71    224     13  324.5  330.6  324.9
  532.0   5397   -1.5  -16.1     32   2.06    205     15  325.3  332.5  325.7
  500.0   5890   -4.9  -11.9     58   3.09    205      7  327.0  337.7  327.6
  493.0   6000   -5.8  -12.0     62   3.12    215      5  327.2  338.0  327.8
  474.0   6305   -8.4  -12.2     74   3.19    245      3  327.7  338.8  328.3
  459.0   6555  -10.5  -12.3     87   3.26    328      2  328.1  339.4  328.7
  456.0   6605  -10.9  -12.7     87   3.19    345      2  328.2  339.3  328.8
  439.0   6894  -13.3  -14.7     89   2.81      0      1  328.8  338.6  329.3
  425.0   7141  -15.3  -16.4     91   2.51     45      5  329.3  338.1  329.8
  424.0   7159  -14.9  -19.3     69   1.97     48      5  330.0  337.1  330.4
  423.0   7176  -13.7  -21.7     51   1.60     52      6  331.8  337.6  332.1
  422.0   7194  -13.7  -21.9     50   1.58     55      6  331.9  337.7  332.3
  413.0   7358  -13.9  -23.9     43   1.35    118      4  333.8  338.8  334.0
  406.0   7487  -13.9  -30.9     22   0.72    168      3  335.4  338.2  335.6
  405.0   7506  -14.0  -31.0     22   0.72    175      3  335.5  338.3  335.7
  400.0   7600  -14.5  -31.5     22   0.69    175      4  336.1  338.7  336.2
  396.0   7676  -14.7  -35.7     15   0.46    163      5  336.8  338.6  336.9
  374.0   8103  -18.1  -32.3     28   0.68     95     11  337.8  340.5  337.9
  364.0   8306  -19.7  -30.7     37   0.82     98     10  338.3  341.5  338.5
  359.0   8408  -20.3  -32.6     33   0.69    100     10  338.8  341.5  339.0
  334.0   8938  -23.5  -42.5     16   0.27    140      6  341.5  342.6  341.6
  331.0   9004  -24.2  -40.6     21   0.34    145      6  341.5  342.9  341.5
  326.0   9114  -25.3  -37.3     32   0.48    138      7  341.4  343.3  341.5
  305.0   9592  -29.3  -37.3     46   0.51    105      9  342.3  344.4  342.4
  300.0   9710  -30.3  -37.3     50   0.52    115      7  342.6  344.7  342.7
  289.0   9975  -32.5  -39.5     50   0.43    106      9  343.1  344.9  343.2
  282.0  10147  -33.7  -45.7     29   0.23    100     10  343.8  344.8  343.8
  251.0  10953  -40.1  -52.1     27   0.12     71     15  345.9  346.5  345.9
  250.0  10980  -40.3                          70     15  346.0         346.0
  246.0  11087  -41.2                          65     14  346.2         346.2
  235.0  11390  -43.9                          35      8  346.7         346.7
  215.0  11980  -49.1                           5      5  347.6         347.6
  205.0  12296  -51.9                          70      3  348.0         348.0
  200.0  12460  -53.3                         110      2  348.2         348.2
  187.0  12878  -56.7                         235      4  349.5         349.5
  170.0  13471  -61.4                         205     12  351.3         351.3
  150.0  14250  -67.7                         220     11  353.3         353.3
  139.0  14690  -70.8                         230     11  355.6         355.6
  125.0  15302  -75.2                         300      9  358.6         358.6
  119.0  15586  -77.2                         280      8  360.0         360.0
  113.0  15885  -79.3                         240     12  361.4         361.4
  107.0  16200  -81.5                         235     14  362.9         362.9
  105.0  16309  -82.3                         235     10  363.4         363.4
  101.0  16525  -82.3                         270      5  367.4         367.4
  100.0  16580  -82.3                         275      6  368.5         368.5
   96.0  16808  -82.4                         270     10  372.6         372.6
   86.0  17423  -82.7                         350     13  384.0         384.0
   84.1  17548  -82.7                         324     14  386.4         386.4
   79.7  17851  -79.1                         260     15  399.7         399.7
   78.0  17973  -80.0                         235     16  400.4         400.4
   77.0  18046  -80.5                         231     14  400.8         400.8
   74.0  18273  -78.8                         220      9  408.9         408.9
   70.0  18590  -76.5                         245      7  420.4         420.4
   66.4  18897  -73.5                         294     14  433.3         433.3
   66.0  18933  -73.5                         300     15  434.0         434.0
   57.0  19791  -74.2                         265     25  451.1         451.1
   52.6  20261  -74.5                         258     13  460.8         460.8
   51.4  20396  -73.7                         256      9  465.7         465.7
   51.0  20442  -71.3                         255      8  472.4         472.4
   50.9  20454  -70.7                         247      8  474.1         474.1
   50.0  20560  -69.3                         175      6  479.8         479.8
   49.0  20682  -68.7                         150      9  484.0         484.0
   44.0  21332  -65.5                         112     29  506.9         506.9
   42.0  21615  -66.3                          95     38  511.6         511.6
   40.2  21881  -67.1                          93     41  516.1         516.1
   38.0  22224  -63.1                          91     44  534.7         534.7
   33.0  23099  -61.1                          85     52  561.9         561.9
   32.5  23194  -60.9                          84     53  565.0         565.0
   30.6  23573  -55.9                          81     59  588.3         588.3
   30.0  23700  -55.1                          80     61  593.8         593.8
   27.7  24209  -53.3                          84     53  612.5         612.5
   27.0  24372  -53.5                          85     51  616.4         616.4
   24.0  25124  -54.7                         105     48  634.2         634.2
   23.9  25151  -54.7                         105     48  634.8         634.8
   20.9  26007  -53.3                          90     56  663.9         663.9
   20.0  26290  -51.3                          85     59  678.4         678.4
   19.6  26422  -49.7                          85     60  687.2         687.2
   18.0  26978  -49.9                          85     62  703.5         703.5
   17.0  27359  -48.1                          85     64  720.7         720.7
   14.0  28652  -42.2                          75     69  782.0         782.0
   13.6  28845  -41.3                                     791.6         791.6
</PRE><H3>Station information and sounding indices</H3><PRE>
                         Station identifier: WAAA
                             Station number: 97180
                           Observation time: 180503/0000
                           Station latitude: -5.06
                          Station longitude: 119.55
                          Station elevation: 14.0
                            Showalter index: 4.31
                               Lifted index: 0.38
    LIFT computed using virtual temperature: 0.04
                                SWEAT index: 151.00
                                    K index: 25.90
                         Cross totals index: 15.90
                      Vertical totals index: 22.90
                        Totals totals index: 38.80
      Convective Available Potential Energy: 54.72
             CAPE using virtual temperature: 63.90
                      Convective Inhibition: -310.01
             CINS using virtual temperature: -105.09
                           Equilibrum Level: 417.83
 Equilibrum Level using virtual temperature: 415.15
                   Level of Free Convection: 490.04
             LFCT using virtual temperature: 715.48
                     Bulk Richardson Number: 7.40
          Bulk Richardson Number using CAPV: 8.64
  Temp [K] of the Lifted Condensation Level: 291.48
Pres [hPa] of the Lifted Condensation Level: 902.70
     Mean mixed layer potential temperature: 300.14
              Mean mixed layer mixing ratio: 14.95
              1000 hPa to 500 hPa thickness: 5779.00
Precipitable water [mm] for entire sounding: 40.51
</PRE>
<P>Description of the 
<A HREF="/upperair/columns.html">data columns</A>
or <A HREF="/upperair/indices.html">sounding indices</A>.

<P>
<FORM>
<INPUT CLASS="button" TYPE="button" VALUE=" Close this window " 
 onClick="window.close();">
<INPUT CLASS="button" TYPE="button" VALUE=" Select another map " 
 onClick="window.blur();">
</FORM>
<HR SIZE="1">
<I>Interested in graduate studies in atmospheric science?
Check out our program at the
<a href="http://www.uwyo.edu/atsc/howtoapply/"
target=_top>University of Wyoming
</a></I>
<HR SIZE="1"><FONT SIZE="-1">
Questions about the weather data provided by this site can be
addressed to <A HREF="mailto:ldoolman@uwyo.edu">
Larry Oolman (ldoolman@uwyo.edu)</A></FONT>
<HR SIZE="1">
<SCRIPT TYPE="text/javascript">
<!--
window.focus();
// -->
</SCRIPT>
</BODY>
</HTML>
