2017-12-26 00
<HTML>
<TITLE>University of Wyoming - Radiosonde Data</TITLE>
<LINK REL="StyleSheet" HREF="/resources/select.css" TYPE="text/css">
<BODY BGCOLOR="white">
<H2>97180 WAAA Ujung Pandang Observations at 00Z 26 Dec 2017</H2>
<PRE>
-----------------------------------------------------------------------------
   PRES   HGHT   TEMP   DWPT   RELH   MIXR   DRCT   SKNT   THTA   THTE   THTV
    hPa     m      C      C      %    g/kg    deg   knot     K      K      K 
-----------------------------------------------------------------------------
 1007.0     14   26.6   24.0     86  19.08     90      3  299.1  355.1  302.6
 1000.0     72   26.6   21.8     75  16.75     80      6  299.8  348.9  302.8
  997.0     99   27.2   22.3     75  17.34     72      6  300.6  351.7  303.7
  975.0    296   25.8   21.5     77  16.89     15      6  301.1  351.0  304.1
  942.0    601   23.6   20.3     82  16.23    325     13  301.8  349.9  304.8
  925.0    762   22.4   19.7     85  15.88    325     16  302.2  349.3  305.1
  888.0   1116   19.8   17.2     85  14.10    323     16  303.1  345.1  305.6
  850.0   1492   18.6   14.2     76  12.12    320     16  305.6  342.2  307.8
  820.0   1801   17.4   11.0     66  10.14    315     16  307.5  338.4  309.4
  811.0   1895   17.0   10.0     63   9.59    317     16  308.1  337.4  309.8
  770.0   2337   13.6   10.2     80  10.25    324     16  309.0  340.4  310.9
  765.0   2392   13.4    9.5     77   9.81    325     16  309.3  339.5  311.2
  746.0   2604   12.6    6.6     67   8.26    316     16  310.7  336.4  312.2
  742.0   2649   13.0    0.0     41   5.18    314     16  311.6  328.1  312.6
  741.0   2660   12.8   -0.2     41   5.12    314     16  311.5  327.8  312.5
  740.0   2672   12.8   -2.2     35   4.42    313     16  311.6  325.8  312.5
  739.0   2683   12.6    4.6     58   7.25    313     16  311.5  334.3  312.9
  737.0   2706   12.4    6.4     67   8.25    312     15  311.6  337.3  313.1
  731.0   2775   12.6    0.6     44   5.50    309     15  312.5  330.0  313.6
  723.0   2867   11.8    4.8     62   7.51    305     15  312.6  336.3  314.0
  712.0   2996   11.8    0.8     47   5.73    300     15  314.0  332.3  315.1
  700.0   3138   10.8    2.8     58   6.73    295     14  314.4  335.9  315.7
  699.0   3150   10.8    2.8     58   6.74    295     14  314.5  336.0  315.8
  678.0   3404    9.6   -6.4     32   3.51    304     12  315.9  327.6  316.6
  664.0   3577    9.2  -14.8     17   1.84    309     11  317.4  323.7  317.8
  662.0   3602    9.1  -15.2     16   1.79    310     11  317.6  323.7  317.9
  656.0   3677    8.8  -16.2     15   1.65    317     12  318.0  323.8  318.4
  642.0   3855    7.2    0.2     61   6.09    335     14  318.2  337.9  319.4
  638.0   3906    6.9    0.1     62   6.06    340     14  318.4  338.1  319.6
  620.0   4142    5.4   -0.6     65   5.94    339     15  319.3  338.7  320.5
  604.0   4355    4.0   -2.0     65   5.50    338     15  320.1  338.1  321.2
  589.0   4559    3.2   -8.8     41   3.35    337     16  321.5  332.8  322.1
  569.0   4839    1.2   -6.8     55   4.06    336     16  322.3  335.9  323.1
  554.0   5053    0.0   -8.0     55   3.80    335     17  323.4  336.2  324.1
  551.0   5097   -0.3   -7.8     57   3.87    335     17  323.5  336.6  324.3
  541.0   5243   -1.3   -7.3     64   4.11    344     17  324.0  337.9  324.8
  530.0   5407   -1.8   -8.1     62   3.95    355     18  325.3  338.8  326.1
  511.0   5697   -2.7   -9.4     60   3.68     10     22  327.7  340.3  328.4
  502.0   5838   -3.1  -10.1     58   3.55     14     24  328.8  341.1  329.5
  500.0   5870   -3.3   -9.3     63   3.80     15     25  328.9  342.1  329.7
  474.0   6290   -6.1  -12.1     63   3.21      1     17  330.5  341.8  331.2
  473.0   6307   -6.2  -12.5     61   3.12      0     17  330.7  341.6  331.3
  461.0   6508   -6.9  -16.9     45   2.22    357     13  332.2  340.2  332.6
  455.0   6609   -7.6  -17.2     46   2.19    355     11  332.6  340.5  333.0
  421.0   7208  -11.6  -19.1     54   2.02      0     13  334.9  342.2  335.3
  414.0   7337  -12.5  -19.5     56   1.98    355     11  335.3  342.6  335.7
  408.0   7449  -11.9  -23.9     36   1.37    351     10  337.5  342.7  337.8
  400.0   7600  -13.1  -24.1     39   1.37    345      8  337.9  343.0  338.1
  389.0   7808  -14.8  -25.9     38   1.19    320      8  338.4  342.9  338.6
  345.0   8706  -22.0  -33.9     33   0.63    350      8  340.4  342.9  340.5
  341.0   8793  -22.7  -34.7     33   0.59      5      7  340.6  342.9  340.7
  331.0   9008  -24.2  -35.1     36   0.59     45      6  341.4  343.7  341.5
  318.0   9298  -26.3  -35.6     41   0.58     95      4  342.4  344.8  342.6
  305.0   9600  -28.4  -36.1     48   0.58     85      6  343.5  345.9  343.7
  300.0   9720  -29.3  -36.3     51   0.57     95      8  344.0  346.3  344.1
  292.0   9911  -31.1  -35.9     62   0.61    105     12  344.1  346.6  344.3
  290.0   9960  -31.5  -35.8     66   0.63    105     13  344.2  346.7  344.3
  250.0  10990  -38.7  -43.6     60   0.32    105     24  348.4  349.8  348.5
  246.0  11100  -39.4  -44.3     59   0.30    100     23  349.0  350.3  349.1
  244.0  11156  -39.7  -44.7     59   0.29     96     22  349.3  350.6  349.4
  235.0  11406  -41.9                          80     20  349.8         349.8
  200.0  12480  -51.3                          95     29  351.4         351.4
  196.0  12606  -52.4                          95     30  351.7         351.7
  150.0  14270  -66.9                          90     34  354.6         354.6
  140.0  14682  -71.2                         100     28  354.1         354.1
  139.0  14725  -71.7                         100     28  354.0         354.0
  114.0  15860  -79.0                          95     30  361.0         361.0
  102.0  16497  -83.2                         100     34  364.7         364.7
  100.0  16610  -83.9                          95     33  365.4         365.4
   95.5  16865  -85.3                          75     30  367.5         367.5
   92.0  17072  -85.2                          70     33  371.7         371.7
   82.0  17708  -84.7                          95     34  385.0         385.0
   81.1  17769  -84.7                          89     29  386.3         386.3
   78.0  17988  -81.5                          70     13  397.3         397.3
   77.1  18053  -80.5                          38     12  400.6         400.6
   74.0  18285  -80.5                         285      8  405.4         405.4
   70.0  18600  -80.5                         285     14  411.9         411.9
   69.7  18624  -80.5                         283     14  412.4         412.4
   66.0  18934  -79.0                         260     11  422.0         422.0
   60.4  19438  -76.7                         288      6  438.1         438.1
   60.0  19477  -75.8                         290      6  441.0         441.0
   58.7  19604  -72.7                         265      6  450.6         450.6
   54.0  20096  -71.2                         170      5  464.9         464.9
   50.0  20550  -69.9                         140      8  478.4         478.4
   46.0  21049  -68.7                         120     12  492.8         492.8
   44.0  21316  -68.0                         120     11  500.7         500.7
   43.6  21370  -67.9                         111     12  502.3         502.3
   42.0  21597  -65.7                          75     14  513.1         513.1
   41.0  21744  -64.3                          77     18  520.2         520.2
   33.0  23067  -66.1                          90     51  548.8         548.8
   32.1  23235  -66.3                          89     53  552.5         552.5
   30.0  23650  -62.1                          85     59  574.8         574.8
   28.3  24014  -59.2                          80     67  592.3         592.3
   28.0  24081  -58.7                          80     67  595.6         595.6
   27.3  24239  -57.5                                     603.3         603.3
</PRE><H3>Station information and sounding indices</H3><PRE>
                         Station identifier: WAAA
                             Station number: 97180
                           Observation time: 171226/0000
                           Station latitude: -5.06
                          Station longitude: 119.55
                          Station elevation: 14.0
                            Showalter index: 2.71
                               Lifted index: -0.59
    LIFT computed using virtual temperature: -1.00
                                SWEAT index: 227.41
                                    K index: 28.10
                         Cross totals index: 17.50
                      Vertical totals index: 21.90
                        Totals totals index: 39.40
      Convective Available Potential Energy: 305.98
             CAPE using virtual temperature: 453.14
                      Convective Inhibition: -41.15
             CINS using virtual temperature: -17.71
                           Equilibrum Level: 247.33
 Equilibrum Level using virtual temperature: 246.91
                   Level of Free Convection: 788.08
             LFCT using virtual temperature: 811.50
                     Bulk Richardson Number: 19.26
          Bulk Richardson Number using CAPV: 28.52
  Temp [K] of the Lifted Condensation Level: 293.85
Pres [hPa] of the Lifted Condensation Level: 921.00
     Mean mixed layer potential temperature: 300.85
              Mean mixed layer mixing ratio: 17.02
              1000 hPa to 500 hPa thickness: 5798.00
Precipitable water [mm] for entire sounding: 50.79
</PRE>
<P>Description of the 
<A HREF="/upperair/columns.html">data columns</A>
or <A HREF="/upperair/indices.html">sounding indices</A>.

<P>
<FORM>
<INPUT CLASS="button" TYPE="button" VALUE=" Close this window " 
 onClick="window.close();">
<INPUT CLASS="button" TYPE="button" VALUE=" Select another map " 
 onClick="window.blur();">
</FORM>
<HR SIZE="1">
<I>Interested in graduate studies in atmospheric science?
Check out our program at the
<a href="http://www.uwyo.edu/atsc/howtoapply/"
target=_top>University of Wyoming
</a></I>
<HR SIZE="1"><FONT SIZE="-1">
Questions about the weather data provided by this site can be
addressed to <A HREF="mailto:ldoolman@uwyo.edu">
Larry Oolman (ldoolman@uwyo.edu)</A></FONT>
<HR SIZE="1">
<SCRIPT TYPE="text/javascript">
<!--
window.focus();
// -->
</SCRIPT>
</BODY>
</HTML>
