2018-02-17 12
<HTML>
<TITLE>University of Wyoming - Radiosonde Data</TITLE>
<LINK REL="StyleSheet" HREF="/resources/select.css" TYPE="text/css">
<BODY BGCOLOR="white">
<H2>97180 WAAA Ujung Pandang Observations at 00Z 17 Feb 2018</H2>
<PRE>
-----------------------------------------------------------------------------
   PRES   HGHT   TEMP   DWPT   RELH   MIXR   DRCT   SKNT   THTA   THTE   THTV
    hPa     m      C      C      %    g/kg    deg   knot     K      K      K 
-----------------------------------------------------------------------------
 1009.0     14   20.0   19.3     96  14.17      0      0  292.4  332.7  294.9
 1006.0     41   23.4   20.3     83  15.14     32      2  296.0  339.8  298.7
 1000.0     96   27.2   23.2     79  18.28     95      7  300.4  354.2  303.6
  999.0    105   27.2   23.1     78  18.19     93      7  300.4  354.0  303.7
  977.0    301   25.8   21.8     79  17.18     45      3  300.9  351.6  304.0
  944.0    605   23.5   19.9     80  15.72    320     11  301.6  348.1  304.4
  925.0    784   22.2   18.7     81  14.90    315     14  302.0  346.2  304.7
  885.0   1167   19.2   16.1     82  13.18    299     22  302.7  342.0  305.1
  851.0   1504   18.0   14.1     78  11.99    285     30  304.9  341.0  307.1
  850.0   1514   18.0   14.0     77  11.96    285     30  305.0  341.0  307.2
  766.0   2396   13.0    9.6     80   9.87    295     29  308.8  339.1  310.6
  747.0   2609   11.8    8.5     80   9.41    294     28  309.7  338.8  311.5
  720.0   2918   12.4    3.4     54   6.83    292     26  313.6  335.3  314.9
  700.0   3153   10.8    1.8     54   6.27    290     25  314.4  334.4  315.6
  668.0   3542    8.4    0.4     57   5.93    282     26  315.9  335.1  317.1
  645.0   3831    7.0   -7.0     36   3.52    277     26  317.5  329.2  318.2
  639.0   3908    6.4   -4.6     45   4.27    275     26  317.7  331.8  318.5
  631.0   4011    5.6   -1.4     61   5.50    274     26  317.9  335.9  319.0
  605.0   4355    4.4   -4.6     52   4.52    271     27  320.4  335.4  321.3
  594.0   4504    3.4   -4.5     56   4.63    270     27  320.9  336.3  321.9
  573.0   4795    1.5   -4.3     65   4.87    280     16  322.0  338.2  323.0
  557.0   5024    0.0   -4.2     73   5.06    320     12  322.9  339.7  323.9
  551.0   5110   -0.6   -4.7     74   4.94    335     10  323.1  339.6  324.1
  511.0   5707   -5.0   -8.0     80   4.13    285      5  324.8  338.8  325.6
  500.0   5880   -6.3   -8.9     82   3.92    285      5  325.3  338.6  326.1
  492.0   6006   -7.2   -9.1     86   3.91    290      5  325.7  339.0  326.5
  477.0   6248   -8.9   -9.6     95   3.89    273      5  326.5  339.8  327.3
  474.0   6297   -9.1  -10.1     93   3.78    270      5  326.9  339.8  327.6
  440.0   6873  -11.1  -15.4     71   2.64    275      4  331.3  340.7  331.9
  405.0   7505  -15.6  -19.5     72   2.03    280      2  333.4  340.8  333.8
  400.0   7600  -16.3  -20.1     72   1.95     25      1  333.7  340.8  334.1
  393.0   7732  -16.7  -21.7     65   1.73     72      3  334.9  341.2  335.2
  389.0   7809  -17.2  -21.5     70   1.78    100      4  335.2  341.7  335.5
  381.0   7964  -18.3  -21.0     79   1.89    103      6  335.8  342.7  336.1
  374.0   8101  -19.2  -22.6     75   1.67    105      7  336.3  342.5  336.6
  359.0   8402  -21.3  -26.2     65   1.26     85     10  337.5  342.2  337.7
  348.0   8632  -22.9  -28.9     58   1.02     87     13  338.3  342.2  338.6
  333.0   8952  -25.5  -28.7     75   1.08     89     17  339.1  343.2  339.3
  324.0   9150  -26.3  -29.7     73   1.01     91     20  340.6  344.5  340.8
  312.0   9421  -27.9  -34.9     51   0.64     93     23  342.1  344.6  342.2
  302.0   9653  -29.7  -37.7     46   0.50     95     26  342.8  344.8  342.9
  300.0   9700  -30.1  -38.1     46   0.48     95     27  342.8  344.8  342.9
  284.0  10088  -33.3  -42.3     40   0.33     95     30  343.7  345.0  343.7
  272.0  10389  -35.7  -40.7     60   0.40     95     33  344.4  346.1  344.5
  267.0  10518  -36.5  -41.3     61   0.39     95     34  345.1  346.7  345.2
  261.0  10675  -38.1  -46.1     43   0.24     95     35  345.0  346.0  345.1
  252.0  10916  -40.1  -51.1     30   0.14     95     38  345.5  346.1  345.6
  250.0  10970  -40.5                          95     38  345.7         345.7
  235.0  11380  -44.0                          95     42  346.5         346.5
  200.0  12450  -53.3                         105     39  348.2         348.2
  178.0  13187  -59.6                         110     47  349.6         349.6
  172.0  13404  -61.5                         110     48  350.0         350.0
  150.0  14240  -67.7                         110     54  353.3         353.3
  128.0  15175  -75.1                         107     49  356.3         356.3
  119.0  15594  -76.7                         105     46  360.8         360.8
  115.0  15790  -77.5                         108     37  362.9         362.9
  107.0  16203  -77.2                         115     17  371.1         371.1
  102.0  16477  -77.0                         140      9  376.6         376.6
  100.0  16590  -76.9                         135      9  378.9         378.9
   97.0  16762  -77.8                         125      5  380.5         380.5
   92.0  17061  -79.3                           5     10  383.4         383.4
   87.0  17377  -80.8                         355     12  386.4         386.4
   74.0  18291  -85.4                         300     34  395.0         395.0
   73.3  18345  -85.7                         300     32  395.5         395.5
   70.0  18600  -84.5                         265     17  403.3         403.3
   66.0  18931  -80.9                         220     12  417.9         417.9
   63.0  19193  -78.1                         170     23  429.8         429.8
   62.4  19247  -77.5                         174     20  432.2         432.2
   61.3  19349  -74.3                         181     13  441.5         441.5
   60.0  19475  -74.0                         190      6  445.0         445.0
   57.0  19775  -73.1                         275     11  453.4         453.4
   54.8  20005  -72.5                         293      9  460.0         460.0
   54.0  20091  -73.0                         300      8  460.8         460.8
   51.8  20334  -74.5                         284      9  462.8         462.8
   50.0  20540  -73.9                         270     10  468.9         468.9
   49.0  20658  -73.7                         255      4  472.2         472.2
   46.0  21029  -72.9                         110     11  482.7         482.7
   44.0  21290  -72.3                          80     16  490.2         490.2
   43.9  21303  -72.3                          80     16  490.6         490.6
   43.2  21398  -69.5                          82     20  499.7         499.7
   38.0  22165  -69.3                          95     44  518.8         518.8
   37.1  22308  -69.3                          95     46  522.5         522.5
   34.4  22760  -68.5                          95     52  536.0         536.0
   33.2  22975  -65.5                          95     54  549.4         549.4
   31.6  23275  -66.9                          95     58  553.4         553.4
   30.2  23549  -65.5                          95     62  564.4         564.4
   30.0  23590  -64.9                          95     62  567.1         567.1
   29.2  23755  -63.3                          94     63  575.9         575.9
   28.7  23861  -60.1                          93     64  587.6         587.6
   27.0  24245  -55.9                          90     66  609.7         609.7
   24.5  24863  -54.3                          90     65  631.5         631.5
   20.3  26056  -57.1                          90     63  657.9         657.9
   20.0  26150  -57.1                          90     63  660.6         660.6
   16.0  27579  -52.6                          85     66  718.6         718.6
   15.1  27950  -51.5                          95     81  734.5         734.5
   15.0                                        95     81                     
</PRE><H3>Station information and sounding indices</H3><PRE>
                         Station identifier: WAAA
                             Station number: 97180
                           Observation time: 180217/0000
                           Station latitude: -5.06
                          Station longitude: 119.55
                          Station elevation: 14.0
                            Showalter index: 0.19
                               Lifted index: -3.28
    LIFT computed using virtual temperature: -3.66
                                SWEAT index: 232.98
                                    K index: 29.30
                         Cross totals index: 20.30
                      Vertical totals index: 24.30
                        Totals totals index: 44.60
      Convective Available Potential Energy: 709.04
             CAPE using virtual temperature: 840.31
                      Convective Inhibition: -27.52
             CINS using virtual temperature: -16.22
                           Equilibrum Level: 174.92
 Equilibrum Level using virtual temperature: 174.74
                   Level of Free Convection: 825.17
             LFCT using virtual temperature: 894.51
                     Bulk Richardson Number: 13.22
          Bulk Richardson Number using CAPV: 15.67
  Temp [K] of the Lifted Condensation Level: 293.94
Pres [hPa] of the Lifted Condensation Level: 928.63
     Mean mixed layer potential temperature: 300.24
              Mean mixed layer mixing ratio: 16.99
              1000 hPa to 500 hPa thickness: 5784.00
Precipitable water [mm] for entire sounding: 53.64
</PRE>
<P>Description of the 
<A HREF="/upperair/columns.html">data columns</A>
or <A HREF="/upperair/indices.html">sounding indices</A>.

<P>
<FORM>
<INPUT CLASS="button" TYPE="button" VALUE=" Close this window " 
 onClick="window.close();">
<INPUT CLASS="button" TYPE="button" VALUE=" Select another map " 
 onClick="window.blur();">
</FORM>
<HR SIZE="1">
<I>Interested in graduate studies in atmospheric science?
Check out our program at the
<a href="http://www.uwyo.edu/atsc/howtoapply/"
target=_top>University of Wyoming
</a></I>
<HR SIZE="1"><FONT SIZE="-1">
Questions about the weather data provided by this site can be
addressed to <A HREF="mailto:ldoolman@uwyo.edu">
Larry Oolman (ldoolman@uwyo.edu)</A></FONT>
<HR SIZE="1">
<SCRIPT TYPE="text/javascript">
<!--
window.focus();
// -->
</SCRIPT>
</BODY>
</HTML>
