2017-07-30 00
<HTML>
<TITLE>University of Wyoming - Radiosonde Data</TITLE>
<LINK REL="StyleSheet" HREF="/resources/select.css" TYPE="text/css">
<BODY BGCOLOR="white">
<H2>97180 WAAA Ujung Pandang Observations at 00Z 30 Jul 2017</H2>
<PRE>
-----------------------------------------------------------------------------
   PRES   HGHT   TEMP   DWPT   RELH   MIXR   DRCT   SKNT   THTA   THTE   THTV
    hPa     m      C      C      %    g/kg    deg   knot     K      K      K 
-----------------------------------------------------------------------------
 1011.0     14   25.0   22.4     86  17.20    105      4  297.2  347.2  300.3
 1000.0    104   26.2   20.2     70  15.14    125      4  299.4  343.8  302.1
  978.0    299   24.7   20.0     75  15.27    340      2  299.8  344.6  302.5
  945.0    599   22.4   19.6     84  15.47     60      2  300.4  346.0  303.2
  933.0    711   21.6   19.5     88  15.54     63      1  300.6  346.5  303.4
  925.0    786   21.8   19.9     89  16.09     65      1  301.6  349.2  304.5
  913.0    899   21.1   19.1     88  15.47    310      1  302.0  347.9  304.8
  882.0   1199   19.3   16.9     86  13.94      5      2  303.2  344.7  305.7
  852.0   1499   17.5   14.8     84  12.53     65      3  304.3  341.9  306.6
  850.0   1519   17.4   14.6     84  12.44     55      3  304.4  341.7  306.6
  822.0   1803   15.5   13.4     87  11.89     30      4  305.3  341.1  307.5
  794.0   2097   13.6   12.2     91  11.34    355      7  306.2  340.6  308.3
  775.0   2302   12.2   11.3     94  10.97      2      6  306.9  340.2  308.9
  773.0   2324   12.0   11.3     95  11.00      2      6  306.9  340.3  308.9
  766.0   2400   12.7    9.8     83  10.02      5      6  308.4  339.1  310.3
  756.0   2511   13.6    7.6     67   8.73     26      7  310.6  337.7  312.2
  739.0   2702   14.2   -0.8     36   4.91     63      8  313.3  329.1  314.2
  728.0   2828   14.0   -7.0     23   3.12     87      9  314.4  324.7  315.0
  713.0   3003   12.9   -9.1     21   2.70    120     10  315.1  324.1  315.6
  700.0   3157   12.0  -11.0     19   2.37    120     13  315.7  323.7  316.2
  617.0   4194    3.9  -32.9      5   0.39    105     14  318.0  319.5  318.1
  616.0   4207    3.8  -33.2      5   0.38    105     14  318.1  319.5  318.1
  561.0   4959    0.0  -17.0     27   1.81    122     27  322.2  328.5  322.6
  552.0   5088   -0.9  -22.9     17   1.10    125     30  322.6  326.6  322.8
  551.0   5103   -1.0  -23.0     17   1.10    125     30  322.7  326.7  322.9
  531.0   5396   -2.3  -25.3     15   0.93    117     27  324.5  327.9  324.7
  527.0   5456   -2.5  -28.5     12   0.70    116     27  325.0  327.6  325.1
  525.0   5486   -2.5  -24.5     17   1.01    115     27  325.4  329.1  325.6
  524.0   5501   -2.7  -16.7     33   1.99    115     26  325.3  332.3  325.7
  500.0   5870   -5.5  -15.5     45   2.30    105     23  326.3  334.4  326.7
  492.0   5997   -6.7  -13.2     60   2.83    105     21  326.2  336.1  326.8
  491.0   6013   -6.9  -12.9     62   2.90    105     21  326.2  336.3  326.8
  463.0   6472  -10.7  -15.7     67   2.44    113     18  327.0  335.6  327.5
  459.0   6539  -11.3  -16.0     68   2.41    114     17  327.1  335.5  327.6
  456.0   6590  -11.5  -20.5     47   1.65    115     17  327.5  333.4  327.8
  455.0   6607  -11.6  -20.2     49   1.70    115     17  327.5  333.6  327.8
  443.0   6813  -13.3  -16.4     77   2.41    105     17  327.9  336.4  328.4
  421.0   7201  -16.3  -17.3     92   2.35     85     16  328.9  337.2  329.3
  414.0   7329  -17.3  -17.6     98   2.33     80     16  329.2  337.4  329.6
  413.0   7347  -17.5  -17.6     99   2.34     79     16  329.1  337.4  329.6
  412.0   7365  -17.5  -17.6     99   2.34     79     16  329.4  337.7  329.8
  411.0   7384  -17.5  -19.7     83   1.96     78     16  329.6  336.6  330.0
  410.0   7402  -16.1  -21.1     65   1.74     77     17  331.6  338.0  332.0
  409.0   7421  -15.1  -21.1     60   1.75     77     17  333.1  339.5  333.5
  400.0   7590  -16.1  -22.1     60   1.64     70     17  334.0  340.0  334.3
  390.0   7780  -15.7  -27.7     35   1.01     78     22  336.9  340.8  337.1
  388.0   7818  -15.9  -28.2     34   0.97     80     23  337.1  340.8  337.3
  338.0   8841  -22.3  -42.3     14   0.27    106     23  342.0  343.1  342.0
  331.0   8991  -23.6  -43.1     15   0.26    110     23  342.3  343.3  342.3
  300.0   9700  -29.7  -46.7     18   0.19    110     18  343.4  344.2  343.4
  268.0  10488  -37.1  -49.0     28   0.17    100     23  343.8  344.5  343.9
  257.0  10781  -39.9  -49.9     34   0.16     91     25  343.9  344.6  343.9
  250.0  10970  -40.3                          85     26  346.0         346.0
  200.0  12450  -52.1                          50     25  350.1         350.1
  195.0  12609  -53.4                          45     21  350.6         350.6
  186.0  12905  -55.8                          25     13  351.4         351.4
  153.0  14130  -65.9                          61     28  354.4         354.4
  150.0  14250  -66.7                          65     30  355.0         355.0
  146.0  14407  -67.7                          70     30  356.1         356.1
  132.0  14991  -71.2                          95     26  360.1         360.1
  119.0  15592  -74.9                         100     25  364.2         364.2
  107.0  16208  -78.7                         150     30  368.2         368.2
  102.0  16485  -80.4                         155     35  370.1         370.1
  100.0  16600  -81.1                         150     35  370.8         370.8
   95.9  16835  -82.9                         125     26  371.7         371.7
   92.4  17046  -78.3                         116     15  384.8         384.8
   92.0  17070  -78.2                         115     14  385.4         385.4
   87.0  17392  -77.2                         305      7  393.8         393.8
   84.0  17594  -76.5                         287     12  399.1         399.1
   82.3  17713  -73.5                         277     15  407.5         407.5
   78.0  18027  -73.9                         250     23  413.1         413.1
   71.0  18577  -74.5                         254     30  423.0         423.0
   70.0  18660  -74.3                         255     31  425.1         425.1
   64.7  19125  -69.5                         269     35  445.3         445.3
   61.0  19478  -69.1                         280     38  453.7         453.7
   50.0  20670  -67.7                         240     37  483.5         483.5
   47.0  21041  -68.2                         230     29  490.8         490.8
   45.7  21209  -68.5                         211     23  494.2         494.2
   43.0  21580  -65.0                         170     11  511.3         511.3
   41.0  21870  -62.4                          95     15  525.0         525.0
   40.1  22005  -61.1                          91     18  531.5         531.5
   37.5  22422  -59.7                          78     27  545.4         545.4
   35.3  22798  -62.3                          67     35  548.1         548.1
   35.0  22850  -61.8                          65     36  550.8         550.8
   33.6  23104  -59.3                          75     40  563.8         563.8
   31.3  23546  -60.7                          93     46  571.6         571.6
   31.0  23606  -60.5                          95     47  573.8         573.8
   30.0  23810  -59.7                          95     50  581.3         581.3
   29.4  23937  -58.5                          95     50  588.0         588.0
   26.2  24662  -59.5                          92     53  604.8         604.8
   20.0  26370  -56.5                          85     58  662.5         662.5
   19.0  26696  -55.8                          90     55  674.4         674.4
   18.3  26935  -55.3                                     683.3         683.3
</PRE><H3>Station information and sounding indices</H3><PRE>
                         Station identifier: WAAA
                             Station number: 97180
                           Observation time: 170730/0000
                           Station latitude: -5.06
                          Station longitude: 119.55
                          Station elevation: 14.0
                            Showalter index: 0.71
                               Lifted index: -0.50
    LIFT computed using virtual temperature: -0.99
                                SWEAT index: 204.18
                                    K index: 14.50
                         Cross totals index: 20.10
                      Vertical totals index: 22.90
                        Totals totals index: 43.00
      Convective Available Potential Energy: 142.79
             CAPE using virtual temperature: 229.58
                      Convective Inhibition: -60.79
             CINS using virtual temperature: -55.23
                           Equilibrum Level: 397.30
 Equilibrum Level using virtual temperature: 396.05
                   Level of Free Convection: 803.46
             LFCT using virtual temperature: 813.39
                     Bulk Richardson Number: 18.85
          Bulk Richardson Number using CAPV: 30.31
  Temp [K] of the Lifted Condensation Level: 292.28
Pres [hPa] of the Lifted Condensation Level: 918.29
     Mean mixed layer potential temperature: 299.50
              Mean mixed layer mixing ratio: 15.45
              1000 hPa to 500 hPa thickness: 5766.00
Precipitable water [mm] for entire sounding: 43.53
</PRE>
<P>Description of the 
<A HREF="/upperair/columns.html">data columns</A>
or <A HREF="/upperair/indices.html">sounding indices</A>.

<P>
<FORM>
<INPUT CLASS="button" TYPE="button" VALUE=" Close this window " 
 onClick="window.close();">
<INPUT CLASS="button" TYPE="button" VALUE=" Select another map " 
 onClick="window.blur();">
</FORM>
<HR SIZE="1">
<I>Interested in graduate studies in atmospheric science?
Check out our program at the
<a href="http://www.uwyo.edu/atsc/howtoapply/"
target=_top>University of Wyoming
</a></I>
<HR SIZE="1"><FONT SIZE="-1">
Questions about the weather data provided by this site can be
addressed to <A HREF="mailto:ldoolman@uwyo.edu">
Larry Oolman (ldoolman@uwyo.edu)</A></FONT>
<HR SIZE="1">
<SCRIPT TYPE="text/javascript">
<!--
window.focus();
// -->
</SCRIPT>
</BODY>
</HTML>
