2016-11-14 12
<HTML>
<TITLE>University of Wyoming - Radiosonde Data</TITLE>
<LINK REL="StyleSheet" HREF="/resources/select.css" TYPE="text/css">
<BODY BGCOLOR="white">
<H2>97180 WAAA Ujung Pandang Observations at 00Z 14 Nov 2016</H2>
<PRE>
-----------------------------------------------------------------------------
   PRES   HGHT   TEMP   DWPT   RELH   MIXR   DRCT   SKNT   THTA   THTE   THTV
    hPa     m      C      C      %    g/kg    deg   knot     K      K      K 
-----------------------------------------------------------------------------
 1009.0     14   26.6   24.7     89  19.88     50      2  299.0  357.2  302.5
 1008.0     23   26.6   21.6     74  16.41     56      2  299.1  347.1  302.0
 1000.0     92   26.2   21.7     76  16.64    105      3  299.4  348.1  302.3
  925.0    780   22.8   18.5     77  14.71    330      3  302.6  346.4  305.3
  910.9    914   22.2   17.6     75  14.15    330      2  303.3  345.5  305.9
  884.0   1175   21.0   16.0     73  13.10     60      2  304.7  344.1  307.1
  879.5   1219   20.7   15.7     73  12.95     75      2  304.9  343.8  307.2
  850.0   1514   19.0   14.0     73  11.96    160      4  306.0  342.2  308.2
  849.0   1524   18.9   14.0     73  11.96    160      4  306.1  342.2  308.3
  819.5   1829   16.6   13.6     82  12.09    115      3  306.8  343.4  309.0
  819.0   1834   16.6   13.6     82  12.09    115      3  306.8  343.4  309.0
  700.0   3162   10.0    4.0     66   7.33    130      6  313.5  336.7  314.9
  684.0   3353    9.1    3.1     66   7.06    125      7  314.6  337.1  316.0
  667.0   3562    8.2    2.2     66   6.77    124      8  315.9  337.5  317.1
  653.0   3737    7.6   -3.4     46   4.58    123      8  317.1  332.1  318.0
  613.0   4254    4.0   -2.0     65   5.42    120     10  318.7  336.4  319.8
  561.0   4969    0.0   -6.0     64   4.38    116     12  322.2  336.8  323.1
  543.0   5229   -1.7   -9.7     54   3.39    114     13  323.2  334.7  323.9
  531.0   5406   -2.7   -9.7     59   3.47    113     13  324.1  335.9  324.8
  514.0   5663   -4.5   -8.1     76   4.06    111     14  324.9  338.7  325.7
  500.0   5880   -5.7   -9.5     75   3.74    110     15  326.0  338.8  326.8
  475.0   6281   -7.3  -15.3     53   2.46    110     12  328.9  337.6  329.4
  467.7   6401   -8.0  -14.6     59   2.66    110     11  329.4  338.8  329.9
  465.0   6446   -8.3  -14.3     62   2.73    110     11  329.6  339.2  330.2
  463.0   6479   -8.3  -13.3     67   2.98    109     11  330.0  340.5  330.6
  462.0   6496   -8.3  -17.3     48   2.14    109     11  330.2  337.9  330.7
  460.0   6530   -8.5  -15.5     57   2.50    109     10  330.4  339.3  330.9
  446.0   6769   -9.7  -19.7     44   1.81    107      9  331.8  338.4  332.2
  433.0   6996  -11.1  -18.1     56   2.14    105      9  332.9  340.6  333.3
  411.0   7394  -13.5  -23.5     43   1.41    102      7  334.8  340.0  335.0
  400.0   7600  -14.7  -25.7     39   1.19    100      6  335.8  340.3  336.0
  398.9   7620  -14.8  -25.8     39   1.18    120      8  335.9  340.3  336.1
  395.0   7695  -15.3  -26.3     38   1.14    109      8  336.2  340.5  336.4
  392.0   7752  -15.7  -28.7     32   0.92    101      8  336.4  339.9  336.6
  383.1   7925  -16.9  -26.9     42   1.11     75      7  337.1  341.3  337.3
  383.0   7927  -16.9  -26.9     42   1.11     75      7  337.1  341.3  337.3
  382.0   7946  -17.1  -23.1     60   1.57     74      7  337.1  342.9  337.4
  381.0   7966  -17.1  -29.1     35   0.91     73      7  337.3  340.8  337.5
  372.0   8144  -18.1  -29.1     38   0.93     63      8  338.3  341.9  338.5
  351.0   8574  -21.3  -30.3     44   0.88     41      9  339.7  343.1  339.9
  343.0   8744  -22.3  -31.3     44   0.82     32     10  340.6  343.8  340.7
  342.0   8765  -22.5  -31.5     44   0.81     30     10  340.6  343.7  340.7
  341.0   8787  -22.7  -32.7     40   0.72     29     10  340.6  343.4  340.7
  340.0   8808  -22.9  -27.9     64   1.14     28     10  340.6  345.0  340.8
  337.0   8873  -23.3  -31.3     48   0.84     25     10  340.9  344.2  341.1
  336.0   8894  -23.3  -37.3     27   0.46     24     10  341.2  343.1  341.3
  324.6   9144  -25.4  -37.5     32   0.47     10     11  341.6  343.5  341.7
  313.0   9407  -27.7  -37.7     38   0.48     15     10  342.1  344.0  342.1
  309.0   9499  -28.3  -42.3     25   0.30     16      9  342.5  343.7  342.5
  307.0   9546  -28.9  -42.9     25   0.28     17      9  342.3  343.4  342.3
  306.0   9569  -28.9  -44.9     20   0.23     17      9  342.6  343.6  342.6
  304.0   9616  -29.3  -39.3     37   0.42     18      9  342.7  344.4  342.8
  302.0   9663  -29.5  -35.5     56   0.62     19      8  343.0  345.5  343.2
  300.0   9710  -29.9  -34.3     65   0.70     20      8  343.1  345.9  343.3
  287.0  10026  -32.1  -34.9     76   0.69     23      9  344.4  347.1  344.5
  261.8  10668  -37.3  -40.8     70   0.41     30     10  345.9  347.6  346.0
  250.6  10973  -39.8  -43.6     66   0.32     25     10  346.6  347.9  346.6
  250.0  10990  -39.9  -43.8     66   0.32     35      9  346.6  347.9  346.7
  249.0  11017  -40.1  -44.2     65   0.30     36      9  346.7  348.0  346.8
  228.7  11582  -45.1                          60     10  347.7         347.7
  208.6  12192  -50.5                          35      5  348.5         348.5
  200.0  12470  -52.9                         350      5  348.8         348.8
  199.1  12497  -53.1                           0      4  348.9         348.9
  189.6  12802  -55.6                         355      5  349.8         349.8
  180.6  13106  -58.1                           0      2  350.7         350.7
  171.9  13411  -60.6                         120      4  351.6         351.6
  150.0  14260  -67.5                          85     12  353.6         353.6
  139.0  14712  -72.1                          75     14  353.3         353.3
  113.7  15850  -80.1                          50     20  359.2         359.2
  100.0  16580  -85.3                          60     11  362.7         362.7
   86.5  17374  -86.3                          65     17  375.9         375.9
   82.4  17640  -86.7                                     380.4         380.4
</PRE><H3>Station information and sounding indices</H3><PRE>
                         Station identifier: WAAA
                             Station number: 97180
                           Observation time: 161114/0000
                           Station latitude: -5.06
                          Station longitude: 119.55
                          Station elevation: 14.0
                            Showalter index: 0.30
                               Lifted index: -1.76
    LIFT computed using virtual temperature: -2.09
                                SWEAT index: 191.00
                                    K index: 32.70
                         Cross totals index: 19.70
                      Vertical totals index: 24.70
                        Totals totals index: 44.40
      Convective Available Potential Energy: 138.66
             CAPE using virtual temperature: 227.64
                      Convective Inhibition: -124.02
             CINS using virtual temperature: -84.34
                           Equilibrum Level: 294.64
 Equilibrum Level using virtual temperature: 293.37
                   Level of Free Convection: 634.64
             LFCT using virtual temperature: 745.77
                     Bulk Richardson Number: 55.80
          Bulk Richardson Number using CAPV: 91.61
  Temp [K] of the Lifted Condensation Level: 292.98
Pres [hPa] of the Lifted Condensation Level: 919.01
     Mean mixed layer potential temperature: 300.16
              Mean mixed layer mixing ratio: 16.15
              1000 hPa to 500 hPa thickness: 5788.00
Precipitable water [mm] for entire sounding: 52.80
</PRE>
<P>Description of the 
<A HREF="/upperair/columns.html">data columns</A>
or <A HREF="/upperair/indices.html">sounding indices</A>.

<P>
<FORM>
<INPUT CLASS="button" TYPE="button" VALUE=" Close this window " 
 onClick="window.close();">
<INPUT CLASS="button" TYPE="button" VALUE=" Select another map " 
 onClick="window.blur();">
</FORM>
<HR SIZE="1">
<I>Interested in graduate studies in atmospheric science?
Check out our program at the
<a href="http://www.uwyo.edu/atsc/howtoapply/"
target=_top>University of Wyoming
</a></I>
<HR SIZE="1"><FONT SIZE="-1">
Questions about the weather data provided by this site can be
addressed to <A HREF="mailto:ldoolman@uwyo.edu">
Larry Oolman (ldoolman@uwyo.edu)</A></FONT>
<HR SIZE="1">
<SCRIPT TYPE="text/javascript">
<!--
window.focus();
// -->
</SCRIPT>
</BODY>
</HTML>
