2016-07-01 00
<HTML>
<TITLE>University of Wyoming - Radiosonde Data</TITLE>
<LINK REL="StyleSheet" HREF="/resources/select.css" TYPE="text/css">
<BODY BGCOLOR="white">
<H2>97180 WAAA Ujung Pandang Observations at 00Z 01 Jul 2016</H2>
<PRE>
-----------------------------------------------------------------------------
   PRES   HGHT   TEMP   DWPT   RELH   MIXR   DRCT   SKNT   THTA   THTE   THTV
    hPa     m      C      C      %    g/kg    deg   knot     K      K      K 
-----------------------------------------------------------------------------
 1011.0     14   24.8   23.3     91  18.19      0      0  297.0  349.8  300.2
 1005.0     64   26.0   21.3     75  16.15     14      2  298.7  345.9  301.6
 1000.0    106   26.0   21.3     75  16.23     25      3  299.1  346.7  302.1
  978.0    301   26.3   19.3     66  14.64      0      8  301.3  344.6  304.0
  968.0    391   26.4   18.4     61  13.95    356      7  302.4  343.8  304.9
  945.0    601   24.9   16.9     61  13.00    345      5  302.9  341.7  305.3
  925.0    788   23.6   15.6     61  12.19     10      3  303.4  339.9  305.7
  914.0    893   23.0   14.7     60  11.65      0      1  303.9  338.8  306.0
  883.0   1194   21.3   12.2     56  10.20    145      5  305.1  336.0  307.0
  852.0   1506   19.5    9.6     53   8.86     95      4  306.4  333.4  308.0
  850.0   1527   19.4    9.4     52   8.78     80      3  306.4  333.3  308.1
  823.0   1802   17.9    8.4     54   8.45     75      5  307.7  333.7  309.3
  768.0   2391   14.7    6.1     56   7.76    110      5  310.4  334.6  311.9
  741.0   2696   13.1    5.0     58   7.42    245      3  311.8  335.1  313.2
  737.0   2742   12.8    4.8     58   7.37    248      3  312.0  335.2  313.4
  714.0   3008   11.2   -1.8     40   4.72    268      6  313.1  328.3  314.0
  702.0   3149   10.2   -2.8     40   4.46    278      8  313.5  327.9  314.3
  700.0   3173   10.0   -3.0     40   4.40    280      8  313.5  327.8  314.4
  694.0   3244    9.2    0.2     53   5.63    280      7  313.4  331.4  314.5
  690.0   3292    8.9    0.1     54   5.64    280      7  313.6  331.6  314.6
  665.0   3593    6.8   -0.2     61   5.70    220      1  314.6  332.9  315.7
  641.0   3893    4.8   -0.6     68   5.76     65      8  315.6  334.1  316.7
  595.0   4501    0.7   -1.3     87   5.89    120     14  317.6  336.7  318.7
  588.0   4597    0.0   -1.4     90   5.91    114     14  317.9  337.1  319.0
  532.0   5391   -4.7   -5.6     94   4.76     60     17  321.4  337.2  322.4
  517.0   5618   -6.1   -6.8     95   4.47     58     19  322.4  337.4  323.3
  500.0   5880   -6.5   -9.1     82   3.86     55     21  325.1  338.2  325.8
  456.0   6600   -9.1  -13.8     68   2.89     75     19  330.5  340.7  331.1
  452.0   6669   -9.3  -14.3     67   2.81     78     19  331.1  341.0  331.6
  400.0   7610  -14.7  -20.7     60   1.85    115     18  335.8  342.6  336.2
  384.0   7917  -16.3  -24.3     50   1.40    118     18  337.6  342.9  337.9
  374.0   8111  -17.6  -26.4     46   1.19    120     18  338.4  342.9  338.6
  332.0   8988  -23.7  -35.9     32   0.54    110     13  341.8  344.0  341.9
  323.0   9190  -25.1  -38.1     29   0.45     99     15  342.6  344.4  342.7
  305.0   9601  -28.4  -40.6     30   0.36     75     20  343.7  345.2  343.7
  300.0   9720  -29.3  -41.3     30   0.34     75     20  344.0  345.4  344.0
  269.0  10481  -36.4  -46.4     35   0.22     65     20  344.6  345.5  344.6
  254.0  10882  -40.1  -49.1     38   0.17     77     18  344.7  345.5  344.8
  250.0  10990  -40.5                          80     18  345.7         345.7
  235.0  11403  -43.9                         105     21  346.7         346.7
  200.0  12480  -52.9                         105     28  348.8         348.8
  187.0  12897  -56.5                          90     36  349.8         349.8
  154.0  14102  -66.9                          72     39  352.0         352.0
  150.0  14260  -68.1                          70     39  352.6         352.6
  130.0  15100  -75.3                          70     43  354.4         354.4
  121.0  15512  -77.7                          70     45  357.4         357.4
  119.0  15607  -77.3                          70     45  359.9         359.9
  113.0  15903  -75.9                          80     27  367.8         367.8
  107.0  16214  -77.4                          90      7  370.7         370.7
  102.0  16487  -78.8                         190     12  373.2         373.2
  100.0  16600  -79.3                         200     15  374.3         374.3
   97.0  16773  -80.6                         195     17  374.9         374.9
   94.7  16909  -81.7                         175     18  375.4         375.4
   88.5  17290  -81.7                         143     22  382.8         382.8
   87.0  17387  -80.2                         135     23  387.8         387.8
   86.0  17453  -79.1                         139     19  391.1         391.1
   82.0  17724  -79.5                         155      5  395.6         395.6
   78.0  18009  -80.0                         265     12  400.3         400.3
   75.8  18172  -80.3                         241     12  403.0         403.0
   74.0  18310  -78.7                         220     12  409.2         409.2
   70.0  18630  -74.9                         130     17  423.8         423.8
   66.6  18921  -70.1                         119     24  440.3         440.3
   60.0  19540  -69.9                          95     39  454.2         454.2
   55.8  19969  -69.7                          95     44  464.1         464.1
   53.0  20277  -66.1                          95     47  479.3         479.3
   52.0  20393  -65.8                          95     48  482.6         482.6
   50.0  20630  -65.1                          85     47  489.7         489.7
   47.7  20916  -66.5                          83     44  492.9         492.9
   42.3  21654  -59.9                          77     35  526.5         526.5
   41.0  21849  -60.0                          75     33  530.8         530.8
   39.0  22160  -60.3                          75     19  537.8         537.8
   37.0  22488  -60.5                          50      6  545.3         545.3
   35.9  22676  -60.7                         318      5  549.6         549.6
   35.0  22836  -59.4                         240      4  557.1         557.1
   34.0  23017  -57.9                         185      9  565.7         565.7
   33.5  23110  -57.1                         192     12  570.1         570.1
   32.0  23400  -57.4                         215     21  576.8         576.8
   31.5  23499  -57.5                         205     20  579.2         579.2
   31.0  23601  -55.9                         195     18  586.2         586.2
   30.7  23663  -54.9                         195     17  590.5         590.5
   30.0  23810  -54.5                         195     16  595.5         595.5
   29.0  24028  -54.0                         205     14  602.8         602.8
   28.0  24253  -53.4                         260     16  610.5         610.5
   27.2  24439  -52.9                         260     22  616.9         616.9
   25.0  24979  -55.0                         260     38  625.9         625.9
   24.1  25213  -55.9                         258     34  629.9         629.9
   23.0  25513  -54.8                         255     29  641.6         641.6
   21.0  26097  -52.6                         275     38  664.9         664.9
   20.0  26410  -51.5                         270     43  677.8         677.8
   17.8  27173  -47.5                         262     38  713.4         713.4
   16.5  27676  -45.9                         257     35  734.2         734.2
   15.0  28306  -47.0                         250     31  750.9         750.9
   14.0  28763  -47.7                         280     28  763.3         763.3
   13.3  29102  -48.3                                     772.6         772.6
</PRE><H3>Station information and sounding indices</H3><PRE>
                         Station identifier: WAAA
                             Station number: 97180
                           Observation time: 160701/0000
                           Station latitude: -5.06
                          Station longitude: 119.55
                          Station elevation: 14.0
                            Showalter index: 3.30
                               Lifted index: -1.58
    LIFT computed using virtual temperature: -1.82
                                SWEAT index: 139.78
                                    K index: 22.30
                         Cross totals index: 15.90
                      Vertical totals index: 25.90
                        Totals totals index: 41.80
      Convective Available Potential Energy: 168.78
             CAPE using virtual temperature: 209.20
                      Convective Inhibition: -226.21
             CINS using virtual temperature: -155.08
                           Equilibrum Level: 458.81
 Equilibrum Level using virtual temperature: 453.85
                   Level of Free Convection: 673.23
             LFCT using virtual temperature: 702.15
                     Bulk Richardson Number: 39.75
          Bulk Richardson Number using CAPV: 49.27
  Temp [K] of the Lifted Condensation Level: 291.47
Pres [hPa] of the Lifted Condensation Level: 896.80
     Mean mixed layer potential temperature: 300.70
              Mean mixed layer mixing ratio: 15.06
              1000 hPa to 500 hPa thickness: 5774.00
Precipitable water [mm] for entire sounding: 46.80
</PRE>
<P>Description of the 
<A HREF="/upperair/columns.html">data columns</A>
or <A HREF="/upperair/indices.html">sounding indices</A>.

<P>
<FORM>
<INPUT CLASS="button" TYPE="button" VALUE=" Close this window " 
 onClick="window.close();">
<INPUT CLASS="button" TYPE="button" VALUE=" Select another map " 
 onClick="window.blur();">
</FORM>
<HR SIZE="1">
<I>Interested in graduate studies in atmospheric science?
Check out our program at the
<a href="http://www.uwyo.edu/atsc/howtoapply/"
target=_top>University of Wyoming
</a></I>
<HR SIZE="1"><FONT SIZE="-1">
Questions about the weather data provided by this site can be
addressed to <A HREF="mailto:ldoolman@uwyo.edu">
Larry Oolman (ldoolman@uwyo.edu)</A></FONT>
<HR SIZE="1">
<SCRIPT TYPE="text/javascript">
<!--
window.focus();
// -->
</SCRIPT>
</BODY>
</HTML>
