2016-06-21 12
<HTML>
<TITLE>University of Wyoming - Radiosonde Data</TITLE>
<LINK REL="StyleSheet" HREF="/resources/select.css" TYPE="text/css">
<BODY BGCOLOR="white">
<H2>97180 WAAA Ujung Pandang Observations at 00Z 21 Jun 2016</H2>
<PRE>
-----------------------------------------------------------------------------
   PRES   HGHT   TEMP   DWPT   RELH   MIXR   DRCT   SKNT   THTA   THTE   THTV
    hPa     m      C      C      %    g/kg    deg   knot     K      K      K 
-----------------------------------------------------------------------------
 1009.0     14   25.0   22.8     88  17.67      0      0  297.4  348.7  300.5
 1000.0     91   26.2   19.2     65  14.21    110      4  299.4  341.0  301.9
  998.0    109   26.8   19.8     66  14.79    112      4  300.1  343.7  302.8
  977.0    296   25.3   20.7     76  16.01    130      3  300.4  347.6  303.3
  968.0    378   24.6   21.1     81  16.57    129      3  300.5  349.3  303.5
  944.0    597   22.9   18.6     77  14.51    125      4  301.0  343.9  303.6
  925.0    775   21.6   16.6     73  13.01    110      5  301.4  339.9  303.7
  924.0    784   21.6   16.6     73  13.03    109      5  301.5  340.1  303.8
  908.0    936   21.8   14.8     64  11.79     93      5  303.2  338.4  305.3
  881.0   1197   20.0   13.0     64  10.77     65      4  303.9  336.3  305.9
  851.0   1496   17.9   10.9     64   9.69     55      4  304.8  334.1  306.5
  850.0   1506   17.8   10.8     64   9.66     45      4  304.8  334.0  306.6
  829.0   1720   16.2    9.2     63   8.88     65      5  305.3  332.3  306.9
  803.0   1991   15.0    7.0     59   7.88     90      6  306.8  331.0  308.2
  793.0   2097   14.7    3.0     45   6.01    100      7  307.6  326.3  308.7
  774.0   2303   14.2   -4.8     26   3.47     91      7  309.2  320.4  309.8
  749.0   2580   13.2   -5.8     26   3.33     80      7  311.0  321.8  311.6
  739.0   2692   12.4   -2.1     36   4.46     75      7  311.3  325.6  312.1
  727.0   2830   11.4    2.4     54   6.30     83      8  311.7  331.6  312.9
  712.0   3004   11.0   -9.0     24   2.73     92     10  313.1  322.1  313.6
  700.0   3146   10.2   -6.8     30   3.30    100     11  313.8  324.6  314.4
  663.0   3595    7.2   -9.8     29   2.75    125     14  315.3  324.5  315.8
  644.0   3835    5.6  -11.4     28   2.50    117      9  316.1  324.5  316.6
  639.0   3899    5.3   -9.0     35   3.04    115      8  316.5  326.6  317.1
  629.0   4028    4.8   -4.2     52   4.48    121      7  317.3  332.0  318.2
  616.0   4198    3.8   -4.6     55   4.45    130      5  318.0  332.7  318.9
  573.0   4785    0.2   -5.8     64   4.35    116      8  320.5  334.9  321.3
  567.0   4870    0.0   -2.8     81   5.52    114      9  321.2  339.4  322.3
  500.0   5870   -6.1   -6.5     97   4.73     90     14  325.5  341.5  326.5
  498.0   5901   -6.3   -6.6     98   4.71     90     14  325.7  341.6  326.6
  491.0   6010   -6.9   -7.3     97   4.54     90     12  326.2  341.6  327.1
  421.0   7188  -13.5  -14.4     93   2.99     45     16  332.4  343.0  333.1
  400.0   7580  -15.7  -16.8     91   2.58     50     27  334.5  343.8  335.0
  395.0   7675  -16.5  -17.7     90   2.42     52     27  334.7  343.4  335.1
  360.0   8368  -20.1  -22.6     80   1.74     70     28  338.8  345.3  339.2
  339.0   8812  -23.3  -36.3     29   0.51     82     29  340.3  342.4  340.4
  321.0   9210  -24.5  -42.5     17   0.28     92     29  344.0  345.2  344.1
  300.0   9700  -27.5  -45.5     16   0.22    105     30  346.5  347.4  346.6
  280.0  10184  -32.0  -48.1     19   0.18    110     32  347.0  347.8  347.0
  250.0  10980  -39.3  -52.3     24   0.12     95     33  347.5  348.0  347.5
  246.0  11090  -40.1  -54.1     21   0.10     92     34  347.9  348.4  347.9
  200.0  12470  -51.9                          60     47  350.4         350.4
  196.0  12596  -53.0                          55     48  350.6         350.6
  150.0  14260  -68.3                          65     50  352.2         352.2
  139.0  14694  -71.9                          75     51  353.6         353.6
  100.0  16570  -87.5                         105     42  358.4         358.4
   97.1  16730  -88.5                         100     44  359.5         359.5
   96.0  16791  -87.9                         100     45  361.8         361.8
   92.9  16970  -86.3                          90     42  368.4         368.4
   90.6  17110  -77.7                          82     40  388.1         388.1
   88.9  17220  -73.7                          76     39  398.2         398.2
   86.0  17414  -73.3                          65     36  402.8         402.8
   82.0  17693  -72.8                          85     26  409.3         409.3
   78.0  17987  -72.3                         130     21  416.4         416.4
   76.7  18085  -72.1                         128     20  418.7         418.7
   74.0  18298  -69.7                         125     17  428.1         428.1
   72.7  18403  -68.5                         111     20  432.8         432.8
   70.0  18630  -68.3                          80     27  437.9         437.9
   67.0  18891  -69.3                          65     18  441.3         441.3
   65.8  18999  -69.7                          70     19  442.7         442.7
   59.7  19577  -68.9                          97     25  457.0         457.0
   58.0  19752  -66.8                         105     27  465.5         465.5
   55.4  20029  -63.5                         102     31  479.2         479.2
   50.0  20650  -67.5                          95     40  484.0         484.0
   47.9  20907  -69.3                         100     39  485.7         485.7
   45.0  21283  -65.7                          96     36  503.2         503.2
   41.0  21850  -65.4                          90     32  517.5         517.5
   37.3  22425  -65.1                          90     13  532.4         532.4
   37.0  22474  -65.0                          90     11  533.9         533.9
   35.4  22744  -64.5                         102     10  542.0         542.0
   35.1  22796  -64.7                         104     10  542.8         542.8
   35.0  22813  -64.0                         105     10  545.1         545.1
   34.3  22938  -58.9                         153     11  561.6         561.6
   34.0  22994  -57.1                         174     12  567.7         567.7
   33.0  23181  -58.2                         245     14  569.8         569.8
   31.6  23454  -59.7                         234     15  572.7         572.7
   30.0  23780  -58.1                         220     17  585.7         585.7
   28.8  24037  -55.5                         235     11  599.7         599.7
   28.0  24217  -55.1                         245      7  605.7         605.7
   26.0  24691  -54.0                         280     14  621.6         621.6
   22.4  25643  -51.9                         274     24  655.0         655.0
   20.0  26370  -53.5                         270     32  671.7         671.7
   19.4  26566  -53.9                         276     25  676.3         676.3
   19.0  26702  -53.2                         280     20  682.4         682.4
   17.0  27429  -49.7                         250     38  715.8         715.8
   15.1  28203  -45.9                         274     31  753.0         753.0
   15.0                                       275     31                     
</PRE><H3>Station information and sounding indices</H3><PRE>
                         Station identifier: WAAA
                             Station number: 97180
                           Observation time: 160621/0000
                           Station latitude: -5.06
                          Station longitude: 119.55
                          Station elevation: 14.0
                            Showalter index: 3.38
                               Lifted index: -1.67
    LIFT computed using virtual temperature: -1.81
                                SWEAT index: 151.61
                                    K index: 17.70
                         Cross totals index: 16.90
                      Vertical totals index: 23.90
                        Totals totals index: 40.80
      Convective Available Potential Energy: 175.94
             CAPE using virtual temperature: 262.11
                      Convective Inhibition: -104.60
             CINS using virtual temperature: -37.74
                           Equilibrum Level: 367.65
 Equilibrum Level using virtual temperature: 366.53
                   Level of Free Convection: 667.02
             LFCT using virtual temperature: 841.26
                     Bulk Richardson Number: 82.23
          Bulk Richardson Number using CAPV: 122.50
  Temp [K] of the Lifted Condensation Level: 292.48
Pres [hPa] of the Lifted Condensation Level: 914.21
     Mean mixed layer potential temperature: 300.08
              Mean mixed layer mixing ratio: 15.74
              1000 hPa to 500 hPa thickness: 5779.00
Precipitable water [mm] for entire sounding: 43.87
</PRE>
<P>Description of the 
<A HREF="/upperair/columns.html">data columns</A>
or <A HREF="/upperair/indices.html">sounding indices</A>.

<P>
<FORM>
<INPUT CLASS="button" TYPE="button" VALUE=" Close this window " 
 onClick="window.close();">
<INPUT CLASS="button" TYPE="button" VALUE=" Select another map " 
 onClick="window.blur();">
</FORM>
<HR SIZE="1">
<I>Interested in graduate studies in atmospheric science?
Check out our program at the
<a href="http://www.uwyo.edu/atsc/howtoapply/"
target=_top>University of Wyoming
</a></I>
<HR SIZE="1"><FONT SIZE="-1">
Questions about the weather data provided by this site can be
addressed to <A HREF="mailto:ldoolman@uwyo.edu">
Larry Oolman (ldoolman@uwyo.edu)</A></FONT>
<HR SIZE="1">
<SCRIPT TYPE="text/javascript">
<!--
window.focus();
// -->
</SCRIPT>
</BODY>
</HTML>
