2017-07-15 12
<HTML>
<TITLE>University of Wyoming - Radiosonde Data</TITLE>
<LINK REL="StyleSheet" HREF="/resources/select.css" TYPE="text/css">
<BODY BGCOLOR="white">
<H2>97180 WAAA Ujung Pandang Observations at 00Z 15 Jul 2017</H2>
<PRE>
-----------------------------------------------------------------------------
   PRES   HGHT   TEMP   DWPT   RELH   MIXR   DRCT   SKNT   THTA   THTE   THTV
    hPa     m      C      C      %    g/kg    deg   knot     K      K      K 
-----------------------------------------------------------------------------
 1011.0     14   22.4   21.0     92  15.75      0      0  294.6  339.8  297.4
 1003.0     84   25.2   20.2     74  15.09    120      4  298.1  342.1  300.8
 1000.0    110   24.8   19.8     74  14.76    165      5  297.9  341.0  300.6
  978.0    303   23.7   18.4     72  13.79    130      5  298.7  339.0  301.2
  945.0    601   21.9   16.2     70  12.38    100     14  299.9  336.3  302.1
  925.0    787   20.8   14.8     69  11.57     95     18  300.6  334.8  302.7
  850.0   1515   15.6   11.5     77  10.12    105     28  302.5  332.8  304.3
  831.0   1706   13.8   10.7     82   9.81    105     24  302.5  331.9  304.3
  828.0   1737   14.0   10.5     79   9.72    105     23  303.1  332.2  304.8
  826.0   1757   14.2   10.6     79   9.81    105     23  303.5  332.9  305.3
  822.0   1798   16.4    8.4     59   8.48    105     22  306.2  332.1  307.8
  810.0   1924   18.2    3.2     37   5.98    104     22  309.4  328.2  310.6
  739.0   2696   13.1   -3.2     32   4.10    100     20  312.0  325.3  312.8
  700.0   3153   10.0   -7.0     30   3.25    130     17  313.5  324.2  314.1
  685.0   3333    8.6   -5.4     37   3.75    136     18  313.9  326.2  314.6
  666.0   3565    7.4  -15.6     18   1.71    144     19  315.1  321.0  315.4
  663.0   3602    7.2  -15.4     18   1.75    145     19  315.3  321.3  315.6
  639.0   3902    5.4  -13.4     24   2.14    135     11  316.5  323.8  316.9
  616.0   4201    3.6  -11.5     32   2.59     95      5  317.8  326.5  318.3
  594.0   4498    1.8   -9.6     43   3.13    125      8  319.0  329.6  319.6
  592.0   4525    1.6   -9.4     44   3.18    125      8  319.1  329.8  319.8
  564.0   4915    0.0  -16.0     29   1.96    128      9  321.7  328.5  322.1
  525.0   5486   -3.5  -19.5     28   1.56    133     11  324.2  329.7  324.5
  511.0   5699   -4.8  -14.9     45   2.37    135     12  325.1  333.3  325.5
  504.0   5807   -5.5  -12.5     58   2.92    125      9  325.5  335.6  326.1
  500.0   5870   -6.1  -13.1     58   2.80    120      7  325.5  335.2  326.1
  496.0   5933   -6.5  -12.5     62   2.97     95      6  325.8  336.1  326.4
  492.0   5996   -6.7  -15.0     52   2.44     70      5  326.3  334.8  326.8
  482.0   6156   -7.3  -21.3     32   1.46     54      8  327.5  332.8  327.8
  473.0   6303   -8.3  -18.3     44   1.92     40     11  328.0  334.9  328.4
  462.0   6485   -9.5  -21.5     37   1.49     46     13  328.7  334.1  329.0
  441.0   6842  -11.9  -16.9     66   2.32     58     18  330.1  338.4  330.6
  438.0   6895  -11.7  -20.7     47   1.69     60     19  331.0  337.1  331.3
  437.0   6912  -11.3  -25.3     30   1.13     60     19  331.7  335.9  331.9
  421.0   7198  -11.2  -33.7     14   0.53     70     23  335.4  337.5  335.5
  411.0   7382  -11.1  -39.1      8   0.32     82     24  337.8  339.1  337.9
  400.0   7590  -11.9  -42.9      6   0.22     95     26  339.4  340.4  339.5
  389.0   7802  -13.7  -41.6      8   0.26    100     25  339.9  340.9  339.9
  379.0   7999  -15.3  -40.3     10   0.30    108     26  340.2  341.5  340.3
  345.0   8691  -21.5  -42.1     14   0.28    135     29  341.1  342.2  341.1
  313.0   9407  -27.9  -43.9     20   0.25    123     24  341.8  342.8  341.8
  305.0   9592  -29.6  -42.6     27   0.30    120     23  341.9  343.1  342.0
  300.0   9710  -30.7  -41.7     33   0.33    110     21  342.0  343.4  342.1
  274.0  10343  -35.9  -40.9     60   0.39     80     23  343.4  345.1  343.5
  253.0  10889  -39.9  -47.9     42   0.20     54     24  345.4  346.3  345.5
  250.0  10970  -40.7                          50     24  345.4         345.4
  245.0  11104  -41.8                          40     23  345.8         345.8
  200.0  12450  -52.7                          15     37  349.1         349.1
  195.0  12608  -54.1                          20     37  349.5         349.5
  154.0  14076  -66.7                          40     34  352.4         352.4
  150.0  14240  -68.1                          40     31  352.6         352.6
  125.0  15292  -76.1                         105     26  357.0         357.0
  107.0  16189  -82.9                         110     27  360.3         360.3
  105.0  16298  -83.7                         110     26  360.7         360.7
  100.0  16570  -81.1                         100     16  370.8         370.8
   96.0  16802  -80.0                          85      9  377.2         377.2
   91.0  17105  -78.7                         310      8  385.8         385.8
   87.0  17360  -77.5                         250      4  393.1         393.1
   85.7  17446  -77.1                         258      8  395.6         395.6
   82.0  17702  -72.1                         280     19  410.8         410.8
   71.0  18556  -69.2                         275     40  434.3         434.3
   70.0  18640  -68.9                         275     38  436.6         436.6
   62.2  19348  -69.5                         266     37  450.3         450.3
   60.3  19534  -69.1                         263     37  455.2         455.2
   59.4  19625  -66.1                         262     37  463.9         463.9
   58.0  19770  -66.5                         260     37  466.2         466.2
   57.2  19854  -66.7                         260     36  467.6         467.6
   54.9  20105  -63.3                         260     33  480.9         480.9
   51.0  20558  -64.7                         260     28  487.8         487.8
   50.0  20680  -62.5                         260     27  495.8         495.8
   49.4  20754  -61.9                         261     26  498.9         498.9
   45.0  21322  -64.3                         270     20  506.6         506.6
   43.0  21598  -65.5                         255     13  510.3         510.3
   41.3  21844  -66.5                         265      6  513.7         513.7
   41.0  21888  -66.3                         265      5  515.3         515.3
   39.0  22193  -64.6                         120      2  526.9         526.9
   35.2  22818  -61.3                         113     15  551.2         551.2
   34.0  23033  -60.7                         110     19  558.2         558.2
   31.0  23606  -59.2                          85     29  577.1         577.1
   30.0  23810  -58.7                          85     30  584.0         584.0
   27.9  24265  -59.7                          90     35  593.5         593.5
   24.6  25061  -55.3                         100     44  627.9         627.9
   23.0  25492  -54.5                         105     49  642.6         642.6
   20.0  26390  -52.7                          90     52  674.1         674.1
   17.9  27104  -54.1                                     691.4         691.4
   14.0  28690  -51.1                                     751.9         751.9
</PRE><H3>Station information and sounding indices</H3><PRE>
                         Station identifier: WAAA
                             Station number: 97180
                           Observation time: 170715/0000
                           Station latitude: -5.06
                          Station longitude: 119.55
                          Station elevation: 14.0
                            Showalter index: 3.95
                               Lifted index: 1.07
    LIFT computed using virtual temperature: 0.80
                                SWEAT index: 200.98
                                    K index: 16.20
                         Cross totals index: 17.60
                      Vertical totals index: 21.70
                        Totals totals index: 39.30
      Convective Available Potential Energy: 0.10
             CAPE using virtual temperature: 1.57
                      Convective Inhibition: -58.42
             CINS using virtual temperature: -43.02
                           Equilibrum Level: 829.04
 Equilibrum Level using virtual temperature: 825.97
                   Level of Free Convection: 835.41
             LFCT using virtual temperature: 844.18
                     Bulk Richardson Number: 0.01
          Bulk Richardson Number using CAPV: 0.13
  Temp [K] of the Lifted Condensation Level: 290.71
Pres [hPa] of the Lifted Condensation Level: 913.28
     Mean mixed layer potential temperature: 298.36
              Mean mixed layer mixing ratio: 14.06
              1000 hPa to 500 hPa thickness: 5760.00
Precipitable water [mm] for entire sounding: 35.64
</PRE>
<P>Description of the 
<A HREF="/upperair/columns.html">data columns</A>
or <A HREF="/upperair/indices.html">sounding indices</A>.

<P>
<FORM>
<INPUT CLASS="button" TYPE="button" VALUE=" Close this window " 
 onClick="window.close();">
<INPUT CLASS="button" TYPE="button" VALUE=" Select another map " 
 onClick="window.blur();">
</FORM>
<HR SIZE="1">
<I>Interested in graduate studies in atmospheric science?
Check out our program at the
<a href="http://www.uwyo.edu/atsc/howtoapply/"
target=_top>University of Wyoming
</a></I>
<HR SIZE="1"><FONT SIZE="-1">
Questions about the weather data provided by this site can be
addressed to <A HREF="mailto:ldoolman@uwyo.edu">
Larry Oolman (ldoolman@uwyo.edu)</A></FONT>
<HR SIZE="1">
<SCRIPT TYPE="text/javascript">
<!--
window.focus();
// -->
</SCRIPT>
</BODY>
</HTML>
