2017-09-14 00
<HTML>
<TITLE>University of Wyoming - Radiosonde Data</TITLE>
<LINK REL="StyleSheet" HREF="/resources/select.css" TYPE="text/css">
<BODY BGCOLOR="white">
<H2>97180 WAAA Ujung Pandang Observations at 00Z 14 Sep 2017</H2>
<PRE>
-----------------------------------------------------------------------------
   PRES   HGHT   TEMP   DWPT   RELH   MIXR   DRCT   SKNT   THTA   THTE   THTV
    hPa     m      C      C      %    g/kg    deg   knot     K      K      K 
-----------------------------------------------------------------------------
 1010.0     14   26.0   23.4     86  18.32      0      0  298.3  351.8  301.6
 1009.0     22   27.0   20.0     66  14.81      0      0  299.4  342.9  302.0
 1000.0     99   26.0   19.0     65  14.03      0      0  299.1  340.3  301.7
  985.0    231   25.2   19.2     69  14.43    354      3  299.6  342.0  302.2
  977.0    302   25.1   18.4     67  13.85    350      5  300.2  341.0  302.7
  944.0    602   24.5   15.2     56  11.63     70      8  302.6  337.4  304.7
  936.0    676   24.4   14.4     54  11.13     74      9  303.2  336.6  305.3
  925.0    779   23.6   14.6     57  11.42     80     10  303.4  337.6  305.5
  873.0   1283   20.2   12.2     60  10.33     90     13  305.0  336.2  306.9
  850.0   1515   21.0    8.0     43   7.98     95     14  308.1  332.8  309.6
  794.0   2099   17.1    4.1     42   6.52    110     12  310.1  330.5  311.3
  770.0   2362   15.4    2.4     42   5.94    140     15  310.9  329.7  312.0
  766.0   2406   15.1    2.4     42   5.98    145     16  311.0  329.9  312.2
  700.0   3163    9.6    2.6     62   6.64    140     10  313.1  334.1  314.3
  689.0   3294    8.6    2.3     65   6.61    145     11  313.4  334.4  314.6
  664.0   3598    6.3    1.6     72   6.53    115     10  314.1  334.9  315.3
  655.0   3711    5.4    1.4     75   6.51    115     10  314.3  335.1  315.6
  621.0   4146    3.8   -4.2     56   4.54    115     10  317.3  332.2  318.2
  617.0   4198    3.5   -4.1     58   4.60    115     10  317.5  332.6  318.4
  603.0   4384    2.2   -3.8     65   4.81    100     12  318.2  333.9  319.1
  596.0   4479    1.6   -1.0     83   6.00     92     13  318.5  338.0  319.7
  594.0   4506    1.6   -1.6     80   5.77     90     13  318.8  337.6  319.9
  587.0   4601    1.4   -3.6     69   5.02     94     12  319.7  336.2  320.7
  575.0   4768    0.8   -6.2     59   4.21    100     12  320.9  334.9  321.7
  570.0   4838    0.6   -7.4     55   3.87    103     11  321.4  334.4  322.2
  568.0   4866    0.6   -7.4     55   3.88    104     11  321.8  334.8  322.5
  567.0   4880    0.6   -3.7     73   5.16    105     11  321.9  339.0  322.9
  557.0   5023    0.0   -7.0     59   4.08    110     10  322.9  336.6  323.7
  531.0   5403   -2.3   -8.0     65   3.96    125      8  324.6  338.0  325.3
  507.0   5771   -4.5   -9.0     71   3.84     87      9  326.2  339.3  326.9
  500.0   5880   -5.5  -10.0     71   3.60     75      9  326.3  338.6  327.0
  475.0   6278   -9.5  -10.6     92   3.61     66      8  326.1  338.5  326.9
  473.0   6311   -8.7  -11.8     79   3.30     65      8  327.5  338.9  328.2
  470.0   6360   -7.5  -13.5     62   2.89     71      8  329.6  339.7  330.2
  438.0   6901  -11.2  -19.4     51   1.89    135     11  331.6  338.4  332.0
  426.0   7114  -12.7  -21.7     47   1.59    119     11  332.4  338.2  332.7
  417.0   7276  -13.7  -22.7     47   1.49    107     10  333.1  338.6  333.4
  409.0   7422  -14.7  -19.7     66   1.97     96     10  333.7  340.8  334.1
  405.0   7497  -15.1  -20.1     66   1.92     90     10  334.1  341.1  334.5
  404.0   7515  -15.3  -18.8     75   2.16     90     10  334.1  341.9  334.5
  403.0   7534  -15.3  -18.0     80   2.32     90     10  334.3  342.7  334.8
  402.0   7552  -15.3  -19.0     73   2.13     90     10  334.5  342.3  335.0
  401.0   7571  -15.3  -23.3     50   1.47     90     10  334.8  340.2  335.1
  400.0   7590  -15.3  -24.3     46   1.35     90     10  335.0  340.0  335.3
  370.0   8174  -19.1  -32.1     31   0.70    108      7  337.5  340.3  337.7
  367.0   8235  -19.5  -30.5     37   0.83    110      7  337.8  341.0  337.9
  361.0   8357  -20.5  -33.5     30   0.63    114      7  338.0  340.5  338.1
  354.0   8502  -21.5  -34.5     30   0.58    119      6  338.6  340.9  338.7
  350.0   8585  -22.3  -34.3     33   0.60    122      5  338.6  341.0  338.7
  346.0   8669  -22.9  -28.9     58   1.02    124      5  338.9  342.8  339.1
  345.0   8691  -23.1  -28.9     59   1.02    125      5  338.9  342.9  339.2
  339.0   8819  -24.1  -29.1     63   1.02    123      6  339.2  343.2  339.5
  335.0   8905  -24.3  -34.3     39   0.63    121      6  340.1  342.6  340.3
  331.0   8992  -24.9  -34.4     41   0.63    120      7  340.4  342.9  340.6
  304.0   9605  -29.4  -34.7     60   0.67     75     19  342.6  345.2  342.7
  302.0   9653  -29.7  -34.7     62   0.67     73     20  342.8  345.4  342.9
  300.0   9700  -30.1  -35.1     62   0.65     70     20  342.8  345.4  343.0
  268.0  10486  -36.3  -40.9     63   0.40     50     23  345.0  346.7  345.1
  252.0  10916  -39.7  -44.0     63   0.31     50     24  346.1  347.4  346.2
  250.0  10970  -40.3                          50     24  346.0         346.0
  200.0  12450  -53.7                          40     27  347.6         347.6
  195.0  12611  -55.2                          40     27  347.7         347.7
  189.0  12810  -57.1                          43     29  347.8         347.8
  170.0  13477  -59.0                          55     35  355.3         355.3
  169.0  13514  -59.1                          56     35  355.7         355.7
  150.0  14250  -65.5                          80     27  357.1         357.1
  147.0  14367  -66.4                          80     25  357.6         357.6
  126.0  15261  -73.2                         135     18  361.5         361.5
  119.0  15592  -75.7                         140     14  362.8         362.8
  100.0  16600  -83.3                          45     20  366.5         366.5
   99.9  16606  -83.5                          44     20  366.3         366.3
   98.5  16685  -83.5                          35     18  367.7         367.7
   97.4  16748  -80.1                          28     17  375.5         375.5
   97.0  16771  -80.1                          25     16  375.9         375.9
   92.0  17072  -80.5                         240      7  380.9         380.9
   87.0  17389  -80.9                         205     14  386.3         386.3
   82.1  17718  -81.3                         210     16  391.9         391.9
   78.0  18012  -77.8                         215     18  404.8         404.8
   76.0  18161  -76.1                         227     20  411.5         411.5
   73.9  18326  -70.5                         241     23  426.6         426.6
   71.0  18565  -70.3                         260     26  431.8         431.8
   70.0  18650  -70.3                         260     26  433.7         433.7
   67.0  18908  -71.1                         253     24  437.4         437.4
   64.0  19180  -69.6                         245     22  446.5         446.5
   61.0  19466  -68.0                         275     24  456.2         456.2
   59.1  19654  -66.9                         270     26  462.8         462.8
   55.5  20030  -68.1                         261     30  468.4         468.4
   55.0  20084  -67.6                         260     31  470.7         470.7
   52.2  20399  -64.9                         276     27  484.1         484.1
   50.0  20660  -64.5                         290     23  491.1         491.1
   45.0  21300  -65.5                         280     30  503.7         503.7
   43.0  21576  -65.9                         260     22  509.2         509.2
   42.2  21690  -66.1                         260     18  511.5         511.5
   41.0  21866  -65.7                         260     12  516.7         516.7
   39.0  22170  -65.0                         140      7  525.8         525.8
   37.0  22490  -64.3                         100     18  535.6         535.6
   35.8  22691  -63.9                          94     23  541.8         541.8
   35.0  22829  -63.7                          90     27  545.8         545.8
   34.4  22936  -61.1                          87     30  555.4         555.4
   32.0  23382  -62.2                          75     42  564.1         564.1
   30.0  23780  -63.1                          90     48  572.0         572.0
   28.4  24120  -58.7                          86     60  593.2         593.2
   28.0  24209  -58.6                          85     63  595.8         595.8
   22.4  25612  -57.9                          88     65  637.2         637.2
   20.0  26330  -55.1                          90     66  666.8         666.8
   17.0  27378  -51.6                          90     66  709.7         709.7
   16.3  27649  -50.7                         110     68  721.2         721.2
   16.0                                       110     68                     
</PRE><H3>Station information and sounding indices</H3><PRE>
                         Station identifier: WAAA
                             Station number: 97180
                           Observation time: 170914/0000
                           Station latitude: -5.06
                          Station longitude: 119.55
                          Station elevation: 14.0
                            Showalter index: 4.54
                               Lifted index: 1.12
    LIFT computed using virtual temperature: 0.95
                                SWEAT index: 133.00
                                    K index: 27.50
                         Cross totals index: 13.50
                      Vertical totals index: 26.50
                        Totals totals index: 40.00
      Convective Available Potential Energy: 0.26
             CAPE using virtual temperature: 0.58
                      Convective Inhibition: -460.24
             CINS using virtual temperature: -365.98
                           Equilibrum Level: 474.11
 Equilibrum Level using virtual temperature: 473.93
                   Level of Free Convection: 481.97
             LFCT using virtual temperature: 483.57
                     Bulk Richardson Number: 0.02
          Bulk Richardson Number using CAPV: 0.05
  Temp [K] of the Lifted Condensation Level: 289.94
Pres [hPa] of the Lifted Condensation Level: 886.26
     Mean mixed layer potential temperature: 300.13
              Mean mixed layer mixing ratio: 13.80
              1000 hPa to 500 hPa thickness: 5781.00
Precipitable water [mm] for entire sounding: 43.29
</PRE>
<P>Description of the 
<A HREF="/upperair/columns.html">data columns</A>
or <A HREF="/upperair/indices.html">sounding indices</A>.

<P>
<FORM>
<INPUT CLASS="button" TYPE="button" VALUE=" Close this window " 
 onClick="window.close();">
<INPUT CLASS="button" TYPE="button" VALUE=" Select another map " 
 onClick="window.blur();">
</FORM>
<HR SIZE="1">
<I>Interested in graduate studies in atmospheric science?
Check out our program at the
<a href="http://www.uwyo.edu/atsc/howtoapply/"
target=_top>University of Wyoming
</a></I>
<HR SIZE="1"><FONT SIZE="-1">
Questions about the weather data provided by this site can be
addressed to <A HREF="mailto:ldoolman@uwyo.edu">
Larry Oolman (ldoolman@uwyo.edu)</A></FONT>
<HR SIZE="1">
<SCRIPT TYPE="text/javascript">
<!--
window.focus();
// -->
</SCRIPT>
</BODY>
</HTML>
