2018-09-26 00
<HTML>
<TITLE>University of Wyoming - Radiosonde Data</TITLE>
<LINK REL="StyleSheet" HREF="/resources/select.css" TYPE="text/css">
<BODY BGCOLOR="white">
<H2>97180 WAAA Ujung Pandang Observations at 00Z 26 Sep 2018</H2>
<PRE>
-----------------------------------------------------------------------------
   PRES   HGHT   TEMP   DWPT   RELH   MIXR   DRCT   SKNT   THTA   THTE   THTV
    hPa     m      C      C      %    g/kg    deg   knot     K      K      K 
-----------------------------------------------------------------------------
 1011.0     14   25.0   21.5     81  16.25      0      0  297.2  344.4  300.1
 1010.0     22   25.8   15.8     54  11.30     11      0  298.1  331.2  300.1
 1000.0    105   26.4   16.4     54  11.87    120      3  299.6  334.5  301.7
  991.0    185   26.0   16.0     54  11.67    101      8  299.9  334.4  302.0
  985.0    238   27.2   13.2     42   9.77     88     11  301.6  330.8  303.4
  979.0    292   26.8   12.9     42   9.65     75     14  301.8  330.7  303.6
  925.0    790   23.4   10.4     44   8.63     80     22  303.2  329.3  304.8
  852.0   1501   18.9    5.9     43   6.89     90     18  305.8  326.9  307.0
  850.0   1521   18.8    5.8     43   6.85     85     18  305.8  326.9  307.1
  795.0   2093   14.8    1.8     41   5.50     85     11  307.4  324.6  308.5
  790.0   2146   14.4    1.4     41   5.39     88     11  307.6  324.4  308.6
  767.0   2395   13.3   -0.5     39   4.84    100      9  309.0  324.3  309.9
  730.0   2812   11.4   -3.6     35   4.03    198      5  311.3  324.3  312.1
  713.0   3009    9.6    0.0     51   5.40    245      3  311.4  328.6  312.4
  702.0   3138    8.4    2.4     66   6.52    232      5  311.5  332.1  312.7
  700.0   3162    8.4    3.4     71   7.03    230      5  311.8  333.9  313.1
  666.0   3571    5.4    1.0     73   6.22    197      7  312.9  332.6  314.0
  664.0   3596    5.5   -0.2     67   5.72    195      7  313.3  331.5  314.3
  650.0   3770    6.4   -8.6     33   3.09    166     10  316.2  326.4  316.8
  640.0   3897    5.9  -11.2     28   2.56    145     12  316.9  325.6  317.4
  607.0   4328    4.0  -20.0     15   1.29    138      9  319.6  324.2  319.9
  564.0   4920    0.0  -16.0     29   1.96    128      5  321.7  328.5  322.1
  551.0   5105   -1.7  -12.7     43   2.62    125      4  321.9  330.9  322.4
  543.0   5221   -2.7  -10.7     54   3.13    105      4  322.0  332.6  322.6
  531.0   5398   -4.0  -10.7     60   3.20     75      4  322.5  333.4  323.1
  525.0   5488   -4.7  -10.7     63   3.24     96      3  322.7  333.7  323.4
  512.0   5684   -5.3  -15.3     45   2.28    141      2  324.3  332.3  324.8
  511.0   5700   -5.4  -15.3     46   2.29    145      2  324.4  332.3  324.8
  500.0   5870   -6.5  -15.5     49   2.30    170      3  325.1  333.1  325.5
  492.0   5995   -7.3  -15.9     50   2.26    175      3  325.6  333.5  326.0
  478.0   6219   -8.7  -16.7     52   2.18    138      7  326.5  334.2  327.0
  473.0   6300   -8.4  -20.6     37   1.58    125      9  327.8  333.5  328.1
  466.0   6415   -8.1  -26.1     22   0.98    122      9  329.7  333.3  329.9
  448.0   6719   -9.3  -35.3     10   0.43    115     10  331.9  333.6  332.0
  400.0   7580  -15.9  -34.9     18   0.50     95     12  334.2  336.2  334.3
  394.0   7694  -16.9  -35.9     18   0.46     87     13  334.4  336.2  334.5
  389.0   7789  -17.4  -36.9     17   0.42     80     14  335.0  336.6  335.1
  373.0   8102  -19.0  -40.2     13   0.31     65     20  336.9  338.2  337.0
  358.0   8408  -20.5  -43.5     11   0.23     83     17  338.8  339.8  338.9
  344.0   8701  -22.4  -46.0     10   0.18    100     14  340.1  340.9  340.1
  335.0   8896  -23.7  -47.7      9   0.15    100     14  340.9  341.6  341.0
  300.0   9690  -30.9  -48.9     15   0.15    100     12  341.7  342.4  341.7
  267.0  10500  -38.4  -52.2     22   0.11     90     21  342.3  342.8  342.3
  261.0  10658  -39.9  -52.9     24   0.11     87     21  342.4  342.9  342.4
  250.0  10950  -42.9                          80     22  342.1         342.1
  234.0  11386  -46.3                          60     28  343.5         343.5
  200.0  12420  -54.5                          75     36  346.3         346.3
  187.0  12844  -58.3                          73     41  346.9         346.9
  168.0  13505  -61.9                          70     48  351.6         351.6
  154.0  14041  -64.9                          78     36  355.4         355.4
  150.0  14200  -66.1                          80     32  356.0         356.0
  131.0  14987  -72.6                          70     30  358.5         358.5
  112.0  15898  -80.0                          50     35  361.0         361.0
  110.0  16003  -80.9                          50     31  361.2         361.2
  101.0  16484  -78.8                          65     13  374.3         374.3
  100.0  16540  -78.5                          60     11  375.8         375.8
   96.0  16776  -76.8                          50      4  383.5         383.5
   92.0  17022  -75.1                          98      9  391.6         391.6
   91.0  17086  -75.2                         110     10  392.7         392.7
   82.0  17691  -75.8                          85     16  403.1         403.1
   78.0  17982  -76.2                          50     14  408.3         408.3
   76.5  18095  -76.3                          55     14  410.3         410.3
   70.0  18610  -75.7                          80     12  422.1         422.1
   68.9  18701  -75.9                          85     14  423.6         423.6
   67.2  18847  -72.9                          94     18  433.1         433.1
   67.0  18864  -72.9                          95     18  433.5         433.5
   63.8  19151  -73.1                          87     24  439.2         439.2
   63.0  19225  -72.1                          85     25  442.9         442.9
   61.2  19396  -69.9                          61     24  451.5         451.5
   60.0  19514  -69.8                          45     24  454.3         454.3
   57.0  19820  -69.6                          65     15  461.6         461.6
   56.3  19893  -69.5                          70     18  463.3         463.3
   54.5  20088  -67.9                          82     26  471.3         471.3
   54.1  20132  -65.9                          85     28  476.9         476.9
   52.0  20372  -66.0                         100     37  482.1         482.1
   50.0  20610  -66.1                         105     44  487.3         487.3
   43.0  21529  -64.9                          90     51  511.8         511.8
   39.1  22108  -64.1                          92     51  527.8         527.8
   32.0  23365  -56.1                          95     52  580.4         580.4
   30.0  23770  -53.5                          90     42  598.2         598.2
   29.5  23878  -52.1                          88     37  604.9         604.9
   28.0  24217  -50.7                          80     20  617.8         617.8
   26.0  24698  -48.8                          50     13  636.5         636.5
   25.5  24824  -48.3                         356     13  641.5         641.5
   25.0  24952  -48.6                         300     12  644.1         644.1
   24.0  25217  -49.4                         275     23  649.6         649.6
   22.0  25782  -50.9                         265     38  661.5         661.5
   20.0  26400  -52.5                         275     25  674.7         674.7
   19.2  26663  -53.3                         281     23  680.2         680.2
   18.0  27084  -51.6                         290     21  698.0         698.0
   17.0  27457  -50.2                         275     21  714.2         714.2
   16.0  27852  -48.6                         290     14  731.8         731.8
   15.2  28187  -47.3                                     747.0         747.0
</PRE><H3>Station information and sounding indices</H3><PRE>
                         Station identifier: WAAA
                             Station number: 97180
                           Observation time: 180926/0000
                           Station latitude: -5.06
                          Station longitude: 119.55
                          Station elevation: 14.0
                            Showalter index: 6.35
                               Lifted index: 4.04
    LIFT computed using virtual temperature: 3.86
                                SWEAT index: 108.61
                                    K index: 26.10
                         Cross totals index: 12.30
                      Vertical totals index: 25.30
                        Totals totals index: 37.60
      Convective Available Potential Energy: 0.00
             CAPE using virtual temperature: 0.00
                      Convective Inhibition: 0.00
             CINS using virtual temperature: 0.00
                     Bulk Richardson Number: 0.00
          Bulk Richardson Number using CAPV: 0.00
  Temp [K] of the Lifted Condensation Level: 284.47
Pres [hPa] of the Lifted Condensation Level: 821.77
     Mean mixed layer potential temperature: 300.90
              Mean mixed layer mixing ratio: 10.42
              1000 hPa to 500 hPa thickness: 5765.00
Precipitable water [mm] for entire sounding: 30.65
</PRE>
<P>Description of the 
<A HREF="/upperair/columns.html">data columns</A>
or <A HREF="/upperair/indices.html">sounding indices</A>.

<P>
<FORM>
<INPUT CLASS="button" TYPE="button" VALUE=" Close this window " 
 onClick="window.close();">
<INPUT CLASS="button" TYPE="button" VALUE=" Select another map " 
 onClick="window.blur();">
</FORM>
<HR SIZE="1">
<I>Interested in graduate studies in atmospheric science?
Check out our program at the
<a href="http://www.uwyo.edu/atsc/howtoapply/"
target=_top>University of Wyoming
</a></I>
<HR SIZE="1"><FONT SIZE="-1">
Questions about the weather data provided by this site can be
addressed to <A HREF="mailto:ldoolman@uwyo.edu">
Larry Oolman (ldoolman@uwyo.edu)</A></FONT>
<HR SIZE="1">
<SCRIPT TYPE="text/javascript">
<!--
window.focus();
// -->
</SCRIPT>
</BODY>
</HTML>
