2017-02-25 12
<HTML>
<TITLE>University of Wyoming - Radiosonde Data</TITLE>
<LINK REL="StyleSheet" HREF="/resources/select.css" TYPE="text/css">
<BODY BGCOLOR="white">
<H2>97180 WAAA Ujung Pandang Observations at 00Z 25 Feb 2017</H2>
<PRE>
-----------------------------------------------------------------------------
   PRES   HGHT   TEMP   DWPT   RELH   MIXR   DRCT   SKNT   THTA   THTE   THTV
    hPa     m      C      C      %    g/kg    deg   knot     K      K      K 
-----------------------------------------------------------------------------
 1010.0     14   25.4   24.2     93  19.25      0      0  297.7  353.8  301.1
 1000.0     94   25.2   22.4     84  17.39     10      2  298.4  349.1  301.4
  996.0    129   26.0   22.2     80  17.24      1      3  299.5  350.1  302.6
  977.0    299   24.9   21.2     80  16.55    315      5  300.0  348.7  303.0
  944.0    601   22.9   19.5     81  15.38    290      4  301.0  346.4  303.8
  925.0    780   21.8   18.5     82  14.71    310      4  301.6  345.1  304.2
  912.0    903   21.1   17.9     82  14.40    315      4  302.1  344.8  304.7
  881.0   1204   19.3   16.6     85  13.67    305      5  303.2  344.0  305.7
  850.0   1516   17.4   15.2     87  12.94    315      6  304.4  343.2  306.7
  822.0   1800   15.7   13.9     89  12.29    340      4  305.5  342.6  307.8
  793.0   2105   13.9   12.5     91  11.61     25      3  306.7  342.0  308.9
  791.0   2127   13.8   12.4     91  11.57     24      3  306.8  341.9  309.0
  765.0   2406   12.6   10.8     89  10.75     15      1  308.5  341.4  310.5
  739.0   2696   11.3    9.2     86   9.96      0      3  310.2  340.9  312.0
  713.0   2995   10.1    7.5     84   9.19    340      6  311.9  340.6  313.7
  700.0   3149    9.4    6.6     83   8.81    355      8  312.9  340.4  314.5
  687.0   3304    8.7    5.4     80   8.25     10      9  313.7  339.7  315.3
  655.0   3700    6.8    2.3     73   6.95     32     10  315.9  338.1  317.2
  616.0   4200    4.2   -0.5     72   6.04     60     11  318.6  338.2  319.7
  572.0   4803    1.1   -3.8     70   5.08     60     12  321.7  338.5  322.7
  557.0   5020    0.0   -5.0     69   4.76     81      9  322.9  338.8  323.8
  551.0   5106   -0.5   -5.3     70   4.70     90      8  323.3  339.0  324.2
  523.0   5523   -2.7   -6.8     73   4.42     93     11  325.5  340.4  326.3
  519.0   5584   -2.5  -11.5     50   3.07     93     11  326.4  337.1  327.0
  512.0   5692   -3.3  -15.3     39   2.28     94     12  326.7  334.8  327.2
  500.0   5880   -4.5  -13.5     49   2.71     95     13  327.5  337.0  328.0
  494.0   5974   -5.5  -11.5     63   3.23     88     12  327.4  338.6  328.0
  492.0   6006   -5.7  -11.1     66   3.36     85     12  327.5  339.1  328.1
  489.0   6054   -6.1  -10.4     72   3.56     85     12  327.6  339.9  328.3
  484.0   6134   -6.5  -14.5     53   2.58     84     12  328.1  337.1  328.6
  481.0   6182   -6.9  -11.9     68   3.21     83     12  328.2  339.3  328.8
  436.0   6938  -12.3  -14.7     82   2.82     76     13  330.7  340.6  331.2
  433.0   6990  -12.5  -16.7     71   2.40     76     13  331.1  339.6  331.6
  418.0   7258  -13.7  -18.7     66   2.10     73     13  332.9  340.5  333.3
  414.0   7331  -14.1  -20.1     60   1.88     72     13  333.3  340.1  333.7
  413.0   7349  -14.1  -17.7     74   2.32     72     13  333.5  341.9  334.0
  412.0   7367  -14.3  -19.3     66   2.03     72     13  333.5  340.8  333.9
  400.0   7590  -15.1  -20.1     66   1.95     70     13  335.3  342.4  335.7
  389.0   7797  -16.7  -21.0     69   1.86     65     10  335.9  342.7  336.3
  358.0   8415  -21.3  -23.6     82   1.60     62     10  337.8  343.7  338.1
  307.0   9526  -28.7  -34.7     56   0.66     56     11  342.6  345.2  342.7
  300.0   9690  -30.1  -36.1     56   0.59     55     11  342.8  345.2  343.0
  279.0  10200  -34.2  -42.2     44   0.34     60     10  344.2  345.6  344.2
  256.0  10804  -39.0  -49.4     32   0.16     70      7  345.6  346.3  345.6
  251.0  10943  -40.1  -51.1     30   0.14     53      7  345.9  346.5  345.9
  250.0  10970  -40.3                          50      7  346.0         346.0
  245.0  11104  -41.5                          40      7  346.3         346.3
  224.0  11698  -46.6                          55     10  347.4         347.4
  214.0  12001  -49.2                          20     11  347.9         347.9
  200.0  12450  -53.1                          15     12  348.5         348.5
  195.0  12607  -54.5                          20     13  348.9         348.9
  161.0  13792  -64.7                          90     21  351.2         351.2
  150.0  14230  -68.5                         105     24  351.9         351.9
  137.0  14766  -73.3                         119     24  352.7         352.7
  132.0  14977  -74.7                         125     24  353.9         353.9
  101.0  16494  -84.9                          90     42  362.4         362.4
  100.0  16550  -85.3                          95     42  362.7         362.7
   92.2  16994  -87.7                          90     52  366.4         366.4
   90.0  17128  -84.3                          85     50  375.7         375.7
   87.3  17297  -80.1                          72     37  387.5         387.5
   86.0  17383  -78.9                          65     30  391.5         391.5
   84.9  17456  -77.9                          53     26  395.0         395.0
   81.0  17723  -79.3                          10     13  397.5         397.5
   77.0  18010  -80.8                         330     16  400.1         400.1
   76.8  18025  -80.9                         327     16  400.2         400.2
   73.0  18312  -80.0                         275     15  407.9         407.9
   71.5  18429  -79.7                         250     10  411.1         411.1
   70.0  18550  -78.5                         225      5  416.1         416.1
   69.0  18632  -78.1                         190      3  418.8         418.8
   67.7  18740  -77.5                         256      4  422.3         422.3
   66.0  18889  -73.5                         345      6  434.0         434.0
   64.5  19022  -69.9                         310     13  444.8         444.8
   63.0  19161  -70.5                         275     21  446.4         446.4
   60.0  19449  -71.8                         255     20  449.8         449.8
   58.9  19558  -72.3                         250     19  451.1         451.1
   54.0  20067  -72.8                         265     17  461.3         461.3
   52.9  20188  -72.9                         249     14  463.8         463.8
   51.0  20403  -71.0                         220     10  473.2         473.2
   50.0  20520  -69.9                         215      8  478.4         478.4
   47.6  20815  -66.9                         242      9  492.3         492.3
   46.0  21024  -66.4                         260      9  498.4         498.4
   39.6  21936  -64.1                         263     18  525.9         525.9
   35.5  22615  -58.5                         265     24  557.1         557.1
   35.0  22704  -58.7                         265     25  559.0         559.0
   30.0  23670  -60.5                         260     23  579.1         579.1
   29.8  23711  -60.9                         260     22  579.1         579.1
   28.0  24097  -60.8                         255     15  589.8         589.8
   27.0  24321  -60.8                         285     11  596.0         596.0
   26.0  24555  -60.7                         265      7  602.6         602.6
   25.2  24748  -60.7                         309      5  608.1         608.1
   25.0  24798  -60.5                         320      5  610.2         610.2
   23.0  25322  -58.1                         355     16  631.9         631.9
   21.0  25893  -55.5                         315     18  656.4         656.4
   20.0  26200  -54.1                         295     15  669.8         669.8
   19.2  26462  -54.3                         275     18  677.1         677.1
   19.0                                       270     19                     
</PRE><H3>Station information and sounding indices</H3><PRE>
                         Station identifier: WAAA
                             Station number: 97180
                           Observation time: 170225/0000
                           Station latitude: -5.06
                          Station longitude: 119.55
                          Station elevation: 14.0
                            Showalter index: 1.12
                               Lifted index: -1.10
    LIFT computed using virtual temperature: -1.63
                                SWEAT index: 207.40
                                    K index: 34.30
                         Cross totals index: 19.70
                      Vertical totals index: 21.90
                        Totals totals index: 41.60
      Convective Available Potential Energy: 475.30
             CAPE using virtual temperature: 580.00
                      Convective Inhibition: -29.39
             CINS using virtual temperature: -19.73
                           Equilibrum Level: 204.12
 Equilibrum Level using virtual temperature: 204.12
                   Level of Free Convection: 849.16
             LFCT using virtual temperature: 867.48
                     Bulk Richardson Number: 194.64
          Bulk Richardson Number using CAPV: 237.52
  Temp [K] of the Lifted Condensation Level: 293.93
Pres [hPa] of the Lifted Condensation Level: 934.85
     Mean mixed layer potential temperature: 299.66
              Mean mixed layer mixing ratio: 16.86
              1000 hPa to 500 hPa thickness: 5786.00
Precipitable water [mm] for entire sounding: 57.53
</PRE>
<P>Description of the 
<A HREF="/upperair/columns.html">data columns</A>
or <A HREF="/upperair/indices.html">sounding indices</A>.

<P>
<FORM>
<INPUT CLASS="button" TYPE="button" VALUE=" Close this window " 
 onClick="window.close();">
<INPUT CLASS="button" TYPE="button" VALUE=" Select another map " 
 onClick="window.blur();">
</FORM>
<HR SIZE="1">
<I>Interested in graduate studies in atmospheric science?
Check out our program at the
<a href="http://www.uwyo.edu/atsc/howtoapply/"
target=_top>University of Wyoming
</a></I>
<HR SIZE="1"><FONT SIZE="-1">
Questions about the weather data provided by this site can be
addressed to <A HREF="mailto:ldoolman@uwyo.edu">
Larry Oolman (ldoolman@uwyo.edu)</A></FONT>
<HR SIZE="1">
<SCRIPT TYPE="text/javascript">
<!--
window.focus();
// -->
</SCRIPT>
</BODY>
</HTML>
