2016-07-31 00
<HTML>
<TITLE>University of Wyoming - Radiosonde Data</TITLE>
<LINK REL="StyleSheet" HREF="/resources/select.css" TYPE="text/css">
<BODY BGCOLOR="white">
<H2>97180 WAAA Ujung Pandang Observations at 00Z 31 Jul 2016</H2>
<PRE>
-----------------------------------------------------------------------------
   PRES   HGHT   TEMP   DWPT   RELH   MIXR   DRCT   SKNT   THTA   THTE   THTV
    hPa     m      C      C      %    g/kg    deg   knot     K      K      K 
-----------------------------------------------------------------------------
 1010.0     14   23.0   20.0     83  14.80      0      0  295.3  337.9  297.9
 1009.0     23   23.0   19.0     78  13.90     15      1  295.4  335.5  297.9
 1003.0     75   25.2   20.6     76  15.48    108      4  298.1  343.2  300.9
 1000.0    101   26.0   20.0     70  14.95    155      6  299.1  343.0  301.8
  998.0    119   26.2   20.2     70  15.17    152      6  299.5  344.1  302.2
  977.0    305   25.5   17.8     62  13.26    120      8  300.6  339.8  303.0
  974.0    332   25.4   17.4     61  13.00    117      8  300.8  339.2  303.1
  945.0    594   22.9   16.8     68  12.86     90     12  300.9  338.9  303.2
  925.0    780   21.2   16.3     74  12.76     80     14  301.0  338.7  303.3
  916.0    865   20.6   16.1     75  12.72     79     14  301.2  338.9  303.5
  851.0   1501   17.6   10.7     64   9.57     70     12  304.5  333.4  306.3
  850.0   1511   17.6   10.6     64   9.53     70     12  304.6  333.4  306.3
  822.0   1797   16.4    7.7     56   8.10     45      5  306.2  331.0  307.7
  817.0   1849   16.2    7.2     55   7.86     32      5  306.6  330.6  308.0
  800.0   2027   14.8    7.8     63   8.36    348      3  306.9  332.5  308.4
  793.0   2101   14.4    6.9     61   7.92    330      3  307.3  331.6  308.7
  765.0   2404   12.8    3.1     52   6.31    245      4  308.7  328.4  309.9
  761.0   2448   12.6    2.6     51   6.10    256      4  308.9  328.0  310.1
  739.0   2693   10.5    4.9     68   7.39    315      5  309.2  332.2  310.6
  736.0   2727   10.2    5.2     71   7.59    320      5  309.3  332.8  310.7
  712.0   3002    9.7   -4.2     37   3.95      5      6  311.6  324.4  312.4
  709.0   3037    9.6   -5.4     34   3.62      9      6  311.9  323.7  312.6
  700.0   3143    9.2   -7.8     29   3.05     20      6  312.6  322.7  313.2
  688.0   3286    8.4   -8.6     29   2.92     18      6  313.3  322.9  313.9
  674.0   3455    7.0   -3.0     49   4.57     17      6  313.6  328.3  314.4
  672.0   3479    6.6   -0.4     61   5.56     16      6  313.4  331.2  314.4
  667.0   3540    6.2    2.0     74   6.67     16      6  313.6  334.8  314.9
  662.0   3602    6.1    0.2     66   5.90     15      6  314.2  333.0  315.3
  656.0   3676    6.0   -2.0     56   5.06    357      5  314.9  331.2  315.9
  650.0   3751    6.2  -11.8     26   2.39    339      5  315.9  324.0  316.4
  639.0   3891    5.9  -13.0     24   2.21    305      4  317.2  324.7  317.6
  626.0   4058    5.6  -14.4     22   2.01     34      3  318.7  325.6  319.1
  615.0   4202    4.4  -13.1     27   2.28    110      2  318.9  326.7  319.3
  596.0   4456    2.2  -10.8     38   2.83    144      4  319.2  328.8  319.8
  593.0   4497    2.1  -10.4     39   2.94    150      4  319.6  329.5  320.1
  585.0   4606    1.8   -9.2     44   3.27    141      6  320.5  331.5  321.1
  571.0   4801    0.7  -18.7     22   1.53    125     10  321.4  326.8  321.7
  562.0   4928    0.0  -25.0     13   0.90    129     12  322.0  325.3  322.2
  550.0   5099   -1.5  -30.7      9   0.54    135     14  322.3  324.3  322.4
  545.0   5172   -2.1  -33.1      7   0.43    131     14  322.4  324.0  322.5
  536.0   5304   -2.9  -35.9      6   0.34    123     14  323.0  324.3  323.0
  528.0   5422   -3.5  -17.5     33   1.84    116     14  323.6  330.1  324.0
  520.0   5543   -3.7  -26.7     15   0.83    109     13  324.8  327.9  325.0
  503.0   5803   -5.9  -32.9     10   0.48     93     13  325.2  327.1  325.3
  500.0   5850   -5.9  -30.9     12   0.58     90     13  325.8  328.0  325.9
  494.0   5945   -6.3  -29.3     14   0.69     73     12  326.4  329.0  326.6
  493.0   5960   -6.3  -34.3      9   0.43     71     12  326.6  328.3  326.7
  491.0   5992   -6.3  -27.3     17   0.83     65     12  327.0  330.1  327.1
  489.0   6024   -6.5  -20.5     32   1.54     65     12  327.1  332.7  327.4
  488.0   6040   -6.7  -13.7     57   2.74     65     12  327.1  336.6  327.6
  466.0   6399  -10.1  -12.9     80   3.06     62     14  327.2  337.8  327.8
  456.0   6566  -11.5  -12.9     89   3.13     60     15  327.5  338.3  328.1
  454.0   6600  -11.5  -13.5     85   2.99     60     15  327.9  338.3  328.5
  448.0   6702  -10.3  -14.7     70   2.75     64     15  330.6  340.3  331.2
  438.0   6876  -10.5  -16.5     61   2.42     72     15  332.5  341.2  333.0
  403.0   7513  -14.3  -25.0     40   1.26    100     16  335.6  340.3  335.9
  401.0   7551  -14.5  -25.5     39   1.20    100     17  335.8  340.4  336.1
  400.0   7570  -14.5  -26.5     35   1.10    100     17  336.1  340.2  336.3
  373.0   8094  -17.9  -28.7     38   0.96     55     19  338.3  342.0  338.5
  357.0   8422  -20.1  -30.1     41   0.88     63     15  339.6  343.1  339.8
  344.0   8696  -21.5  -37.3     23   0.45     70     12  341.3  343.2  341.4
  337.0   8847  -22.3  -41.3     16   0.31     75     13  342.3  343.6  342.3
  304.0   9594  -28.1  -46.3     16   0.20    100     18  344.3  345.1  344.3
  300.0   9690  -28.9  -46.9     16   0.19     95     21  344.5  345.3  344.6
  296.0   9786  -29.7  -46.7     18   0.19     95     22  344.7  345.6  344.8
  254.0  10852  -39.7  -50.7     30   0.14     95     30  345.3  346.0  345.4
  250.0  10960  -40.9                          95     31  345.1         345.1
  234.0  11396  -44.7                          90     35  346.0         346.0
  200.0  12430  -53.7                          65     41  347.6         347.6
  169.0  13493  -63.3                          46     39  348.8         348.8
  161.0  13788  -65.2                          40     38  350.5         350.5
  150.0  14220  -67.9                          45     43  352.9         352.9
  143.0  14505  -69.1                          51     43  355.7         355.7
  107.0  16163  -81.8                          90     41  362.5         362.5
  101.0  16493  -84.3                          85     39  363.6         363.6
  100.0  16550  -84.7                          80     38  363.8         363.8
   98.6  16628  -83.7                          83     30  367.2         367.2
   96.8  16733  -75.7                          88     19  384.8         384.8
   96.0  16781  -75.8                          90     14  385.5         385.5
   91.0  17089  -76.4                         160     15  390.2         390.2
   82.0  17688  -77.7                         125     11  399.4         399.4
   78.0  17976  -78.3                         130     13  403.9         403.9
   77.9  17984  -78.3                         129     13  404.0         404.0
   73.1  18353  -72.3                          82     17  424.1         424.1
   70.0  18610  -70.5                          50     20  433.2         433.2
   61.0  19434  -66.1                          84     27  460.4         460.4
   55.0  20057  -67.5                         110     32  471.0         471.0
   52.7  20314  -68.1                          97     32  475.4         475.4
   50.5  20570  -67.7                          83     33  482.2         482.2
   50.0  20630  -67.1                          80     33  484.9         484.9
   49.0  20753  -65.4                          75     32  491.7         491.7
   47.4  20955  -62.7                          35     22  502.9         502.9
   47.0  21007  -62.5                          25     19  504.7         504.7
   45.0  21276  -61.2                         330     12  514.1         514.1
   43.3  21514  -60.1                         292      8  522.5         522.5
   43.0  21557  -60.2                         285      7  523.2         523.2
   41.0  21851  -61.1                         265      7  528.2         528.2
   39.0  22160  -62.0                         270     12  533.5         533.5
   37.0  22485  -63.0                         240      9  539.1         539.1
   36.3  22603  -63.3                         218      8  541.2         541.2
   35.0  22830  -60.8                         175      5  553.5         553.5
   34.0  23010  -58.7                          25      8  563.4         563.4
   33.6  23083  -57.9                           9      8  567.5         567.5
   32.0  23391  -56.7                         305      7  578.8         578.8
   31.0  23592  -55.9                         235     14  586.2         586.2
   30.8  23633  -55.7                         234     14  587.8         587.8
   30.0  23800  -55.7                         230     16  592.2         592.2
   28.6  24103  -57.5                         234     17  595.4         595.4
   27.2  24422  -55.1                         238     18  610.7         610.7
   26.0  24709  -56.5                         242     18  614.6         614.6
   25.0  24959  -55.0                         245     19  625.7         625.7
   24.1  25193  -53.7                         249     25  636.2         636.2
   24.0                                       250     26                     
</PRE><H3>Station information and sounding indices</H3><PRE>
                         Station identifier: WAAA
                             Station number: 97180
                           Observation time: 160731/0000
                           Station latitude: -5.06
                          Station longitude: 119.55
                          Station elevation: 14.0
                            Showalter index: 3.86
                               Lifted index: 0.81
    LIFT computed using virtual temperature: 0.16
                                SWEAT index: 164.20
                                    K index: 17.10
                         Cross totals index: 16.50
                      Vertical totals index: 23.50
                        Totals totals index: 40.00
      Convective Available Potential Energy: 1.04
             CAPE using virtual temperature: 2.85
                      Convective Inhibition: -295.45
             CINS using virtual temperature: -151.05
                           Equilibrum Level: 453.45
 Equilibrum Level using virtual temperature: 453.15
                   Level of Free Convection: 466.58
             LFCT using virtual temperature: 547.93
                     Bulk Richardson Number: 0.49
          Bulk Richardson Number using CAPV: 1.35
  Temp [K] of the Lifted Condensation Level: 290.06
Pres [hPa] of the Lifted Condensation Level: 890.49
     Mean mixed layer potential temperature: 299.85
              Mean mixed layer mixing ratio: 13.84
              1000 hPa to 500 hPa thickness: 5749.00
Precipitable water [mm] for entire sounding: 38.86
</PRE>
<P>Description of the 
<A HREF="/upperair/columns.html">data columns</A>
or <A HREF="/upperair/indices.html">sounding indices</A>.

<P>
<FORM>
<INPUT CLASS="button" TYPE="button" VALUE=" Close this window " 
 onClick="window.close();">
<INPUT CLASS="button" TYPE="button" VALUE=" Select another map " 
 onClick="window.blur();">
</FORM>
<HR SIZE="1">
<I>Interested in graduate studies in atmospheric science?
Check out our program at the
<a href="http://www.uwyo.edu/atsc/howtoapply/"
target=_top>University of Wyoming
</a></I>
<HR SIZE="1"><FONT SIZE="-1">
Questions about the weather data provided by this site can be
addressed to <A HREF="mailto:ldoolman@uwyo.edu">
Larry Oolman (ldoolman@uwyo.edu)</A></FONT>
<HR SIZE="1">
<SCRIPT TYPE="text/javascript">
<!--
window.focus();
// -->
</SCRIPT>
</BODY>
</HTML>
