2018-11-17 12
<HTML>
<TITLE>University of Wyoming - Radiosonde Data</TITLE>
<LINK REL="StyleSheet" HREF="/resources/select.css" TYPE="text/css">
<BODY BGCOLOR="white">
<H2>97180 WAAA Ujung Pandang Observations at 00Z 17 Nov 2018</H2>
<PRE>
-----------------------------------------------------------------------------
   PRES   HGHT   TEMP   DWPT   RELH   MIXR   DRCT   SKNT   THTA   THTE   THTV
    hPa     m      C      C      %    g/kg    deg   knot     K      K      K 
-----------------------------------------------------------------------------
 1011.0     14   26.4   24.1     87  19.12      0      0  298.6  354.5  302.0
 1001.0     99   27.2   23.3     79  18.38    114      5  300.3  354.4  303.6
 1000.0    108   27.4   23.6     80  18.74    125      5  300.6  355.8  303.9
  979.0    295   26.2   22.1     78  17.41    115      5  301.2  352.6  304.3
  946.0    598   24.3   19.6     75  15.44     60      1  302.2  348.0  305.0
  925.0    796   23.0   18.0     73  14.24    140      2  302.8  345.2  305.4
  914.0    900   22.3   17.6     75  14.07    170      4  303.2  345.1  305.7
  883.0   1199   20.4   16.5     79  13.57    185      6  304.1  344.8  306.6
  853.0   1499   18.4   15.4     83  13.08     80      5  305.1  344.4  307.5
  850.0   1530   18.2   15.3     83  13.03     80      6  305.2  344.4  307.6
  723.0   2905    9.8    8.6     92   9.79     99     14  310.4  340.7  312.2
  715.0   2998    9.5    8.3     92   9.67    100     15  311.0  341.0  312.8
  700.0   3175    8.8    7.6     92   9.44    100     16  312.2  341.6  314.0
  696.0   3222    8.4    7.5     94   9.43    100     16  312.3  341.7  314.0
  680.0   3415    8.0    4.3     77   7.72    100     17  313.9  338.3  315.4
  676.0   3464    8.2    3.2     71   7.18    100     17  314.6  337.5  316.0
  673.0   3500    8.4    1.4     61   6.33    100     17  315.3  335.6  316.5
  672.0   3513    8.0    3.9     75   7.59    100     17  315.0  339.1  316.4
  671.0   3525    8.0    3.0     71   7.13    100     17  315.1  337.8  316.4
  668.0   3562    8.4   -0.6     53   5.51    100     17  315.9  333.8  317.0
  663.0   3624    7.6    3.8     77   7.64    100     17  315.7  340.1  317.2
  641.0   3901    5.9    3.3     84   7.64    100     18  316.8  341.3  318.3
  635.0   3978    5.4    3.2     86   7.64     95     17  317.1  341.6  318.6
  616.0   4226    4.4   -1.6     65   5.56     78     14  318.8  336.9  319.8
  596.0   4493    2.6   -2.2     70   5.47     60     10  319.7  337.6  320.8
  574.0   4797    0.6   -3.0     77   5.38     80      6  320.8  338.5  321.8
  568.0   4882    0.0   -3.2     79   5.35     79      6  321.1  338.7  322.1
  553.0   5095   -1.8   -4.0     85   5.20     75      6  321.4  338.5  322.4
  546.0   5197   -2.7   -4.3     89   5.12     81      7  321.5  338.4  322.5
  535.0   5358   -3.5   -5.0     89   4.96     90      7  322.4  338.9  323.4
  528.0   5462   -4.1   -5.7     89   4.76     97      8  322.9  338.8  323.8
  525.0   5507   -4.3   -6.6     84   4.47     99      8  323.2  338.2  324.1
  521.0   5567   -4.5  -11.5     58   3.06    103      8  323.7  334.1  324.3
  519.0   5597   -4.5  -15.5     42   2.22    105      9  324.0  331.8  324.4
  518.0   5612   -4.3  -25.3     18   0.95    105      9  324.4  327.9  324.6
  517.0   5628   -4.3  -25.3     18   0.95    106      9  324.6  328.1  324.8
  513.0   5689   -4.7  -22.4     24   1.25    110      9  324.9  329.4  325.1
  511.0   5719   -4.9  -20.9     27   1.42    109      9  325.0  330.1  325.2
  510.0   5735   -4.9  -22.9     23   1.20    109      9  325.2  329.5  325.4
  509.0   5750   -5.1  -14.1     49   2.54    108      9  325.1  333.9  325.6
  507.0   5781   -5.1  -15.1     45   2.35    108      9  325.5  333.7  325.9
  500.0   5890   -5.7  -14.7     49   2.46    105      9  326.0  334.6  326.5
  490.0   6049   -7.3  -11.7     71   3.20    101      9  325.9  337.0  326.6
  482.0   6177   -7.7  -14.7     57   2.55     98      9  327.0  335.9  327.5
  475.0   6291   -8.3  -18.4     44   1.89     95      9  327.6  334.4  328.0
  473.0   6324   -8.5  -19.5     41   1.73     96      9  327.8  334.0  328.1
  468.0   6407   -8.9  -18.9     44   1.85     97      8  328.3  334.9  328.6
  465.0   6457   -9.1  -16.1     57   2.35     98      8  328.6  336.9  329.1
  456.0   6608  -10.1  -14.6     70   2.72    100      7  329.2  338.8  329.8
  439.0   6900  -12.1  -14.6     82   2.84    105      6  330.3  340.3  330.9
  422.0   7204  -14.1  -14.5     97   2.96     82      7  331.5  341.9  332.1
  416.0   7313  -14.3  -16.3     85   2.59     73      7  332.6  341.8  333.1
  400.0   7610  -16.7  -17.7     92   2.39     50      8  333.2  341.8  333.7
  399.0   7629  -16.9  -17.6     94   2.42     48      8  333.2  341.9  333.7
  390.0   7799  -18.3  -18.5     99   2.29     25      7  333.5  341.7  333.9
  389.0   7819  -18.5  -18.6     99   2.28     25      7  333.5  341.7  334.0
  385.0   7896  -18.9  -19.0     99   2.23     25      6  334.0  342.0  334.4
  381.0   7974  -18.1  -21.9     72   1.75     25      5  336.0  342.5  336.4
  375.0   8092  -18.6  -23.0     68   1.62     25      3  336.9  342.9  337.2
  371.0   8172  -18.9  -23.7     66   1.53     34      4  337.5  343.2  337.8
  367.0   8252  -19.3  -28.3     45   1.02     43      4  338.0  341.9  338.2
  361.0   8375  -19.9  -31.9     34   0.74     58      5  338.8  341.7  339.0
  360.0   8395  -20.1  -31.9     34   0.74     60      5  338.9  341.8  339.1
  340.0   8816  -23.1  -31.1     48   0.84     55      7  340.3  343.6  340.5
  300.0   9720  -29.5  -38.5     41   0.46     45     11  343.7  345.6  343.8
  268.0  10506  -35.8  -46.0     34   0.23     20     10  345.8  346.7  345.8
  250.0  10990  -39.7  -50.7     30   0.15      5     12  346.9  347.6  346.9
  248.0  11045  -40.1  -51.1     30   0.14      5     13  347.1  347.7  347.1
  246.0  11098  -40.6                           5     13  347.2         347.2
  205.0  12306  -50.9                          10     17  349.5         349.5
  200.0  12470  -52.3                          25     15  349.8         349.8
  187.0  12891  -55.8                          60     13  350.9         350.9
  162.0  13788  -63.3                          45     20  353.0         353.0
  150.0  14270  -67.3                          60     27  354.0         354.0
  138.0  14765  -71.7                          70     26  354.7         354.7
  133.0  14975  -73.1                          75     26  356.0         356.0
  113.0  15904  -79.3                          70     18  361.5         361.5
  100.0  16600  -83.9                         100     23  365.4         365.4
   97.0  16768  -84.7                         105     27  367.0         367.0
   91.0  17120  -86.5                         105     33  370.2         370.2
   88.3  17286  -87.3                         100     35  371.8         371.8
   83.5  17595  -83.1                          62     22  386.3         386.3
   82.8  17642  -79.5                          57     20  394.6         394.6
   82.0  17698  -78.8                          50     18  397.0         397.0
   80.4  17810  -77.5                          18     15  402.0         402.0
   78.0  17983  -78.2                         330     10  404.0         404.0
   74.0  18283  -79.5                         325     13  407.4         407.4
   70.0  18600  -80.9                          15      6  411.0         411.0
   66.5  18888  -81.9                         125      8  414.9         414.9
   66.0  18931  -81.4                         125      9  416.8         416.8
   63.0  19195  -78.6                         125     25  428.7         428.7
   60.7  19406  -76.3                         102     30  438.3         438.3
   60.0  19472  -76.5                          95     32  439.4         439.4
   54.0  20076  -77.9                         110     48  449.5         449.5
   53.3  20151  -78.1                         107     52  450.8         450.8
   50.6  20451  -74.5                          97     67  465.9         465.9
   50.0  20520  -74.5                          95     70  467.5         467.5
   48.2  20732  -75.3                          95     73  470.6         470.6
   48.0  20757  -75.1                          95     73  471.7         471.7
   44.2  21240  -70.3                          86     83  494.5         494.5
   44.0  21268  -69.5                          85     84  497.0         497.0
   43.7  21310  -68.4                          85     84  500.8         500.8
   40.0  21857  -53.7                          75     48  550.4         550.4
   39.8  21888  -52.9                          72     46  553.3         553.3
   38.0  22189  -49.1                          40     23  570.3         570.3
   36.0  22539  -50.2                         340     17  576.3         576.3
   33.0  23104  -52.0                         255     19  586.0         586.0
   32.0  23303  -52.7                         225     17  589.4         589.4
   30.8  23551  -53.5                         220     14  593.7         593.7
   30.0  23720  -53.5                         235     11  598.2         598.2
   29.2  23894  -54.1                         243      7  601.2         601.2
   29.0  23938  -53.6                         245      6  603.8         603.8
   27.8  24212  -50.3                         278      5  620.3         620.3
   27.0  24402  -50.7                         300      4  624.4         624.4
   25.0  24904  -51.7                         275     16  635.4         635.4
   24.6  25009  -51.9                         275     17  637.7         637.7
   20.0  26360  -49.3                         270     34  684.5         684.5
   19.9  26393  -49.7                                     684.3         684.3
</PRE><H3>Station information and sounding indices</H3><PRE>
                         Station identifier: WAAA
                             Station number: 97180
                           Observation time: 181117/0000
                           Station latitude: -5.06
                          Station longitude: 119.55
                          Station elevation: 14.0
                            Showalter index: -0.56
                               Lifted index: -3.60
    LIFT computed using virtual temperature: -4.28
                                SWEAT index: 204.60
                                    K index: 38.00
                         Cross totals index: 21.00
                      Vertical totals index: 23.90
                        Totals totals index: 44.90
      Convective Available Potential Energy: 1161.13
             CAPE using virtual temperature: 1300.49
                      Convective Inhibition: -33.95
             CINS using virtual temperature: -19.36
                           Equilibrum Level: 169.13
 Equilibrum Level using virtual temperature: 168.64
                   Level of Free Convection: 852.50
             LFCT using virtual temperature: 873.23
                     Bulk Richardson Number: 365.77
          Bulk Richardson Number using CAPV: 409.67
  Temp [K] of the Lifted Condensation Level: 294.50
Pres [hPa] of the Lifted Condensation Level: 927.76
     Mean mixed layer potential temperature: 300.89
              Mean mixed layer mixing ratio: 17.61
              1000 hPa to 500 hPa thickness: 5782.00
Precipitable water [mm] for entire sounding: 57.99
</PRE>
<P>Description of the 
<A HREF="/upperair/columns.html">data columns</A>
or <A HREF="/upperair/indices.html">sounding indices</A>.

<P>
<FORM>
<INPUT CLASS="button" TYPE="button" VALUE=" Close this window " 
 onClick="window.close();">
<INPUT CLASS="button" TYPE="button" VALUE=" Select another map " 
 onClick="window.blur();">
</FORM>
<HR SIZE="1">
<I>Interested in graduate studies in atmospheric science?
Check out our program at the
<a href="http://www.uwyo.edu/atsc/howtoapply/"
target=_top>University of Wyoming
</a></I>
<HR SIZE="1"><FONT SIZE="-1">
Questions about the weather data provided by this site can be
addressed to <A HREF="mailto:ldoolman@uwyo.edu">
Larry Oolman (ldoolman@uwyo.edu)</A></FONT>
<HR SIZE="1">
<SCRIPT TYPE="text/javascript">
<!--
window.focus();
// -->
</SCRIPT>
</BODY>
</HTML>
