2017-10-12 12
<HTML>
<TITLE>University of Wyoming - Radiosonde Data</TITLE>
<LINK REL="StyleSheet" HREF="/resources/select.css" TYPE="text/css">
<BODY BGCOLOR="white">
<H2>97180 WAAA Ujung Pandang Observations at 00Z 12 Oct 2017</H2>
<PRE>
-----------------------------------------------------------------------------
   PRES   HGHT   TEMP   DWPT   RELH   MIXR   DRCT   SKNT   THTA   THTE   THTV
    hPa     m      C      C      %    g/kg    deg   knot     K      K      K 
-----------------------------------------------------------------------------
 1008.0     14   26.6   23.4     83  18.36      0      0  299.1  352.8  302.4
 1000.0     81   26.2   19.2     65  14.21      0      1  299.4  341.0  301.9
  984.0    224   26.8   18.8     62  14.08    353      2  301.3  343.0  303.9
  976.0    296   26.4   16.8     55  12.47    350      2  301.6  338.7  303.9
  955.0    489   25.4   11.4     42   8.94     60      4  302.5  329.4  304.1
  943.0    600   24.5   11.3     44   9.00    100      5  302.7  329.8  304.4
  925.0    769   23.2   11.2     47   9.11    110      8  303.0  330.4  304.7
  861.0   1389   19.0   10.0     56   9.03    106     23  304.9  332.3  306.6
  850.0   1499   20.0    5.0     37   6.47    105     26  307.1  327.1  308.3
  848.0   1519   20.2    3.2     32   5.71    105     26  307.5  325.3  308.6
  819.0   1819   19.2   -5.8     18   3.04    102     19  309.5  319.4  310.1
  793.0   2093   17.1   -5.0     22   3.34    100     13  310.2  321.0  310.8
  748.0   2590   13.4   -3.6     31   3.94    133     11  311.3  324.0  312.1
  738.0   2703   13.8  -10.9     17   2.26    140     10  313.0  320.6  313.4
  725.0   2853   14.4  -20.6      7   1.03    137     12  315.2  318.9  315.4
  700.0   3148   12.8  -22.2      7   0.93    130     16  316.6  319.9  316.8
  684.0   3342   11.4  -23.6      7   0.84    125     18  317.2  320.2  317.3
  661.0   3626    9.2   -9.8     25   2.76    117     20  317.8  327.1  318.3
  640.0   3893    7.6  -16.4     16   1.66    110     23  318.9  324.8  319.3
  632.0   3997    7.0  -19.0     14   1.36    109     23  319.4  324.2  319.7
  611.0   4274    4.6   -9.4     35   3.08    108     23  319.7  330.1  320.3
  562.0   4951    0.0  -15.0     31   2.13    103     23  322.0  329.4  322.4
  531.0   5402   -2.4  -18.8     27   1.64    100     23  324.4  330.3  324.8
  500.0   5880   -4.9  -22.9     23   1.22    135     19  327.0  331.4  327.2
  492.0   6005   -5.6  -24.7     21   1.05    140     19  327.6  331.5  327.8
  439.0   6889  -10.7  -37.7      9   0.34    110     21  332.1  333.4  332.1
  422.0   7191  -11.6  -39.9      8   0.28    100     22  334.7  335.8  334.7
  402.0   7562  -12.7  -42.7      6   0.22    123     27  337.9  338.8  338.0
  400.0   7600  -12.9  -43.9      6   0.20    125     27  338.1  339.0  338.2
  390.0   7790  -14.3  -45.1      5   0.18    125     27  338.7  339.5  338.8
  375.0   8085  -16.5  -47.0      5   0.15    110     24  339.6  340.3  339.7
  353.0   8540  -19.9  -49.9      5   0.11    112     27  341.0  341.5  341.0
  318.0   9300  -26.8  -53.7      6   0.08    115     31  341.8  342.1  341.8
  309.0   9509  -28.7  -54.7      6   0.07    110     32  341.9  342.2  341.9
  300.0   9720  -30.7  -47.7     17   0.17    105     34  342.0  342.7  342.0
  269.0  10487  -37.5  -53.5     17   0.10    102     35  342.9  343.4  342.9
  263.0  10642  -38.5  -53.5     19   0.10    101     35  343.7  344.1  343.7
  256.0  10828  -40.1  -47.1     47   0.21    101     35  344.0  344.9  344.0
  250.0  10990  -41.3                         100     35  344.5         344.5
  200.0  12470  -52.5                          75     41  349.5         349.5
  170.0  13487  -60.8                          65     36  352.4         352.4
  150.0  14270  -67.1                          75     33  354.3         354.3
  147.0  14386  -68.0                          70     32  354.8         354.8
  120.0  15552  -77.2                          65     29  359.1         359.1
  104.0  16374  -83.7                         100     32  361.7         361.7
  102.0  16481  -83.5                         105     32  364.1         364.1
  100.0  16590  -83.3                         100     31  366.5         366.5
   96.0  16819  -83.5                          90     26  370.6         370.6
   94.6  16901  -83.5                          75     22  372.0         372.0
   91.0  17121  -77.9                          35     12  387.3         387.3
   87.0  17380  -78.3                           5      8  391.4         391.4
   82.0  17720  -78.9                         330      9  396.9         396.9
   80.5  17826  -79.1                         319      9  398.6         398.6
   72.7  18411  -78.1                         258     10  412.5         412.5
   70.0  18630  -76.3                         235     10  420.8         420.8
   64.0  19152  -72.0                         280     14  441.1         441.1
   63.0  19244  -71.3                         275     15  444.7         444.7
   55.0  20047  -70.9                         235     20  463.2         463.2
   50.7  20528  -70.7                         256     19  474.6         474.6
   50.0  20610  -70.1                         260     19  477.9         477.9
   49.0  20730  -69.6                         260     19  481.9         481.9
   47.0  20979  -68.5                         255     15  490.2         490.2
   46.6  21030  -68.3                         227     13  491.9         491.9
   45.3  21200  -65.7                         132      5  502.2         502.2
   45.0  21241  -63.6                         110      3  508.3         508.3
   44.6  21296  -60.7                         106      4  516.6         516.6
   42.7  21567  -58.9                          84      8  527.5         527.5
   39.0  22125  -62.1                          40     17  533.3         533.3
   37.0  22448  -63.9                          50     13  536.6         536.6
   35.0  22790  -65.9                         100     11  540.1         540.1
   34.4  22897  -66.5                         105     15  541.2         541.2
   32.1  23320  -61.3                         100     33  565.9         565.9
   30.0  23740  -59.9                          95     51  580.8         580.8
   29.0  23951  -59.8                          95     51  586.6         586.6
   26.0  24632  -59.6                          90     62  605.7         605.7
   23.9  25157  -59.5                          90     66  620.9         620.9
   20.0  26280  -54.9                          90     73  667.4         667.4
   18.4  26816  -52.1                          92     73  692.2         692.2
   16.0  27721  -51.8                          95     72  721.5         721.5
   15.6  27885  -51.7                          95     72  726.9         726.9
   15.4  27969  -51.7                                     729.7         729.7
</PRE><H3>Station information and sounding indices</H3><PRE>
                         Station identifier: WAAA
                             Station number: 97180
                           Observation time: 171012/0000
                           Station latitude: -5.06
                          Station longitude: 119.55
                          Station elevation: 14.0
                            Showalter index: 7.82
                               Lifted index: 2.74
    LIFT computed using virtual temperature: 2.24
                                SWEAT index: 130.98
                                    K index: -5.10
                         Cross totals index: 9.90
                      Vertical totals index: 24.90
                        Totals totals index: 34.80
      Convective Available Potential Energy: 0.00
             CAPE using virtual temperature: 0.00
                      Convective Inhibition: 0.00
             CINS using virtual temperature: 0.00
                     Bulk Richardson Number: 0.00
          Bulk Richardson Number using CAPV: 0.00
  Temp [K] of the Lifted Condensation Level: 287.94
Pres [hPa] of the Lifted Condensation Level: 855.33
     Mean mixed layer potential temperature: 301.11
              Mean mixed layer mixing ratio: 12.77
              1000 hPa to 500 hPa thickness: 5799.00
Precipitable water [mm] for entire sounding: 26.03
</PRE>
<P>Description of the 
<A HREF="/upperair/columns.html">data columns</A>
or <A HREF="/upperair/indices.html">sounding indices</A>.

<P>
<FORM>
<INPUT CLASS="button" TYPE="button" VALUE=" Close this window " 
 onClick="window.close();">
<INPUT CLASS="button" TYPE="button" VALUE=" Select another map " 
 onClick="window.blur();">
</FORM>
<HR SIZE="1">
<I>Interested in graduate studies in atmospheric science?
Check out our program at the
<a href="http://www.uwyo.edu/atsc/howtoapply/"
target=_top>University of Wyoming
</a></I>
<HR SIZE="1"><FONT SIZE="-1">
Questions about the weather data provided by this site can be
addressed to <A HREF="mailto:ldoolman@uwyo.edu">
Larry Oolman (ldoolman@uwyo.edu)</A></FONT>
<HR SIZE="1">
<SCRIPT TYPE="text/javascript">
<!--
window.focus();
// -->
</SCRIPT>
</BODY>
</HTML>
