2017-03-28 12
<HTML>
<TITLE>University of Wyoming - Radiosonde Data</TITLE>
<LINK REL="StyleSheet" HREF="/resources/select.css" TYPE="text/css">
<BODY BGCOLOR="white">
<H2>97180 WAAA Ujung Pandang Observations at 00Z 28 Mar 2017</H2>
<PRE>
-----------------------------------------------------------------------------
   PRES   HGHT   TEMP   DWPT   RELH   MIXR   DRCT   SKNT   THTA   THTE   THTV
    hPa     m      C      C      %    g/kg    deg   knot     K      K      K 
-----------------------------------------------------------------------------
 1012.0     14   25.4   23.2     88  18.06      0      0  297.5  350.1  300.7
 1004.0     82   26.6   23.2     82  18.21     47      3  299.4  352.8  302.7
 1000.0    117   26.6   23.4     83  18.51     70      4  299.8  354.1  303.1
  979.0    302   25.4   22.2     82  17.52     65      1  300.4  352.0  303.5
  947.0    592   23.5   20.3     82  16.06    310      2  301.3  348.8  304.2
  925.0    797   22.2   18.9     82  15.09    285      4  302.0  346.8  304.7
  914.0    901   21.6   18.3     82  14.73    285      6  302.4  346.1  305.0
  853.0   1499   17.8   15.1     84  12.78    300     12  304.5  342.8  306.8
  850.0   1529   17.6   14.9     84  12.69    300     12  304.6  342.7  306.9
  810.0   1940   14.8   13.2     90  11.91    311     14  305.8  341.8  308.0
  795.0   2098   14.3   11.7     84  11.00    315     15  307.0  340.4  309.0
  747.0   2624   12.8    6.8     67   8.36    280     15  310.8  336.8  312.4
  741.0   2691   12.2    6.7     69   8.40    275     15  310.9  337.0  312.5
  700.0   3166    8.2    6.3     88   8.63    285     18  311.5  338.4  313.1
  696.0   3214    7.8    6.1     89   8.56    287     18  311.6  338.3  313.2
  674.0   3479    6.8    3.1     77   7.15    299     20  313.4  335.9  314.7
  664.0   3602    5.8    3.0     82   7.18    305     21  313.6  336.3  314.9
  646.0   3828    4.0    2.7     91   7.25    299     21  314.0  337.0  315.4
  613.0   4255    2.0    0.5     90   6.52    288     21  316.4  337.4  317.7
  598.0   4457    3.0   -0.6     77   6.16    282     21  319.9  339.9  321.0
  569.0   4859    0.0   -1.7     88   5.97    272     21  320.9  340.5  322.1
  552.0   5102   -1.1   -3.2     85   5.50    265     21  322.4  340.6  323.5
  522.0   5549   -3.1   -6.0     80   4.71    234     18  325.2  341.0  326.1
  500.0   5890   -5.7   -6.8     92   4.62    210     15  326.0  341.6  326.9
  493.0   5999   -6.5   -7.5     93   4.45    205     11  326.4  341.5  327.3
  474.0   6302   -8.6   -9.3     94   4.01    125      7  327.5  341.2  328.3
  431.0   7035  -13.7  -13.8     99   3.07     83     14  330.0  340.7  330.6
  406.0   7488  -15.5  -15.9     97   2.74     57     18  333.3  343.1  333.9
  402.0   7562  -14.7  -16.4     87   2.66     52     19  335.3  344.9  335.9
  400.0   7600  -14.9  -16.7     86   2.60     50     19  335.5  344.9  336.1
  389.0   7805  -16.4  -18.5     84   2.30     45     22  336.2  344.6  336.7
  300.0   9710  -30.7  -35.3     64   0.64     50     23  342.0  344.5  342.1
  292.0   9900  -32.5  -36.1     71   0.60     60     24  342.0  344.4  342.1
  288.0   9997  -33.5  -36.5     74   0.59     63     25  342.0  344.4  342.1
  266.0  10547  -37.7  -44.7     48   0.27     81     28  343.7  344.9  343.8
  254.0  10862  -40.1  -45.1     59   0.27     91     30  344.7  345.9  344.8
  250.0  10970  -41.1                          95     31  344.8         344.8
  235.0  11378  -44.5                          95     36  345.9         345.9
  200.0  12440  -53.3                          80     47  348.2         348.2
  176.0  13252  -60.9                          80     56  348.7         348.7
  161.0  13797  -65.7                          80     63  349.6         349.6
  150.0  14230  -69.5                          80     64  350.2         350.2
  133.0  14937  -74.5                          85     73  353.5         353.5
  132.0  14981  -74.3                          85     74  354.6         354.6
  124.0  15345  -73.1                          71     53  363.2         363.2
  113.0  15878  -76.2                          50     23  367.2         367.2
  107.0  16192  -78.0                          30     12  369.5         369.5
  102.0  16466  -79.6                         300      4  371.5         371.5
  100.0  16580  -80.3                         245      7  372.3         372.3
   91.8  17063  -82.7                         195     16  376.8         376.8
   91.0  17112  -82.6                         190     15  377.9         377.9
   87.0  17365  -82.1                         305      6  383.9         383.9
   84.1  17556  -81.7                         359      8  388.4         388.4
   82.0  17699  -80.7                          40      9  393.2         393.2
   77.3  18035  -78.5                          37     21  404.5         404.5
   74.0  18289  -73.1                          35     30  421.0         421.0
   73.2  18353  -71.7                          33     28  425.2         425.2
   70.0  18620  -68.5                          25     21  437.5         437.5
   67.0  18881  -68.8                         335      7  442.4         442.4
   64.0  19155  -69.1                          75      6  447.6         447.6
   60.0  19540  -69.5                          95     10  455.0         455.0
   57.9  19753  -69.7                          71      8  459.2         459.2
   57.0  19847  -68.3                          60      7  464.3         464.3
   55.0  20062  -65.2                          55      3  476.2         476.2
   54.8  20084  -64.9                          47      3  477.5         477.5
   52.0  20402  -65.8                         290     10  482.5         482.5
   50.0  20640  -66.5                         265     20  486.4         486.4
   47.0  21011  -67.9                         285     15  491.7         491.7
   45.0  21272  -68.9                         285      9  495.4         495.4
   43.0  21547  -67.1                         280      7  506.2         506.2
   41.0  21834  -65.3                         210      9  517.8         517.8
   39.8  22014  -64.1                         210      9  525.1         525.1
   39.0  22137  -64.3                         210      9  527.6         527.6
   37.7  22344  -64.7                         191      4  531.8         531.8
   37.0  22460  -63.3                         180      2  538.3         538.3
   35.0  22803  -59.1                         330     10  557.7         557.7
   34.7  22857  -58.5                         329     10  560.8         560.8
   33.0  23172  -58.4                         325     11  569.2         569.2
   30.0  23770  -58.1                         255     25  585.7         585.7
   28.0  24205  -58.0                         225     18  597.6         597.6
   24.0  25178  -57.8                          85     15  625.0         625.0
   21.6  25843  -57.7                          77     16  644.5         644.5
   21.0  26021  -57.4                          75     16  650.6         650.6
   20.4  26204  -57.1                          57     14  656.9         656.9
   20.0  26330  -55.3                          45     12  666.2         666.2
   19.0  26660  -52.6                           5     11  684.4         684.4
   18.4  26867  -50.9                         353     11  696.0         696.0
   18.0  27009  -51.5                         345     11  698.5         698.5
   16.0  27767  -54.6                         325     16  712.1         712.1
   15.5  27971  -55.5                         350     15  715.8         715.8
   15.0  28181  -54.7                          15     14  725.3         725.3
   14.1  28578  -53.1                          15     18  743.6         743.6
   14.0  28624  -52.8                          15     18  746.2         746.2
   13.0  29110  -49.3                          45      9  774.3         774.3
   12.0  29635  -45.5                         110     16  805.5         805.5
   11.9  29690  -45.1                                     808.9         808.9
</PRE><H3>Station information and sounding indices</H3><PRE>
                         Station identifier: WAAA
                             Station number: 97180
                           Observation time: 170328/0000
                           Station latitude: -5.06
                          Station longitude: 119.55
                          Station elevation: 14.0
                            Showalter index: 0.12
                               Lifted index: -3.29
    LIFT computed using virtual temperature: -3.59
                                SWEAT index: 217.81
                                    K index: 36.30
                         Cross totals index: 20.60
                      Vertical totals index: 23.30
                        Totals totals index: 43.90
      Convective Available Potential Energy: 1333.59
             CAPE using virtual temperature: 1454.69
                      Convective Inhibition: -21.80
             CINS using virtual temperature: -13.11
                           Equilibrum Level: 141.96
 Equilibrum Level using virtual temperature: 141.71
                   Level of Free Convection: 870.70
             LFCT using virtual temperature: 891.17
                     Bulk Richardson Number: 56.98
          Bulk Richardson Number using CAPV: 62.16
  Temp [K] of the Lifted Condensation Level: 294.72
Pres [hPa] of the Lifted Condensation Level: 939.11
     Mean mixed layer potential temperature: 300.07
              Mean mixed layer mixing ratio: 17.63
              1000 hPa to 500 hPa thickness: 5773.00
Precipitable water [mm] for entire sounding: 59.52
</PRE>
<P>Description of the 
<A HREF="/upperair/columns.html">data columns</A>
or <A HREF="/upperair/indices.html">sounding indices</A>.

<P>
<FORM>
<INPUT CLASS="button" TYPE="button" VALUE=" Close this window " 
 onClick="window.close();">
<INPUT CLASS="button" TYPE="button" VALUE=" Select another map " 
 onClick="window.blur();">
</FORM>
<HR SIZE="1">
<I>Interested in graduate studies in atmospheric science?
Check out our program at the
<a href="http://www.uwyo.edu/atsc/howtoapply/"
target=_top>University of Wyoming
</a></I>
<HR SIZE="1"><FONT SIZE="-1">
Questions about the weather data provided by this site can be
addressed to <A HREF="mailto:ldoolman@uwyo.edu">
Larry Oolman (ldoolman@uwyo.edu)</A></FONT>
<HR SIZE="1">
<SCRIPT TYPE="text/javascript">
<!--
window.focus();
// -->
</SCRIPT>
</BODY>
</HTML>
