2016-09-27 00
<HTML>
<TITLE>University of Wyoming - Radiosonde Data</TITLE>
<LINK REL="StyleSheet" HREF="/resources/select.css" TYPE="text/css">
<BODY BGCOLOR="white">
<H2>97180 WAAA Ujung Pandang Observations at 00Z 27 Sep 2016</H2>
<PRE>
-----------------------------------------------------------------------------
   PRES   HGHT   TEMP   DWPT   RELH   MIXR   DRCT   SKNT   THTA   THTE   THTV
    hPa     m      C      C      %    g/kg    deg   knot     K      K      K 
-----------------------------------------------------------------------------
 1010.0     14   27.0   23.2     80  18.10     90      4  299.3  352.4  302.5
 1000.0    102   26.2   21.4     75  16.33    120      3  299.4  347.2  302.3
  986.0    227   26.6   21.7     75  16.89    183      4  301.0  350.8  304.0
  978.0    299   25.9   21.8     78  17.08    220      4  300.9  351.3  304.0
  951.0    545   23.4   21.9     91  17.74    261      4  300.8  353.2  304.0
  945.0    601   23.3   20.8     86  16.69    270      4  301.3  350.7  304.3
  931.0    731   23.2   18.3     74  14.43    273      3  302.5  345.4  305.1
  925.0    788   23.0   18.0     73  14.24    275      3  302.8  345.2  305.4
  913.0    901   22.1   17.5     75  13.94    270      2  303.1  344.6  305.6
  882.0   1202   19.8   16.0     79  13.15     65      4  303.6  343.0  306.0
  869.0   1331   18.8   15.4     81  12.82     76      7  303.9  342.3  306.2
  852.0   1501   18.3   12.5     69  10.83     90     11  305.1  337.7  307.1
  850.0   1521   18.2   12.2     68  10.61     90     11  305.2  337.3  307.1
  785.0   2198   15.6    2.6     42   5.91    105     13  309.4  328.0  310.5
  767.0   2392   14.1    1.7     43   5.66    110     13  309.8  327.7  310.9
  740.0   2691   11.7    0.2     45   5.29    135     14  310.4  327.2  311.4
  713.0   3001    9.2   -1.3     48   4.92    140     14  311.0  326.7  311.9
  700.0   3155    8.0   -2.0     49   4.74    125     14  311.3  326.5  312.2
  688.0   3298    8.8  -11.2     23   2.38    110     13  313.7  321.7  314.2
  682.0   3371    9.2  -15.8     15   1.65    112     13  315.0  320.6  315.3
  656.0   3692    8.4  -25.6      7   0.73    123     14  317.6  320.2  317.7
  640.0   3893    7.0  -23.4      9   0.91    130     14  318.3  321.6  318.5
  594.0   4501    3.0  -16.8     22   1.74     90     12  320.4  326.5  320.7
  563.0   4937    0.0  -12.0     40   2.72     85     15  321.9  331.2  322.4
  517.0   5616   -4.7   -9.7     68   3.56     78     21  324.1  336.2  324.8
  516.0   5631   -4.5  -11.5     58   3.09     78     21  324.6  335.2  325.2
  512.0   5692   -4.3  -15.3     42   2.28     77     21  325.5  333.5  326.0
  504.0   5817   -3.3  -38.3      5   0.28     76     22  328.2  329.3  328.3
  501.0   5864   -3.5  -37.5      5   0.31     75     23  328.5  329.7  328.6
  500.0   5880   -3.5  -36.5      6   0.34     75     23  328.7  330.0  328.8
  496.0   5943   -3.9  -20.9     25   1.47     74     23  329.0  334.3  329.3
  482.0   6167   -5.9  -14.9     49   2.51     71     21  329.2  338.1  329.7
  477.0   6249   -6.7  -14.7     53   2.58     70     21  329.2  338.3  329.7
  468.0   6397   -7.7  -23.7     26   1.21     68     20  329.8  334.2  330.0
  456.0   6597   -8.4  -37.0      8   0.35     65     19  331.4  332.8  331.5
  450.0   6700   -8.7  -43.7      4   0.18     73     20  332.2  333.0  332.3
  438.0   6907   -9.8  -43.8      4   0.18     90     22  333.4  334.1  333.4
  414.0   7339  -12.1  -44.1      5   0.18     84     21  335.9  336.6  335.9
  411.0   7394  -12.3  -30.3     21   0.75     83     21  336.3  339.2  336.4
  403.0   7543  -13.9  -22.9     47   1.51     81     21  336.1  341.8  336.4
  400.0   7600  -14.3  -21.3     55   1.76     80     21  336.3  342.8  336.7
  390.0   7791  -15.8  -24.7     46   1.33     85     22  336.9  341.8  337.1
  385.0   7889  -16.5  -26.5     42   1.15     86     21  337.1  341.5  337.4
  372.0   8146  -18.9  -24.9     59   1.37     87     19  337.3  342.4  337.5
  363.0   8329  -19.9  -26.9     54   1.17     89     17  338.3  342.8  338.5
  349.0   8620  -20.7  -38.7     18   0.39     90     14  341.0  342.6  341.1
  318.0   9297  -26.4  -39.4     28   0.39     95      8  342.4  344.0  342.4
  300.0   9720  -29.9  -39.9     37   0.40     95      9  343.1  344.8  343.2
  252.0  10936  -39.9  -47.9     42   0.20     47     28  345.8  346.7  345.9
  250.0  10990  -40.3                          45     29  346.0         346.0
  246.0  11097  -41.2                          45     31  346.2         346.2
  200.0  12470  -53.3                          50     36  348.2         348.2
  163.0  13756  -64.7                          46     51  350.0         350.0
  150.0  14260  -68.1                          45     57  352.6         352.6
  146.0  14419  -69.5                          45     58  353.0         353.0
  129.0  15146  -75.7                          51     60  354.5         354.5
  119.0  15604  -77.8                          55     62  358.8         358.8
  102.0  16479  -81.9                          80     20  367.2         367.2
  100.0  16590  -82.1                          85     19  368.9         368.9
   96.0  16820  -81.6                          85     20  374.1         374.1
   93.1  16992  -81.3                          71     22  378.1         378.1
   91.5  17091  -78.5                          63     24  385.5         385.5
   91.0  17122  -78.6                          60     24  385.9         385.9
   87.0  17378  -79.2                          70     21  389.6         389.6
   78.7  17948  -80.7                          52     27  397.9         397.9
   78.0  17999  -80.6                          50     28  399.2         399.2
   75.5  18184  -80.1                          68     26  403.9         403.9
   73.7  18322  -76.5                          81     24  414.3         414.3
   70.1  18612  -76.1                         109     21  421.1         421.1
   70.0  18620  -76.3                         110     21  420.8         420.8
   68.4  18754  -72.5                         123     26  431.8         431.8
   67.0  18876  -72.8                         135     31  433.8         433.8
   63.0  19236  -73.6                         140     32  439.7         439.7
   62.3  19301  -73.7                         135     31  440.8         440.8
   60.0  19522  -71.3                         120     29  450.9         450.9
   59.2  19601  -70.5                         107     26  454.5         454.5
   58.0  19724  -66.3                          87     22  466.6         466.6
   57.0  19830  -64.8                          70     19  472.2         472.2
   56.5  19884  -64.1                          40     16  475.1         475.1
   55.0  20048  -64.2                         310      7  478.5         478.5
   52.0  20390  -64.5                         265     16  485.6         485.6
   50.0  20630  -64.7                         275     22  490.6         490.6
   49.8  20654  -64.9                         276     22  490.7         490.7
   49.0  20753  -64.7                         280     22  493.4         493.4
   46.5  21073  -64.1                         231     13  502.3         502.3
   45.0  21275  -61.3                         200      8  513.8         513.8
   43.0  21557  -61.6                         255     17  519.9         519.9
   40.7  21897  -61.9                         252     19  527.3         527.3
   39.0  22163  -59.7                         250     20  539.4         539.4
   37.7  22375  -57.9                                     549.2         549.2
</PRE><H3>Station information and sounding indices</H3><PRE>
                         Station identifier: WAAA
                             Station number: 97180
                           Observation time: 160927/0000
                           Station latitude: -5.06
                          Station longitude: 119.55
                          Station elevation: 14.0
                            Showalter index: 4.55
                               Lifted index: -0.69
    LIFT computed using virtual temperature: -1.66
                                SWEAT index: 191.39
                                    K index: 23.90
                         Cross totals index: 15.70
                      Vertical totals index: 21.70
                        Totals totals index: 37.40
      Convective Available Potential Energy: 609.51
             CAPE using virtual temperature: 842.12
                      Convective Inhibition: -50.67
             CINS using virtual temperature: -23.32
                           Equilibrum Level: 160.48
 Equilibrum Level using virtual temperature: 160.43
                   Level of Free Convection: 766.95
             LFCT using virtual temperature: 876.95
                     Bulk Richardson Number: 47.46
          Bulk Richardson Number using CAPV: 65.57
  Temp [K] of the Lifted Condensation Level: 294.03
Pres [hPa] of the Lifted Condensation Level: 927.56
     Mean mixed layer potential temperature: 300.43
              Mean mixed layer mixing ratio: 17.09
              1000 hPa to 500 hPa thickness: 5778.00
Precipitable water [mm] for entire sounding: 40.53
</PRE>
<P>Description of the 
<A HREF="/upperair/columns.html">data columns</A>
or <A HREF="/upperair/indices.html">sounding indices</A>.

<P>
<FORM>
<INPUT CLASS="button" TYPE="button" VALUE=" Close this window " 
 onClick="window.close();">
<INPUT CLASS="button" TYPE="button" VALUE=" Select another map " 
 onClick="window.blur();">
</FORM>
<HR SIZE="1">
<I>Interested in graduate studies in atmospheric science?
Check out our program at the
<a href="http://www.uwyo.edu/atsc/howtoapply/"
target=_top>University of Wyoming
</a></I>
<HR SIZE="1"><FONT SIZE="-1">
Questions about the weather data provided by this site can be
addressed to <A HREF="mailto:ldoolman@uwyo.edu">
Larry Oolman (ldoolman@uwyo.edu)</A></FONT>
<HR SIZE="1">
<SCRIPT TYPE="text/javascript">
<!--
window.focus();
// -->
</SCRIPT>
</BODY>
</HTML>
