2017-03-30 00
<HTML>
<TITLE>University of Wyoming - Radiosonde Data</TITLE>
<LINK REL="StyleSheet" HREF="/resources/select.css" TYPE="text/css">
<BODY BGCOLOR="white">
<H2>97180 WAAA Ujung Pandang Observations at 00Z 30 Mar 2017</H2>
<PRE>
-----------------------------------------------------------------------------
   PRES   HGHT   TEMP   DWPT   RELH   MIXR   DRCT   SKNT   THTA   THTE   THTV
    hPa     m      C      C      %    g/kg    deg   knot     K      K      K 
-----------------------------------------------------------------------------
 1012.0     14   25.2   24.1     94  19.10      0      0  297.3  352.9  300.7
 1011.0     23   25.2   20.2     74  14.97      5      0  297.4  341.0  300.1
 1000.0    118   25.4   20.7     75  15.63     55      1  298.6  344.2  301.3
  997.0    145   26.2   21.4     75  16.38     52      1  299.6  347.7  302.5
  979.0    304   25.0   21.2     79  16.44     35      4  299.9  348.3  302.9
  947.0    596   22.8   20.7     88  16.54    325      4  300.6  349.3  303.5
  925.0    802   21.2   20.4     95  16.61    330      5  301.0  350.0  304.0
  915.0    896   20.4   19.2     93  15.59    325      5  301.1  347.1  303.9
  897.0   1068   19.0   17.1     89  13.87    278      3  301.4  342.4  303.9
  883.0   1204   19.0   17.0     88  13.97    240      2  302.7  344.3  305.3
  876.0   1272   19.0   16.9     88  14.02    243      2  303.4  345.3  306.0
  853.0   1501   17.8   15.2     85  12.92    255      2  304.4  343.2  306.8
  850.0   1531   17.6   15.0     85  12.77    260      3  304.6  342.9  306.9
  823.0   1806   15.7   13.5     87  11.97    305      4  305.4  341.4  307.6
  795.0   2100   13.6   11.9     90  11.15    335      6  306.2  339.9  308.2
  774.0   2328   12.0   10.7     92  10.55    311      6  306.8  338.9  308.8
  740.0   2705   10.1    8.7     91   9.60    270      5  308.6  338.1  310.4
  739.0   2716   10.0    8.6     91   9.58    270      5  308.7  338.1  310.5
  700.0   3168    9.2    5.8     79   8.33    270      5  312.6  338.8  314.2
  689.0   3300    9.2    4.8     74   7.89    267      6  314.1  339.0  315.6
  665.0   3593    8.1   -0.6     54   5.56    260      7  316.0  334.0  317.1
  663.0   3618    8.0   -1.0     53   5.39    259      7  316.2  333.6  317.2
  641.0   3894    6.1   -0.9     61   5.63    250      6  317.1  335.3  318.2
  617.0   4206    4.0   -0.8     71   5.90    190      7  318.1  337.3  319.3
  595.0   4502    2.0   -0.6     83   6.18    195      4  319.1  339.2  320.3
  589.0   4585    1.4   -0.6     87   6.26    182      4  319.4  339.7  320.6
  573.0   4806    0.5   -3.0     77   5.38    145      4  320.9  338.6  321.9
  564.0   4934    0.0   -4.4     72   4.92    134      7  321.7  338.0  322.7
  552.0   5106   -1.0   -4.7     76   4.93    120     10  322.5  338.9  323.4
  542.0   5252   -1.9   -4.9     80   4.93    130     10  323.1  339.6  324.1
  512.0   5703   -4.6   -6.8     85   4.53    160      8  325.1  340.4  326.0
  505.0   5812   -5.3   -7.2     86   4.44    148      9  325.6  340.6  326.5
  500.0   5890   -5.3   -9.7     71   3.68    140     10  326.5  339.1  327.2
  474.0   6308   -8.1  -13.0     68   2.98    135      8  328.1  338.4  328.7
  446.0   6780  -11.1  -14.8     74   2.73    140     10  330.1  339.7  330.6
  431.0   7043  -13.1  -13.7     95   3.10    143     11  330.7  341.6  331.4
  416.0   7313  -14.5  -16.0     88   2.65    147     12  332.3  341.8  332.8
  410.0   7423  -15.1  -17.6     81   2.35    148     12  332.9  341.4  333.4
  400.0   7610  -16.3  -19.7     75   2.02    150     13  333.7  341.0  334.1
  397.0   7667  -16.3  -20.8     68   1.85    152     13  334.4  341.2  334.8
  395.0   7705  -16.5  -22.5     60   1.60    153     12  334.7  340.6  335.0
  391.0   7781  -17.1  -19.9     79   2.03    155     12  334.9  342.2  335.3
  374.0   8113  -18.2  -25.2     54   1.33    165      9  337.6  342.6  337.9
  370.0   8194  -18.5  -26.5     49   1.19    169      9  338.3  342.8  338.6
  345.0   8709  -22.8  -29.4     54   0.97    195      6  339.4  343.1  339.6
  333.0   8969  -24.9  -30.9     57   0.88    180      7  339.9  343.3  340.1
  320.0   9257  -26.5  -36.5     38   0.53    163      8  341.6  343.7  341.7
  318.0   9303  -26.8  -36.1     41   0.55    160      8  341.7  343.9  341.8
  309.0   9509  -28.3  -34.3     56   0.68    132     11  342.5  345.2  342.6
  305.0   9602  -29.1  -34.6     59   0.67    120     12  342.6  345.3  342.8
  300.0   9720  -30.1  -35.0     62   0.65    120     13  342.8  345.4  343.0
  295.0   9839  -31.1  -35.5     65   0.63    122     11  343.1  345.6  343.2
  288.0  10009  -32.5  -40.5     45   0.39    126      9  343.4  345.0  343.5
  280.0  10204  -34.1  -41.2     49   0.37    130      6  344.0  345.5  344.1
  251.0  10963  -40.1  -43.8     68   0.31     96     10  345.9  347.2  346.0
  250.0  10990  -40.3                          95     10  346.0         346.0
  235.0  11400  -43.9                          70     18  346.8         346.8
  200.0  12470  -53.1                          70     38  348.5         348.5
  187.0  12888  -56.5                          75     41  349.9         349.9
  154.0  14096  -66.2                         105     53  353.2         353.2
  150.0  14260  -67.5                         100     56  353.6         353.6
  113.0  15895  -81.0                          95     75  358.2         358.2
  111.0  15998  -81.9                          90     73  358.4         358.4
  102.0  16470  -81.4                          85     36  368.1         368.1
  100.0  16580  -81.3                          90     29  370.4         370.4
   96.0  16810  -81.6                         105     24  374.1         374.1
   95.2  16857  -81.7                          99     24  374.9         374.9
   92.2  17039  -78.5                          76     24  384.6         384.6
   87.0  17369  -79.7                          35     24  388.7         388.7
   84.5  17535  -80.3                          42     20  390.7         390.7
   82.0  17706  -79.3                          50     16  396.1         396.1
   81.1  17768  -78.9                          78     14  398.2         398.2
   78.9  17927  -74.7                         146     10  410.0         410.0
   78.0  17993  -75.0                         175      8  410.7         410.7
   74.0  18299  -76.4                         220     16  413.9         413.9
   72.7  18401  -76.9                         202     15  415.0         415.0
   70.0  18620  -76.1                         165     14  421.3         421.3
   69.5  18661  -75.9                         158     14  422.6         422.6
   67.0  18876  -71.2                         125     17  437.1         437.1
   66.5  18920  -70.3                         126     17  440.1         440.1
   63.0  19244  -68.2                         135     14  451.5         451.5
   61.2  19418  -67.1                         168     12  457.7         457.7
   60.0  19537  -67.6                         190     11  459.3         459.3
   55.0  20059  -69.6                         230      7  466.1         466.1
   54.4  20125  -69.9                         255      6  467.0         467.0
   52.0  20395  -68.6                           0      1  476.0         476.0
   50.0  20630  -67.5                         275      3  484.0         484.0
   49.0  20752  -65.7                         270      4  491.1         491.1
   48.8  20777  -65.3                         276      4  492.6         492.6
   47.0  21007  -64.7                         330      5  499.3         499.3
   43.0  21553  -63.3                         315     11  515.5         515.5
   41.0  21845  -62.6                         325      2  524.5         524.5
   39.0  22151  -61.8                         300      4  534.0         534.0
   38.2  22278  -61.5                         270      5  538.0         538.0
   37.0  22475  -62.4                         225      7  540.7         540.7
   36.0  22644  -63.1                         200      8  543.0         543.0
   35.0  22819  -61.9                         175      9  550.6         550.6
   33.0  23184  -59.4                           5      4  566.6         566.6
   32.5  23279  -58.7                         343     11  570.8         570.8
   32.0  23376  -58.8                         320     19  573.1         573.1
   30.0  23780  -59.1                         315     26  582.9         582.9
   29.0  23992  -60.2                         335     22  585.5         585.5
   28.6  24078  -60.7                         331     20  586.5         586.5
   28.0  24211  -59.7                         325     18  592.8         592.8
   26.8  24485  -57.7                                     606.0         606.0
</PRE><H3>Station information and sounding indices</H3><PRE>
                         Station identifier: WAAA
                             Station number: 97180
                           Observation time: 170330/0000
                           Station latitude: -5.06
                          Station longitude: 119.55
                          Station elevation: 14.0
                            Showalter index: 0.42
                               Lifted index: -1.14
    LIFT computed using virtual temperature: -1.46
                                SWEAT index: 195.99
                                    K index: 34.50
                         Cross totals index: 20.30
                      Vertical totals index: 22.90
                        Totals totals index: 43.20
      Convective Available Potential Energy: 270.68
             CAPE using virtual temperature: 350.18
                      Convective Inhibition: -32.36
             CINS using virtual temperature: -17.40
                           Equilibrum Level: 283.58
 Equilibrum Level using virtual temperature: 279.28
                   Level of Free Convection: 824.01
             LFCT using virtual temperature: 899.08
                     Bulk Richardson Number: 153.62
          Bulk Richardson Number using CAPV: 198.74
  Temp [K] of the Lifted Condensation Level: 293.21
Pres [hPa] of the Lifted Condensation Level: 928.48
     Mean mixed layer potential temperature: 299.51
              Mean mixed layer mixing ratio: 16.21
              1000 hPa to 500 hPa thickness: 5772.00
Precipitable water [mm] for entire sounding: 57.39
</PRE>
<P>Description of the 
<A HREF="/upperair/columns.html">data columns</A>
or <A HREF="/upperair/indices.html">sounding indices</A>.

<P>
<FORM>
<INPUT CLASS="button" TYPE="button" VALUE=" Close this window " 
 onClick="window.close();">
<INPUT CLASS="button" TYPE="button" VALUE=" Select another map " 
 onClick="window.blur();">
</FORM>
<HR SIZE="1">
<I>Interested in graduate studies in atmospheric science?
Check out our program at the
<a href="http://www.uwyo.edu/atsc/howtoapply/"
target=_top>University of Wyoming
</a></I>
<HR SIZE="1"><FONT SIZE="-1">
Questions about the weather data provided by this site can be
addressed to <A HREF="mailto:ldoolman@uwyo.edu">
Larry Oolman (ldoolman@uwyo.edu)</A></FONT>
<HR SIZE="1">
<SCRIPT TYPE="text/javascript">
<!--
window.focus();
// -->
</SCRIPT>
</BODY>
</HTML>
