2017-04-02 00
<HTML>
<TITLE>University of Wyoming - Radiosonde Data</TITLE>
<LINK REL="StyleSheet" HREF="/resources/select.css" TYPE="text/css">
<BODY BGCOLOR="white">
<H2>97180 WAAA Ujung Pandang Observations at 00Z 02 Apr 2017</H2>
<PRE>
-----------------------------------------------------------------------------
   PRES   HGHT   TEMP   DWPT   RELH   MIXR   DRCT   SKNT   THTA   THTE   THTV
    hPa     m      C      C      %    g/kg    deg   knot     K      K      K 
-----------------------------------------------------------------------------
 1009.0     14   25.0   24.0     94  19.04      0      0  297.4  352.7  300.8
 1000.0     94   24.0   22.3     90  17.28      5      7  297.1  347.3  300.2
  977.0    298   23.1   21.5     91  16.81    345     12  298.2  347.2  301.2
  961.0    443   22.4   20.9     91  16.48    334     11  298.9  347.1  301.9
  942.0    617   22.6   20.6     88  16.51    322     11  300.8  349.5  303.8
  925.0    776   21.4   19.3     88  15.48    310     10  301.2  346.9  304.0
  851.0   1500   17.9   14.5     81  12.32    275     12  304.7  341.8  307.0
  850.0   1510   17.8   14.4     80  12.28    275     12  304.8  341.7  307.0
  769.0   2360   13.4    8.4     72   9.07    265     13  308.9  336.8  310.6
  730.0   2797   11.0    8.8     86   9.83    259     14  310.9  341.3  312.7
  700.0   3146    9.4    5.4     76   8.10    255     14  312.9  338.3  314.4
  658.0   3657    6.6    1.6     70   6.57    245     11  315.3  336.3  316.5
  625.0   4077    3.2    0.6     83   6.44    237      8  316.1  336.7  317.3
  616.0   4195    2.7   -1.5     74   5.58    235      7  316.8  334.9  317.9
  596.0   4462    1.6   -6.4     55   4.00    242      9  318.5  331.8  319.3
  577.0   4722    0.0   -3.8     76   5.03    248     10  319.6  336.2  320.6
  574.0   4764   -0.3   -3.8     77   5.06    249     11  319.8  336.4  320.7
  571.0   4806   -0.4   -4.6     73   4.78    250     11  320.1  335.9  321.0
  559.0   4976   -0.9   -7.9     59   3.79    230     11  321.5  334.2  322.2
  552.0   5076   -1.3   -4.3     80   5.07    218     11  322.1  339.0  323.1
  550.0   5105   -1.2   -6.8     65   4.19    215     11  322.6  336.7  323.5
  549.0   5120   -1.1   -8.1     59   3.80    214     11  322.9  335.7  323.6
  530.0   5400   -2.5   -9.5     59   3.53    201      9  324.5  336.5  325.2
  522.0   5520   -2.9  -12.9     46   2.73    196      9  325.4  334.9  325.9
  509.0   5720   -4.1  -16.1     39   2.15    187      8  326.3  333.9  326.7
  502.0   5829   -4.9  -11.9     58   3.08    181      7  326.6  337.3  327.2
  500.0   5860   -5.1  -11.1     63   3.29    180      7  326.8  338.1  327.4
  491.0   6003   -6.0  -13.8     54   2.70    165      5  327.4  336.8  327.9
  490.0   6019   -6.1  -14.1     53   2.64    166      5  327.4  336.6  327.9
  485.0   6100   -6.5  -10.8     72   3.48    169      5  327.9  339.9  328.6
  468.0   6379   -7.3  -13.3     62   2.95    181      7  330.3  340.6  330.9
  455.0   6599   -9.0  -12.4     77   3.27    190      8  330.8  342.2  331.4
  447.0   6737  -10.1  -11.8     87   3.49    209      6  331.1  343.3  331.8
  438.0   6893  -10.8  -12.9     85   3.25    230      4  332.1  343.5  332.7
  405.0   7495  -13.7  -17.2     75   2.47    264      6  335.9  344.8  336.4
  404.0   7514  -13.8  -17.3     75   2.45    265      6  336.0  344.8  336.5
  400.0   7590  -14.3  -17.8     75   2.37    265      6  336.3  344.9  336.8
  374.0   8094  -18.2  -20.8     80   1.97    250      6  337.7  344.9  338.1
  367.0   8235  -19.3  -21.6     82   1.86    219      6  338.0  344.9  338.4
  344.0   8711  -22.5  -27.3     65   1.19    115      5  340.1  344.6  340.3
  334.0   8928  -23.9  -29.9     58   0.96    115      4  341.0  344.7  341.2
  331.0   8992  -24.4  -30.2     59   0.95    115      4  341.2  344.9  341.4
  317.0   9303  -26.7  -31.5     64   0.87    170      4  342.2  345.6  342.4
  304.0   9605  -29.0  -32.8     70   0.80    180      5  343.1  346.3  343.3
  300.0   9700  -29.7  -33.2     72   0.78    180      5  343.4  346.5  343.6
  292.0   9890  -31.2  -34.5     73   0.71    170      4  343.9  346.7  344.0
  275.0  10313  -34.7  -37.3     77   0.57     86      7  344.8  347.1  344.9
  268.0  10490  -36.0  -39.0     74   0.49     50      9  345.5  347.5  345.6
  250.0  10970  -39.5  -43.6     65   0.32     70     16  347.2  348.6  347.3
  249.0  10997  -39.9  -44.0     65   0.31     71     16  347.0  348.3  347.1
  205.0  12286  -51.6                         120     20  348.4         348.4
  200.0  12450  -53.1                         125     18  348.5         348.5
  161.0  13800  -65.3                         105     28  350.2         350.2
  150.0  14240  -69.3                         100     38  350.5         350.5
  112.0  15917  -82.7                         100     56  356.0         356.0
  109.0  16067  -82.9                          99     48  358.4         358.4
  101.0  16494  -79.0                          95     26  373.8         373.8
  100.0  16550  -78.5                          95     23  375.8         375.8
   96.0  16785  -76.6                          70      5  383.9         383.9
   95.0  16846  -76.1                          39      6  386.1         386.1
   91.0  17094  -77.1                         270     11  388.8         388.8
   88.1  17281  -77.9                         253     10  390.9         390.9
   86.0  17420  -77.6                         240     10  394.1         394.1
   82.0  17694  -77.1                           0      0  400.6         400.6
   80.6  17794  -76.9                           7      1  403.0         403.0
   78.0  17985  -74.9                          20      4  411.0         411.0
   75.1  18206  -72.5                         348     10  420.4         420.4
   74.0  18293  -72.8                         335     12  421.5         421.5
   70.0  18620  -74.1                         320     23  425.5         425.5
   69.1  18695  -74.5                         319     21  426.2         426.2
   67.0  18873  -74.4                         315     15  430.2         430.2
   64.8  19066  -74.3                         312      9  434.6         434.6
   63.0  19231  -72.5                         310      4  442.1         442.1
   60.0  19518  -69.4                         115      5  455.2         455.2
   57.7  19748  -66.9                         195      3  465.9         465.9
   57.0  19821  -67.1                         220      3  467.1         467.1
   54.2  20122  -67.9                         223      7  472.1         472.1
   52.0  20372  -64.3                         225     11  486.1         486.1
   50.0  20610  -63.3                         235     19  493.9         493.9
   49.8  20635  -62.9                         237     19  495.4         495.4
   45.0  21255  -64.4                         275     27  506.3         506.3
   43.5  21463  -64.9                         271     27  510.0         510.0
   39.0  22122  -68.4                         260     25  517.4         517.4
   38.1  22263  -69.1                                     519.0         519.0
</PRE><H3>Station information and sounding indices</H3><PRE>
                         Station identifier: WAAA
                             Station number: 97180
                           Observation time: 170402/0000
                           Station latitude: -5.06
                          Station longitude: 119.55
                          Station elevation: 14.0
                            Showalter index: 1.10
                               Lifted index: -1.20
    LIFT computed using virtual temperature: -1.60
                                SWEAT index: 203.80
                                    K index: 33.30
                         Cross totals index: 19.50
                      Vertical totals index: 22.90
                        Totals totals index: 42.40
      Convective Available Potential Energy: 215.21
             CAPE using virtual temperature: 307.82
                      Convective Inhibition: -49.79
             CINS using virtual temperature: -33.28
                           Equilibrum Level: 287.92
 Equilibrum Level using virtual temperature: 280.86
                   Level of Free Convection: 766.94
             LFCT using virtual temperature: 820.11
                     Bulk Richardson Number: 12.52
          Bulk Richardson Number using CAPV: 17.90
  Temp [K] of the Lifted Condensation Level: 294.52
Pres [hPa] of the Lifted Condensation Level: 958.85
     Mean mixed layer potential temperature: 298.09
              Mean mixed layer mixing ratio: 17.03
              1000 hPa to 500 hPa thickness: 5766.00
Precipitable water [mm] for entire sounding: 55.71
</PRE>
<P>Description of the 
<A HREF="/upperair/columns.html">data columns</A>
or <A HREF="/upperair/indices.html">sounding indices</A>.

<P>
<FORM>
<INPUT CLASS="button" TYPE="button" VALUE=" Close this window " 
 onClick="window.close();">
<INPUT CLASS="button" TYPE="button" VALUE=" Select another map " 
 onClick="window.blur();">
</FORM>
<HR SIZE="1">
<I>Interested in graduate studies in atmospheric science?
Check out our program at the
<a href="http://www.uwyo.edu/atsc/howtoapply/"
target=_top>University of Wyoming
</a></I>
<HR SIZE="1"><FONT SIZE="-1">
Questions about the weather data provided by this site can be
addressed to <A HREF="mailto:ldoolman@uwyo.edu">
Larry Oolman (ldoolman@uwyo.edu)</A></FONT>
<HR SIZE="1">
<SCRIPT TYPE="text/javascript">
<!--
window.focus();
// -->
</SCRIPT>
</BODY>
</HTML>
