2018-10-15 12
<HTML>
<TITLE>University of Wyoming - Radiosonde Data</TITLE>
<LINK REL="StyleSheet" HREF="/resources/select.css" TYPE="text/css">
<BODY BGCOLOR="white">
<H2>97180 WAAA Ujung Pandang Observations at 00Z 15 Oct 2018</H2>
<PRE>
-----------------------------------------------------------------------------
   PRES   HGHT   TEMP   DWPT   RELH   MIXR   DRCT   SKNT   THTA   THTE   THTV
    hPa     m      C      C      %    g/kg    deg   knot     K      K      K 
-----------------------------------------------------------------------------
 1013.0     14   26.4   23.8     86  18.73    120      2  298.4  353.1  301.8
 1012.0     22   27.0   20.0     66  14.77    122      2  299.1  342.4  301.8
 1000.0    120   25.8   20.8     74  15.73    150      3  298.9  345.0  301.8
  947.0    598   22.6   18.5     78  14.38    165     15  300.4  342.7  303.0
  931.0    748   21.6   17.8     79  13.97    165     17  300.8  342.1  303.4
  925.0    804   21.0   17.4     80  13.70    165     18  300.8  341.2  303.2
  915.0    899   21.0   16.0     73  12.65    160     16  301.7  339.2  304.0
  901.0   1033   21.0   14.0     64  11.27    149     14  303.0  336.8  305.1
  854.0   1495   17.7   12.5     72  10.79    110      8  304.2  336.7  306.2
  850.0   1536   17.4   12.4     72  10.75    110      9  304.4  336.7  306.3
  814.0   1904   14.6   10.1     74   9.62    106     13  305.2  334.3  306.9
  800.0   2050   15.2    3.2     45   6.06    104     15  307.3  326.2  308.5
  767.0   2403   13.1    0.3     42   5.13    100     19  308.8  324.9  309.7
  716.0   2978    9.6   -4.4     37   3.87     90     26  311.1  323.6  311.8
  714.0   3001    9.5   -5.0     36   3.70     90     26  311.2  323.2  311.9
  700.0   3165    8.6   -9.4     27   2.69     95     23  312.0  320.9  312.5
  662.0   3625    8.0  -26.0      7   0.70    110     19  316.3  318.9  316.4
  641.0   3889    5.6  -23.4     10   0.91    119     16  316.5  319.8  316.7
  586.0   4618    3.0  -30.0      7   0.54    144      9  321.7  323.8  321.8
  573.0   4798    1.7  -30.0      7   0.56    150      7  322.3  324.4  322.4
  556.0   5041    0.0  -30.0      8   0.57     81      4  323.0  325.2  323.1
  552.0   5098   -0.5  -29.1      9   0.63     65      3  323.1  325.5  323.2
  531.0   5406   -3.1  -24.2     18   1.02     45     10  323.6  327.3  323.8
  528.0   5451   -3.5  -23.5     20   1.10     45     10  323.6  327.6  323.8
  520.0   5572   -3.3  -29.3     11   0.65     45     11  325.3  327.7  325.4
  512.0   5694   -4.3  -32.3      9   0.50     45     12  325.5  327.4  325.6
  500.0   5880   -5.9  -36.9      7   0.32     60     10  325.8  327.1  325.9
  474.0   6296   -8.5  -42.0      5   0.20    105     15  327.6  328.4  327.6
  459.0   6546  -10.1  -45.1      4   0.15     97     17  328.6  329.2  328.6
  456.0   6597  -10.2  -44.9      4   0.15     95     17  329.1  329.7  329.1
  439.0   6890  -10.7  -43.7      5   0.18    102     18  332.1  332.8  332.1
  422.0   7192  -13.0  -44.7      5   0.17    110     20  332.9  333.6  332.9
  400.0   7600  -16.1  -46.1      6   0.15    110     23  334.0  334.6  334.0
  345.0   8678  -23.9  -52.8      5   0.08    100     19  337.8  338.2  337.8
  308.0   9504  -29.9  -57.9      5   0.05     72     22  340.6  340.8  340.6
  302.0   9643  -30.7  -46.7     19   0.19     67     23  341.3  342.1  341.4
  300.0   9690  -31.3  -45.3     24   0.22     65     23  341.1  342.1  341.2
  291.0   9903  -33.0  -47.2     23   0.19     60     22  341.7  342.5  341.8
  256.0  10798  -40.1  -55.1     19   0.08     52     16  344.0  344.4  344.0
  250.0  10960  -41.7                          50     15  343.9         343.9
  245.0  11093  -42.8                          45     13  344.3         344.3
  234.0  11396  -45.2                          25     15  345.2         345.2
  204.0  12300  -52.5                          55     22  347.6         347.6
  200.0  12430  -53.5                          50     22  347.9         347.9
  177.0  13190  -59.9                          35     13  349.8         349.8
  161.0  13780  -64.8                           5     16  351.1         351.1
  150.0  14220  -68.5                          15     16  351.9         351.9
  146.0  14380  -69.8                          20     15  352.3         352.3
  144.0  14462  -70.5                          26     16  352.5         352.5
  131.0  15004  -73.6                          70     20  356.7         356.7
  107.0  16163  -80.1                         115     26  365.6         365.6
  100.0  16550  -82.3                         100     25  368.5         368.5
   92.1  17007  -83.9                          80     31  374.1         374.1
   87.1  17317  -82.7                          72     24  382.5         382.5
   86.0  17389  -80.9                          70     22  387.6         387.6
   84.6  17481  -78.5                          82     16  394.2         394.2
   82.0  17659  -79.0                         105      5  396.8         396.8
   77.8  17957  -79.7                          93      9  401.3         401.3
   70.0  18570  -69.9                          70     17  434.5         434.5
   69.6  18604  -68.9                          74     17  437.4         437.4
   63.0  19198  -69.6                         135     26  448.4         448.4
   57.5  19743  -70.3                          99     31  458.7         458.7
   54.0  20119  -68.9                          75     35  470.3         470.3
   50.0  20580  -67.1                          85     43  484.9         484.9
   47.0  20956  -66.0                          85     47  496.3         496.3
   42.8  21526  -64.3                          82     49  513.9         513.9
   40.0  21948  -61.9                          80     51  529.9         529.9
   34.1  22944  -56.3                          92     30  569.3         569.3
   33.0  23153  -56.1                          95     26  575.1         575.1
   32.0  23349  -56.0                         100     12  580.6         580.6
   30.0  23760  -55.7                         145      9  592.2         592.2
   29.0  23976  -55.5                         150     18  598.4         598.4
   27.7  24268  -55.3                         135     15  607.0         607.0
   26.0  24670  -56.9                         115     10  613.5         613.5
   25.4  24818  -57.5                         124     11  615.9         615.9
   25.0  24919  -56.3                         130     11  622.1         622.1
   24.2  25126  -53.9                         114      8  634.9         634.9
   24.0  25179  -53.9                         110      7  636.5         636.5
   23.0  25452  -53.7                         320      5  644.7         644.7
   22.0  25738  -53.6                         285     14  653.3         653.3
   20.0  26350  -53.3                         270     13  672.3         672.3
   19.0  26680  -53.1                         250     21  682.9         682.9
   18.2  26957  -52.9                                     691.9         691.9
</PRE><H3>Station information and sounding indices</H3><PRE>
                         Station identifier: WAAA
                             Station number: 97180
                           Observation time: 181015/0000
                           Station latitude: -5.06
                          Station longitude: 119.55
                          Station elevation: 14.0
                            Showalter index: 2.38
                               Lifted index: -0.60
    LIFT computed using virtual temperature: -1.38
                                SWEAT index: 176.79
                                    K index: 17.70
                         Cross totals index: 18.30
                      Vertical totals index: 23.30
                        Totals totals index: 41.60
      Convective Available Potential Energy: 30.50
             CAPE using virtual temperature: 151.12
                      Convective Inhibition: -93.84
             CINS using virtual temperature: -49.75
                           Equilibrum Level: 338.71
 Equilibrum Level using virtual temperature: 324.15
                   Level of Free Convection: 717.71
             LFCT using virtual temperature: 827.54
                     Bulk Richardson Number: 3.10
          Bulk Richardson Number using CAPV: 15.39
  Temp [K] of the Lifted Condensation Level: 291.99
Pres [hPa] of the Lifted Condensation Level: 916.04
     Mean mixed layer potential temperature: 299.42
              Mean mixed layer mixing ratio: 15.21
              1000 hPa to 500 hPa thickness: 5760.00
Precipitable water [mm] for entire sounding: 33.90
</PRE>
<P>Description of the 
<A HREF="/upperair/columns.html">data columns</A>
or <A HREF="/upperair/indices.html">sounding indices</A>.

<P>
<FORM>
<INPUT CLASS="button" TYPE="button" VALUE=" Close this window " 
 onClick="window.close();">
<INPUT CLASS="button" TYPE="button" VALUE=" Select another map " 
 onClick="window.blur();">
</FORM>
<HR SIZE="1">
<I>Interested in graduate studies in atmospheric science?
Check out our program at the
<a href="http://www.uwyo.edu/atsc/howtoapply/"
target=_top>University of Wyoming
</a></I>
<HR SIZE="1"><FONT SIZE="-1">
Questions about the weather data provided by this site can be
addressed to <A HREF="mailto:ldoolman@uwyo.edu">
Larry Oolman (ldoolman@uwyo.edu)</A></FONT>
<HR SIZE="1">
<SCRIPT TYPE="text/javascript">
<!--
window.focus();
// -->
</SCRIPT>
</BODY>
</HTML>
