2017-04-27 12
<HTML>
<TITLE>University of Wyoming - Radiosonde Data</TITLE>
<LINK REL="StyleSheet" HREF="/resources/select.css" TYPE="text/css">
<BODY BGCOLOR="white">
<H2>97180 WAAA Ujung Pandang Observations at 00Z 27 Apr 2017</H2>
<PRE>
-----------------------------------------------------------------------------
   PRES   HGHT   TEMP   DWPT   RELH   MIXR   DRCT   SKNT   THTA   THTE   THTV
    hPa     m      C      C      %    g/kg    deg   knot     K      K      K 
-----------------------------------------------------------------------------
 1009.0     14   25.8   22.6     83  17.45      0      0  298.2  349.1  301.3
 1000.0     95   26.2   21.2     74  16.13     90      3  299.4  346.6  302.2
  994.0    148   26.4   21.4     74  16.43    103      3  300.1  348.4  303.0
  977.0    301   25.7   20.2     72  15.55    140      2  300.9  346.8  303.7
  944.0    604   24.4   18.0     67  13.91    165      6  302.5  343.9  305.0
  925.0    784   23.6   16.6     65  13.01    155      9  303.4  342.3  305.8
  921.0    822   23.4   16.4     65  12.90    153      9  303.6  342.2  306.0
  913.0    897   22.9   16.0     65  12.65    150     10  303.8  341.7  306.1
  850.0   1514   18.4   12.4     68  10.75    170     10  305.4  337.9  307.4
  825.0   1769   16.4   12.4     77  11.08    170      6  305.9  339.5  307.9
  822.0   1800   16.2   12.3     78  11.07    170      6  306.1  339.6  308.1
  817.0   1852   16.0   12.2     78  11.04    177      6  306.3  339.8  308.4
  812.0   1905   15.8   10.8     72  10.11    185      6  306.7  337.4  308.5
  805.0   1978   16.2    5.2     48   6.93    195      6  307.9  329.3  309.1
  795.0   2084   15.2    8.2     63   8.65    210      6  307.9  334.5  309.5
  782.0   2224   15.0    3.0     44   6.11    230      6  309.1  328.2  310.3
  773.0   2322   14.0    7.0     63   8.19    244      6  309.1  334.4  310.6
  766.0   2398   13.8    5.6     58   7.50    255      6  309.6  333.0  311.0
  761.0   2453   13.6    4.6     54   7.03    275      5  310.0  332.0  311.3
  755.0   2520   13.4    0.4     41   5.24    299      4  310.5  327.1  311.5
  753.0   2542   13.8   -5.2     26   3.46    307      4  311.2  322.4  311.8
  748.0   2598   14.2   -8.8     19   2.64    328      3  312.2  320.9  312.7
  739.0   2700   13.5   -6.1     25   3.29      5      1  312.6  323.3  313.2
  732.0   2780   13.0   -4.0     30   3.90    329      2  312.8  325.5  313.6
  713.0   3000   12.3   -8.2     23   2.90    230      3  314.4  324.0  315.0
  700.0   3154   11.8  -11.2     19   2.33    245      3  315.5  323.4  316.0
  691.0   3262   11.4  -15.6     14   1.65    244      3  316.2  321.9  316.6
  682.0   3372   11.2  -13.8     16   1.94    242      4  317.2  323.9  317.6
  668.0   3544    9.6    0.6     53   6.02    240      5  317.3  336.8  318.4
  639.0   3907    7.4   -1.6     53   5.36    235      6  318.9  336.4  319.9
  617.0   4194    5.7   -3.3     52   4.88    215      9  320.1  336.2  321.0
  594.0   4504    3.8   -5.2     52   4.40    250      6  321.4  336.0  322.2
  573.0   4798    2.0   -7.0     51   3.98    265      5  322.6  336.0  323.4
  550.0   5133    0.0   -9.0     51   3.54    260      5  324.0  336.1  324.7
  515.0   5657   -4.1  -10.1     63   3.46    251      5  325.2  337.1  325.9
  512.0   5703   -4.3  -10.9     60   3.26    250      5  325.5  336.7  326.1
  501.0   5874   -5.1  -14.1     49   2.58    136      2  326.6  335.6  327.1
  500.0   5890   -5.1  -16.1     42   2.19    125      2  326.8  334.5  327.2
  493.0   6000   -5.6  -16.8     41   2.09     80      5  327.5  334.9  327.9
  474.0   6307   -7.0  -18.8     39   1.84     55      2  329.5  336.1  329.8
  467.0   6424   -7.5  -19.5     38   1.76     20      3  330.2  336.6  330.6
  456.0   6608   -9.0  -20.1     40   1.72    325      4  330.6  336.9  331.0
  455.0   6625   -9.1  -20.1     41   1.71    329      4  330.7  336.9  331.0
  450.0   6711   -9.9  -17.9     52   2.09    348      4  330.7  338.2  331.1
  446.0   6780  -10.1  -20.1     44   1.75      3      5  331.3  337.6  331.7
  439.0   6901  -10.8  -19.9     47   1.81     30      5  331.9  338.5  332.2
  418.0   7276  -13.1  -19.1     61   2.03     48     11  333.6  341.0  334.1
  408.0   7460  -14.5  -20.5     60   1.85     58     14  334.2  340.9  334.5
  402.0   7572  -14.7  -24.7     42   1.29     63     15  335.3  340.1  335.6
  400.0   7610  -14.7  -25.7     39   1.19     65     16  335.8  340.3  336.0
  390.0   7800  -16.1  -26.7     39   1.11     70     14  336.5  340.7  336.7
  371.0   8174  -18.7  -28.7     41   0.97     64     10  337.8  341.5  338.0
  360.0   8397  -19.9  -34.1     27   0.59     60      8  339.1  341.4  339.2
  353.0   8542  -20.7  -37.7     20   0.42     44      7  339.9  341.6  340.0
  345.0   8708  -22.0  -38.9     20   0.39     25      5  340.4  342.0  340.5
  332.0   8986  -24.2  -40.8     20   0.33     15      5  341.2  342.5  341.2
  318.0   9298  -26.6  -43.0     20   0.27    310      3  342.0  343.2  342.1
  305.0   9600  -29.0  -45.1     20   0.23    300      4  342.8  343.8  342.9
  300.0   9720  -29.9  -45.9     20   0.21    315      4  343.1  344.0  343.2
  292.0   9908  -31.4  -46.8     20   0.19    320      4  343.6  344.4  343.6
  280.0  10201  -33.9  -48.3     22   0.17    300      3  344.3  345.0  344.3
  268.0  10506  -36.4  -49.8     24   0.15    330      2  345.0  345.6  345.0
  257.0  10798  -38.8  -51.3     25   0.13     50      5  345.6  346.2  345.6
  251.0  10963  -40.1  -52.1     27   0.12     67      8  345.9  346.5  345.9
  250.0  10990  -40.3                          70      8  346.0         346.0
  246.0  11097  -41.2                          75      9  346.2         346.2
  205.0  12306  -52.0                          70     26  347.7         347.7
  200.0  12470  -53.5                          65     29  347.9         347.9
  187.0  12896  -57.1                          55     30  348.8         348.8
  181.0  13102  -58.9                          64     28  349.1         349.1
  164.0  13715  -61.7                          92     21  354.4         354.4
  162.0  13790  -62.4                          95     20  354.6         354.6
  154.0  14099  -65.1                         120     11  355.1         355.1
  150.0  14260  -66.5                         145      9  355.3         355.3
  133.0  14954  -71.7                         265      8  358.5         358.5
  120.0  15548  -76.2                         225      9  361.0         361.0
  113.0  15895  -78.8                         270     10  362.4         362.4
  108.0  16156  -80.8                         265      8  363.4         363.4
  100.0  16600  -84.1                         195      3  365.0         365.0
   99.9  16606  -84.3                         194      3  364.7         364.7
   97.0  16771  -82.2                         150      1  371.9         371.9
   96.3  16811  -81.7                         155      1  373.6         373.6
   92.0  17066  -82.9                         185      2  376.1         376.1
   87.0  17379  -84.4                         195      6  379.2         379.2
   84.2  17561  -85.3                         239      4  380.9         380.9
   82.0  17709  -83.8                         275      3  386.9         386.9
   79.3  17896  -81.9                         228      5  394.5         394.5
   78.0  17989  -82.2                         205      6  395.7         395.7
   74.9  18217  -83.1                         182     10  398.5         398.5
   74.0  18285  -82.4                         175     11  401.3         401.3
   71.8  18455  -80.7                         262      6  408.4         408.4
   70.0  18600  -77.5                         335      1  418.3         418.3
   68.7  18708  -75.1                         311      7  425.7         425.7
   67.8  18785  -70.5                         295     12  437.2         437.2
   67.0  18855  -69.9                         280     16  440.0         440.0
   65.4  18999  -68.7                         274     18  445.6         445.6
   62.0  19316  -70.9                         261     22  447.6         447.6
   57.0  19814  -70.5                         240     29  459.5         459.5
   51.2  20449  -69.9                         256     30  475.1         475.1
   50.0  20590  -69.9                         260     30  478.4         478.4
   49.0  20711  -69.4                         255     31  482.2         482.2
   47.5  20896  -68.7                         251     27  488.3         488.3
   44.7  21267  -61.5                         244     21  514.3         514.3
   40.1  21945  -58.5                         230      8  538.1         538.1
   40.0  21961  -58.5                         230      8  538.3         538.3
   39.0  22119  -59.0                         355      9  541.0         541.0
   37.0  22448  -60.1                         355     15  546.5         546.5
   34.8  22831  -61.3                         326     18  553.0         553.0
   33.0  23164  -60.1                         300     21  564.5         564.5
   30.0  23760  -58.1                         285     24  585.7         585.7
   24.0  25170  -54.5                         230     20  634.7         634.7
   22.6  25550  -53.5                         232     15  648.6         648.6
   21.1  25987  -54.5                         235      9  658.5         658.5
   21.0  26018  -54.1                         235      9  660.4         660.4
   20.5  26172  -52.3                         176      6  670.6         670.6
   20.0  26330  -52.5                         115      3  674.7         674.7
   19.0  26663  -52.1                          75     16  686.0         686.0
   16.0  27778  -50.7                          95     37  725.1         725.1
   15.7  27901  -50.5                          94     38  729.6         729.6
   13.8  28739  -51.7                          88     43  752.9         752.9
   13.6  28834  -51.9                          87     44  755.4         755.4
   13.4  28930  -51.3                          86     45  760.6         760.6
   13.1  29078  -47.1                          85     46  780.1         780.1
   13.0  29129  -46.6                          85     46  783.4         783.4
   12.4  29444  -43.7                          91     47  804.3         804.3
   12.0                                        95     48                     
</PRE><H3>Station information and sounding indices</H3><PRE>
                         Station identifier: WAAA
                             Station number: 97180
                           Observation time: 170427/0000
                           Station latitude: -5.06
                          Station longitude: 119.55
                          Station elevation: 14.0
                            Showalter index: 2.66
                               Lifted index: -0.86
    LIFT computed using virtual temperature: -1.41
                                SWEAT index: 170.81
                                    K index: 12.90
                         Cross totals index: 17.50
                      Vertical totals index: 23.50
                        Totals totals index: 41.00
      Convective Available Potential Energy: 53.56
             CAPE using virtual temperature: 102.21
                      Convective Inhibition: -241.32
             CINS using virtual temperature: -72.79
                           Equilibrum Level: 367.01
 Equilibrum Level using virtual temperature: 360.00
                   Level of Free Convection: 545.94
             LFCT using virtual temperature: 776.84
                     Bulk Richardson Number: 29.47
          Bulk Richardson Number using CAPV: 56.24
  Temp [K] of the Lifted Condensation Level: 292.37
Pres [hPa] of the Lifted Condensation Level: 908.45
     Mean mixed layer potential temperature: 300.52
              Mean mixed layer mixing ratio: 15.72
              1000 hPa to 500 hPa thickness: 5795.00
Precipitable water [mm] for entire sounding: 43.23
</PRE>
<P>Description of the 
<A HREF="/upperair/columns.html">data columns</A>
or <A HREF="/upperair/indices.html">sounding indices</A>.

<P>
<FORM>
<INPUT CLASS="button" TYPE="button" VALUE=" Close this window " 
 onClick="window.close();">
<INPUT CLASS="button" TYPE="button" VALUE=" Select another map " 
 onClick="window.blur();">
</FORM>
<HR SIZE="1">
<I>Interested in graduate studies in atmospheric science?
Check out our program at the
<a href="http://www.uwyo.edu/atsc/howtoapply/"
target=_top>University of Wyoming
</a></I>
<HR SIZE="1"><FONT SIZE="-1">
Questions about the weather data provided by this site can be
addressed to <A HREF="mailto:ldoolman@uwyo.edu">
Larry Oolman (ldoolman@uwyo.edu)</A></FONT>
<HR SIZE="1">
<SCRIPT TYPE="text/javascript">
<!--
window.focus();
// -->
</SCRIPT>
</BODY>
</HTML>
