2017-05-01 12
<HTML>
<TITLE>University of Wyoming - Radiosonde Data</TITLE>
<LINK REL="StyleSheet" HREF="/resources/select.css" TYPE="text/css">
<BODY BGCOLOR="white">
<H2>97180 WAAA Ujung Pandang Observations at 00Z 01 May 2017</H2>
<PRE>
-----------------------------------------------------------------------------
   PRES   HGHT   TEMP   DWPT   RELH   MIXR   DRCT   SKNT   THTA   THTE   THTV
    hPa     m      C      C      %    g/kg    deg   knot     K      K      K 
-----------------------------------------------------------------------------
 1011.0     14   24.8   23.1     90  17.96      0      0  297.0  349.1  300.2
 1000.0    110   25.8   22.5     82  17.50    165      4  298.9  350.2  302.1
  994.0    163   26.2   21.7     76  16.75    168      5  299.9  349.1  302.9
  979.0    297   25.3   21.5     80  16.80    175      6  300.2  349.7  303.2
  956.0    507   23.8   21.2     85  16.89    175      5  300.8  350.6  303.8
  946.0    599   23.5   19.8     80  15.62    175      4  301.4  347.6  304.2
  925.0    796   22.8   16.8     69  13.18    175      1  302.6  341.9  305.0
  914.0    900   22.3   16.1     68  12.75      0      0  303.2  341.2  305.5
  883.0   1201   21.0   14.1     65  11.56    300      1  304.8  339.6  306.9
  879.0   1241   20.8   13.8     64  11.41    302      1  305.0  339.4  307.1
  850.0   1531   19.2   11.2     60   9.92    315      5  306.2  336.4  308.1
  800.0   2050   16.0    5.0     48   6.88    315      5  308.2  329.5  309.5
  795.0   2103   15.7    4.6     48   6.74    315      5  308.5  329.4  309.7
  768.0   2395   14.3    2.5     45   6.01    345      6  310.0  328.9  311.1
  759.0   2495   13.8    1.8     44   5.77    350      6  310.5  328.7  311.6
  741.0   2697   12.8    3.0     51   6.43      0      6  311.5  331.8  312.7
  700.0   3174   10.4    5.7     73   8.27     25      7  314.0  340.1  315.5
  698.0   3198   10.2    6.0     75   8.47     26      7  314.0  340.7  315.6
  554.0   5093    0.0   -7.0     59   4.11     76      4  323.4  337.2  324.2
  533.0   5401   -1.9   -8.5     61   3.78     85      4  324.6  337.5  325.4
  513.0   5706   -3.8  -10.1     62   3.48     60      3  325.9  337.9  326.6
  500.0   5910   -5.1  -11.1     63   3.29     70      3  326.8  338.1  327.4
  476.0   6296   -7.5  -14.5     57   2.63     51      3  328.4  337.6  328.9
  475.0   6312   -7.6  -14.7     57   2.60     50      3  328.5  337.6  329.0
  457.0   6612   -9.7  -17.6     53   2.12     75      3  329.6  337.1  330.0
  455.0   6646   -9.9  -17.9     52   2.07     73      3  329.7  337.1  330.1
  440.0   6904  -12.1  -16.9     67   2.33     60      3  330.1  338.3  330.5
  428.0   7116  -12.9  -19.9     56   1.85     92      5  331.7  338.4  332.0
  423.0   7205  -13.5  -19.8     59   1.89    105      6  332.1  338.9  332.4
  400.0   7630  -16.1  -19.5     75   2.05     80      7  334.0  341.4  334.4
  391.0   7800  -17.6  -20.0     81   2.01     85      7  334.3  341.6  334.7
  378.0   8052  -19.7  -20.7     92   1.96     85      7  334.7  341.8  335.1
  361.0   8391  -21.3  -25.0     72   1.40     85      7  337.0  342.2  337.3
  348.0   8661  -22.5  -28.5     58   1.05     59      7  338.9  342.9  339.1
  332.0   9000  -25.2  -31.5     56   0.83     25      7  339.8  343.1  340.0
  306.0   9587  -29.8  -36.6     51   0.54     60      4  341.4  343.5  341.5
  300.0   9730  -30.9  -37.9     50   0.49     50      5  341.7  343.7  341.8
  293.0   9894  -32.3  -38.9     52   0.45     55      5  342.1  343.9  342.2
  269.0  10486  -37.2  -42.3     59   0.34     80     10  343.3  344.8  343.4
  256.0  10829  -40.1  -44.3     64   0.29     77     15  344.0  345.2  344.0
  250.0  10990  -41.5                          75     17  344.2         344.2
  200.0  12460  -54.3                          75     27  346.6         346.6
  191.0  12754  -56.9                          78     26  347.0         347.0
  187.0  12885  -57.8                          80     26  347.8         347.8
  154.0  14087  -65.6                          60     25  354.1         354.1
  150.0  14250  -66.7                          50     17  355.0         355.0
  146.0  14410  -67.8                          35      9  355.8         355.8
  139.0  14700  -69.9                          35      5  357.1         357.1
  132.0  15005  -72.1                         325      2  358.5         358.5
  126.0  15279  -74.1                         315      5  359.7         359.7
  119.0  15617  -76.5                         340      6  361.2         361.2
  118.0  15667  -76.9                         320      7  361.4         361.4
  113.0  15914  -77.9                         220     10  364.0         364.0
  108.0  16172  -79.0                         200     17  366.8         366.8
  102.0  16498  -80.3                         205     13  370.2         370.2
  100.0  16610  -80.1                         210     10  372.7         372.7
   97.0  16783  -79.6                         235      9  376.9         376.9
   79.8  17893  -76.5                         253     18  405.0         405.0
   78.0  18023  -77.0                         255     19  406.6         406.6
   71.6  18512  -78.7                         271     28  413.0         413.0
   70.0  18640  -78.7                         275     30  415.7         415.7
   67.0  18891  -77.8                         280     26  422.9         422.9
   63.1  19234  -76.5                         269     25  433.1         433.1
   60.0  19527  -73.7                         260     24  445.6         445.6
   58.3  19694  -72.1                         260     23  452.9         452.9
   56.3  19903  -66.1                         260     21  471.1         471.1
   52.0  20383  -66.9                         260     17  480.0         480.0
   50.9  20512  -67.1                         265     15  482.5         482.5
   50.0  20620  -66.9                         270     13  485.4         485.4
   47.6  20920  -62.5                         302     16  502.8         502.8
   47.0  20999  -62.2                         310     17  505.3         505.3
   43.9  21422  -60.7                         295     25  519.0         519.0
   39.4  22090  -63.5                         272     37  528.2         528.2
   39.0  22153  -63.2                         270     38  530.6         530.6
   35.0  22825  -59.7                         260     27  556.4         556.4
   34.4  22932  -59.1                         261     27  560.6         560.6
   30.0  23790  -58.9                         265     30  583.5         583.5
   25.1  24905  -59.5                         201     26  612.3         612.3
   25.0  24930  -59.5                         200     26  613.0         613.0
   22.6  25562  -58.7                         139     29  633.3         633.3
   21.1  25997  -54.3                          98     31  659.1         659.1
   21.0  26027  -54.2                          95     31  660.2         660.2
   20.0  26340  -53.5                          90     35  671.7         671.7
   18.7  26773  -52.9                          78     40  686.6         686.6
   18.2  26948  -50.9                          73     43  698.2         698.2
   17.0  27395  -49.9                          60     48  715.1         715.1
   15.0  28215  -48.1                          75     38  747.1         747.1
   14.8  28303  -47.9                          78     40  750.7         750.7
   14.0  28668  -48.6                          90     49  760.2         760.2
   13.3  29005  -49.3                                     769.1         769.1
</PRE><H3>Station information and sounding indices</H3><PRE>
                         Station identifier: WAAA
                             Station number: 97180
                           Observation time: 170501/0000
                           Station latitude: -5.06
                          Station longitude: 119.55
                          Station elevation: 14.0
                            Showalter index: 3.31
                               Lifted index: -1.94
    LIFT computed using virtual temperature: -2.41
                                SWEAT index: 147.38
                                    K index: 30.80
                         Cross totals index: 16.30
                      Vertical totals index: 24.30
                        Totals totals index: 40.60
      Convective Available Potential Energy: 745.46
             CAPE using virtual temperature: 871.34
                      Convective Inhibition: -98.36
             CINS using virtual temperature: -48.73
                           Equilibrum Level: 178.13
 Equilibrum Level using virtual temperature: 177.76
                   Level of Free Convection: 699.92
             LFCT using virtual temperature: 821.76
                     Bulk Richardson Number: 132.22
          Bulk Richardson Number using CAPV: 154.55
  Temp [K] of the Lifted Condensation Level: 294.12
Pres [hPa] of the Lifted Condensation Level: 935.75
     Mean mixed layer potential temperature: 299.77
              Mean mixed layer mixing ratio: 17.03
              1000 hPa to 500 hPa thickness: 5800.00
Precipitable water [mm] for entire sounding: 49.59
</PRE>
<P>Description of the 
<A HREF="/upperair/columns.html">data columns</A>
or <A HREF="/upperair/indices.html">sounding indices</A>.

<P>
<FORM>
<INPUT CLASS="button" TYPE="button" VALUE=" Close this window " 
 onClick="window.close();">
<INPUT CLASS="button" TYPE="button" VALUE=" Select another map " 
 onClick="window.blur();">
</FORM>
<HR SIZE="1">
<I>Interested in graduate studies in atmospheric science?
Check out our program at the
<a href="http://www.uwyo.edu/atsc/howtoapply/"
target=_top>University of Wyoming
</a></I>
<HR SIZE="1"><FONT SIZE="-1">
Questions about the weather data provided by this site can be
addressed to <A HREF="mailto:ldoolman@uwyo.edu">
Larry Oolman (ldoolman@uwyo.edu)</A></FONT>
<HR SIZE="1">
<SCRIPT TYPE="text/javascript">
<!--
window.focus();
// -->
</SCRIPT>
</BODY>
</HTML>
