2017-02-27 00
<HTML>
<TITLE>University of Wyoming - Radiosonde Data</TITLE>
<LINK REL="StyleSheet" HREF="/resources/select.css" TYPE="text/css">
<BODY BGCOLOR="white">
<H2>97180 WAAA Ujung Pandang Observations at 00Z 27 Feb 2017</H2>
<PRE>
-----------------------------------------------------------------------------
   PRES   HGHT   TEMP   DWPT   RELH   MIXR   DRCT   SKNT   THTA   THTE   THTV
    hPa     m      C      C      %    g/kg    deg   knot     K      K      K 
-----------------------------------------------------------------------------
 1010.0     14   26.4   25.4     94  20.73      0      0  298.7  359.4  302.4
 1009.0     22   25.2   20.8     77  15.58      5      0  297.6  342.9  300.4
 1000.0     95   25.4   20.4     74  15.33     50      4  298.6  343.4  301.3
  999.0    104   25.6   20.6     74  15.54     47      4  298.8  344.3  301.6
  977.0    298   24.4   21.5     84  16.84    350      7  299.5  348.9  302.5
  970.0    361   24.0   21.8     88  17.28    352      7  299.8  350.5  302.8
  944.0    597   23.0   18.6     76  14.50      0      8  301.0  343.9  303.6
  925.0    774   22.2   16.2     69  12.68      5      8  302.0  339.7  304.3
  917.0    849   22.0   15.0     64  11.83      5      7  302.6  337.8  304.7
  912.0    897   21.7   14.9     65  11.81      5      7  302.7  338.0  304.9
  881.0   1194   19.8   14.3     70  11.73    350      5  303.7  338.9  305.9
  850.0   1503   17.8   13.6     76  11.65    285      3  304.8  339.8  306.9
  821.0   1798   15.8   11.9     77  10.75    230      3  305.8  338.3  307.7
  793.0   2093   13.9   10.1     78   9.91    300      2  306.7  336.9  308.5
  775.0   2289   12.6    9.0     79   9.38    338      2  307.3  336.0  309.1
  765.0   2398   12.6    8.1     74   8.90      0      2  308.5  335.9  310.1
  750.0   2565   12.6    6.6     67   8.21     41      5  310.2  335.8  311.8
  738.0   2700   12.0    6.0     67   8.00     75      7  311.0  336.0  312.5
  712.0   3001   10.6    4.6     66   7.54    345      2  312.7  336.5  314.1
  700.0   3143   10.0    4.0     66   7.33    345      4  313.5  336.7  314.9
  687.0   3296    9.2    3.4     67   7.14     35      7  314.3  336.9  315.6
  662.0   3598    7.5    2.1     69   6.76     45     12  315.7  337.4  317.0
  638.0   3899    5.8    0.8     70   6.41     20     12  317.2  337.8  318.4
  615.0   4199    4.2   -0.4     72   6.06    350      8  318.6  338.3  319.8
  593.0   4496    2.5   -1.7     74   5.73    315     11  320.0  338.8  321.1
  571.0   4804    0.8   -3.0     76   5.40      5      6  321.5  339.4  322.6
  561.0   4948    0.0   -3.6     77   5.26    351      6  322.2  339.6  323.2
  550.0   5105   -0.9   -4.5     77   5.02    335      6  322.9  339.7  323.9
  530.0   5398   -2.6   -6.1     77   4.61    240      2  324.3  339.8  325.2
  510.0   5703   -4.4   -7.7     77   4.21    245      2  325.8  340.1  326.6
  500.0   5860   -5.3   -8.6     78   4.02    190      1  326.5  340.2  327.3
  491.0   6002   -6.0   -9.7     75   3.75    195      1  327.3  340.2  328.1
  473.0   6294   -7.6  -12.0     71   3.25    340      1  328.9  340.2  329.6
  469.0   6361   -7.9  -12.5     70   3.14      4      2  329.3  340.3  329.9
  455.0   6594   -9.5  -13.6     72   2.96     90      5  330.2  340.6  330.8
  416.0   7283  -14.1  -16.8     80   2.48    131      7  332.8  341.7  333.3
  404.0   7505  -15.1  -18.4     76   2.22    145      8  334.3  342.3  334.7
  400.0   7580  -15.5  -19.0     75   2.14    140      8  334.8  342.5  335.2
  388.0   7807  -17.2  -21.0     72   1.86    115      8  335.5  342.3  335.9
  357.0   8426  -21.7  -26.4     66   1.25    110      8  337.5  342.2  337.8
  330.0   8998  -26.2  -29.9     71   0.98    105      8  338.9  342.7  339.1
  324.0   9131  -27.3  -30.7     73   0.92    108      9  339.2  342.8  339.4
  306.0   9540  -29.9  -35.9     56   0.59    119     12  341.2  343.5  341.3
  304.0   9586  -30.3  -36.0     58   0.59    120     12  341.3  343.6  341.4
  300.0   9680  -31.1  -36.1     61   0.59    120     12  341.4  343.8  341.6
  292.0   9872  -32.7  -36.6     68   0.57    116     13  341.8  344.1  341.9
  275.0  10293  -35.5  -42.5     49   0.33    108     16  343.7  345.0  343.7
  256.0  10788  -40.1  -46.1     53   0.24     98     20  344.0  345.0  344.0
  250.0  10950  -41.5                          95     21  344.2         344.2
  234.0  11386  -45.2                         100     23  345.2         345.2
  200.0  12420  -53.9                          95     24  347.2         347.2
  177.0  13176  -60.4                          90     37  348.9         348.9
  150.0  14200  -69.3                          85     48  350.5         350.5
  131.0  14993  -76.1                          75     48  352.2         352.2
  119.0  15541  -80.1                          78     47  354.6         354.6
  112.0  15881  -81.5                          80     47  358.3         358.3
  109.0  16034  -82.1                          76     42  359.9         359.9
  100.0  16520  -77.9                          65     27  377.0         377.0
   95.0  16813  -79.2                          80     13  380.1         380.1
   91.0  17058  -80.2                         115     12  382.7         382.7
   89.2  17172  -80.7                         120     11  383.9         383.9
   86.0  17379  -80.7                         170     11  387.9         387.9
   82.2  17635  -80.7                         140     10  393.0         393.0
   81.0  17720  -80.1                         130     10  395.8         395.8
   77.0  18011  -78.0                         325      6  405.9         405.9
   72.3  18372  -75.5                         295     17  418.7         418.7
   70.0  18560  -76.1                         280     23  421.3         421.3
   66.0  18900  -75.8                         290     12  429.1         429.1
   63.2  19150  -75.5                         360      9  435.1         435.1
   63.0  19169  -75.2                           5      9  436.0         436.0
   60.0  19455  -71.2                         315     16  451.1         451.1
   59.2  19533  -70.1                         307     18  455.4         455.4
   57.0  19758  -70.2                         285     22  460.1         460.1
   54.4  20035  -70.3                         285     22  466.1         466.1
   51.0  20422  -67.8                         285     21  480.4         480.4
   50.0  20540  -67.1                         265     22  484.9         484.9
   49.5  20601  -65.7                         255     24  489.6         489.6
   49.0  20663  -65.7                         245     26  491.0         491.0
   42.3  21555  -66.3                         240     16  510.7         510.7
   42.0  21598  -66.2                         240     16  511.9         511.9
   40.0  21895  -65.7                         275     17  520.5         520.5
   36.9  22386  -64.7                         277     17  535.1         535.1
   33.7  22946  -60.3                         279     18  560.7         560.7
   33.0  23076  -60.4                         280     18  563.8         563.8
   31.0  23466  -60.7                         255     21  573.1         573.1
   30.0  23670  -60.9                         250     18  578.0         578.0
   29.7  23732  -61.1                         250     18  579.1         579.1
   29.0  23882  -60.3                         250     18  585.2         585.2
   26.4  24470  -57.3                         225     18  609.7         609.7
   25.0  24812  -59.2                         210     18  613.9         613.9
   24.9  24838  -59.3                         208     17  614.2         614.2
   24.0  25068  -59.2                         185      8  621.1         621.1
   23.3  25253  -59.1                         168      7  626.6         626.6
   22.0  25617  -54.5                         135      4  650.7         650.7
   21.9  25646  -54.1                         128      4  652.7         652.7
   21.0  25916  -53.4                          65      7  662.8         662.8
   20.0  26230  -52.5                           5      5  674.7         674.7
   19.0  26561  -52.6                           5      3  684.4         684.4
   18.0  26910  -52.7                                     694.7         694.7
</PRE><H3>Station information and sounding indices</H3><PRE>
                         Station identifier: WAAA
                             Station number: 97180
                           Observation time: 170227/0000
                           Station latitude: -5.06
                          Station longitude: 119.55
                          Station elevation: 14.0
                            Showalter index: 1.66
                               Lifted index: -1.10
    LIFT computed using virtual temperature: -1.36
                                SWEAT index: 170.17
                                    K index: 30.70
                         Cross totals index: 18.90
                      Vertical totals index: 23.10
                        Totals totals index: 42.00
      Convective Available Potential Energy: 260.58
             CAPE using virtual temperature: 341.53
                      Convective Inhibition: -65.55
             CINS using virtual temperature: -42.91
                           Equilibrum Level: 224.21
 Equilibrum Level using virtual temperature: 224.09
                   Level of Free Convection: 809.81
             LFCT using virtual temperature: 831.05
                     Bulk Richardson Number: 1979.99
          Bulk Richardson Number using CAPV: 2595.08
  Temp [K] of the Lifted Condensation Level: 293.29
Pres [hPa] of the Lifted Condensation Level: 931.36
     Mean mixed layer potential temperature: 299.33
              Mean mixed layer mixing ratio: 16.25
              1000 hPa to 500 hPa thickness: 5765.00
Precipitable water [mm] for entire sounding: 52.99
</PRE>
<P>Description of the 
<A HREF="/upperair/columns.html">data columns</A>
or <A HREF="/upperair/indices.html">sounding indices</A>.

<P>
<FORM>
<INPUT CLASS="button" TYPE="button" VALUE=" Close this window " 
 onClick="window.close();">
<INPUT CLASS="button" TYPE="button" VALUE=" Select another map " 
 onClick="window.blur();">
</FORM>
<HR SIZE="1">
<I>Interested in graduate studies in atmospheric science?
Check out our program at the
<a href="http://www.uwyo.edu/atsc/howtoapply/"
target=_top>University of Wyoming
</a></I>
<HR SIZE="1"><FONT SIZE="-1">
Questions about the weather data provided by this site can be
addressed to <A HREF="mailto:ldoolman@uwyo.edu">
Larry Oolman (ldoolman@uwyo.edu)</A></FONT>
<HR SIZE="1">
<SCRIPT TYPE="text/javascript">
<!--
window.focus();
// -->
</SCRIPT>
</BODY>
</HTML>
