2016-03-11 12
<HTML>
<TITLE>University of Wyoming - Radiosonde Data</TITLE>
<LINK REL="StyleSheet" HREF="/resources/select.css" TYPE="text/css">
<BODY BGCOLOR="white">
<H2>97180 WAAA Ujung Pandang Observations at 00Z 11 Mar 2016</H2>
<PRE>
-----------------------------------------------------------------------------
   PRES   HGHT   TEMP   DWPT   RELH   MIXR   DRCT   SKNT   THTA   THTE   THTV
    hPa     m      C      C      %    g/kg    deg   knot     K      K      K 
-----------------------------------------------------------------------------
 1011.0     14   25.4   23.5     89  18.42      0      0  297.6  351.2  300.9
 1003.0     81   26.0   22.7     82  17.67      0      0  298.9  350.6  302.1
 1000.0    107   27.4   23.2     78  18.28      0      0  300.6  354.4  303.8
  994.0    161   28.0   23.0     74  18.17     23      1  301.7  355.5  304.9
  979.0    295   27.0   22.5     77  17.90     80      2  302.0  355.1  305.2
  946.0    598   24.7   21.4     82  17.31    320      2  302.6  354.1  305.7
  925.0    796   23.2   20.7     86  16.92      0      0  303.0  353.4  306.1
  914.0    900   22.6   20.0     85  16.42      0      0  303.4  352.4  306.4
  883.0   1200   20.9   18.1     84  15.05    210      2  304.7  349.8  307.4
  853.0   1501   19.2   16.2     83  13.76    235      2  305.9  347.4  308.4
  850.0   1532   19.0   16.0     83  13.64    245      2  306.0  347.2  308.5
  824.0   1797   17.7   15.0     84  13.17    315      2  307.4  347.3  309.8
  795.0   2103   16.1   13.8     86  12.64    110      2  308.9  347.5  311.2
  768.0   2398   14.6   12.7     88  12.14    125      2  310.3  347.6  312.6
  757.0   2522   14.0   12.2     89  11.93    101      2  310.9  347.7  313.1
  741.0   2701   13.2   10.7     85  11.02     65      2  311.9  346.1  314.0
  700.0   3180   11.0    6.7     75   8.87    150      4  314.6  342.6  316.3
  690.0   3298   10.3    6.0     74   8.56    165      4  315.2  342.3  316.8
  666.0   3588    8.7    4.2     74   7.83    120      8  316.5  341.5  318.0
  619.0   4188    5.2    0.6     72   6.47    130      6  319.3  340.3  320.5
  597.0   4484    3.5   -1.3     71   5.88    110      8  320.6  339.9  321.8
  563.0   4965    0.8   -4.2     69   5.01    126      5  322.8  339.5  323.8
  554.0   5094    0.0   -3.2     79   5.49    130      4  323.4  341.6  324.4
  507.0   5800   -3.3  -11.3     54   3.20    134      4  327.6  338.7  328.3
  501.0   5894   -3.9   -9.9     63   3.62    135      4  328.0  340.5  328.8
  500.0   5910   -4.1  -12.1     54   3.04    135      4  328.0  338.6  328.6
  495.0   5990   -4.5  -12.5     54   2.97    140      4  328.4  338.8  329.0
  493.0   6022   -4.7  -12.7     54   2.94    141      4  328.6  338.8  329.1
  483.0   6183   -5.9   -8.5     82   4.19    143      7  329.0  343.4  329.9
  465.0   6480   -8.7  -13.0     71   3.04    148     10  329.1  339.7  329.7
  458.0   6598   -9.2  -12.0     80   3.35    150     12  330.0  341.6  330.6
  447.0   6787   -9.9  -10.4     96   3.90    140     12  331.4  344.9  332.1
  427.0   7141  -11.9  -12.9     92   3.34    120     13  333.2  344.9  333.8
  426.0   7159  -12.1  -16.5     70   2.49    119     13  333.1  342.0  333.6
  412.0   7415  -13.5  -14.5     92   3.04    105     14  334.5  345.3  335.1
  407.0   7508  -14.1  -15.0     92   2.94    100     14  334.9  345.4  335.5
  400.0   7640  -14.9  -15.8     93   2.81     90     14  335.5  345.6  336.1
  376.0   8094  -18.0  -19.1     91   2.25     80     10  337.4  345.7  337.9
  361.0   8392  -20.0  -21.3     89   1.94     90     10  338.6  345.8  339.0
  333.0   8985  -24.1  -25.7     87   1.43     60     17  341.0  346.4  341.3
  300.0   9750  -29.3  -31.3     83   0.94     80     23  344.0  347.6  344.2
  283.0  10165  -32.3  -34.7     79   0.71     84     24  345.4  348.3  345.6
  258.0  10810  -37.2  -40.4     72   0.44     90     25  347.4  349.3  347.5
  250.0  11030  -38.9  -42.3     70   0.37     90     25  348.1  349.6  348.2
  245.0  11168  -40.1  -43.6     69   0.33     90     26  348.3  349.7  348.4
  200.0  12520  -51.5                          85     35  351.1         351.1
  197.0  12615  -52.3                          85     35  351.3         351.3
  150.0  14320  -66.5                          75     29  355.3         355.3
  133.0  15031  -71.7                          75     25  358.6         358.6
  121.0  15590  -75.7                          93     13  361.0         361.0
  120.0  15637  -75.9                          95     12  361.6         361.6
  114.0  15931  -76.9                         125     10  365.0         365.0
  108.0  16241  -78.0                         130     10  368.7         368.7
  103.0  16513  -78.9                          44      6  371.9         371.9
  100.0  16680  -80.1                         350      4  372.7         372.7
   98.0  16791  -80.8                         310      4  373.6         373.6
   88.0  17383  -84.4                         105      8  377.9         377.9
   78.0  18046  -88.5                          95     23  382.8         382.8
   75.7  18211  -89.5                          85     27  383.9         383.9
   74.0  18334  -88.0                          80     29  389.6         389.6
   72.1  18474  -86.3                         106     23  396.1         396.1
   70.4  18607  -77.7                         129     18  417.2         417.2
   70.0  18640  -77.5                         135     17  418.3         418.3
   67.0  18893  -75.4                         185     16  428.1         428.1
   66.9  18902  -75.3                         185     16  428.5         428.5
   60.0  19530  -77.1                         175      8  437.9         437.9
   58.7  19657  -77.5                         184      5  439.8         439.8
   57.0  19828  -76.5                         195      2  445.7         445.7
   54.0  20142  -74.8                         345     10  456.7         456.7
   51.0  20475  -72.9                         285      6  468.5         468.5
   50.0  20590  -72.3                         225     12  472.7         472.7
   49.8  20614  -71.9                         215     13  474.2         474.2
   49.0  20709  -71.9                         175     16  476.4         476.4
   44.0  21344  -71.7                         115     25  491.7         491.7
   42.7  21521  -71.7                         112     27  496.0         496.0
   41.2  21734  -68.7                         108     28  508.6         508.6
   37.4  22315  -67.9                          99     33  524.9         524.9
   36.0  22548  -63.3                          95     35  542.6         542.6
   35.6  22616  -61.9                          96     33  547.9         547.9
   35.0  22723  -56.7                          97     29  564.1         564.1
   34.0  22907  -56.8                         100     23  568.6         568.6
   33.0  23096  -56.9                          80     14  573.2         573.2
   30.0  23700  -57.1                         350     16  588.4         588.4
   29.0  23913  -57.3                         305     17  593.6         593.6
   26.0  24600  -57.9                         275     19  610.7         610.7
   25.0  24847  -58.1                         245      8  617.0         617.0
   24.0  25103  -58.3                         160      4  623.6         623.6
   23.0  25371  -58.5                         300     12  630.6         630.6
   21.0  25943  -59.0                         305     12  645.7         645.7
   20.0  26250  -59.3                         280      8  653.9         653.9
   18.0  26908  -60.5                         280     16  670.1         670.1
   17.0  27266  -59.2                         265      8  685.2         685.2
   16.0  27645  -57.9                          45      8  701.5         701.5
   15.3  27932  -50.9                          66     14  733.7         733.7
   15.0  28062  -50.5                          75     17  739.2         739.2
   13.0  29001  -47.5                          95     49  780.2         780.2
   12.6  29206  -46.9                                     789.5         789.5
</PRE><H3>Station information and sounding indices</H3><PRE>
                         Station identifier: WAAA
                             Station number: 97180
                           Observation time: 160311/0000
                           Station latitude: -5.06
                          Station longitude: 119.55
                          Station elevation: 14.0
                            Showalter index: -0.02
                               Lifted index: -2.48
    LIFT computed using virtual temperature: -3.10
                                SWEAT index: 200.00
                                    K index: 34.80
                         Cross totals index: 20.10
                      Vertical totals index: 23.10
                        Totals totals index: 43.20
      Convective Available Potential Energy: 981.40
             CAPE using virtual temperature: 1098.84
                      Convective Inhibition: -41.51
             CINS using virtual temperature: -29.85
                           Equilibrum Level: 168.34
 Equilibrum Level using virtual temperature: 166.47
                   Level of Free Convection: 805.35
             LFCT using virtual temperature: 851.05
                     Bulk Richardson Number: 1351.23
          Bulk Richardson Number using CAPV: 1512.92
  Temp [K] of the Lifted Condensation Level: 294.75
Pres [hPa] of the Lifted Condensation Level: 926.35
     Mean mixed layer potential temperature: 301.28
              Mean mixed layer mixing ratio: 17.90
              1000 hPa to 500 hPa thickness: 5803.00
Precipitable water [mm] for entire sounding: 63.27
</PRE>
<P>Description of the 
<A HREF="/upperair/columns.html">data columns</A>
or <A HREF="/upperair/indices.html">sounding indices</A>.

<P>
<FORM>
<INPUT CLASS="button" TYPE="button" VALUE=" Close this window " 
 onClick="window.close();">
<INPUT CLASS="button" TYPE="button" VALUE=" Select another map " 
 onClick="window.blur();">
</FORM>
<HR SIZE="1">
<I>Interested in graduate studies in atmospheric science?
Check out our program at the
<a href="http://www.uwyo.edu/atsc/howtoapply/"
target=_top>University of Wyoming
</a></I>
<HR SIZE="1"><FONT SIZE="-1">
Questions about the weather data provided by this site can be
addressed to <A HREF="mailto:ldoolman@uwyo.edu">
Larry Oolman (ldoolman@uwyo.edu)</A></FONT>
<HR SIZE="1">
<SCRIPT TYPE="text/javascript">
<!--
window.focus();
// -->
</SCRIPT>
</BODY>
</HTML>
