2018-07-10 00
<HTML>
<TITLE>University of Wyoming - Radiosonde Data</TITLE>
<LINK REL="StyleSheet" HREF="/resources/select.css" TYPE="text/css">
<BODY BGCOLOR="white">
<H2>97180 WAAA Ujung Pandang Observations at 00Z 10 Jul 2018</H2>
<PRE>
-----------------------------------------------------------------------------
   PRES   HGHT   TEMP   DWPT   RELH   MIXR   DRCT   SKNT   THTA   THTE   THTV
    hPa     m      C      C      %    g/kg    deg   knot     K      K      K 
-----------------------------------------------------------------------------
 1010.0     14   23.0   18.2     74  13.19      0      0  295.3  333.4  297.6
 1009.0     22   24.0   16.0     61  11.46      8      1  296.4  329.7  298.4
 1007.0     39   25.2   16.2     57  11.63     24      4  297.8  331.8  299.8
 1000.0     98   26.0   15.0     51  10.83     80     13  299.1  331.1  301.1
  999.0    107   26.0   15.0     51  10.84     80     13  299.2  331.2  301.2
  977.0    301   24.9   13.6     49  10.12     85     16  300.0  330.0  301.9
  925.0    778   22.2   10.2     46   8.51     90     20  302.0  327.6  303.6
  912.0    900   21.5    9.8     47   8.37     85     20  302.5  327.7  304.1
  869.0   1315   19.2    8.2     49   7.91     51     11  304.3  328.4  305.8
  850.0   1504   17.6    7.6     52   7.76     35      7  304.6  328.2  306.0
  821.0   1799   15.4    6.6     56   7.50     25      7  305.3  328.2  306.7
  792.0   2105   13.2    5.5     60   7.23    325      3  306.1  328.3  307.4
  777.0   2267   12.0    5.0     62   7.09    336      5  306.5  328.3  307.8
  770.0   2343   11.4    5.4     67   7.36    341      6  306.6  329.2  308.0
  766.0   2387   12.4   -0.6     41   4.80    344      7  308.1  323.3  309.0
  765.0   2398   12.4   -1.0     40   4.68    345      7  308.2  323.0  309.1
  748.0   2587   11.8   -7.2     26   2.99     10      6  309.6  319.3  310.2
  738.0   2700   12.3  -12.4     17   2.01     25      6  311.4  318.1  311.8
  722.0   2884   13.2  -20.8      8   1.02     65      6  314.3  317.9  314.5
  719.0   2919   13.4  -24.6      5   0.73     72      6  314.9  317.5  315.0
  712.0   3001   12.9  -26.6      5   0.62     90      6  315.2  317.4  315.3
  700.0   3144   12.0  -30.0      4   0.46    105      7  315.7  317.4  315.8
  616.0   4197    3.9  -24.0     11   0.90    150     22  318.2  321.4  318.4
  611.0   4264    3.4  -23.6     12   0.94    150     21  318.4  321.7  318.5
  604.0   4358    2.8  -25.2     11   0.82    150     20  318.7  321.7  318.9
  594.0   4493    4.0  -34.0      4   0.36    150     19  321.6  323.0  321.7
  553.0   5070    0.0  -33.0      6   0.43    150     13  323.5  325.2  323.6
  500.0   5870   -4.9  -40.9      4   0.22    150      4  327.0  327.9  327.0
  492.0   5997   -5.5  -40.7      4   0.22    125      4  327.7  328.6  327.8
  490.0   6029   -5.7  -40.7      4   0.22    119      4  327.9  328.8  328.0
  473.0   6303   -7.5  -30.9     14   0.62     70      7  329.0  331.4  329.1
  457.0   6571   -9.3  -21.3     37   1.54     61     13  330.0  335.6  330.3
  455.0   6605   -9.4  -22.8     33   1.36     60     14  330.2  335.2  330.5
  439.0   6881  -10.7  -34.7     12   0.46     93     16  332.1  333.9  332.1
  438.0   6899  -10.8  -34.9     12   0.45     95     16  332.1  333.9  332.2
  410.0   7403  -14.3  -39.3     10   0.31    102     20  333.9  335.2  334.0
  400.0   7590  -14.9  -45.9      5   0.16    105     22  335.5  336.2  335.6
  380.0   7978  -16.1  -49.1      4   0.12    102     22  338.9  339.4  338.9
  346.0   8678  -20.3  -49.3      6   0.12     96     23  342.4  343.0  342.4
  318.0   9294  -24.8  -53.8      5   0.08     90     24  344.5  344.9  344.6
  300.0   9720  -27.9  -56.9      5   0.06     80     21  345.9  346.2  345.9
  269.0  10486  -34.5  -59.9      6   0.04     85     23  347.3  347.5  347.3
  250.0  11000  -38.9  -61.9      7   0.04     90     21  348.1  348.3  348.1
  246.0  11110  -40.1  -62.1      8   0.04     87     21  347.9  348.1  347.9
  235.0  11413  -42.9                          80     22  348.3         348.3
  200.0  12480  -52.7                          60     30  349.1         349.1
  158.0  13949  -66.3                          55     39  350.4         350.4
  154.0  14102  -67.7                          55     40  350.7         350.7
  150.0  14260  -69.1                          55     43  350.9         350.9
  132.0  15013  -74.6                          50     61  354.1         354.1
  131.0  15058  -74.9                          52     60  354.3         354.3
  122.0  15471  -75.3                          73     53  360.9         360.9
  102.0  16488  -82.5                         125     34  366.0         366.0
  100.0  16600  -83.3                         120     33  366.5         366.5
   98.1  16706  -84.1                         115     33  367.0         367.0
   97.0  16769  -84.0                         110     33  368.3         368.3
   94.9  16890  -83.9                         118     30  370.9         370.9
   90.3  17169  -77.7                         136     24  388.5         388.5
   87.0  17385  -76.6                         150     20  395.0         395.0
   78.0  18019  -73.2                          70     15  414.4         414.4
   73.3  18380  -71.3                          87     13  425.9         425.9
   70.0  18650  -73.5                         100     11  426.8         426.8
   69.1  18726  -73.9                          97     11  427.5         427.5
   67.0  18906  -73.8                          90     11  431.6         431.6
   64.0  19174  -73.6                          50      5  437.6         437.6
   61.6  19397  -73.5                          90      5  442.7         442.7
   61.0  19456  -72.6                         100      5  445.8         445.8
   57.0  19859  -66.7                         100     16  468.0         468.0
   52.0  20420  -63.9                         100     30  487.1         487.1
   50.1  20648  -62.7                         100     33  495.0         495.0
   50.0  20660  -62.5                         100     33  495.8         495.8
   44.1  21432  -62.9                          91     42  512.9         512.9
   42.2  21704  -60.3                          87     45  525.8         525.8
   41.0  21884  -60.4                          85     47  530.0         530.0
   35.0  22866  -60.9                          82     48  553.1         553.1
   30.0  23830  -57.5                          80     49  587.3         587.3
   27.4  24405  -54.1                          84     52  612.2         612.2
   27.0  24499  -54.0                          85     52  615.0         615.0
   22.2  25754  -52.9                          98     45  653.7         653.7
   20.0  26430  -49.5                         105     41  683.9         683.9
   19.0  26767  -48.2                         105     40  698.1         698.1
   18.0  27122  -46.8                         100     33  713.3         713.3
   17.8  27195  -46.5                         117     30  716.5         716.5
   17.0  27501  -45.5                         185     17  729.2         729.2
   15.8  27988  -43.9                         203     18  749.9         749.9
   15.1  28292  -43.1                         213     18  762.3         762.3
   15.0  28336  -43.4                         215     18  762.8         762.8
   13.0  29282  -49.4                         265     23  773.9         773.9
   12.9  29333  -49.7                         270     15  774.5         774.5
   11.8  29922  -43.9                         274     17  815.1         815.1
   10.0  31030  -43.3                         280     20  856.8         856.8
    9.3  31521  -41.1                         314     14  883.1         883.1
    9.0                                       330     11                     
</PRE><H3>Station information and sounding indices</H3><PRE>
                         Station identifier: WAAA
                             Station number: 97180
                           Observation time: 180710/0000
                           Station latitude: -5.06
                          Station longitude: 119.55
                          Station elevation: 14.0
                            Showalter index: 7.31
                               Lifted index: 6.35
    LIFT computed using virtual temperature: 5.86
                                SWEAT index: 109.19
                                    K index: -11.90
                         Cross totals index: 12.50
                      Vertical totals index: 22.50
                        Totals totals index: 35.00
      Convective Available Potential Energy: 0.00
             CAPE using virtual temperature: 0.00
                      Convective Inhibition: 0.00
             CINS using virtual temperature: 0.00
                     Bulk Richardson Number: 0.00
          Bulk Richardson Number using CAPV: 0.00
  Temp [K] of the Lifted Condensation Level: 284.66
Pres [hPa] of the Lifted Condensation Level: 835.51
     Mean mixed layer potential temperature: 299.68
              Mean mixed layer mixing ratio: 10.34
              1000 hPa to 500 hPa thickness: 5772.00
Precipitable water [mm] for entire sounding: 24.23
</PRE>
<P>Description of the 
<A HREF="/upperair/columns.html">data columns</A>
or <A HREF="/upperair/indices.html">sounding indices</A>.

<P>
<FORM>
<INPUT CLASS="button" TYPE="button" VALUE=" Close this window " 
 onClick="window.close();">
<INPUT CLASS="button" TYPE="button" VALUE=" Select another map " 
 onClick="window.blur();">
</FORM>
<HR SIZE="1">
<I>Interested in graduate studies in atmospheric science?
Check out our program at the
<a href="http://www.uwyo.edu/atsc/howtoapply/"
target=_top>University of Wyoming
</a></I>
<HR SIZE="1"><FONT SIZE="-1">
Questions about the weather data provided by this site can be
addressed to <A HREF="mailto:ldoolman@uwyo.edu">
Larry Oolman (ldoolman@uwyo.edu)</A></FONT>
<HR SIZE="1">
<SCRIPT TYPE="text/javascript">
<!--
window.focus();
// -->
</SCRIPT>
</BODY>
</HTML>
