2018-02-05 00
<HTML>
<TITLE>University of Wyoming - Radiosonde Data</TITLE>
<LINK REL="StyleSheet" HREF="/resources/select.css" TYPE="text/css">
<BODY BGCOLOR="white">
<H2>97180 WAAA Ujung Pandang Observations at 00Z 05 Feb 2018</H2>
<PRE>
-----------------------------------------------------------------------------
   PRES   HGHT   TEMP   DWPT   RELH   MIXR   DRCT   SKNT   THTA   THTE   THTV
    hPa     m      C      C      %    g/kg    deg   knot     K      K      K 
-----------------------------------------------------------------------------
 1010.0     14   25.0   23.3     90  18.21    100      2  297.3  350.2  300.5
 1000.0    105   25.0   21.3     80  16.23     10      3  298.1  345.5  301.0
  990.0    194   25.8   21.1     75  16.19     17      3  299.8  347.4  302.7
  978.0    301   25.1   20.6     76  15.90     25      3  300.2  346.9  303.0
  945.0    601   23.2   19.2     78  15.10    245      3  301.2  345.8  303.9
  925.0    789   22.0   18.4     80  14.62    235      7  301.8  345.1  304.4
  850.0   1522   17.6   13.8     78  11.80    215     16  304.6  340.1  306.7
  823.0   1797   15.9   12.3     79  11.01    210     17  305.6  338.9  307.6
  788.0   2167   13.6   10.2     80  10.01    213     16  306.9  337.4  308.8
  700.0   3159    9.6    4.6     71   7.65    220     13  313.1  337.2  314.5
  624.0   4106    5.2   -0.8     65   5.82    238     14  318.5  337.4  319.6
  595.0   4491    2.9   -2.2     69   5.49    245     15  320.2  338.2  321.2
  561.0   4966    0.0   -4.0     74   5.10    219     12  322.2  339.1  323.2
  531.0   5403   -2.3   -6.4     73   4.48    195     10  324.5  339.6  325.4
  512.0   5692   -3.9   -8.1     73   4.10    215      9  326.0  339.9  326.8
  500.0   5880   -4.9   -9.1     72   3.86    220      7  327.0  340.2  327.8
  476.0   6267   -7.3  -12.1     69   3.19    220      5  328.7  339.8  329.3
  458.0   6568   -8.9  -16.9     52   2.24    220      4  330.3  338.3  330.8
  439.0   6896  -10.8  -18.8     52   1.99    220      2  332.0  339.2  332.4
  422.0   7201  -12.5  -20.5     51   1.78    115      2  333.5  340.0  333.9
  415.0   7329  -13.1  -24.1     39   1.32    135      2  334.3  339.3  334.6
  411.0   7403  -13.9  -21.9     51   1.62    147      2  334.2  340.2  334.6
  409.0   7441  -14.1  -22.1     51   1.60    153      3  334.4  340.3  334.8
  408.0   7459  -14.1  -26.1     36   1.12    156      3  334.7  338.9  334.9
  405.0   7515  -14.5  -24.5     42   1.31    165      3  334.9  339.7  335.1
  400.0   7610  -14.9  -24.9     42   1.28    180      3  335.5  340.3  335.8
  390.0   7799  -16.3  -25.8     44   1.20    205      5  336.2  340.7  336.4
  360.0   8397  -20.6  -28.7     48   1.00    210      2  338.2  342.0  338.4
  358.0   8438  -20.9  -28.9     49   0.99    203      2  338.3  342.1  338.5
  345.0   8709  -22.5  -34.2     34   0.62    160      3  339.7  342.1  339.8
  330.0   9035  -24.5  -40.5     21   0.34    141      4  341.3  342.7  341.4
  318.0   9301  -26.7  -41.1     24   0.33    125      4  341.9  343.3  342.0
  305.0   9601  -29.1  -41.8     28   0.32     80      5  342.6  343.9  342.6
  300.0   9720  -30.1  -42.1     30   0.32     75      5  342.8  344.1  342.9
  280.0  10201  -34.0  -44.8     33   0.25     35      5  344.1  345.2  344.1
  257.0  10798  -38.8  -48.2     36   0.19     75      6  345.5  346.4  345.6
  251.0  10963  -40.1  -49.1     38   0.17     75      6  345.9  346.7  345.9
  250.0  10990  -40.3                          75      6  346.0         346.0
  246.0  11096  -41.2                          70      6  346.2         346.2
  235.0  11398  -43.8                          15      5  346.9         346.9
  205.0  12297  -51.5                           5      7  348.6         348.6
  200.0  12460  -52.9                          10      6  348.8         348.8
  168.0  13566  -62.5                          60     18  350.7         350.7
  162.0  13788  -64.1                          70     20  351.6         351.6
  150.0  14260  -67.5                          70     29  353.6         353.6
  132.0  15004  -73.2                          70     27  356.7         356.7
  126.0  15274  -75.2                          45     14  357.7         357.7
  119.0  15607  -77.8                         330      6  358.9         358.9
  116.0  15755  -78.9                         289      8  359.5         359.5
  107.0  16210  -80.0                         160     14  365.8         365.8
  102.0  16479  -80.6                         120     22  369.6         369.6
  100.0  16590  -80.9                         105     20  371.2         371.2
   96.0  16819  -81.6                         115     17  374.2         374.2
   91.0  17120  -82.4                         135     25  378.3         378.3
   87.3  17353  -83.1                         120     26  381.4         381.4
   87.0  17372  -83.1                         120     25  381.8         381.8
   82.0  17702  -83.6                         135     10  387.2         387.2
   81.4  17743  -83.7                         133     10  387.9         387.9
   76.1  18120  -81.3                         110      9  400.5         400.5
   75.0  18202  -77.9                         105      8  409.3         409.3
   74.0  18280  -77.5                         100      8  411.6         411.6
   70.0  18600  -75.9                         295     13  421.7         421.7
   69.9  18608  -75.7                         294     13  422.3         422.3
   67.0  18853  -76.1                         275     12  426.6         426.6
   60.0  19489  -77.0                         290      7  438.2         438.2
   59.4  19547  -77.1                         275      7  439.2         439.2
   57.0  19788  -73.5                         215      6  452.7         452.7
   55.1  19986  -70.5                         197      9  463.9         463.9
   51.0  20443  -71.8                         155     17  471.3         471.3
   50.0  20560  -72.1                         145     19  473.2         473.2
   46.8  20947  -74.1                         145     13  477.4         477.4
   46.0  21049  -73.1                         145     12  482.1         482.1
   44.0  21311  -70.7                          75     13  494.2         494.2
   41.7  21629  -67.7                          80     20  509.3         509.3
   35.5  22609  -61.9                          94     41  548.3         548.3
   33.0  23058  -62.8                         100     50  557.6         557.6
   32.6  23133  -62.9                          99     51  559.1         559.1
   30.3  23588  -58.5                          91     58  582.9         582.9
   30.0  23650  -58.3                          90     59  585.1         585.1
   27.2  24264  -59.7                          93     65  597.8         597.8
   25.0  24794  -58.0                          95     70  617.4         617.4
   24.5  24921  -57.5                          95     70  622.1         622.1
   24.2  24998  -57.3                                     625.1         625.1
</PRE><H3>Station information and sounding indices</H3><PRE>
                         Station identifier: WAAA
                             Station number: 97180
                           Observation time: 180205/0000
                           Station latitude: -5.06
                          Station longitude: 119.55
                          Station elevation: 14.0
                            Showalter index: 1.97
                               Lifted index: -0.68
    LIFT computed using virtual temperature: -0.97
                                SWEAT index: 204.61
                                    K index: 31.30
                         Cross totals index: 18.70
                      Vertical totals index: 22.50
                        Totals totals index: 41.20
      Convective Available Potential Energy: 97.27
             CAPE using virtual temperature: 190.52
                      Convective Inhibition: -55.61
             CINS using virtual temperature: -40.91
                           Equilibrum Level: 339.70
 Equilibrum Level using virtual temperature: 297.03
                   Level of Free Convection: 810.79
             LFCT using virtual temperature: 834.78
                     Bulk Richardson Number: 4.56
          Bulk Richardson Number using CAPV: 8.93
  Temp [K] of the Lifted Condensation Level: 293.05
Pres [hPa] of the Lifted Condensation Level: 925.45
     Mean mixed layer potential temperature: 299.63
              Mean mixed layer mixing ratio: 16.10
              1000 hPa to 500 hPa thickness: 5775.00
Precipitable water [mm] for entire sounding: 53.35
</PRE>
<P>Description of the 
<A HREF="/upperair/columns.html">data columns</A>
or <A HREF="/upperair/indices.html">sounding indices</A>.

<P>
<FORM>
<INPUT CLASS="button" TYPE="button" VALUE=" Close this window " 
 onClick="window.close();">
<INPUT CLASS="button" TYPE="button" VALUE=" Select another map " 
 onClick="window.blur();">
</FORM>
<HR SIZE="1">
<I>Interested in graduate studies in atmospheric science?
Check out our program at the
<a href="http://www.uwyo.edu/atsc/howtoapply/"
target=_top>University of Wyoming
</a></I>
<HR SIZE="1"><FONT SIZE="-1">
Questions about the weather data provided by this site can be
addressed to <A HREF="mailto:ldoolman@uwyo.edu">
Larry Oolman (ldoolman@uwyo.edu)</A></FONT>
<HR SIZE="1">
<SCRIPT TYPE="text/javascript">
<!--
window.focus();
// -->
</SCRIPT>
</BODY>
</HTML>
