2017-03-31 00
<HTML>
<TITLE>University of Wyoming - Radiosonde Data</TITLE>
<LINK REL="StyleSheet" HREF="/resources/select.css" TYPE="text/css">
<BODY BGCOLOR="white">
<H2>97180 WAAA Ujung Pandang Observations at 00Z 31 Mar 2017</H2>
<PRE>
-----------------------------------------------------------------------------
   PRES   HGHT   TEMP   DWPT   RELH   MIXR   DRCT   SKNT   THTA   THTE   THTV
    hPa     m      C      C      %    g/kg    deg   knot     K      K      K 
-----------------------------------------------------------------------------
 1012.0     14   26.0   24.3     90  19.33    165      4  298.1  354.6  301.6
 1000.0    113   25.0   22.4     86  17.39    125      3  298.1  348.9  301.2
  979.0    301   24.1   21.6     86  16.88     45      1  299.0  348.4  302.1
  946.0    604   22.6   20.3     87  16.09    305      3  300.5  347.8  303.4
  925.0    802   21.6   19.4     87  15.58    290      7  301.4  347.5  304.2
  850.0   1530   17.4   15.6     89  13.29    270     10  304.4  344.2  306.8
  824.0   1794   15.9   14.0     88  12.38    265     11  305.5  342.8  307.8
  774.0   2325   13.0   10.9     87  10.69    268      9  307.9  340.5  309.9
  740.0   2701   11.7    7.8     77   9.05    270      7  310.4  338.5  312.1
  722.0   2908   11.0    6.1     72   8.24    301      6  311.9  337.6  313.4
  714.0   3000   10.3    6.2     76   8.38    315      5  312.1  338.3  313.6
  700.0   3165    9.0    6.3     83   8.63    300      5  312.4  339.4  314.0
  691.0   3273    8.8    6.2     84   8.68    293      5  313.4  340.6  315.0
  664.0   3598    7.1    3.6     79   7.54    270      6  315.0  338.9  316.4
  640.0   3899    5.5    1.3     74   6.59    275      7  316.6  337.7  317.8
  573.0   4803    0.8   -5.9     61   4.33    170      7  321.1  335.6  322.0
  563.0   4947    0.0   -7.0     59   4.04    171      7  321.9  335.4  322.7
  554.0   5076   -0.9   -8.9     55   3.54    172      6  322.3  334.3  323.0
  551.0   5119   -1.1  -11.1     47   2.99    173      6  322.6  332.8  323.1
  548.0   5163   -1.3  -12.3     43   2.73    173      6  322.8  332.2  323.4
  546.0   5192   -1.5  -12.5     43   2.69    173      6  322.9  332.2  323.4
  544.0   5221   -1.9  -11.9     46   2.84    174      6  322.8  332.5  323.3
  543.0   5236   -2.1   -6.6     71   4.32    174      6  322.7  337.2  323.6
  540.0   5280   -2.3   -5.1     81   4.87    174      5  323.0  339.2  323.9
  536.0   5339   -2.1   -9.1     59   3.60    175      5  323.9  336.1  324.6
  532.0   5399   -2.5   -9.1     61   3.63    175      5  324.1  336.4  324.8
  527.0   5474   -3.1   -9.1     63   3.66    170      5  324.3  336.7  325.0
  516.0   5641   -3.7  -13.7     46   2.59    160      5  325.5  334.5  326.0
  510.0   5734   -4.1  -12.1     54   2.98    155      6  326.1  336.4  326.7
  503.0   5843   -4.5  -20.5     27   1.50    148      6  326.9  332.3  327.2
  500.0   5890   -4.9  -19.9     30   1.59    145      6  327.0  332.7  327.3
  493.0   6001   -5.8  -18.6     36   1.80    135      6  327.3  333.7  327.6
  487.0   6097   -6.5  -17.5     41   2.00    143      5  327.5  334.6  327.9
  479.0   6226   -7.1  -23.1     27   1.25    154      3  328.3  332.9  328.6
  475.0   6291   -7.6  -20.4     35   1.60    160      2  328.5  334.3  328.8
  469.0   6390   -8.3  -16.3     53   2.30    110      2  328.8  336.9  329.3
  456.0   6607   -9.7  -19.0     47   1.88      0      1  329.7  336.4  330.1
  449.0   6727  -10.5  -20.5     44   1.68     45      2  330.2  336.2  330.5
  447.0   6761  -10.5  -19.5     48   1.84     58      2  330.6  337.2  331.0
  444.0   6813  -10.3  -26.3     26   1.01     77      2  331.5  335.3  331.7
  439.0   6900  -10.8  -25.2     29   1.13    110      3  331.9  336.1  332.2
  428.0   7095  -11.9  -22.9     40   1.43    116      4  332.9  338.2  333.2
  427.0   7113  -11.9  -24.9     33   1.19    117      4  333.2  337.6  333.4
  424.0   7167  -12.5  -22.5     43   1.49    119      4  333.1  338.6  333.4
  423.0   7185  -12.5  -19.5     56   1.94    119      4  333.3  340.3  333.7
  422.0   7203  -12.6  -20.4     52   1.80    120      4  333.4  339.9  333.7
  418.0   7276  -13.1  -24.1     39   1.31    115      4  333.6  338.5  333.9
  406.0   7497  -14.0  -24.4     41   1.32    100      2  335.2  340.2  335.5
  400.0   7610  -14.5  -24.5     42   1.32    120      2  336.1  341.0  336.3
  398.0   7648  -14.7  -25.7     39   1.19    119      2  336.3  340.8  336.5
  395.0   7705  -14.9  -26.9     35   1.08    118      3  336.7  340.8  337.0
  394.0   7724  -15.1  -23.1     50   1.52    117      3  336.7  342.4  337.0
  393.0   7743  -15.1  -23.1     50   1.52    117      3  337.0  342.7  337.3
  392.0   7763  -15.1  -27.1     35   1.06    116      4  337.2  341.3  337.4
  390.0   7801  -15.4  -27.0     37   1.08    115      4  337.3  341.4  337.5
  375.0   8094  -17.7  -26.0     48   1.23     45      4  338.1  342.7  338.3
  365.0   8297  -19.3  -25.3     59   1.35     32      4  338.6  343.6  338.8
  360.0   8398  -20.1  -26.2     58   1.26     25      4  338.9  343.6  339.1
  346.0   8689  -22.3  -28.8     55   1.03     70      7  339.7  343.7  339.9
  329.0   9058  -25.1  -32.1     52   0.79     73      8  340.8  343.9  340.9
  320.0   9259  -26.9  -30.3     73   0.97     75      8  341.0  344.8  341.2
  318.0   9303  -27.2  -30.6     73   0.95     75      8  341.2  344.9  341.4
  305.0   9602  -29.3  -32.5     74   0.83     30      8  342.4  345.6  342.6
  300.0   9720  -30.1  -33.2     74   0.78     20      9  342.8  345.9  343.0
  292.0   9908  -31.6  -34.9     73   0.68     20      9  343.4  346.1  343.5
  280.0  10201  -33.9  -37.5     70   0.55    350      7  344.2  346.4  344.3
  268.0  10506  -36.3  -40.2     67   0.43      0      5  345.0  346.8  345.1
  257.0  10798  -38.6  -42.7     65   0.34     50      4  345.8  347.2  345.9
  251.0  10963  -39.9  -44.2     63   0.30     63      7  346.2  347.5  346.3
  250.0  10990  -40.1                          65      7  346.3         346.3
  200.0  12470  -53.5                          85     28  347.9         347.9
  196.0  12596  -54.6                          90     29  348.1         348.1
  162.0  13785  -65.0                         115     40  350.2         350.2
  153.0  14141  -68.1                         104     43  350.6         350.6
  150.0  14260  -69.3                         100     44  350.5         350.5
  128.0  15183  -77.3                          93     44  352.4         352.4
  124.0  15363  -78.5                          92     44  353.4         353.4
  119.0  15598  -76.5                          90     44  361.2         361.2
  117.0  15695  -75.7                          83     39  364.5         364.5
  113.0  15893  -76.5                          70     28  366.7         366.7
  107.0  16204  -77.6                          20     14  370.2         370.2
  102.0  16477  -78.7                           5     13  373.4         373.4
  100.0  16590  -79.1                          15     11  374.6         374.6
   97.0  16761  -80.0                          75     10  376.1         376.1
   92.0  17059  -81.7                         105     23  378.5         378.5
   87.0  17373  -83.5                         105     32  381.1         381.1
   85.8  17451  -83.9                         105     31  381.7         381.7
   78.0  17996  -77.7                          90      9  405.2         405.2
   74.0  18297  -74.2                          35     11  418.5         418.5
   72.5  18414  -72.9                          15     12  423.8         423.8
   70.0  18620  -72.5                         340     14  428.9         428.9
   67.0  18880  -71.1                         310     15  437.5         437.5
   63.5  19198  -69.3                         297     15  448.1         448.1
   63.0  19245  -69.6                         295     15  448.5         448.5
   60.0  19534  -71.3                         255     10  450.9         450.9
   59.4  19594  -71.7                         276      8  451.4         451.4
   57.0  19838  -71.0                           0      2  458.4         458.4
   56.8  19859  -70.9                           2      2  459.0         459.0
   55.7  19975  -69.7                          16      2  464.3         464.3
   55.0  20052  -67.1                          25      2  471.9         471.9
   54.0  20163  -63.3                         359      5  483.1         483.1
   52.5  20337  -61.1                         319      9  492.2         492.2
   52.0  20396  -61.1                         305     11  493.4         493.4
   50.0  20640  -61.3                         305     12  498.6         498.6
   47.0  21021  -62.2                         315     15  505.2         505.2
   43.0  21569  -63.6                         290     15  514.9         514.9
   42.2  21685  -63.9                         290     15  516.9         516.9
   39.4  22106  -63.5                         290     17  528.2         528.2
   39.0  22169  -63.0                         290     17  531.0         531.0
   36.9  22511  -60.3                         276     21  546.4         546.4
   32.0  23391  -62.8                         240     31  562.5         562.5
   30.0  23790  -63.9                         240     23  569.9         569.9
   29.2  23955  -64.9                         240     22  571.5         571.5
   28.0  24211  -64.8                         230     15  578.8         578.8
   27.1  24410  -64.7                         221     12  584.4         584.4
   26.0  24668  -60.5                         210      9  603.3         603.3
   25.1  24887  -56.9                         161     14  619.7         619.7
   25.0  24912  -56.6                         155     15  621.1         621.1
   24.3  25093  -54.9                         172     16  631.3         631.3
   23.0  25442  -55.6                         205     17  639.1         639.1
   20.0  26330  -57.5                         170     14  659.4         659.4
   19.5  26490  -57.5                         151     15  664.2         664.2
   17.0  27364  -53.6                          45     22  703.2         703.2
   16.8  27440  -53.3                          47     23  706.6         706.6
   16.0  27757  -51.2                          55     26  723.4         723.4
   15.1  28133  -48.7                                     743.7         743.7
</PRE><H3>Station information and sounding indices</H3><PRE>
                         Station identifier: WAAA
                             Station number: 97180
                           Observation time: 170331/0000
                           Station latitude: -5.06
                          Station longitude: 119.55
                          Station elevation: 14.0
                            Showalter index: 0.32
                               Lifted index: -1.50
    LIFT computed using virtual temperature: -2.21
                                SWEAT index: 213.21
                                    K index: 35.20
                         Cross totals index: 20.50
                      Vertical totals index: 22.30
                        Totals totals index: 42.80
      Convective Available Potential Energy: 446.85
             CAPE using virtual temperature: 576.29
                      Convective Inhibition: -26.63
             CINS using virtual temperature: -20.08
                           Equilibrum Level: 189.02
 Equilibrum Level using virtual temperature: 187.96
                   Level of Free Convection: 849.10
             LFCT using virtual temperature: 865.68
                     Bulk Richardson Number: 120.70
          Bulk Richardson Number using CAPV: 155.67
  Temp [K] of the Lifted Condensation Level: 294.49
Pres [hPa] of the Lifted Condensation Level: 949.60
     Mean mixed layer potential temperature: 298.89
              Mean mixed layer mixing ratio: 17.18
              1000 hPa to 500 hPa thickness: 5777.00
Precipitable water [mm] for entire sounding: 56.01
</PRE>
<P>Description of the 
<A HREF="/upperair/columns.html">data columns</A>
or <A HREF="/upperair/indices.html">sounding indices</A>.

<P>
<FORM>
<INPUT CLASS="button" TYPE="button" VALUE=" Close this window " 
 onClick="window.close();">
<INPUT CLASS="button" TYPE="button" VALUE=" Select another map " 
 onClick="window.blur();">
</FORM>
<HR SIZE="1">
<I>Interested in graduate studies in atmospheric science?
Check out our program at the
<a href="http://www.uwyo.edu/atsc/howtoapply/"
target=_top>University of Wyoming
</a></I>
<HR SIZE="1"><FONT SIZE="-1">
Questions about the weather data provided by this site can be
addressed to <A HREF="mailto:ldoolman@uwyo.edu">
Larry Oolman (ldoolman@uwyo.edu)</A></FONT>
<HR SIZE="1">
<SCRIPT TYPE="text/javascript">
<!--
window.focus();
// -->
</SCRIPT>
</BODY>
</HTML>
