2017-09-16 00
<HTML>
<TITLE>University of Wyoming - Radiosonde Data</TITLE>
<LINK REL="StyleSheet" HREF="/resources/select.css" TYPE="text/css">
<BODY BGCOLOR="white">
<H2>97180 WAAA Ujung Pandang Observations at 00Z 16 Sep 2017</H2>
<PRE>
-----------------------------------------------------------------------------
   PRES   HGHT   TEMP   DWPT   RELH   MIXR   DRCT   SKNT   THTA   THTE   THTV
    hPa     m      C      C      %    g/kg    deg   knot     K      K      K 
-----------------------------------------------------------------------------
 1009.0     14   28.0   21.0     66  15.78      0      0  300.4  346.9  303.2
 1000.0     96   28.2   17.2     51  12.50     80      7  301.4  338.4  303.6
  977.0    301   26.8   15.8     51  11.71     80     10  302.0  336.8  304.1
  925.0    782   23.6   12.6     50  10.00     90     21  303.4  333.5  305.3
  856.0   1454   18.8    9.8     56   8.96     95     28  305.2  332.4  306.9
  850.0   1515   19.0   10.0     56   9.15     95     29  306.0  333.9  307.7
  830.0   1719   19.0    8.0     49   8.17    100     29  308.1  333.3  309.6
  794.0   2099   17.9    4.7     41   6.77    110     30  310.9  332.2  312.2
  783.0   2218   17.6    3.6     39   6.37    108     29  311.8  331.9  313.0
  709.0   3055   11.8   -2.2     38   4.61     92     18  314.4  329.3  315.2
  700.0   3162   11.0   -2.0     40   4.74     90     17  314.6  330.0  315.5
  640.0   3901    4.8   -0.0     71   6.01     65     16  315.7  335.0  316.9
  631.0   4017    3.8    0.3     78   6.24     69     15  315.9  335.9  317.1
  613.0   4253    3.6   -3.4     60   4.88     77     14  318.3  334.3  319.2
  595.0   4494    2.0   -5.4     58   4.33     85     13  319.2  333.5  320.0
  573.0   4798    0.1   -7.9     55   3.71    115     14  320.4  332.8  321.1
  572.0   4812    0.0   -8.0     55   3.68    115     14  320.4  332.7  321.1
  553.0   5082   -1.3  -12.3     43   2.70    110     11  322.0  331.2  322.5
  552.0   5096   -1.4  -12.2     44   2.74    110     11  322.1  331.4  322.6
  527.0   5465   -2.9   -8.9     63   3.72     68      8  324.5  337.2  325.3
  511.0   5708   -4.5   -9.4     69   3.70     40      6  325.4  338.0  326.1
  500.0   5880   -5.7   -9.7     73   3.68     45      6  326.0  338.6  326.8
  494.0   5974   -6.5   -9.7     78   3.73     44      7  326.2  338.9  326.9
  471.0   6346   -7.5  -15.5     53   2.44     38     10  329.4  338.1  329.9
  447.0   6751  -10.5  -16.5     61   2.37     32     14  330.6  339.0  331.1
  438.0   6907  -11.0  -19.0     52   1.96     30     15  331.9  339.0  332.3
  429.0   7066  -11.5  -21.5     43   1.61     36     14  333.2  339.1  333.6
  422.0   7192  -12.2  -20.4     50   1.79     40     13  333.9  340.4  334.3
  421.0   7210  -12.3  -20.3     51   1.82     42     13  334.0  340.6  334.4
  409.0   7431  -12.5  -27.5     27   0.98     72      9  336.5  340.3  336.7
  400.0   7600  -14.1  -29.1     27   0.87     95      6  336.6  339.9  336.8
  389.0   7808  -15.7  -31.1     25   0.73    120      6  337.1  340.0  337.3
  351.0   8574  -21.7  -38.7     20   0.39    126     21  339.1  340.7  339.2
  331.0   9002  -24.1  -54.1      4   0.07    130     30  341.6  341.9  341.6
  300.0   9710  -28.9  -57.9      4   0.05    115     25  344.5  344.8  344.5
  292.0   9898  -30.5  -57.0      6   0.06    120     20  344.9  345.1  344.9
  268.0  10496  -35.7  -54.2     13   0.09    135     15  345.9  346.3  345.9
  250.0  10980  -39.9  -51.9     27   0.13    130     18  346.6  347.2  346.6
  249.0  11007  -40.1  -52.1     27   0.12    130     18  346.7  347.3  346.7
  200.0  12460  -52.5                         120     26  349.5         349.5
  196.0  12586  -53.8                         120     26  349.5         349.5
  162.0  13771  -65.7                         125     14  348.9         348.9
  156.0  14006  -68.1                         144     16  348.6         348.6
  154.0  14083  -68.6                         150     17  349.0         349.0
  150.0  14240  -69.7                         150     21  349.8         349.8
  132.0  14985  -74.3                         155     34  354.6         354.6
  119.0  15589  -78.1                         160     35  358.4         358.4
  115.0  15788  -79.3                         150     29  359.6         359.6
  113.0  15888  -76.3                         145     27  367.0         367.0
  102.0  16476  -78.1                         115     10  374.4         374.4
  100.0  16590  -78.5                          90      8  375.8         375.8
   96.0  16821  -80.0                          25     11  377.4         377.4
   91.0  17123  -81.9                         345      9  379.4         379.4
   89.9  17192  -82.3                         335      9  379.9         379.9
   87.0  17376  -82.3                         355     12  383.4         383.4
   86.1  17434  -82.3                         356     11  384.6         384.6
   82.1  17705  -75.7                         360      8  403.3         403.3
   82.0  17712  -75.7                           0      8  403.5         403.5
   78.0  18002  -75.7                         280     12  409.3         409.3
   74.0  18307  -75.7                         265     12  415.5         415.5
   73.2  18370  -75.7                         269     13  416.8         416.8
   70.0  18630  -73.5                         285     15  426.8         426.8
   67.0  18889  -72.1                         290     22  435.3         435.3
   60.0  19542  -68.4                         290     30  457.4         457.4
   58.7  19672  -67.7                         277     33  461.9         461.9
   55.0  20061  -68.5                         240     41  468.7         468.7
   51.5  20454  -69.3                         240     35  475.7         475.7
   50.0  20630  -69.3                         240     32  479.8         479.8
   48.1  20862  -68.3                         237     21  487.5         487.5
   47.0  21003  -66.9                         235     15  494.1         494.1
   45.0  21269  -64.2                         255      7  506.8         506.8
   43.9  21419  -62.7                         339      5  514.1         514.1
   43.0  21549  -62.0                          50      3  518.9         518.9
   41.0  21846  -60.3                         105     11  530.1         530.1
   38.9  22174  -58.5                          85     22  542.8         542.8
   37.0  22484  -60.4                          65     33  545.7         545.7
   32.3  23327  -65.5                          95     40  553.7         553.7
   32.0  23384  -65.2                          90     43  556.1         556.1
   30.0  23780  -62.7                          90     49  573.1         573.1
   28.6  24075  -59.3                          90     54  590.4         590.4
   25.1  24895  -58.2                          90     67  616.0         616.0
   25.0  24920  -58.2                          90     67  616.8         616.8
   22.0  25722  -57.1                          75     65  642.9         642.9
   20.0  26320  -56.3                          90     58  663.1         663.1
   19.0  26647  -55.7                          90     60  674.7         674.7
   17.0  27356  -54.5                          90     64  700.4         700.4
   16.7  27470  -54.3                                     704.6         704.6
</PRE><H3>Station information and sounding indices</H3><PRE>
                         Station identifier: WAAA
                             Station number: 97180
                           Observation time: 170916/0000
                           Station latitude: -5.06
                          Station longitude: 119.55
                          Station elevation: 14.0
                            Showalter index: 3.82
                               Lifted index: 2.19
    LIFT computed using virtual temperature: 2.11
                                SWEAT index: 184.01
                                    K index: 21.70
                         Cross totals index: 15.70
                      Vertical totals index: 24.70
                        Totals totals index: 40.40
      Convective Available Potential Energy: 0.00
             CAPE using virtual temperature: 0.00
                      Convective Inhibition: 0.00
             CINS using virtual temperature: 0.00
                     Bulk Richardson Number: 0.00
          Bulk Richardson Number using CAPV: 0.00
  Temp [K] of the Lifted Condensation Level: 287.05
Pres [hPa] of the Lifted Condensation Level: 839.24
     Mean mixed layer potential temperature: 301.80
              Mean mixed layer mixing ratio: 12.10
              1000 hPa to 500 hPa thickness: 5784.00
Precipitable water [mm] for entire sounding: 38.79
</PRE>
<P>Description of the 
<A HREF="/upperair/columns.html">data columns</A>
or <A HREF="/upperair/indices.html">sounding indices</A>.

<P>
<FORM>
<INPUT CLASS="button" TYPE="button" VALUE=" Close this window " 
 onClick="window.close();">
<INPUT CLASS="button" TYPE="button" VALUE=" Select another map " 
 onClick="window.blur();">
</FORM>
<HR SIZE="1">
<I>Interested in graduate studies in atmospheric science?
Check out our program at the
<a href="http://www.uwyo.edu/atsc/howtoapply/"
target=_top>University of Wyoming
</a></I>
<HR SIZE="1"><FONT SIZE="-1">
Questions about the weather data provided by this site can be
addressed to <A HREF="mailto:ldoolman@uwyo.edu">
Larry Oolman (ldoolman@uwyo.edu)</A></FONT>
<HR SIZE="1">
<SCRIPT TYPE="text/javascript">
<!--
window.focus();
// -->
</SCRIPT>
</BODY>
</HTML>
