2017-11-05 00
<HTML>
<TITLE>University of Wyoming - Radiosonde Data</TITLE>
<LINK REL="StyleSheet" HREF="/resources/select.css" TYPE="text/css">
<BODY BGCOLOR="white">
<H2>97180 WAAA Ujung Pandang Observations at 00Z 05 Nov 2017</H2>
<PRE>
-----------------------------------------------------------------------------
   PRES   HGHT   TEMP   DWPT   RELH   MIXR   DRCT   SKNT   THTA   THTE   THTV
    hPa     m      C      C      %    g/kg    deg   knot     K      K      K 
-----------------------------------------------------------------------------
 1008.0     14   25.6   23.9     90  18.94      0      0  298.1  353.3  301.4
 1000.0     79   25.0   21.5     81  16.44    115      3  298.1  346.1  301.1
  998.0     97   24.8   21.2     80  16.16    112      3  298.1  345.2  301.0
  991.0    159   26.0   21.2     75  16.28    101      3  299.9  347.8  302.8
  975.0    302   25.1   20.3     75  15.66     75      2  300.5  346.6  303.3
  943.0    596   23.4   18.5     74  14.46     60      2  301.6  344.4  304.2
  925.0    765   22.4   17.5     74  13.79     50      4  302.2  343.2  304.7
  915.0    860   21.4   17.2     77  13.68     57      5  302.1  342.7  304.6
  911.0    898   21.2   16.8     76  13.39     60      5  302.3  342.1  304.7
  907.0    937   21.0   16.4     75  13.10     63      5  302.5  341.5  304.9
  880.0   1201   21.6   10.8     50   9.33     85      5  305.7  334.1  307.4
  879.0   1210   21.6   10.6     50   9.21     85      5  305.8  333.8  307.5
  861.0   1391   20.4    8.4     46   8.09     82      4  306.4  331.2  307.9
  856.0   1441   19.4   12.4     64  10.68     81      4  305.8  338.2  307.8
  850.0   1502   18.8   13.8     73  11.80     80      4  305.8  341.5  308.0
  839.0   1614   17.8   13.5     76  11.72     79      4  305.9  341.4  308.1
  823.0   1779   17.4    8.4     55   8.47     78      5  307.2  333.2  308.8
  804.0   1978   17.0    6.0     48   7.34     76      6  308.8  331.6  310.2
  797.0   2053   16.4    8.4     59   8.75     75      6  308.9  335.9  310.6
  794.0   2085   16.4    8.4     59   8.78     75      6  309.3  336.4  310.9
  792.0   2106   16.2    8.3     60   8.78     75      6  309.3  336.5  311.0
  765.0   2401   14.0    7.7     66   8.70     60      8  310.0  337.0  311.6
  760.0   2456   13.6    7.6     67   8.69     62      8  310.1  337.1  311.8
  745.0   2624   13.0    1.0     44   5.55     69      9  311.3  328.9  312.3
  732.0   2772   12.4   -2.6     35   4.34     75      9  312.2  326.1  313.0
  712.0   3003   10.7   -0.6     46   5.16     85     10  312.7  329.3  313.7
  700.0   3145    9.6    0.6     53   5.74     80     10  313.1  331.4  314.2
  697.0   3181    9.2    2.2     62   6.48     78     10  313.0  333.6  314.2
  664.0   3583    6.6    3.2     79   7.31     56      8  314.5  337.6  315.9
  663.0   3595    6.5    3.1     79   7.29     55      8  314.5  337.7  315.9
  616.0   4195    3.2    0.3     81   6.40     55      9  317.4  338.0  318.6
  574.0   4771    0.0   -2.4     84   5.62      3      1  320.1  338.5  321.2
  572.0   4799   -0.2   -2.5     84   5.60      0      1  320.2  338.6  321.3
  551.0   5098   -1.9   -3.5     89   5.38    185      4  321.6  339.4  322.6
  530.0   5408   -3.7   -4.6     93   5.15    190      2  323.0  340.1  324.0
  519.0   5576   -4.7   -5.2     96   5.03    288      1  323.8  340.6  324.8
  511.0   5698   -5.3   -6.1     94   4.78      0      1  324.5  340.6  325.4
  500.0   5870   -6.1   -7.3     91   4.45      0      1  325.5  340.6  326.4
  492.0   5995   -6.7   -8.3     88   4.19      0      0  326.4  340.6  327.2
  473.0   6300   -8.0  -10.7     81   3.60    115      2  328.4  340.9  329.1
  455.0   6601   -9.3  -13.0     74   3.10     20      2  330.4  341.3  331.0
  438.0   6896  -10.6  -15.3     68   2.66    300      5  332.4  341.9  332.9
  434.0   6967  -10.9  -15.9     67   2.57    298      5  332.9  342.1  333.4
  421.0   7199  -12.0  -17.4     64   2.33    290      6  334.4  342.8  334.8
  405.0   7495  -13.4  -19.3     61   2.06    245      3  336.2  343.8  336.6
  400.0   7590  -13.9  -19.9     60   1.98    265      4  336.8  344.1  337.2
  396.0   7666  -14.3  -20.3     60   1.93    279      5  337.3  344.4  337.7
  389.0   7799  -15.3  -21.3     60   1.80    305      8  337.7  344.4  338.0
  359.0   8396  -19.9  -25.9     59   1.30    320      8  339.4  344.3  339.6
  329.0   9045  -24.9  -30.9     57   0.89    291     12  341.1  344.5  341.2
  324.0   9156  -25.7  -28.8     75   1.10    286     12  341.4  345.7  341.7
  318.0   9291  -26.7  -29.8     76   1.03    280     13  341.9  345.9  342.1
  300.0   9710  -29.9  -32.7     77   0.82    295     14  343.1  346.4  343.3
  292.0   9902  -31.5  -33.5     82   0.78    297     14  343.5  346.6  343.7
  257.0  10788  -38.4  -42.4     66   0.36    305     12  346.1  347.6  346.2
  250.0  10980  -39.9  -44.3     63   0.30    300     14  346.6  347.9  346.7
  205.0  12296  -50.8                         310     20  349.8         349.8
  200.0  12460  -52.1                         315     19  350.1         350.1
  196.0  12586  -53.2                         325     17  350.3         350.3
  170.0  13471  -61.1                         330     11  351.8         351.8
  154.0  14086  -66.6                         340      4  352.4         352.4
  150.0  14250  -68.1                          20      3  352.6         352.6
  146.0  14409  -69.6                          55      5  352.7         352.7
  133.0  14960  -74.9                          37     14  352.8         352.8
  132.0  15002  -75.2                          35     15  353.1         353.1
  119.0  15588  -79.0                          45     11  356.8         356.8
  113.0  15880  -80.8                          80      5  358.6         358.6
  107.0  16188  -82.8                         145      8  360.4         360.4
  101.0  16514  -84.9                         125      9  362.4         362.4
  100.0  16570  -85.3                         115     11  362.7         362.7
   96.0  16793  -87.0                          65     13  363.6         363.6
   94.4  16885  -87.7                          45     16  364.0         364.0
   91.0  17085  -87.2                          30     21  368.9         368.9
   89.2  17194  -86.9                          33     19  371.5         371.5
   87.4  17306  -83.9                          37     16  379.7         379.7
   84.9  17466  -84.3                          42     13  382.1         382.1
   82.6  17621  -78.7                          47     10  396.5         396.5
   81.0  17733  -76.8                          50      8  402.7         402.7
   79.2  17863  -74.5                         337     10  410.0         410.0
   77.0  18026  -74.8                         245     13  412.7         412.7
   74.0  18257  -75.1                         235     23  416.7         416.7
   72.6  18368  -75.3                         240     22  418.6         418.6
   70.0  18580  -74.1                         250     21  425.5         425.5
   66.0  18927  -72.3                         270     24  436.7         436.7
   59.9  19498  -69.3                         268     19  455.6         455.6
   54.0  20113  -70.8                         265     14  465.9         465.9
   52.1  20326  -71.3                         293     12  469.5         469.5
   52.0  20337  -71.2                         295     12  470.0         470.0
   50.0  20570  -69.1                         315     11  480.2         480.2
   49.5  20630  -67.9                         313     12  484.4         484.4
   49.0  20691  -68.0                         310     12  485.6         485.6
   45.7  21108  -68.9                         248      9  493.2         493.2
   44.0  21337  -68.2                         215      8  500.3         500.3
   42.0  21617  -67.3                         110      8  509.1         509.1
   38.4  22156  -65.7                         105     26  526.5         526.5
   35.0  22727  -61.6                         100     45  551.4         551.4
   33.1  23071  -59.1                          91     49  566.8         566.8
   30.0  23690  -56.9                          75     55  588.9         588.9
   27.0  24351  -58.3                          82     62  603.0         603.0
   26.0  24591  -57.4                          85     64  612.0         612.0
   23.0  25371  -54.6                          80     65  642.3         642.3
   20.0  26260  -51.3                          80     71  678.4         678.4
   19.6  26392  -49.9                          81     71  686.6         686.6
   16.0  27724  -48.0                          95     68  733.8         733.8
   15.5  27933  -47.7                                     741.5         741.5
</PRE><H3>Station information and sounding indices</H3><PRE>
                         Station identifier: WAAA
                             Station number: 97180
                           Observation time: 171105/0000
                           Station latitude: -5.06
                          Station longitude: 119.55
                          Station elevation: 14.0
                            Showalter index: 0.18
                               Lifted index: -1.84
    LIFT computed using virtual temperature: -2.04
                                SWEAT index: 174.59
                                    K index: 29.70
                         Cross totals index: 19.90
                      Vertical totals index: 24.90
                        Totals totals index: 44.80
      Convective Available Potential Energy: 178.81
             CAPE using virtual temperature: 228.52
                      Convective Inhibition: -154.42
             CINS using virtual temperature: -92.80
                           Equilibrum Level: 429.04
 Equilibrum Level using virtual temperature: 421.68
                   Level of Free Convection: 699.36
             LFCT using virtual temperature: 746.09
                     Bulk Richardson Number: 164.74
          Bulk Richardson Number using CAPV: 210.54
  Temp [K] of the Lifted Condensation Level: 292.77
Pres [hPa] of the Lifted Condensation Level: 918.83
     Mean mixed layer potential temperature: 299.96
              Mean mixed layer mixing ratio: 15.95
              1000 hPa to 500 hPa thickness: 5791.00
Precipitable water [mm] for entire sounding: 50.28
</PRE>
<P>Description of the 
<A HREF="/upperair/columns.html">data columns</A>
or <A HREF="/upperair/indices.html">sounding indices</A>.

<P>
<FORM>
<INPUT CLASS="button" TYPE="button" VALUE=" Close this window " 
 onClick="window.close();">
<INPUT CLASS="button" TYPE="button" VALUE=" Select another map " 
 onClick="window.blur();">
</FORM>
<HR SIZE="1">
<I>Interested in graduate studies in atmospheric science?
Check out our program at the
<a href="http://www.uwyo.edu/atsc/howtoapply/"
target=_top>University of Wyoming
</a></I>
<HR SIZE="1"><FONT SIZE="-1">
Questions about the weather data provided by this site can be
addressed to <A HREF="mailto:ldoolman@uwyo.edu">
Larry Oolman (ldoolman@uwyo.edu)</A></FONT>
<HR SIZE="1">
<SCRIPT TYPE="text/javascript">
<!--
window.focus();
// -->
</SCRIPT>
</BODY>
</HTML>
