2018-10-25 00
<HTML>
<TITLE>University of Wyoming - Radiosonde Data</TITLE>
<LINK REL="StyleSheet" HREF="/resources/select.css" TYPE="text/css">
<BODY BGCOLOR="white">
<H2>97180 WAAA Ujung Pandang Observations at 00Z 25 Oct 2018</H2>
<PRE>
-----------------------------------------------------------------------------
   PRES   HGHT   TEMP   DWPT   RELH   MIXR   DRCT   SKNT   THTA   THTE   THTV
    hPa     m      C      C      %    g/kg    deg   knot     K      K      K 
-----------------------------------------------------------------------------
 1012.0     14   26.0   20.0     70  14.77    140      6  298.1  341.2  300.8
 1000.0    118   26.0   18.0     61  13.16    110      2  299.1  337.8  301.5
  998.0    136   26.4   19.4     65  14.42    111      2  299.7  342.1  302.3
  980.0    296   25.1   20.3     75  15.52    120      2  300.0  345.6  302.8
  957.0    506   23.4   21.4     89  17.08    224      2  300.3  350.6  303.4
  947.0    597   22.8   20.8     88  16.58    270      2  300.6  349.5  303.6
  925.0    803   21.6   19.3     87  15.48    325      2  301.4  347.2  304.2
  915.0    897   21.0   18.9     88  15.31    330      2  301.7  347.0  304.4
  897.0   1070   19.8   18.3     91  14.98    347      1  302.2  346.6  304.9
  884.0   1195   18.8   16.7     88  13.74      0      1  302.4  343.2  304.9
  874.0   1293   18.0   15.5     85  12.83     24      2  302.6  340.8  304.9
  872.0   1313   18.2   16.0     87  13.29     29      3  303.0  342.6  305.4
  867.0   1362   16.4   12.7     79  10.75     41      3  301.6  333.6  303.6
  864.0   1391   14.6    7.6     63   7.63     48      4  300.0  322.8  301.4
  853.0   1500   15.8    9.6     67   8.89     75      5  302.4  329.1  304.1
  850.0   1530   16.2   10.2     68   9.27     75      6  303.1  331.0  304.8
  849.0   1540   16.4   11.4     72  10.07     75      6  303.4  333.6  305.2
  837.0   1661   16.2   10.2     68   9.42     76      7  304.4  332.9  306.2
  831.0   1722   17.8    9.8     59   9.23     76      8  306.8  334.9  308.5
  796.0   2088   15.6    0.6     36   5.05     79     12  308.2  324.1  309.1
  755.0   2532   12.8   -8.2     22   2.74     82     17  309.9  318.8  310.4
  736.0   2745   11.2   -2.8     37   4.25     83     19  310.4  324.0  311.2
  714.0   2996    9.4   -2.2     44   4.58     85     22  311.1  325.7  311.9
  700.0   3160    8.2   -1.8     49   4.81     85     24  311.5  326.9  312.4
  693.0   3243    7.8   -3.2     46   4.38     82     22  312.0  326.1  312.8
  688.0   3303    8.3  -10.4     25   2.53     80     21  313.2  321.7  313.7
  684.0   3351    8.8  -16.2     15   1.59     76     21  314.3  319.7  314.6
  667.0   3559    8.6  -21.4     10   1.04     61     18  316.3  320.0  316.5
  640.0   3898    6.2  -17.0     17   1.58     35     15  317.4  322.8  317.7
  617.0   4197    4.1  -13.2     27   2.26     50     13  318.3  326.0  318.7
  616.0   4211    4.0  -13.0     28   2.29     49     13  318.3  326.1  318.7
  598.0   4452    4.0  -16.0     22   1.85     35     11  321.0  327.4  321.4
  573.0   4796    1.6  -25.4     11   0.85     15      9  322.2  325.3  322.4
  556.0   5039    0.0  -32.0      7   0.47     41      8  323.0  324.8  323.1
  532.0   5390   -2.4  -29.3     11   0.64     80      7  324.3  326.7  324.4
  523.0   5526   -3.3  -28.3     12   0.71     69      6  324.8  327.4  324.9
  508.0   5755   -5.1  -18.1     35   1.82     50      4  325.3  331.7  325.6
  500.0   5880   -6.1  -17.1     41   2.01     40      3  325.5  332.6  325.9
  492.0   6006   -6.9  -19.9     35   1.61     35      3  326.1  331.8  326.4
  488.0   6070   -7.3  -21.3     32   1.44     23      4  326.3  331.5  326.6
  483.0   6151   -8.1  -17.1     48   2.08      8      5  326.3  333.7  326.7
  475.0   6281   -7.9  -21.9     32   1.40    343      7  328.1  333.2  328.4
  474.0   6298   -8.0  -21.7     32   1.43    340      7  328.1  333.3  328.4
  459.0   6548  -10.1  -19.1     48   1.85    332      9  328.6  335.2  329.0
  456.0   6598  -10.4  -20.2     45   1.70    330     10  328.9  335.0  329.2
  438.0   6907  -12.1  -26.7     29   0.99    260      7  330.5  334.2  330.7
  422.0   7193  -13.7  -32.7     19   0.58    250      3  332.0  334.2  332.1
  405.0   7506  -15.5  -33.8     19   0.55    155      7  333.5  335.6  333.6
  400.0   7600  -16.1  -34.1     20   0.54    165      8  334.0  336.1  334.1
  389.0   7808  -17.3  -39.1     13   0.33    155      9  335.0  336.4  335.1
  369.0   8202  -19.7  -48.7      6   0.12    132      8  337.0  337.5  337.0
  359.0   8401  -21.3  -48.5      7   0.13    120      8  337.5  338.1  337.6
  331.0   8988  -25.9  -48.1     11   0.15    180     11  339.1  339.7  339.1
  300.0   9700  -31.5  -47.5     19   0.18    150     15  340.9  341.6  340.9
  292.0   9887  -33.0  -49.3     18   0.15    150     11  341.4  342.1  341.4
  267.0  10508  -37.8  -55.3     14   0.08     60      9  343.2  343.5  343.2
  257.0  10773  -39.9  -57.9     13   0.06     80      6  343.9  344.2  343.9
  250.0  10960  -41.7                          95      4  343.9         343.9
  245.0  11093  -42.9                         120      5  344.1         344.1
  234.0  11396  -45.6                         155     10  344.6         344.6
  200.0  12430  -54.9                         110     16  345.7         345.7
  192.0  12689  -57.3                          93     19  345.9         345.9
  186.0  12886  -58.8                          80     22  346.6         346.6
  164.0  13667  -64.9                          76     27  349.1         349.1
  160.0  13817  -64.7                          75     28  351.9         351.9
  156.0  13972  -64.5                          72     18  354.8         354.8
  153.0  14090  -65.3                          70     10  355.4         355.4
  150.0  14210  -66.1                          80      4  356.0         356.0
  145.0  14408  -67.5                         190      2  357.0         357.0
  138.0  14698  -69.6                         220      5  358.4         358.4
  125.0  15277  -73.8                         165      9  361.2         361.2
  119.0  15565  -75.8                         205      5  362.5         362.5
  113.0  15868  -78.0                         265      9  363.8         363.8
  107.0  16188  -80.3                         270     14  365.2         365.2
  101.0  16514  -80.0                         305     11  371.9         371.9
  100.0  16570  -79.9                         310     10  373.1         373.1
   96.0  16800  -80.2                         305     10  377.0         377.0
   86.0  17419  -80.8                         215      3  387.6         387.6
   82.0  17687  -81.2                          65      5  392.3         392.3
   80.1  17819  -81.3                          60      7  394.6         394.6
   78.0  17969  -81.0                          55      9  398.4         398.4
   72.1  18412  -79.9                         106     15  409.7         409.7
   70.0  18580  -77.5                         125     17  418.3         418.3
   68.3  18721  -77.9                         110     21  420.4         420.4
   64.7  19038  -71.3                          76     28  441.3         441.3
   63.0  19195  -72.0                          60     32  443.1         443.1
   60.1  19473  -73.3                          50     34  446.3         446.3
   60.0  19483  -73.3                          50     34  446.5         446.5
   54.0  20103  -72.8                          85     34  461.3         461.3
   53.2  20191  -72.7                          84     35  463.5         463.5
   50.0  20560  -69.5                          80     40  479.3         479.3
   47.2  20906  -65.7                          82     43  496.4         496.4
   40.1  21898  -63.7                          87     51  525.0         525.0
   36.0  22563  -60.9                          90     56  548.8         548.8
   35.0  22736  -60.1                          89     49  555.2         555.2
   32.0  23304  -53.2                          85     28  588.0         588.0
   31.7  23363  -52.5                          79     25  591.5         591.5
   30.0  23720  -50.3                          45      6  606.9         606.9
   29.1  23919  -48.1                         284     13  618.2         618.2
   29.0  23942  -48.2                         270     14  618.6         618.6
   26.1  24631  -51.1                         249     28  629.3         629.3
   25.0  24910  -51.1                         240     34  637.2         637.2
   21.0  26043  -50.9                         255     20  670.1         670.1
   20.0  26360  -50.9                         265     27  679.6         679.6
   18.0  27048  -49.9                         290     35  703.4         703.4
   17.0  27422  -49.4                         285     34  716.6         716.6
   16.4  27656  -49.1                                     725.1         725.1
</PRE><H3>Station information and sounding indices</H3><PRE>
                         Station identifier: WAAA
                             Station number: 97180
                           Observation time: 181025/0000
                           Station latitude: -5.06
                          Station longitude: 119.55
                          Station elevation: 14.0
                            Showalter index: 4.77
                               Lifted index: -0.98
    LIFT computed using virtual temperature: -1.51
                                SWEAT index: 137.40
                                    K index: 22.50
                         Cross totals index: 16.30
                      Vertical totals index: 22.30
                        Totals totals index: 38.60
      Convective Available Potential Energy: 69.69
             CAPE using virtual temperature: 184.75
                      Convective Inhibition: -37.45
             CINS using virtual temperature: -37.92
                           Equilibrum Level: 382.49
 Equilibrum Level using virtual temperature: 294.40
                   Level of Free Convection: 868.76
             LFCT using virtual temperature: 869.88
                     Bulk Richardson Number: 8.00
          Bulk Richardson Number using CAPV: 21.21
  Temp [K] of the Lifted Condensation Level: 291.99
Pres [hPa] of the Lifted Condensation Level: 912.97
     Mean mixed layer potential temperature: 299.70
              Mean mixed layer mixing ratio: 15.30
              1000 hPa to 500 hPa thickness: 5762.00
Precipitable water [mm] for entire sounding: 36.77
</PRE>
<P>Description of the 
<A HREF="/upperair/columns.html">data columns</A>
or <A HREF="/upperair/indices.html">sounding indices</A>.

<P>
<FORM>
<INPUT CLASS="button" TYPE="button" VALUE=" Close this window " 
 onClick="window.close();">
<INPUT CLASS="button" TYPE="button" VALUE=" Select another map " 
 onClick="window.blur();">
</FORM>
<HR SIZE="1">
<I>Interested in graduate studies in atmospheric science?
Check out our program at the
<a href="http://www.uwyo.edu/atsc/howtoapply/"
target=_top>University of Wyoming
</a></I>
<HR SIZE="1"><FONT SIZE="-1">
Questions about the weather data provided by this site can be
addressed to <A HREF="mailto:ldoolman@uwyo.edu">
Larry Oolman (ldoolman@uwyo.edu)</A></FONT>
<HR SIZE="1">
<SCRIPT TYPE="text/javascript">
<!--
window.focus();
// -->
</SCRIPT>
</BODY>
</HTML>
