2017-03-07 00
<HTML>
<TITLE>University of Wyoming - Radiosonde Data</TITLE>
<LINK REL="StyleSheet" HREF="/resources/select.css" TYPE="text/css">
<BODY BGCOLOR="white">
<H2>97180 WAAA Ujung Pandang Observations at 00Z 07 Mar 2017</H2>
<PRE>
-----------------------------------------------------------------------------
   PRES   HGHT   TEMP   DWPT   RELH   MIXR   DRCT   SKNT   THTA   THTE   THTV
    hPa     m      C      C      %    g/kg    deg   knot     K      K      K 
-----------------------------------------------------------------------------
 1008.0     14   24.6   23.5     94  18.47      0      0  297.1  350.7  300.4
 1007.0     22   23.4   22.3     94  17.16    359      1  296.0  345.5  299.0
 1004.0     46   23.4   21.9     91  16.79    358      2  296.2  344.7  299.2
 1001.0     70   24.2   23.5     96  18.61    356      4  297.3  351.3  300.6
 1000.0     78   24.4   23.7     96  18.86    355      5  297.6  352.4  300.9
  975.0    301   23.9   22.5     92  17.99    325     13  299.1  351.8  302.4
  964.0    400   23.6   22.0     91  17.61    317     12  299.9  351.6  303.0
  936.0    659   22.8   20.6     87  16.62    298     11  301.6  350.8  304.6
  925.0    762   22.0   20.0     88  16.19    290     10  301.8  349.7  304.7
  910.0    903   20.8   19.1     90  15.51    290     11  302.0  348.0  304.8
  870.0   1290   17.6   16.5     93  13.76    283     10  302.6  343.5  305.1
  850.0   1488   17.2   15.8     91  13.46    280     10  304.1  344.4  306.6
  791.0   2094   14.0   13.1     94  12.09    270      8  307.1  343.7  309.3
  763.0   2398   12.4   11.7     95  11.44    255     10  308.5  343.5  310.6
  710.0   3004    9.2    8.9     98  10.21    280     12  311.4  343.1  313.3
  700.0   3124    8.6    8.4     99   9.98    280     11  312.0  343.0  313.9
  696.0   3172    8.6    8.4     99  10.04    276     11  312.5  343.8  314.4
  685.0   3303    7.4    6.2     92   8.75    265     10  312.5  339.9  314.2
  666.0   3536    5.2    2.3     82   6.83    273     10  312.6  334.2  313.9
  614.0   4196    2.4    0.2     85   6.37    295     11  316.8  337.3  318.0
  572.0   4772    0.0   -1.6     89   5.99    257      7  320.4  340.0  321.6
  570.0   4800   -0.2   -2.0     88   5.82    255      7  320.4  339.5  321.6
  563.0   4900   -1.1   -3.5     84   5.28    245      6  320.6  337.9  321.6
  560.0   4942   -1.7   -5.8     74   4.45    241      6  320.4  335.1  321.2
  559.0   4957   -2.9   -8.9     63   3.51    239      5  319.1  330.8  319.8
  554.0   5028   -2.7   -7.2     71   4.04    232      5  320.2  333.6  320.9
  553.0   5042   -3.1   -8.1     68   3.78    231      5  319.9  332.4  320.6
  551.0   5071   -1.5   -4.4     81   5.04    228      4  322.1  338.8  323.1
  549.0   5100   -0.7   -5.7     69   4.58    225      4  323.4  338.7  324.3
  548.0   5115   -0.9   -6.9     64   4.18    228      4  323.3  337.4  324.1
  546.0   5144   -2.1   -6.6     71   4.30    235      4  322.2  336.6  323.1
  545.0   5159   -3.5   -7.5     74   4.01    238      4  320.7  334.1  321.5
  532.0   5350   -3.5   -7.0     77   4.28    281      3  322.9  337.3  323.8
  528.0   5410   -3.8   -7.7     74   4.08    295      3  323.2  337.0  324.0
  509.0   5700   -5.4  -11.2     64   3.22     50      5  324.7  335.7  325.3
  506.0   5746   -5.7  -11.7     63   3.10     63      6  324.9  335.6  325.5
  500.0   5840   -6.9  -11.9     68   3.09     90      7  324.6  335.2  325.2
  498.0   5871   -7.1  -10.8     75   3.39     89      7  324.7  336.3  325.4
  492.0   5966   -6.5   -8.3     87   4.18     86      6  326.6  340.8  327.4
  490.0   5997   -6.6   -8.4     87   4.17     85      6  326.8  341.0  327.6
  471.0   6304   -7.8   -9.3     89   4.03     10     10  329.0  342.9  329.8
  453.0   6607   -9.0  -10.2     91   3.90    325      6  331.2  344.7  332.0
  446.0   6728   -9.5  -10.6     92   3.85    316      6  332.1  345.5  332.8
  419.0   7205  -12.2  -13.2     93   3.33    280      7  334.5  346.3  335.2
  403.0   7503  -14.0  -14.8     94   3.03    290      7  336.0  346.9  336.6
  400.0   7560  -14.3  -15.1     94   2.98    295      5  336.3  347.0  336.9
  389.0   7771  -15.7  -16.5     94   2.72    345      8  337.2  347.0  337.7
  388.0   7791  -15.8  -16.6     93   2.70    350      8  337.2  347.0  337.8
  372.0   8108  -17.9  -18.9     92   2.32     10     13  338.6  347.1  339.1
  358.0   8394  -20.7  -25.4     66   1.36     15     12  338.6  343.7  338.8
  343.0   8709  -22.8  -26.6     71   1.27     20     10  339.9  344.7  340.1
  341.0   8752  -23.1  -26.8     72   1.26     20     10  340.0  344.8  340.3
  335.0   8882  -23.9  -26.8     77   1.28     21      9  340.7  345.6  340.9
  332.0   8948  -24.3  -27.0     78   1.27     21      9  341.0  345.9  341.3
  330.0   8992  -24.3  -27.9     72   1.17     21      9  341.6  346.1  341.8
  329.0   9014  -24.7  -31.7     52   0.82     22      9  341.3  344.6  341.5
  300.0   9680  -29.7  -33.4     70   0.77     25      6  343.4  346.4  343.6
  296.0   9775  -30.5  -33.5     75   0.77     27      6  343.6  346.6  343.8
  291.0   9896  -31.5  -34.4     75   0.72     30      6  343.9  346.7  344.0
  284.0  10067  -32.9  -35.7     76   0.64     16      5  344.2  346.8  344.4
  279.0  10192  -33.8  -37.9     66   0.52      5      5  344.7  346.8  344.8
  272.0  10369  -35.1  -41.1     54   0.39     12      6  345.3  346.9  345.4
  264.0  10576  -36.7  -40.7     66   0.42     20      8  345.9  347.7  346.0
  250.0  10950  -40.1  -46.1     53   0.25     35     11  346.3  347.4  346.4
  234.0  11389  -43.8                          40     16  347.4         347.4
  200.0  12430  -52.5                          50     31  349.5         349.5
  150.0  14230  -67.5                          85     41  353.6         353.6
  146.0  14388  -68.9                          85     39  353.9         353.9
  123.0  15392  -77.9                          92     45  355.3         355.3
  101.0  16494  -84.8                         100     52  362.7         362.7
  100.0  16550  -85.1                         100     53  363.1         363.1
   97.2  16706  -85.1                          97     47  366.0         366.0
   96.0  16776  -84.2                          95     45  369.0         369.0
   91.0  17075  -80.6                          85     16  381.9         381.9
   89.8  17149  -79.7                          82     16  385.1         385.1
   89.2  17187  -77.5                          81     16  390.3         390.3
   82.5  17634  -78.1                          66     17  397.9         397.9
   82.0  17669  -77.5                          65     17  399.8         399.8
   78.0  17959  -72.6                          10      6  415.6         415.6
   77.9  17967  -72.5                           7      6  416.1         416.1
   74.3  18247  -69.7                         250     23  427.6         427.6
   74.0  18271  -69.8                         240     24  427.8         427.8
   70.0  18600  -71.9                         245     35  430.2         430.2
   63.0  19208  -75.4                         235     37  435.6         435.6
   58.2  19665  -78.1                         225     27  439.6         439.6
   55.4  19945  -78.5                         222     16  444.9         444.9
   54.6  20028  -78.1                         221     13  447.7         447.7
   54.0  20091  -76.2                         220     10  453.4         453.4
   53.9  20101  -75.9                         223     10  454.4         454.4
   53.0  20200  -69.5                         253     11  471.4         471.4
   52.4  20268  -66.5                         273     12  479.9         479.9
   51.0  20431  -66.4                         320     13  483.9         483.9
   50.0  20550  -66.3                         295     19  486.8         486.8
   46.0  21052  -67.9                         265     20  494.8         494.8
   44.0  21320  -68.7                         255     14  499.1         499.1
   40.3  21853  -62.9                         283     16  526.3         526.3
   40.0  21899  -62.8                         285     16  527.8         527.8
   36.1  22534  -60.9                         285     20  548.3         548.3
   36.0  22551  -60.9                         285     20  548.6         548.6
   30.0  23680  -62.3                         220     10  574.2         574.2
   29.7  23742  -62.3                         233      9  575.9         575.9
   29.0  23892  -60.8                         265      5  583.9         583.9
   27.0  24340  -56.4                         285      8  608.3         608.3
   26.6  24433  -55.5                                     613.5         613.5
</PRE><H3>Station information and sounding indices</H3><PRE>
                         Station identifier: WAAA
                             Station number: 97180
                           Observation time: 170307/0000
                           Station latitude: -5.06
                          Station longitude: 119.55
                          Station elevation: 14.0
                            Showalter index: -1.78
                               Lifted index: -4.25
    LIFT computed using virtual temperature: -4.78
                                SWEAT index: 216.60
                                    K index: 39.70
                         Cross totals index: 22.70
                      Vertical totals index: 24.10
                        Totals totals index: 46.80
      Convective Available Potential Energy: 894.21
             CAPE using virtual temperature: 997.03
                      Convective Inhibition: -15.86
             CINS using virtual temperature: -13.19
                           Equilibrum Level: 185.66
 Equilibrum Level using virtual temperature: 183.85
                   Level of Free Convection: 897.42
             LFCT using virtual temperature: 903.61
                     Bulk Richardson Number: 176.88
          Bulk Richardson Number using CAPV: 197.21
  Temp [K] of the Lifted Condensation Level: 295.41
Pres [hPa] of the Lifted Condensation Level: 961.65
     Mean mixed layer potential temperature: 298.74
              Mean mixed layer mixing ratio: 17.95
              1000 hPa to 500 hPa thickness: 5762.00
Precipitable water [mm] for entire sounding: 61.75
</PRE>
<P>Description of the 
<A HREF="/upperair/columns.html">data columns</A>
or <A HREF="/upperair/indices.html">sounding indices</A>.

<P>
<FORM>
<INPUT CLASS="button" TYPE="button" VALUE=" Close this window " 
 onClick="window.close();">
<INPUT CLASS="button" TYPE="button" VALUE=" Select another map " 
 onClick="window.blur();">
</FORM>
<HR SIZE="1">
<I>Interested in graduate studies in atmospheric science?
Check out our program at the
<a href="http://www.uwyo.edu/atsc/howtoapply/"
target=_top>University of Wyoming
</a></I>
<HR SIZE="1"><FONT SIZE="-1">
Questions about the weather data provided by this site can be
addressed to <A HREF="mailto:ldoolman@uwyo.edu">
Larry Oolman (ldoolman@uwyo.edu)</A></FONT>
<HR SIZE="1">
<SCRIPT TYPE="text/javascript">
<!--
window.focus();
// -->
</SCRIPT>
</BODY>
</HTML>
