2016-08-14 00
<HTML>
<TITLE>University of Wyoming - Radiosonde Data</TITLE>
<LINK REL="StyleSheet" HREF="/resources/select.css" TYPE="text/css">
<BODY BGCOLOR="white">
<H2>97180 WAAA Ujung Pandang Observations at 00Z 14 Aug 2016</H2>
<PRE>
-----------------------------------------------------------------------------
   PRES   HGHT   TEMP   DWPT   RELH   MIXR   DRCT   SKNT   THTA   THTE   THTV
    hPa     m      C      C      %    g/kg    deg   knot     K      K      K 
-----------------------------------------------------------------------------
 1009.0     14   23.4   19.2     77  14.08    125      4  295.8  336.5  298.3
 1007.0     32   24.4   18.4     69  13.40    118      4  297.0  335.9  299.3
 1000.0     94   24.8   18.8     69  13.85     95      6  297.9  338.4  300.4
  998.0    112   25.6   19.6     69  14.60     92      6  298.9  341.7  301.5
  982.0    255   25.6   18.6     65  13.93     72     10  300.3  341.4  302.8
  977.0    300   25.3   18.4     66  13.79     65     11  300.4  341.1  302.9
  925.0    780   21.8   15.8     69  12.35     85     14  301.6  338.2  303.8
  919.0    837   21.2   15.2     69  11.96     84     14  301.5  337.0  303.7
  915.0    875   21.0   15.0     69  11.85     84     14  301.7  336.9  303.9
  883.0   1184   21.2   13.2     60  10.91     80     15  305.0  337.9  307.0
  881.0   1204   21.1   13.2     61  10.92     80     15  305.1  338.0  307.1
  850.0   1514   18.8   12.8     68  11.04     75     11  305.8  339.2  307.9
  823.0   1790   17.3   10.4     64   9.70     80      8  307.1  336.7  308.9
  794.0   2096   15.7    7.7     59   8.36     35      4  308.5  334.3  310.1
  766.0   2402   14.1    5.0     54   7.18    315      2  309.9  332.3  311.3
  742.0   2674   12.6    2.6     51   6.26    255      5  311.2  330.9  312.4
  740.0   2696   12.4    2.5     51   6.24    250      5  311.2  330.9  312.4
  700.0   3162    9.0    1.0     57   5.91    295      6  312.4  331.2  313.5
  696.0   3209    8.6    2.6     66   6.68    297      6  312.5  333.6  313.8
  688.0   3305    8.1   -1.5     51   5.01    300      5  312.9  329.0  313.9
  687.0   3317    8.0   -2.0     49   4.83    302      5  313.0  328.5  313.9
  677.0   3437    7.2    1.2     66   6.20    327      5  313.4  333.1  314.6
  664.0   3596    6.3   -0.4     62   5.62      0      5  314.1  332.1  315.2
  640.0   3896    4.6   -3.5     56   4.64      0      8  315.5  330.6  316.4
  624.0   4103    3.4   -5.6     52   4.06    353     11  316.4  329.8  317.2
  619.0   4168    3.4   -6.6     48   3.79    351     12  317.2  329.7  317.9
  617.0   4194    3.3   -5.6     52   4.11    350     12  317.3  330.9  318.1
  612.0   4260    3.0   -3.0     65   5.04    350     12  317.7  334.2  318.7
  611.0   4273    3.0   -0.8     76   5.94    350     12  317.9  337.2  319.0
  607.0   4326    3.2   -6.8     48   3.80    350     12  318.7  331.4  319.4
  599.0   4434    2.6   -4.4     60   4.63    350     11  319.2  334.5  320.1
  597.0   4461    3.0   -1.0     75   5.99    350     11  320.0  339.6  321.2
  594.0   4501    3.4   -2.6     65   5.35    350     11  320.9  338.6  322.0
  592.0   4529    3.4   -0.6     75   6.23    350     11  321.2  341.6  322.4
  589.0   4570    3.4   -4.6     56   4.64    350     11  321.7  337.1  322.6
  588.0   4584    3.6   -7.4     44   3.75    350     11  322.1  334.7  322.8
  587.0   4598    3.6   -9.4     38   3.21    350     11  322.2  333.2  322.9
  584.0   4639    3.2   -4.8     56   4.61    350     11  322.2  337.6  323.1
  580.0   4695    2.4   -3.6     65   5.08    350     10  321.9  338.8  322.9
  579.0   4709    2.4   -2.6     70   5.49    350     10  322.1  340.3  323.2
  572.0   4807    2.5   -6.0     54   4.30    350     10  323.4  337.8  324.2
  567.0   4878    2.6   -8.4     44   3.60    349      9  324.3  336.5  325.0
  552.0   5093    1.2  -10.8     40   3.05    345      4  325.1  335.6  325.7
  539.0   5284    0.0  -13.0     37   2.62     33      3  325.9  335.0  326.4
  532.0   5388   -0.8  -13.4     38   2.57     60      3  326.2  335.2  326.7
  500.0   5880   -4.3  -15.3     42   2.34     80     12  327.7  336.0  328.2
  493.0   5991   -5.1  -16.7     40   2.12     90     12  328.0  335.5  328.4
  474.0   6299   -7.5  -20.5     35   1.59     87     14  328.8  334.6  329.1
  456.0   6599   -9.5  -19.4     45   1.82     85     15  329.9  336.5  330.3
  446.0   6771  -10.7  -18.7     52   1.97     70     15  330.6  337.6  330.9
  439.0   6891  -11.5  -19.3     52   1.90     60     15  331.0  337.9  331.4
  408.0   7450  -15.3  -22.3     55   1.58     56     24  333.1  338.9  333.4
  400.0   7600  -16.3  -24.3     50   1.35     55     27  333.7  338.7  334.0
  392.0   7752  -17.3  -26.3     45   1.15     62     28  334.3  338.6  334.6
  389.0   7809  -17.3  -28.3     38   0.96     65     29  335.0  338.7  335.2
  373.0   8124  -17.5  -39.5     13   0.33     73     32  338.9  340.2  338.9
  331.0   9008  -22.9  -53.9      4   0.08     95     39  343.2  343.6  343.2
  305.0   9600  -27.7  -54.6      6   0.08    110     44  344.6  344.9  344.6
  300.0   9720  -28.7  -54.7      6   0.08    110     43  344.8  345.2  344.8
  250.0  11000  -40.1  -57.1     15   0.07     90     48  346.3  346.6  346.3
  200.0  12480  -51.5                          70     48  351.1         351.1
  196.0  12606  -52.6                          70     49  351.3         351.3
  154.0  14115  -65.7                          75     50  354.1         354.1
  150.0  14280  -67.1                          70     46  354.3         354.3
  100.0  16620  -83.9                          90     45  365.4         365.4
   97.0  16789  -85.3                          95     44  365.9         365.9
   96.1  16841  -85.7                          95     43  366.1         366.1
   93.4  16998  -85.3                          79     39  369.8         369.8
   91.8  17095  -79.3                          70     36  383.5         383.5
   87.0  17402  -79.1                          40     28  389.9         389.9
   84.7  17556  -76.1                          80     26  398.9         398.9
   83.0  17675  -75.2                         110     25  403.0         403.0
   76.9  18122  -71.9                         106     29  418.8         418.8
   75.0  18271  -71.7                         105     30  422.2         422.2
   70.0  18680  -71.3                          85     27  431.5         431.5
   67.0  18938  -70.5                          65     22  438.8         438.8
   65.0  19116  -69.9                          82     27  443.8         443.8
   64.0  19208  -69.6                          90     29  446.4         446.4
   61.0  19493  -68.8                          90     35  454.3         454.3
   60.5  19542  -68.7                          87     32  455.7         455.7
   59.1  19682  -65.3                          77     24  466.4         466.4
   58.0  19796  -64.1                          70     17  471.6         471.6
   56.4  19967  -62.3                          44     16  479.5         479.5
   55.0  20120  -62.9                          20     16  481.6         481.6
   53.0  20345  -63.8                          25     16  484.7         484.7
   50.0  20700  -65.1                           5      3  489.7         489.7
   48.0  20946  -66.7                         205      7  491.6         491.6
   47.5  21009  -67.1                         200      8  492.1         492.1
   45.0  21338  -64.2                         165      8  506.9         506.9
   43.5  21544  -62.3                         240      6  516.4         516.4
   43.0  21615  -62.4                         265      5  517.7         517.7
   41.0  21907  -63.0                         245      2  523.4         523.4
   40.8  21937  -63.1                         231      3  523.9         523.9
   39.0  22217  -61.7                         100     11  534.4         534.4
   37.0  22544  -60.0                          80      4  546.8         546.8
   36.0  22714  -59.1                           0      1  553.3         553.3
   34.0  23068  -57.3                         235      4  567.2         567.2
   33.8  23105  -57.1                         239      5  568.7         568.7
   31.0  23652  -55.4                         295     22  587.6         587.6
   30.6  23734  -55.1                         293     25  590.5         590.5
   30.0  23860  -54.9                         290     30  594.4         594.4
   27.0  24533  -54.8                         270     32  612.9         612.9
   25.5  24899  -54.7                         266     30  623.2         623.2
   23.0  25556  -55.5                         260     26  639.5         639.5
   21.0  26135  -56.2                         275     21  654.1         654.1
   20.3  26351  -56.5                                     659.7         659.7
</PRE><H3>Station information and sounding indices</H3><PRE>
                         Station identifier: WAAA
                             Station number: 97180
                           Observation time: 160814/0000
                           Station latitude: -5.06
                          Station longitude: 119.55
                          Station elevation: 14.0
                            Showalter index: 2.90
                               Lifted index: 2.52
    LIFT computed using virtual temperature: 2.15
                                SWEAT index: 187.59
                                    K index: 27.90
                         Cross totals index: 17.10
                      Vertical totals index: 23.10
                        Totals totals index: 40.20
      Convective Available Potential Energy: 0.00
             CAPE using virtual temperature: 0.13
                      Convective Inhibition: 0.00
             CINS using virtual temperature: -228.56
 Equilibrum Level using virtual temperature: 622.40
             LFCT using virtual temperature: 633.78
                     Bulk Richardson Number: 0.00
          Bulk Richardson Number using CAPV: 0.04
  Temp [K] of the Lifted Condensation Level: 290.05
Pres [hPa] of the Lifted Condensation Level: 891.90
     Mean mixed layer potential temperature: 299.70
              Mean mixed layer mixing ratio: 13.79
              1000 hPa to 500 hPa thickness: 5786.00
Precipitable water [mm] for entire sounding: 43.01
</PRE>
<P>Description of the 
<A HREF="/upperair/columns.html">data columns</A>
or <A HREF="/upperair/indices.html">sounding indices</A>.

<P>
<FORM>
<INPUT CLASS="button" TYPE="button" VALUE=" Close this window " 
 onClick="window.close();">
<INPUT CLASS="button" TYPE="button" VALUE=" Select another map " 
 onClick="window.blur();">
</FORM>
<HR SIZE="1">
<I>Interested in graduate studies in atmospheric science?
Check out our program at the
<a href="http://www.uwyo.edu/atsc/howtoapply/"
target=_top>University of Wyoming
</a></I>
<HR SIZE="1"><FONT SIZE="-1">
Questions about the weather data provided by this site can be
addressed to <A HREF="mailto:ldoolman@uwyo.edu">
Larry Oolman (ldoolman@uwyo.edu)</A></FONT>
<HR SIZE="1">
<SCRIPT TYPE="text/javascript">
<!--
window.focus();
// -->
</SCRIPT>
</BODY>
</HTML>
