2018-05-21 00
<HTML>
<TITLE>University of Wyoming - Radiosonde Data</TITLE>
<LINK REL="StyleSheet" HREF="/resources/select.css" TYPE="text/css">
<BODY BGCOLOR="white">
<H2>97180 WAAA Ujung Pandang Observations at 00Z 21 May 2018</H2>
<PRE>
-----------------------------------------------------------------------------
   PRES   HGHT   TEMP   DWPT   RELH   MIXR   DRCT   SKNT   THTA   THTE   THTV
    hPa     m      C      C      %    g/kg    deg   knot     K      K      K 
-----------------------------------------------------------------------------
 1009.0     14   26.2   23.8     87  18.80      0      0  298.6  353.6  301.9
 1000.0     87   26.4   21.4     74  16.33    115      4  299.6  347.5  302.5
  995.0    131   26.6   20.6     70  15.61    119      4  300.2  346.1  303.0
  976.0    300   25.6   19.9     71  15.19    135      6  300.8  345.6  303.6
  925.0    771   22.8   17.8     73  14.06    110     17  302.6  344.4  305.2
  881.0   1197   20.4   15.8     75  13.01     95     15  304.4  343.4  306.7
  850.0   1510   18.6   14.4     77  12.28    100     24  305.6  342.7  307.9
  776.0   2282   13.8   10.4     80  10.31     91     21  308.5  340.1  310.4
  765.0   2402   13.9    9.8     76  10.05     90     21  309.9  340.9  311.8
  759.0   2469   14.0    9.5     74   9.91     85     19  310.7  341.4  312.5
  738.0   2703   12.6    8.4     75   9.43     65     13  311.7  341.0  313.4
  700.0   3144   10.0    6.2     77   8.57     55     18  313.5  340.4  315.1
  687.0   3300    9.3    5.3     76   8.18     55     13  314.4  340.3  316.0
  656.0   3683    7.6    3.0     73   7.29     90     14  316.7  340.0  318.1
  639.0   3897    6.2    2.1     75   7.02    110     15  317.4  340.0  318.8
  572.0   4800    0.1   -1.6     88   5.97    105      7  320.5  340.1  321.7
  571.0   4814    0.0   -1.7     88   5.95    102      7  320.6  340.1  321.7
  551.0   5099   -1.5   -2.9     90   5.66     50      4  322.1  340.8  323.2
  530.0   5409   -3.1   -4.1     93   5.36     45      6  323.8  341.6  324.8
  522.0   5530   -3.7   -4.6     93   5.24     58      6  324.4  341.9  325.5
  511.0   5698   -4.6   -5.5     93   5.00     75      7  325.4  342.1  326.3
  500.0   5870   -5.5   -6.4     93   4.77     75      6  326.3  342.4  327.2
  492.0   5996   -6.0   -8.1     85   4.23     40      5  327.2  341.6  328.1
  476.0   6255   -6.9  -11.7     69   3.30     27      9  329.2  340.6  329.8
  473.0   6304   -7.2  -11.9     69   3.28     25     10  329.4  340.8  330.0
  455.0   6601   -9.1  -12.9     74   3.13     40     14  330.6  341.6  331.3
  421.0   7198  -12.9  -14.9     85   2.86     35     11  333.2  343.3  333.7
  403.0   7534  -15.1  -16.1     92   2.72     61      9  334.6  344.3  335.1
  400.0   7590  -15.5  -16.1     95   2.74     65      9  334.8  344.6  335.3
  380.0   7974  -17.9  -18.7     93   2.31     80     10  336.5  344.9  337.0
  377.0   8033  -18.3  -18.9     95   2.29     83     10  336.8  345.1  337.2
  374.0   8092  -18.6  -20.7     84   1.98     85     10  337.1  344.4  337.5
  370.0   8172  -19.1  -23.1     71   1.62     68      9  337.5  343.5  337.8
  368.0   8212  -19.3  -26.3     54   1.22     59      9  337.8  342.4  338.0
  364.0   8293  -18.1  -30.1     34   0.87     42      8  340.4  343.8  340.6
  363.0   8313  -18.1  -32.1     28   0.72     38      8  340.7  343.5  340.8
  359.0   8395  -18.7  -35.8     21   0.51     20      7  341.0  343.1  341.1
  349.0   8604  -20.1  -45.1      9   0.20    359      6  341.8  342.7  341.9
  345.0   8689  -20.7  -42.6     12   0.26    350      6  342.2  343.3  342.3
  335.0   8905  -22.1  -36.1     27   0.53    357      6  343.1  345.3  343.2
  331.0   8991  -22.9  -36.5     28   0.51      0      6  343.2  345.3  343.3
  317.0   9303  -25.7  -37.7     32   0.47    340      6  343.6  345.5  343.7
  304.0   9605  -28.4  -38.9     36   0.43      0      7  343.9  345.7  344.0
  300.0   9700  -29.3  -39.3     37   0.42     10      9  344.0  345.7  344.1
  298.0   9748  -29.9  -39.9     37   0.40     10      9  343.8  345.4  343.9
  268.0  10492  -35.3  -48.4     25   0.18     10     12  346.4  347.2  346.5
  250.0  10980  -38.9  -53.9     19   0.10     10     13  348.1  348.5  348.1
  246.0  11091  -39.9  -53.9     21   0.10     12     13  348.2  348.7  348.2
  225.0  11685  -45.0                          25     16  349.4         349.4
  215.0  11988  -47.6                         355     13  350.0         350.0
  200.0  12470  -51.7                         330     12  350.7         350.7
  170.0  13493  -60.1                         300     13  353.5         353.5
  150.0  14280  -66.5                         335     16  355.3         355.3
  133.0  14976  -72.9                         350     16  356.3         356.3
  120.0  15572  -78.4                         330     15  356.9         356.9
  115.0  15818  -80.7                         342     15  357.0         357.0
  108.0  16165  -82.7                           0     16  359.8         359.8
  102.0  16481  -84.5                          45     20  362.2         362.2
  100.0  16590  -85.1                          55     19  363.1         363.1
   97.8  16713  -86.1                          55     16  363.4         363.4
   96.0  16816  -85.3                          50     14  367.0         367.0
   91.0  17114  -82.9                          10     14  377.4         377.4
   89.4  17212  -82.1                         338     10  380.9         380.9
   87.0  17365  -82.3                         290      3  383.5         383.5
   83.7  17582  -82.5                         244      8  387.3         387.3
   82.0  17699  -79.1                         220     11  396.4         396.4
   80.3  17819  -75.7                         218     16  405.9         405.9
   78.0  17988  -75.3                         215     22  410.0         410.0
   74.0  18295  -74.7                         215      9  417.6         417.6
   72.8  18390  -74.5                         237      9  419.9         419.9
   70.0  18620  -73.3                         290      8  427.2         427.2
   69.8  18637  -73.3                         290      9  427.6         427.6
   67.3  18851  -68.3                         294     18  442.9         442.9
   67.0  18878  -68.3                         295     19  443.4         443.4
   63.0  19242  -68.8                         280     15  450.1         450.1
   60.0  19531  -69.2                         240      9  455.6         455.6
   57.0  19834  -69.6                           0      1  461.4         461.4
   55.0  20046  -69.9                          90      6  465.4         465.4
   52.0  20378  -70.4                         105     16  471.9         471.9
   50.0  20610  -70.7                         100     24  476.5         476.5
   48.1  20839  -72.1                          89     30  478.4         478.4
   47.4  20925  -72.3                          85     32  480.0         480.0
   47.1  20962  -72.5                          83     33  480.4         480.4
   46.6  21025  -68.5                          80     35  491.4         491.4
   45.0  21234  -68.8                          70     40  495.7         495.7
   43.3  21465  -69.1                          78     42  500.4         500.4
   40.0  21946  -65.3                          95     47  521.4         521.4
   37.4  22354  -62.1                          95     50  539.7         539.7
   30.0  23730  -57.7                          95     61  586.8         586.8
   28.5  24052  -57.9                          95     63  594.9         594.9
   26.1  24609  -53.5                          95     66  622.5         622.5
   22.0  25714  -50.5                          95     72  662.4         662.4
   21.7  25803  -50.3                          95     72  665.7         665.7
   20.0  26330  -48.9                         100     75  685.7         685.7
   18.7  26772  -47.9                          96     74  702.1         702.1
   17.3  27290  -43.3                          91     72  732.6         732.6
   17.0  27409  -42.7                          90     72  738.1         738.1
   15.5  28035  -39.7                          57     50  767.8         767.8
   15.0  28259  -39.7                          45     42  774.9         774.9
   13.0  29236  -39.9                          70     18  806.6         806.6
   12.0  29783  -40.0                         310     13  824.9         824.9
   11.4  30133  -40.1                                     836.8         836.8
</PRE><H3>Station information and sounding indices</H3><PRE>
                         Station identifier: WAAA
                             Station number: 97180
                           Observation time: 180521/0000
                           Station latitude: -5.06
                          Station longitude: 119.55
                          Station elevation: 14.0
                            Showalter index: 0.32
                               Lifted index: -1.11
    LIFT computed using virtual temperature: -1.25
                                SWEAT index: 226.82
                                    K index: 34.70
                         Cross totals index: 19.90
                      Vertical totals index: 24.10
                        Totals totals index: 44.00
      Convective Available Potential Energy: 108.16
             CAPE using virtual temperature: 135.45
                      Convective Inhibition: -146.28
             CINS using virtual temperature: -105.20
                           Equilibrum Level: 367.72
 Equilibrum Level using virtual temperature: 367.33
                   Level of Free Convection: 626.78
             LFCT using virtual temperature: 642.66
                     Bulk Richardson Number: 11.41
          Bulk Richardson Number using CAPV: 14.29
  Temp [K] of the Lifted Condensation Level: 292.21
Pres [hPa] of the Lifted Condensation Level: 906.62
     Mean mixed layer potential temperature: 300.52
              Mean mixed layer mixing ratio: 15.60
              1000 hPa to 500 hPa thickness: 5783.00
Precipitable water [mm] for entire sounding: 56.65
</PRE>
<P>Description of the 
<A HREF="/upperair/columns.html">data columns</A>
or <A HREF="/upperair/indices.html">sounding indices</A>.

<P>
<FORM>
<INPUT CLASS="button" TYPE="button" VALUE=" Close this window " 
 onClick="window.close();">
<INPUT CLASS="button" TYPE="button" VALUE=" Select another map " 
 onClick="window.blur();">
</FORM>
<HR SIZE="1">
<I>Interested in graduate studies in atmospheric science?
Check out our program at the
<a href="http://www.uwyo.edu/atsc/howtoapply/"
target=_top>University of Wyoming
</a></I>
<HR SIZE="1"><FONT SIZE="-1">
Questions about the weather data provided by this site can be
addressed to <A HREF="mailto:ldoolman@uwyo.edu">
Larry Oolman (ldoolman@uwyo.edu)</A></FONT>
<HR SIZE="1">
<SCRIPT TYPE="text/javascript">
<!--
window.focus();
// -->
</SCRIPT>
</BODY>
</HTML>
