2017-05-06 00
<HTML>
<TITLE>University of Wyoming - Radiosonde Data</TITLE>
<LINK REL="StyleSheet" HREF="/resources/select.css" TYPE="text/css">
<BODY BGCOLOR="white">
<H2>97180 WAAA Ujung Pandang Observations at 00Z 06 May 2017</H2>
<PRE>
-----------------------------------------------------------------------------
   PRES   HGHT   TEMP   DWPT   RELH   MIXR   DRCT   SKNT   THTA   THTE   THTV
    hPa     m      C      C      %    g/kg    deg   knot     K      K      K 
-----------------------------------------------------------------------------
 1011.0     14   25.4   22.8     86  17.63    175      4  297.6  348.9  300.8
 1000.0    109   26.2   21.5     75  16.44    120      4  299.4  347.5  302.3
  990.0    199   27.4   19.4     62  14.54    101      6  301.4  344.4  304.0
  979.0    298   26.7   18.8     62  14.19     80      9  301.6  343.7  304.2
  925.0    800   23.0   16.0     65  12.51     90      9  302.8  340.1  305.1
  884.0   1193   20.6   14.9     70  12.17    105     10  304.3  340.9  306.6
  850.0   1533   18.6   13.9     74  11.88     95     10  305.6  341.5  307.8
  774.0   2332   12.8   11.5     92  11.13     71      9  307.7  341.6  309.7
  700.0   3173    8.6    8.0     96   9.71     45      7  312.0  342.2  313.8
  689.0   3304    8.1    6.9     92   9.16     55      9  312.8  341.5  314.6
  637.0   3951    5.6    1.6     75   6.79     98     10  317.1  338.9  318.4
  617.0   4210    3.9    1.0     81   6.70    115     10  318.1  339.7  319.4
  572.0   4824    0.0   -0.5     96   6.49     95      9  320.4  341.6  321.7
  541.0   5269   -2.5   -2.5    100   5.92     80      9  322.6  342.1  323.7
  532.0   5403   -3.0   -3.0    100   5.78     75      9  323.5  342.6  324.6
  528.0   5463   -3.3   -3.3    100   5.71     80     10  323.9  342.9  325.0
  521.0   5568   -4.1   -5.0     93   5.09     89     11  324.1  341.2  325.1
  513.0   5690   -7.1  -14.1     57   2.52     99     13  321.9  330.6  322.4
  512.0   5705   -7.4  -16.1     50   2.14    100     13  321.7  329.1  322.1
  510.0   5735   -8.1  -20.1     37   1.53     99     13  321.3  326.7  321.6
  509.0   5751   -8.3  -21.3     34   1.38     99     13  321.2  326.1  321.5
  502.0   5859   -5.5  -23.5     23   1.15     96     15  325.9  330.1  326.1
  500.0   5890   -4.9  -22.9     23   1.22     95     15  327.0  331.4  327.2
  497.0   5937   -4.7  -22.7     23   1.25     95     15  327.8  332.4  328.1
  496.0   5953   -4.7  -23.7     21   1.15     95     15  328.0  332.2  328.2
  481.0   6193   -6.3  -27.3     17   0.85     95     15  328.9  332.1  329.1
  468.0   6407   -7.7  -25.7     22   1.01     95     14  329.8  333.5  330.0
  461.0   6523   -8.7  -22.7     31   1.35     95     14  329.9  334.9  330.2
  460.0   6540   -8.7  -17.7     48   2.08     95     14  330.1  337.6  330.6
  457.0   6591   -8.9  -23.9     29   1.22     95     14  330.5  335.0  330.8
  452.0   6676   -9.1  -31.1     15   0.63     95     14  331.3  333.7  331.4
  439.0   6900  -10.4  -27.4     23   0.92     95     14  332.4  335.9  332.6
  426.0   7131  -11.7  -23.7     36   1.33    110      8  333.6  338.6  333.9
  422.0   7203  -12.0  -23.5     38   1.37    115      6  334.1  339.2  334.4
  412.0   7386  -12.9  -22.9     43   1.48    149      8  335.3  340.8  335.6
  408.0   7460  -13.3  -28.3     27   0.92    163      9  335.7  339.2  335.9
  406.0   7497  -13.7  -28.6     27   0.89    170      9  335.7  339.1  335.9
  400.0   7610  -14.7  -29.7     27   0.82    175      9  335.8  338.9  336.0
  376.0   8076  -18.7  -23.1     68   1.59    180      7  336.5  342.4  336.8
  375.0   8095  -18.8  -23.6     66   1.53    180      7  336.7  342.4  337.0
  360.0   8399  -19.6  -30.5     37   0.84    225      5  339.5  342.8  339.7
  355.0   8504  -19.9  -32.9     30   0.68    232      5  340.4  343.1  340.6
  346.0   8693  -21.4  -33.0     35   0.69    245      6  340.9  343.6  341.0
  332.0   8997  -23.9  -33.1     43   0.71    225      8  341.5  344.3  341.7
  331.0   9019  -24.1  -33.1     43   0.71    225      8  341.6  344.4  341.7
  318.0   9311  -26.1  -39.1     28   0.41    223      8  342.7  344.4  342.8
  300.0   9730  -29.5  -42.5     27   0.30    220      8  343.7  344.9  343.8
  298.0   9778  -29.9  -42.9     27   0.29    219      8  343.8  345.0  343.8
  293.0   9897  -31.0  -41.7     34   0.34    215      7  343.9  345.3  344.0
  281.0  10193  -33.7  -38.7     61   0.48    243      6  344.1  346.1  344.2
  258.0  10784  -39.1  -44.1     59   0.30    300      3  344.7  345.9  344.7
  254.0  10892  -40.1  -45.1     59   0.27    302      3  344.7  345.9  344.8
  250.0  11000  -40.9                         305      4  345.1         345.1
  215.0  12000  -49.0                         335     15  347.7         347.7
  200.0  12480  -52.9                         320     18  348.8         348.8
  150.0  14280  -67.3                         300     16  354.0         354.0
  140.0  14684  -70.8                         295     16  354.8         354.8
  124.0  15393  -77.1                         299     15  355.9         355.9
  120.0  15579  -77.6                         300     15  358.4         358.4
  108.0  16175  -79.3                         190     11  366.2         366.2
  102.0  16498  -80.2                         170      9  370.4         370.4
  100.0  16610  -80.5                         165      8  371.9         371.9
   98.0  16725  -81.5                         165      6  372.2         372.2
   97.0  16783  -81.0                         170      7  374.3         374.3
   94.6  16925  -79.7                         101      5  379.5         379.5
   92.0  17084  -81.3                          25      3  379.3         379.3
   91.1  17140  -81.9                          19      5  379.2         379.2
   87.0  17400  -81.5                         350     12  385.0         385.0
   83.0  17667  -81.1                         255     16  391.0         391.0
   78.7  17968  -80.7                         252     14  397.9         397.9
   72.9  18406  -78.9                         247     11  410.5         410.5
   70.2  18623  -76.5                         245     10  420.1         420.1
   70.0  18640  -76.1                         245     10  421.3         421.3
   69.0  18723  -72.9                         225      7  429.9         429.9
   67.0  18895  -72.9                         185      2  433.5         433.5
   66.4  18948  -72.9                         210      4  434.6         434.6
   64.0  19166  -69.9                         310     14  445.8         445.8
   61.7  19383  -66.9                         287     28  457.1         457.1
   61.0  19451  -66.8                         280     33  458.7         458.7
   50.0  20650  -65.9                         295     31  487.8         487.8
   47.0  21023  -66.8                         290     34  494.4         494.4
   44.7  21326  -67.5                         283     29  499.8         499.8
   39.0  22156  -64.1                         265     15  528.1         528.1
   37.0  22476  -62.8                         280      6  539.5         539.5
   36.5  22559  -62.5                         290      8  542.4         542.4
   35.0  22820  -60.3                         320     15  554.6         554.6
   33.0  23187  -57.3                         310     23  572.0         572.0
   32.0  23382  -56.9                         305     27  578.1         578.1
   30.0  23790  -56.1                         255     15  591.1         591.1
   29.5  23897  -55.9                         245     16  594.5         594.5
   29.0  24005  -56.3                         235     16  596.3         596.3
   25.0  24940  -59.8                         185     29  612.1         612.1
   24.9  24965  -59.9                                     612.5         612.5
</PRE><H3>Station information and sounding indices</H3><PRE>
                         Station identifier: WAAA
                             Station number: 97180
                           Observation time: 170506/0000
                           Station latitude: -5.06
                          Station longitude: 119.55
                          Station elevation: 14.0
                            Showalter index: 1.39
                               Lifted index: 0.17
    LIFT computed using virtual temperature: -0.49
                                SWEAT index: 201.80
                                    K index: 36.80
                         Cross totals index: 18.80
                      Vertical totals index: 23.50
                        Totals totals index: 42.30
      Convective Available Potential Energy: 61.71
             CAPE using virtual temperature: 85.54
                      Convective Inhibition: -110.78
             CINS using virtual temperature: -91.20
                           Equilibrum Level: 500.50
 Equilibrum Level using virtual temperature: 454.19
                   Level of Free Convection: 769.02
             LFCT using virtual temperature: 778.98
                     Bulk Richardson Number: 88.97
          Bulk Richardson Number using CAPV: 123.33
  Temp [K] of the Lifted Condensation Level: 291.16
Pres [hPa] of the Lifted Condensation Level: 891.57
     Mean mixed layer potential temperature: 300.88
              Mean mixed layer mixing ratio: 14.86
              1000 hPa to 500 hPa thickness: 5781.00
Precipitable water [mm] for entire sounding: 53.99
</PRE>
<P>Description of the 
<A HREF="/upperair/columns.html">data columns</A>
or <A HREF="/upperair/indices.html">sounding indices</A>.

<P>
<FORM>
<INPUT CLASS="button" TYPE="button" VALUE=" Close this window " 
 onClick="window.close();">
<INPUT CLASS="button" TYPE="button" VALUE=" Select another map " 
 onClick="window.blur();">
</FORM>
<HR SIZE="1">
<I>Interested in graduate studies in atmospheric science?
Check out our program at the
<a href="http://www.uwyo.edu/atsc/howtoapply/"
target=_top>University of Wyoming
</a></I>
<HR SIZE="1"><FONT SIZE="-1">
Questions about the weather data provided by this site can be
addressed to <A HREF="mailto:ldoolman@uwyo.edu">
Larry Oolman (ldoolman@uwyo.edu)</A></FONT>
<HR SIZE="1">
<SCRIPT TYPE="text/javascript">
<!--
window.focus();
// -->
</SCRIPT>
</BODY>
</HTML>
