2017-05-05 12
<HTML>
<TITLE>University of Wyoming - Radiosonde Data</TITLE>
<LINK REL="StyleSheet" HREF="/resources/select.css" TYPE="text/css">
<BODY BGCOLOR="white">
<H2>97180 WAAA Ujung Pandang Observations at 00Z 05 May 2017</H2>
<PRE>
-----------------------------------------------------------------------------
   PRES   HGHT   TEMP   DWPT   RELH   MIXR   DRCT   SKNT   THTA   THTE   THTV
    hPa     m      C      C      %    g/kg    deg   knot     K      K      K 
-----------------------------------------------------------------------------
 1010.0     14   25.4   23.2     88  18.10      0      0  297.7  350.4  300.9
 1005.0     58   26.8   19.8     66  14.69     67      2  299.5  342.6  302.2
 1000.0    103   27.2   20.2     66  15.14    135      5  300.4  344.9  303.1
  978.0    299   26.7   17.9     59  13.39    105      6  301.7  341.4  304.2
  975.0    326   26.6   17.6     58  13.16    105      6  301.9  341.0  304.3
  925.0    787   23.2   16.2     65  12.68    105     13  303.0  340.9  305.3
  913.0    901   22.3   15.3     65  12.10    110     11  303.2  339.4  305.4
  912.0    911   22.2   15.2     65  12.05    109     11  303.2  339.2  305.4
  882.0   1201   20.9   13.9     64  11.42     70      5  304.8  339.1  306.9
  850.0   1521   19.4   12.4     64  10.75     90     10  306.4  339.1  308.4
  823.0   1799   18.2   10.4     60   9.70     85      8  308.1  337.8  309.9
  818.0   1851   18.0   10.0     60   9.51     83      7  308.4  337.6  310.1
  794.0   2102   16.3    8.9     62   9.12     75      3  309.1  337.3  310.9
  740.0   2697   12.2    6.5     68   8.25    110      8  311.0  336.7  312.5
  714.0   2999   10.1    5.2     71   7.83     80     10  311.9  336.4  313.4
  700.0   3166    9.0    4.5     73   7.60     80      9  312.4  336.3  313.9
  698.0   3190    8.8    4.6     75   7.68     82      9  312.4  336.6  313.9
  688.0   3308    8.2    4.0     75   7.49     90      8  313.1  336.7  314.5
  627.0   4070    4.6    0.5     75   6.37    157      6  317.4  337.9  318.6
  595.0   4495    2.5   -5.5     56   4.30    195      5  319.8  334.0  320.6
  587.0   4605    2.0   -7.0     51   3.87    181      4  320.4  333.3  321.1
  573.0   4798    0.8   -6.4     58   4.15    155      3  321.2  335.1  322.1
  563.0   4940    0.0   -6.0     64   4.36    157      3  321.9  336.4  322.7
  552.0   5097   -1.1   -6.2     69   4.40    160      3  322.4  337.1  323.2
  548.0   5155   -1.5   -6.2     70   4.41    156      4  322.6  337.4  323.4
  531.0   5405   -2.7   -9.2     61   3.61    140      8  324.0  336.3  324.7
  526.0   5480   -3.1  -10.1     58   3.39    149      8  324.5  336.0  325.1
  521.0   5556   -3.3  -10.3     58   3.37    159      8  325.1  336.6  325.8
  519.0   5586   -3.7   -9.7     63   3.55    163      8  325.0  337.1  325.7
  518.0   5601   -3.7   -8.5     69   3.91    165      8  325.2  338.4  325.9
  517.0   5616   -3.7   -8.3     70   3.98    167      8  325.3  338.9  326.1
  516.0   5632   -3.9   -7.7     75   4.18    169      8  325.3  339.4  326.1
  515.0   5647   -3.9   -8.2     72   4.02    171      9  325.5  339.1  326.2
  514.0   5662   -3.7   -9.7     63   3.58    172      9  325.9  338.1  326.6
  513.0   5678   -3.3  -17.3     33   1.93    174      9  326.6  333.4  326.9
  512.0   5693   -3.3  -18.3     30   1.78    176      9  326.7  333.1  327.1
  510.0   5724   -3.7  -11.7     54   3.08    180      9  326.6  337.3  327.2
  500.0   5880   -4.5  -10.5     63   3.46    200      9  327.5  339.4  328.2
  474.0   6295   -7.1  -12.0     68   3.22    225      6  329.4  340.6  330.0
  456.0   6597   -8.9  -13.2     71   3.06    210      7  330.7  341.4  331.3
  443.0   6822  -10.3  -14.0     74   2.94    208      7  331.7  342.1  332.3
  426.0   7122  -11.7  -17.7     61   2.25    206      8  333.6  341.7  334.1
  422.0   7194  -12.3  -18.0     63   2.22    205      8  333.8  341.8  334.2
  405.0   7506  -14.9  -19.1     70   2.09    235      9  334.3  341.9  334.8
  400.0   7600  -15.7  -19.5     73   2.05    240      9  334.5  342.0  334.9
  394.0   7714  -16.5  -19.3     79   2.12    241      9  334.9  342.6  335.3
  373.0   8124  -18.7  -23.3     67   1.58    245      9  337.3  343.1  337.6
  367.0   8244  -19.1  -28.1     45   1.04    246      9  338.3  342.3  338.5
  345.0   8701  -22.7  -28.7     58   1.04    250      9  339.4  343.5  339.7
  328.0   9069  -25.1  -35.1     39   0.59    231      8  341.1  343.4  341.2
  318.0   9292  -27.0  -35.3     45   0.60    220      7  341.5  343.9  341.6
  310.0   9476  -28.5  -35.5     51   0.60    224      8  341.9  344.3  342.0
  300.0   9710  -29.9  -39.9     37   0.40    230     10  343.1  344.8  343.2
  292.0   9902  -31.3  -43.7     29   0.27    240     11  343.8  344.9  343.8
  280.0  10201  -33.5  -49.5     18   0.15    270      8  344.8  345.4  344.8
  257.0  10798  -38.3  -52.1     22   0.12    285      6  346.2  346.7  346.2
  250.0  10990  -39.9  -52.9     24   0.11    295      5  346.6  347.1  346.6
  246.0  11097  -40.8                         325      4  346.9         346.9
  225.0  11689  -45.8                         265     10  348.2         348.2
  200.0  12470  -52.3                         275     16  349.8         349.8
  150.0  14270  -67.7                         275     25  353.3         353.3
  147.0  14390  -68.8                         275     25  353.5         353.5
  135.0  14895  -73.3                         262     25  354.1         354.1
  133.0  14981  -74.0                         260     25  354.5         354.5
  121.0  15527  -78.1                         283     20  356.6         356.6
  113.0  15917  -78.2                         300     16  363.4         363.4
  110.0  16071  -78.3                         270     11  366.1         366.1
  108.0  16175  -78.9                         250      7  366.9         366.9
  102.0  16498  -80.7                         250      2  369.5         369.5
  100.0  16610  -81.3                         215      4  370.4         370.4
   95.0  16896  -83.3                         185      7  371.9         371.9
   93.3  16996  -83.1                         168      9  374.3         374.3
   92.3  17057  -79.5                         158     11  382.5         382.5
   92.0  17075  -79.5                         155     11  382.9         382.9
   87.0  17392  -79.0                         140      8  390.1         390.1
   82.8  17673  -78.5                         257     14  396.6         396.6
   82.0  17728  -78.8                         280     15  397.1         397.1
   74.9  18239  -81.7                         298     19  401.4         401.4
   74.0  18306  -81.9                         300     19  402.3         402.3
   73.4  18352  -82.1                         298     18  402.9         402.9
   70.0  18620  -76.9                         285     12  419.6         419.6
   68.6  18736  -76.1                         284     15  423.7         423.7
   67.2  18857  -71.3                         283     17  436.6         436.6
   64.0  19147  -69.9                         281     24  445.8         445.8
   63.0  19241  -67.4                         280     26  453.2         453.2
   62.3  19309  -65.7                         280     27  458.5         458.5
   55.0  20069  -64.9                         280     35  476.9         476.9
   50.0  20650  -64.3                         255     31  491.5         491.5
   49.3  20736  -63.9                                     494.5         494.5
</PRE><H3>Station information and sounding indices</H3><PRE>
                         Station identifier: WAAA
                             Station number: 97180
                           Observation time: 170505/0000
                           Station latitude: -5.06
                          Station longitude: 119.55
                          Station elevation: 14.0
                            Showalter index: 2.76
                               Lifted index: 1.39
    LIFT computed using virtual temperature: 1.15
                                SWEAT index: 177.80
                                    K index: 31.80
                         Cross totals index: 16.90
                      Vertical totals index: 23.90
                        Totals totals index: 40.80
      Convective Available Potential Energy: 0.00
             CAPE using virtual temperature: 0.00
                      Convective Inhibition: 0.00
             CINS using virtual temperature: 0.00
                     Bulk Richardson Number: 0.00
          Bulk Richardson Number using CAPV: 0.00
  Temp [K] of the Lifted Condensation Level: 289.97
Pres [hPa] of the Lifted Condensation Level: 875.83
     Mean mixed layer potential temperature: 301.18
              Mean mixed layer mixing ratio: 14.01
              1000 hPa to 500 hPa thickness: 5777.00
Precipitable water [mm] for entire sounding: 49.09
</PRE>
<P>Description of the 
<A HREF="/upperair/columns.html">data columns</A>
or <A HREF="/upperair/indices.html">sounding indices</A>.

<P>
<FORM>
<INPUT CLASS="button" TYPE="button" VALUE=" Close this window " 
 onClick="window.close();">
<INPUT CLASS="button" TYPE="button" VALUE=" Select another map " 
 onClick="window.blur();">
</FORM>
<HR SIZE="1">
<I>Interested in graduate studies in atmospheric science?
Check out our program at the
<a href="http://www.uwyo.edu/atsc/howtoapply/"
target=_top>University of Wyoming
</a></I>
<HR SIZE="1"><FONT SIZE="-1">
Questions about the weather data provided by this site can be
addressed to <A HREF="mailto:ldoolman@uwyo.edu">
Larry Oolman (ldoolman@uwyo.edu)</A></FONT>
<HR SIZE="1">
<SCRIPT TYPE="text/javascript">
<!--
window.focus();
// -->
</SCRIPT>
</BODY>
</HTML>
