2016-04-13 00
<HTML>
<TITLE>University of Wyoming - Radiosonde Data</TITLE>
<LINK REL="StyleSheet" HREF="/resources/select.css" TYPE="text/css">
<BODY BGCOLOR="white">
<H2>97180 WAAA Ujung Pandang Observations at 00Z 13 Apr 2016</H2>
<PRE>
-----------------------------------------------------------------------------
   PRES   HGHT   TEMP   DWPT   RELH   MIXR   DRCT   SKNT   THTA   THTE   THTV
    hPa     m      C      C      %    g/kg    deg   knot     K      K      K 
-----------------------------------------------------------------------------
 1011.0     14   25.6   24.4     93  19.47      0      0  297.8  354.6  301.3
 1010.0     23   28.2   22.2     70  17.00      0      0  300.5  350.6  303.6
 1000.0    110   28.0   21.0     66  15.93      0      1  301.1  348.2  304.0
  979.0    298   27.0   20.2     67  15.51    335      1  301.9  347.9  304.7
  946.0    601   25.3   19.0     68  14.85    115      2  303.2  347.5  305.9
  925.0    800   24.2   18.2     69  14.43    110      4  304.1  347.2  306.7
  890.0   1138   22.6   14.6     61  11.87     76      2  305.8  341.6  307.9
  884.0   1197   22.1   14.5     62  11.91     70      2  305.8  341.8  308.0
  854.0   1496   19.6   14.2     71  12.09    150      2  306.2  342.8  308.4
  850.0   1537   19.2   14.2     73  12.12    130      1  306.2  342.9  308.5
  834.0   1700   17.8   13.8     77  12.03    120      3  306.4  342.9  308.6
  825.0   1792   17.4   13.4     78  11.86    115      4  306.9  342.9  309.1
  796.0   2096   15.9   12.2     79  11.32    160      2  308.5  343.2  310.6
  768.0   2400   14.4   10.9     79  10.80    280      4  310.1  343.4  312.1
  752.0   2578   13.6   10.2     80  10.50    298      2  311.1  343.6  313.0
  742.0   2690   13.2    9.1     76   9.89    310      1  311.9  342.6  313.7
  715.0   3001   12.2    6.2     66   8.36    275      3  314.1  340.5  315.7
  703.0   3143   11.8    4.8     62   7.73    255      5  315.1  339.7  316.6
  700.0   3179   11.6    4.6     62   7.65    250      6  315.3  339.6  316.8
  690.0   3299   10.7    4.3     65   7.61    275      6  315.5  339.8  317.0
  666.0   3594    8.3    3.6     72   7.51    315      5  316.1  340.1  317.5
  665.0   3607    8.2    3.6     73   7.51    317      5  316.1  340.1  317.6
  642.0   3897    6.7    1.9     71   6.90      0      3  317.6  339.9  319.0
  631.0   4040    6.0    1.1     71   6.61     23      4  318.4  339.8  319.7
  618.0   4211    6.4   -0.6     61   5.96     50      5  320.8  340.3  321.9
  597.0   4492    4.6   -1.5     65   5.77     95      6  321.8  340.8  322.9
  575.0   4798    2.6   -2.5     69   5.56    135     11  322.9  341.4  324.0
  548.0   5189    0.0   -3.8     76   5.30    142     10  324.4  342.1  325.4
  534.0   5395   -1.2   -4.8     76   5.04    145      9  325.4  342.3  326.4
  500.0   5920   -4.1   -7.4     78   4.41    115      9  328.0  343.0  328.9
  456.0   6638   -9.7  -10.6     93   3.76     86     12  329.7  342.7  330.5
  441.0   6895  -10.9  -11.7     94   3.56     75     13  331.4  343.8  332.1
  436.0   6983  -11.3  -12.1     94   3.49     81     13  331.9  344.2  332.6
  431.0   7071  -12.1  -13.6     89   3.12     87     13  332.0  343.0  332.6
  424.0   7197  -12.0  -15.3     76   2.76     95     13  333.7  343.6  334.3
  418.0   7305  -11.9  -16.8     67   2.47     95     14  335.2  344.1  335.7
  400.0   7640  -14.7  -22.7     51   1.55     95     18  335.8  341.6  336.1
  399.0   7659  -14.7  -23.7     46   1.42     95     18  336.0  341.4  336.3
  390.0   7831  -16.3  -22.3     60   1.65     96     18  336.1  342.2  336.5
  387.0   7889  -16.5  -22.5     60   1.63     97     18  336.6  342.7  336.9
  385.0   7928  -16.9  -22.9     60   1.58     97     18  336.6  342.5  336.9
  384.0   7948  -17.1  -22.1     65   1.70     97     18  336.6  342.9  336.9
  383.0   7967  -17.1  -18.9     86   2.26     97     18  336.8  345.1  337.3
  373.0   8165  -18.1  -19.9     86   2.13     98     18  338.1  345.9  338.5
  369.0   8246  -18.5  -20.4     85   2.06     99     18  338.6  346.2  339.0
  368.0   8266  -18.7  -22.5     72   1.72     99     18  338.6  345.0  338.9
  365.0   8327  -19.1  -22.0     78   1.81     99     18  338.8  345.6  339.2
  364.0   8347  -19.3  -20.1     93   2.14    100     18  338.8  346.7  339.3
  361.0   8409  -19.6  -21.0     88   2.00    100     18  339.3  346.7  339.7
  352.0   8596  -20.3  -23.7     74   1.61    101     18  340.7  346.8  341.1
  337.0   8917  -22.7  -28.7     58   1.07    102     18  341.7  345.9  341.9
  334.0   8983  -23.3  -31.3     48   0.84    102     18  341.8  345.1  342.0
  333.0   9005  -23.3  -33.3     39   0.70    102     18  342.1  344.8  342.2
  331.0   9049  -23.7  -34.7     36   0.61    102     18  342.1  344.6  342.2
  329.0   9093  -24.1  -32.1     48   0.79    103     18  342.2  345.3  342.3
  328.0   9115  -24.3  -28.9     66   1.08    103     17  342.2  346.4  342.4
  309.0   9548  -26.9  -34.9     47   0.64    104     17  344.4  347.0  344.6
  303.0   9689  -28.1  -38.1     38   0.47    105     17  344.7  346.6  344.8
  300.0   9760  -28.7  -38.7     38   0.45    105     17  344.8  346.7  344.9
  291.0   9978  -30.5  -36.5     56   0.58    103     17  345.3  347.6  345.4
  288.0  10051  -31.1  -37.1     56   0.55    102     16  345.4  347.7  345.6
  287.0  10076  -31.3  -39.3     45   0.44    101     16  345.5  347.3  345.6
  286.0  10101  -31.5  -35.7     66   0.64    101     16  345.6  348.1  345.7
  282.0  10200  -32.2  -39.0     51   0.47    100     16  345.9  347.9  346.0
  277.0  10327  -33.1  -43.1     36   0.31    102     17  346.4  347.7  346.5
  250.0  11040  -38.9  -49.9     30   0.16    115     23  348.1  348.8  348.1
  248.0  11095  -39.4  -48.9     36   0.18    110     23  348.1  348.9  348.2
  246.0  11151  -39.9  -47.9     42   0.20    110     23  348.2  349.1  348.2
  200.0  12530  -51.9                         100     21  350.4         350.4
  189.0  12890  -55.0                         100     21  351.2         351.2
  177.0  13308  -58.5                         110     18  352.0         352.0
  172.0  13485  -59.7                         115     16  352.9         352.9
  150.0  14330  -65.5                          55     20  357.1         357.1
  141.0  14703  -67.3                          33     13  360.3         360.3
  134.0  14996  -69.8                          15      7  361.1         361.1
  128.0  15260  -72.1                         320      4  361.8         361.8
  115.0  15876  -77.4                         195      5  363.2         363.2
  103.0  16510  -82.8                         175      9  364.4         364.4
  100.0  16680  -84.3                         150     11  364.6         364.6
   98.0  16792  -84.9                         140     13  365.6         365.6
   96.7  16866  -85.3                         135     14  366.2         366.2
   88.7  17345  -84.7                         130     19  376.5         376.5
   88.0  17390  -83.9                         130     19  379.1         379.1
   86.4  17493  -81.9                         100     15  385.0         385.0
   83.0  17719  -81.9                          35      5  389.4         389.4
   79.0  17997  -81.9                          20      8  395.0         395.0
   75.0  18290  -81.9                         320     11  400.9         400.9
   72.6  18474  -81.9                         296     14  404.6         404.6
   70.0  18680  -81.1                         270     18  410.6         410.6
   69.5  18720  -81.1                         267     19  411.4         411.4
   68.6  18794  -78.5                         261     19  418.5         418.5
   67.0  18928  -78.5                         250     21  421.4         421.4
   61.0  19463  -78.5                         225     17  432.8         432.8
   58.0  19750  -78.5                         195     10  439.1         439.1
   57.3  19819  -78.5                         161      8  440.6         440.6
   55.0  20055  -75.5                          45      2  452.8         452.8
   54.3  20129  -74.5                          34      4  456.6         456.6
   52.0  20381  -73.7                         355     10  464.3         464.3
   50.0  20610  -72.9                           5     12  471.3         471.3
   49.0  20728  -73.2                          10     12  473.2         473.2
   48.3  20813  -73.5                          27     13  474.6         474.6
   47.0  20974  -72.0                          60     14  481.7         481.7
   45.3  21191  -70.1                          68     23  491.6         491.6
   42.0  21641  -69.7                          85     42  503.2         503.2
   40.0  21932  -69.5                         100     42  510.8         510.8
   39.9  21947  -69.5                         100     42  511.2         511.2
   36.0  22575  -65.9                          90     41  535.9         535.9
   30.4  23607  -59.9                         109     27  578.6         578.6
   30.0  23690  -59.9                         110     26  580.8         580.8
   29.6  23774  -59.3                         106     22  584.6         584.6
   29.0  23904  -56.4                         100     17  596.2         596.2
   28.0  24128  -51.3                          31     12  616.2         616.2
   27.0  24364  -51.3                         320      7  622.6         622.6
   26.0  24610  -51.3                         265     12  629.4         629.4
   23.0  25406  -51.3                         170     17  651.8         651.8
   22.0  25694  -51.3                         105     11  660.2         660.2
   21.5  25844  -51.3                                     664.5         664.5
</PRE><H3>Station information and sounding indices</H3><PRE>
                         Station identifier: WAAA
                             Station number: 97180
                           Observation time: 160413/0000
                           Station latitude: -5.06
                          Station longitude: 119.55
                          Station elevation: 14.0
                            Showalter index: 1.62
                               Lifted index: -0.39
    LIFT computed using virtual temperature: -0.63
                                SWEAT index: 181.38
                                    K index: 30.50
                         Cross totals index: 18.30
                      Vertical totals index: 23.30
                        Totals totals index: 41.60
      Convective Available Potential Energy: 91.71
             CAPE using virtual temperature: 122.62
                      Convective Inhibition: -197.65
             CINS using virtual temperature: -128.65
                           Equilibrum Level: 357.08
 Equilibrum Level using virtual temperature: 356.06
                   Level of Free Convection: 557.08
             LFCT using virtual temperature: 671.63
                     Bulk Richardson Number: 163.00
          Bulk Richardson Number using CAPV: 217.93
  Temp [K] of the Lifted Condensation Level: 292.08
Pres [hPa] of the Lifted Condensation Level: 892.61
     Mean mixed layer potential temperature: 301.73
              Mean mixed layer mixing ratio: 15.71
              1000 hPa to 500 hPa thickness: 5810.00
Precipitable water [mm] for entire sounding: 56.68
</PRE>
<P>Description of the 
<A HREF="/upperair/columns.html">data columns</A>
or <A HREF="/upperair/indices.html">sounding indices</A>.

<P>
<FORM>
<INPUT CLASS="button" TYPE="button" VALUE=" Close this window " 
 onClick="window.close();">
<INPUT CLASS="button" TYPE="button" VALUE=" Select another map " 
 onClick="window.blur();">
</FORM>
<HR SIZE="1">
<I>Interested in graduate studies in atmospheric science?
Check out our program at the
<a href="http://www.uwyo.edu/atsc/howtoapply/"
target=_top>University of Wyoming
</a></I>
<HR SIZE="1"><FONT SIZE="-1">
Questions about the weather data provided by this site can be
addressed to <A HREF="mailto:ldoolman@uwyo.edu">
Larry Oolman (ldoolman@uwyo.edu)</A></FONT>
<HR SIZE="1">
<SCRIPT TYPE="text/javascript">
<!--
window.focus();
// -->
</SCRIPT>
</BODY>
</HTML>
