2018-08-02 00
<HTML>
<TITLE>University of Wyoming - Radiosonde Data</TITLE>
<LINK REL="StyleSheet" HREF="/resources/select.css" TYPE="text/css">
<BODY BGCOLOR="white">
<H2>97180 WAAA Ujung Pandang Observations at 00Z 02 Aug 2018</H2>
<PRE>
-----------------------------------------------------------------------------
   PRES   HGHT   TEMP   DWPT   RELH   MIXR   DRCT   SKNT   THTA   THTE   THTV
    hPa     m      C      C      %    g/kg    deg   knot     K      K      K 
-----------------------------------------------------------------------------
 1012.0     14   25.0   23.9     94  18.86      0      0  297.1  351.9  300.5
 1011.0     23   22.8   19.0     79  13.87    346      0  295.0  335.0  297.5
 1000.0    120   23.8   17.8     69  12.99    190      2  296.9  334.7  299.3
  999.0    129   24.4   18.4     69  13.51    190      2  297.6  337.0  300.1
  980.0    298   24.3   17.7     67  13.19    195      3  299.2  337.9  301.5
  966.0    424   24.2   17.2     65  12.94    182      6  300.3  338.5  302.6
  947.0    598   22.9   15.9     65  12.15    165      9  300.7  336.7  302.9
  925.0    804   21.4   14.4     64  11.27    170     10  301.2  334.6  303.2
  883.0   1202   18.1   13.8     76  11.35    205      8  301.8  335.5  303.8
  870.0   1329   17.0   13.6     80  11.37    192      9  301.9  335.8  304.0
  853.0   1497   16.5   11.7     73  10.25    175     11  303.1  333.8  305.0
  850.0   1527   16.4   11.4     72  10.05    175     11  303.3  333.5  305.1
  820.0   1833   15.0    7.0     59   7.72    190     10  305.0  328.5  306.4
  776.0   2297   11.2    6.8     74   8.05    214      8  305.7  330.3  307.2
  759.0   2482   10.2    6.4     77   8.00    224      8  306.6  331.1  308.1
  757.0   2504   10.0    6.9     81   8.31    225      8  306.6  332.0  308.1
  755.0   2526   10.4    3.4     62   6.51    226      8  307.3  327.4  308.5
  749.0   2593   10.8    0.8     50   5.44    229      7  308.4  325.5  309.4
  739.0   2704    9.6    2.0     59   6.01    235      7  308.3  327.1  309.4
  732.0   2783    8.8    2.8     66   6.44    251      7  308.2  328.3  309.4
  727.0   2840    8.4    2.4     66   6.30    262      7  308.4  328.0  309.6
  725.0   2863    8.2    2.2     66   6.22    267      7  308.4  327.8  309.6
  721.0   2909    8.8   -4.2     40   3.90    276      7  309.6  322.1  310.3
  717.0   2955    9.2  -10.8     23   2.35    286      7  310.5  318.3  310.9
  716.0   2966    9.2  -11.8     21   2.17    288      7  310.6  317.9  311.0
  713.0   3001    8.9  -10.0     25   2.52    295      7  310.7  319.0  311.1
  706.0   3083    8.2   -5.8     37   3.53    298      8  310.8  322.2  311.4
  701.0   3141    7.8   -7.2     34   3.19    300      9  311.0  321.4  311.6
  700.0   3153    8.0   -8.0     31   3.00    300      9  311.3  321.1  311.9
  688.0   3296    8.1  -13.5     20   1.98    305      9  313.0  319.6  313.4
  660.0   3639    8.4  -26.6      6   0.66    265      7  317.0  319.5  317.2
  640.0   3890    6.9  -28.1      6   0.60    235      5  318.2  320.4  318.3
  617.0   4188    5.2  -29.8      6   0.53    170      2  319.5  321.5  319.6
  594.0   4497    3.4  -31.6      6   0.46     75      1  320.9  322.7  321.0
  572.0   4804    1.6  -33.4      5   0.40    100      2  322.3  323.8  322.4
  553.0   5079    0.0  -35.0      5   0.36     80      4  323.5  324.9  323.6
  548.0   5152   -0.7  -21.7     19   1.24     74      4  323.5  328.0  323.8
  534.0   5359   -1.9  -27.9     12   0.73     58      6  324.5  327.2  324.6
  531.0   5403   -2.2  -25.2     15   0.93     55      6  324.6  328.1  324.8
  523.0   5524   -3.1  -18.1     30   1.77     59      8  325.0  331.3  325.3
  515.0   5646   -3.3  -25.3     16   0.96     63      9  326.2  329.7  326.4
  511.0   5708   -3.6  -25.6     16   0.94     65     10  326.5  330.0  326.7
  500.0   5880   -4.5  -26.5     16   0.88     50     10  327.5  330.8  327.7
  492.0   6006   -5.6  -22.5     25   1.28     45     13  327.6  332.3  327.9
  486.0   6102   -6.5  -19.5     35   1.69     45     13  327.7  333.8  328.0
  479.0   6215   -7.3  -19.3     38   1.74     45     12  328.1  334.3  328.4
  474.0   6296   -7.5  -26.2     21   0.96     45     12  328.8  332.4  329.0
  470.0   6362   -7.7  -31.7     13   0.58     52     12  329.4  331.6  329.5
  460.0   6528   -8.7  -39.7      6   0.27     68     11  330.1  331.2  330.2
  456.0   6595   -9.3  -35.7     10   0.40     75     11  330.2  331.8  330.3
  453.0   6646   -9.7  -32.7     13   0.54     73     11  330.3  332.4  330.4
  451.0   6680   -9.9  -26.9     24   0.94     72     11  330.5  334.0  330.7
  445.0   6783  -10.7  -34.7     12   0.45     69     11  330.8  332.5  330.9
  432.0   7009  -12.5  -29.5     23   0.77     63     12  331.3  334.2  331.4
  419.0   7241  -14.1  -35.1     15   0.46     56     12  332.1  334.0  332.2
  401.0   7571  -17.1  -25.1     50   1.25     46     13  332.4  337.1  332.7
  400.0   7590  -17.1  -24.1     55   1.37     45     13  332.7  337.7  332.9
  387.0   7838  -17.7  -30.7     31   0.77     36     15  335.0  338.0  335.2
  373.0   8109  -19.6  -32.6     31   0.67     25     17  336.1  338.7  336.2
  359.0   8391  -21.5  -34.5     30   0.57     35     12  337.2  339.4  337.3
  344.0   8705  -23.7  -36.7     29   0.48     80      8  338.4  340.3  338.5
  318.0   9283  -27.7  -40.7     28   0.35    109     11  340.5  341.9  340.6
  317.0   9305  -27.9  -40.9     28   0.34    110     11  340.6  341.9  340.6
  300.0   9700  -31.1  -45.1     24   0.23    100     16  341.4  342.4  341.5
  290.0   9939  -32.9  -45.9     26   0.22     94     20  342.2  343.1  342.2
  260.0  10694  -40.1  -44.2     65   0.29     76     34  342.4  343.7  342.5
  250.0  10960  -42.1                          70     39  343.3         343.3
  245.0  11093  -43.3                          65     39  343.6         343.6
  201.0  12398  -54.7                          60     59  345.5         345.5
  200.0  12430  -55.1                          60     59  345.4         345.4
  186.0  12890  -57.0                          55     67  349.5         349.5
  181.0  13063  -57.7                          57     63  351.1         351.1
  153.0  14098  -66.5                          70     40  353.4         353.4
  150.0  14220  -67.5                          70     39  353.6         353.6
  128.0  15156  -76.1                          92     40  354.5         354.5
  125.0  15291  -77.1                          95     40  355.1         355.1
  112.0  15916  -81.9                          81     33  357.5         357.5
  107.0  16172  -82.2                          75     30  361.6         361.6
  100.0  16550  -82.7                          85     27  367.7         367.7
   94.2  16884  -82.1                          88     29  375.2         375.2
   91.0  17084  -78.5                          90     30  386.1         386.1
   86.0  17412  -72.5                          50     19  404.4         404.4
   82.6  17646  -68.3                          80     13  417.7         417.7
   82.0  17690  -68.2                          85     12  418.8         418.8
   76.0  18147  -66.9                         170     15  430.7         430.7
   74.0  18307  -68.1                         200     16  431.5         431.5
   71.0  18555  -69.9                         200     16  432.8         432.8
   70.0  18640  -70.5                         200     15  433.2         433.2
   69.6  18674  -70.7                         200     14  433.5         433.5
   61.0  19454  -69.9                         105     20  452.0         452.0
   57.6  19793  -69.5                          91     24  460.3         460.3
   52.3  20370  -66.1                          66     32  481.1         481.1
   52.0  20404  -66.3                          65     32  481.4         481.4
   50.0  20640  -67.5                          60     31  484.0         484.0
   49.7  20676  -67.7                          61     31  484.4         484.4
   45.6  21201  -63.7                          74     38  506.1         506.1
   41.1  21839  -64.1                          90     47  520.4         520.4
   41.0  21854  -63.9                          90     47  521.2         521.2
   40.0  22007  -61.9                          90     48  529.9         529.9
   34.0  23017  -61.1                          90     55  557.2         557.2
   33.9  23035  -61.1                          90     55  557.7         557.7
   30.7  23655  -59.7                          90     61  577.5         577.5
   30.0  23800  -58.5                          90     62  584.6         584.6
   26.9  24488  -53.5                          92     64  617.1         617.1
   24.1  25192  -51.8                          95     66  641.7         641.7
   24.0  25219  -51.8                          95     66  642.6         642.6
   23.6  25326  -51.5                          97     61  646.5         646.5
   22.0  25784  -47.7                         105     41  670.8         670.8
   21.1  26057  -45.5                          81     25  685.6         685.6
   20.0  26410  -46.7                          50      5  692.5         692.5
   19.0  26747  -48.1                         265      6  698.2         698.2
   18.0  27103  -49.7                         260     17  704.3         704.3
   17.6  27251  -50.3                         236     15  706.8         706.8
   17.0  27477  -50.1                         200     12  714.4         714.4
   15.7  27997  -49.7                         248     16  732.2         732.2
   15.3  28167  -47.3                         263     17  745.6         745.6
   15.0  28297  -47.5                         275     18  749.3         749.3
   14.0  28752  -48.0                         245     17  762.3         762.3
   13.5  28992  -48.3                                     769.3         769.3
</PRE><H3>Station information and sounding indices</H3><PRE>
                         Station identifier: WAAA
                             Station number: 97180
                           Observation time: 180802/0000
                           Station latitude: -5.06
                          Station longitude: 119.55
                          Station elevation: 14.0
                            Showalter index: 5.20
                               Lifted index: 3.56
    LIFT computed using virtual temperature: 3.03
                                SWEAT index: 168.79
                                    K index: 16.30
                         Cross totals index: 15.90
                      Vertical totals index: 20.90
                        Totals totals index: 36.80
      Convective Available Potential Energy: 0.00
             CAPE using virtual temperature: 0.81
                      Convective Inhibition: 0.00
             CINS using virtual temperature: -98.53
 Equilibrum Level using virtual temperature: 721.18
             LFCT using virtual temperature: 777.84
                     Bulk Richardson Number: 0.00
          Bulk Richardson Number using CAPV: 8.75
  Temp [K] of the Lifted Condensation Level: 289.53
Pres [hPa] of the Lifted Condensation Level: 898.41
     Mean mixed layer potential temperature: 298.55
              Mean mixed layer mixing ratio: 13.24
              1000 hPa to 500 hPa thickness: 5760.00
Precipitable water [mm] for entire sounding: 33.85
</PRE>
<P>Description of the 
<A HREF="/upperair/columns.html">data columns</A>
or <A HREF="/upperair/indices.html">sounding indices</A>.

<P>
<FORM>
<INPUT CLASS="button" TYPE="button" VALUE=" Close this window " 
 onClick="window.close();">
<INPUT CLASS="button" TYPE="button" VALUE=" Select another map " 
 onClick="window.blur();">
</FORM>
<HR SIZE="1">
<I>Interested in graduate studies in atmospheric science?
Check out our program at the
<a href="http://www.uwyo.edu/atsc/howtoapply/"
target=_top>University of Wyoming
</a></I>
<HR SIZE="1"><FONT SIZE="-1">
Questions about the weather data provided by this site can be
addressed to <A HREF="mailto:ldoolman@uwyo.edu">
Larry Oolman (ldoolman@uwyo.edu)</A></FONT>
<HR SIZE="1">
<SCRIPT TYPE="text/javascript">
<!--
window.focus();
// -->
</SCRIPT>
</BODY>
</HTML>
