2018-08-18 12
<HTML>
<TITLE>University of Wyoming - Radiosonde Data</TITLE>
<LINK REL="StyleSheet" HREF="/resources/select.css" TYPE="text/css">
<BODY BGCOLOR="white">
<H2>97180 WAAA Ujung Pandang Observations at 00Z 18 Aug 2018</H2>
<PRE>
-----------------------------------------------------------------------------
   PRES   HGHT   TEMP   DWPT   RELH   MIXR   DRCT   SKNT   THTA   THTE   THTV
    hPa     m      C      C      %    g/kg    deg   knot     K      K      K 
-----------------------------------------------------------------------------
 1011.0     14   23.4   22.3     94  17.09      0      0  295.6  344.9  298.6
 1010.0     22   24.8   17.8     65  12.86     10      0  297.1  334.5  299.4
 1009.0     30   25.8   18.8     65  13.72     20      0  298.2  338.3  300.6
 1000.0    103   25.8   17.8     61  12.99    110      2  298.9  337.1  301.3
  957.0    491   24.0   16.0     61  12.09     25      0  300.9  336.7  303.1
  945.0    602   23.2   15.9     64  12.19      0      0  301.2  337.3  303.4
  925.0    789   21.8   15.8     69  12.35      0      0  301.6  338.2  303.8
  913.0    902   21.1   15.0     68  11.85    150      2  302.1  337.3  304.2
  882.0   1201   19.4   12.8     65  10.60    170      2  303.2  335.0  305.2
  861.0   1410   18.2   11.2     64   9.79    142      2  304.1  333.6  305.9
  852.0   1500   17.6   10.6     64   9.47    130      2  304.3  332.9  306.0
  850.0   1520   17.4   10.4     63   9.40    130      2  304.4  332.8  306.1
  844.0   1580   16.6   13.3     81  11.50    115      2  304.1  338.7  306.2
  822.0   1805   15.7   10.0     69   9.48     60      1  305.5  334.2  307.2
  810.0   1930   15.2    8.2     63   8.49     20      3  306.2  332.2  307.8
  794.0   2099   14.2   11.2     82  10.63    325      6  306.9  339.3  308.9
  739.0   2701   10.3    7.6     84   8.95    330     14  309.0  336.6  310.7
  730.0   2804    9.6    7.0     84   8.68    321     14  309.4  336.2  311.0
  720.0   2918    9.0    6.1     82   8.27    311     14  309.9  335.6  311.5
  714.0   2988    8.8    5.0     77   7.72    305     15  310.4  334.5  311.9
  707.0   3069    9.4    2.4     62   6.48    297     15  312.0  332.4  313.2
  706.0   3081    9.4    3.4     66   6.97    296     15  312.1  334.0  313.4
  704.0   3105   10.0    1.0     54   5.88    294     15  313.0  331.7  314.1
  700.0   3152   10.4   -4.6     35   3.90    290     15  314.0  326.7  314.7
  697.0   3188   10.4   -4.6     35   3.92    288     15  314.4  327.1  315.1
  688.0   3296   10.3   -5.9     31   3.59    280     16  315.4  327.2  316.1
  682.0   3369   10.2   -6.8     30   3.38    280     17  316.1  327.3  316.7
  616.0   4199    3.9   -8.8     39   3.21    285     26  318.1  328.9  318.8
  579.0   4705    0.0  -10.0     47   3.10    298     23  319.3  329.8  319.9
  572.0   4802   -0.3  -13.6     36   2.36    300     22  320.1  328.2  320.6
  551.0   5101   -1.1  -24.6     15   0.95    330     20  322.6  326.1  322.8
  550.0   5116   -1.1  -25.1     14   0.91    330     20  322.7  326.1  322.9
  522.0   5530   -3.5  -34.5      7   0.40    334     14  324.7  326.2  324.8
  512.0   5683   -3.3  -37.3      5   0.30    335     12  326.7  327.9  326.8
  511.0   5698   -3.4  -37.8      5   0.29    335     12  326.8  328.0  326.9
  507.0   5760   -3.7  -39.7      4   0.24    331     11  327.2  328.1  327.2
  504.0   5807   -3.9  -23.9     19   1.11    329     10  327.5  331.5  327.7
  500.0   5870   -4.3  -20.3     28   1.53    325      9  327.7  333.3  328.0
  492.0   5997   -5.0  -21.0     27   1.46    305      5  328.4  333.7  328.7
  480.0   6192   -6.1  -22.1     27   1.36     23      5  329.4  334.3  329.6
  473.0   6305   -7.1  -22.3     29   1.36     70      5  329.5  334.4  329.7
  455.0   6606   -9.9  -22.9     34   1.34     80      8  329.7  334.6  330.0
  431.0   7025  -13.7  -23.7     43   1.32     59     14  330.0  334.8  330.2
  421.0   7203  -15.0  -23.0     51   1.44     50     16  330.5  335.8  330.8
  400.0   7590  -17.9  -21.4     74   1.74     55     25  331.6  338.0  332.0
  397.0   7646  -18.5  -20.7     83   1.86     56     26  331.6  338.3  331.9
  391.0   7759  -19.5  -20.5     92   1.93     57     28  331.7  338.7  332.1
  385.0   7874  -19.9  -23.9     70   1.45     58     30  332.6  338.0  332.9
  374.0   8088  -21.3  -25.0     72   1.35     59     33  333.6  338.6  333.8
  362.0   8329  -21.3  -28.3     53   1.03     62     37  336.7  340.6  336.9
  361.0   8349  -21.5  -28.5     53   1.02     62     37  336.7  340.6  336.9
  354.0   8493  -21.1  -34.1     30   0.61     63     40  339.1  341.5  339.2
  344.0   8700  -22.8  -36.1     29   0.51     65     43  339.6  341.7  339.8
  300.0   9690  -30.7  -45.7     22   0.21     80     31  342.0  342.9  342.0
  258.0  10737  -39.9  -53.9     21   0.10     94     31  343.5  343.9  343.5
  256.0  10789  -40.4                          95     31  343.5         343.5
  250.0  10950  -41.9                          95     29  343.6         343.6
  200.0  12420  -52.1                          70     46  350.1         350.1
  186.0  12879  -55.5                          75     44  352.0         352.0
  161.0  13791  -62.2                          60     36  355.4         355.4
  156.0  13990  -63.7                          67     29  356.1         356.1
  150.0  14230  -65.7                          75     20  356.7         356.7
  146.0  14390  -67.1                          90     15  357.0         357.0
  132.0  14988  -72.5                         135      5  357.9         357.9
  130.0  15079  -73.3                         148      5  358.0         358.0
  125.0  15304  -75.0                         180      5  359.0         359.0
  114.0  15832  -78.9                         143     11  361.3         361.3
  101.0  16514  -80.6                          95     20  370.8         370.8
  100.0  16570  -80.7                          85     22  371.6         371.6
   97.7  16702  -77.7                          68     25  379.9         379.9
   96.0  16803  -77.7                          55     28  381.8         381.8
   91.0  17109  -77.7                          65     16  387.7         387.7
   87.0  17367  -77.7                         165      7  392.7         392.7
   76.3  18119  -77.7                         124     20  407.7         407.7
   74.0  18295  -77.1                         115     23  412.5         412.5
   70.0  18620  -69.9                          95     14  434.5         434.5
   69.4  18672  -67.3                          88     14  441.1         441.1
   67.0  18883  -68.0                          60     16  444.1         444.1
   64.0  19157  -68.9                          45     15  447.9         447.9
   62.2  19328  -69.5                          59     16  450.3         450.3
   58.7  19674  -69.9                          86     19  456.9         456.9
   57.0  19850  -66.7                         100     21  468.1         468.1
   56.8  19871  -66.3                         100     22  469.4         469.4
   52.9  20303  -65.3                         100     36  481.4         481.4
   51.5  20467  -62.9                         100     41  490.7         490.7
   50.0  20650  -61.7                         100     47  497.7         497.7
   47.0  21034  -60.3                          95     49  509.8         509.8
   46.1  21153  -59.9                          95     49  513.7         513.7
   41.4  21819  -62.1                          92     51  524.2         524.2
   35.3  22816  -55.7                          89     53  565.3         565.3
   30.0  23850  -55.3                          85     56  593.3         593.3
   28.0  24290  -54.4                          85     51  607.5         607.5
   26.0  24762  -53.5                         101     30  623.1         623.1
   25.0  25011  -54.3                         110     19  627.9         627.9
   24.0  25271  -55.1                         150      9  632.8         632.8
   23.8  25325  -55.3                         151     10  633.9         633.9
   23.0  25542  -55.3                         155     14  640.1         640.1
   22.5  25681  -55.3                         140     13  644.1         644.1
   22.0  25825  -53.3                         125     12  654.2         654.2
   21.7  25912  -52.1                         125     12  660.4         660.4
   20.0  26440  -50.1                         125     12  682.1         682.1
   19.3  26673  -48.9                         153      9  692.7         692.7
   19.0  26777  -47.2                         165      7  701.0         701.0
   18.8  26847  -46.1                         178     10  706.7         706.7
   18.6  26918  -44.3                         191     12  714.5         714.5
   18.0  27135  -45.0                         230     20  719.1         719.1
   16.0  27916  -47.4                         230     20  735.9         735.9
   15.0  28344  -48.7                         260     22  745.2         745.2
   14.7  28478  -49.1                         264     24  748.1         748.1
   13.0  29286  -48.4                         290     33  777.3         777.3
   12.0  29812  -48.0                         280     35  796.9         796.9
   11.9  29867  -47.9                                     798.9         798.9
</PRE><H3>Station information and sounding indices</H3><PRE>
                         Station identifier: WAAA
                             Station number: 97180
                           Observation time: 180818/0000
                           Station latitude: -5.06
                          Station longitude: 119.55
                          Station elevation: 14.0
                            Showalter index: 5.74
                               Lifted index: 3.87
    LIFT computed using virtual temperature: 3.45
                                SWEAT index: 137.80
                                    K index: 17.10
                         Cross totals index: 14.70
                      Vertical totals index: 21.70
                        Totals totals index: 36.40
      Convective Available Potential Energy: 0.00
             CAPE using virtual temperature: 0.00
                      Convective Inhibition: 0.00
             CINS using virtual temperature: 0.00
                     Bulk Richardson Number: 0.00
          Bulk Richardson Number using CAPV: 0.00
  Temp [K] of the Lifted Condensation Level: 288.50
Pres [hPa] of the Lifted Condensation Level: 875.93
     Mean mixed layer potential temperature: 299.65
              Mean mixed layer mixing ratio: 12.71
              1000 hPa to 500 hPa thickness: 5767.00
Precipitable water [mm] for entire sounding: 40.83
</PRE>
<P>Description of the 
<A HREF="/upperair/columns.html">data columns</A>
or <A HREF="/upperair/indices.html">sounding indices</A>.

<P>
<FORM>
<INPUT CLASS="button" TYPE="button" VALUE=" Close this window " 
 onClick="window.close();">
<INPUT CLASS="button" TYPE="button" VALUE=" Select another map " 
 onClick="window.blur();">
</FORM>
<HR SIZE="1">
<I>Interested in graduate studies in atmospheric science?
Check out our program at the
<a href="http://www.uwyo.edu/atsc/howtoapply/"
target=_top>University of Wyoming
</a></I>
<HR SIZE="1"><FONT SIZE="-1">
Questions about the weather data provided by this site can be
addressed to <A HREF="mailto:ldoolman@uwyo.edu">
Larry Oolman (ldoolman@uwyo.edu)</A></FONT>
<HR SIZE="1">
<SCRIPT TYPE="text/javascript">
<!--
window.focus();
// -->
</SCRIPT>
</BODY>
</HTML>
