2016-04-03 12
<HTML>
<TITLE>University of Wyoming - Radiosonde Data</TITLE>
<LINK REL="StyleSheet" HREF="/resources/select.css" TYPE="text/css">
<BODY BGCOLOR="white">
<H2>97180 WAAA Ujung Pandang Observations at 00Z 03 Apr 2016</H2>
<PRE>
-----------------------------------------------------------------------------
   PRES   HGHT   TEMP   DWPT   RELH   MIXR   DRCT   SKNT   THTA   THTE   THTV
    hPa     m      C      C      %    g/kg    deg   knot     K      K      K 
-----------------------------------------------------------------------------
 1011.0     14   25.0   23.8     93  18.76      0      0  297.2  351.7  300.6
 1010.0     22   26.4   23.7     85  18.67      0      0  298.7  353.3  302.0
 1000.0    108   26.0   22.3     80  17.28      0      0  299.1  349.8  302.2
  979.0    295   25.2   21.6     80  16.92     15      2  300.2  350.0  303.2
  925.0    795   23.2   19.8     81  15.98     30      8  303.0  350.6  305.9
  914.0    899   22.6   19.2     81  15.57     40      8  303.5  349.9  306.3
  883.0   1199   20.9   17.4     81  14.41     45      6  304.7  347.9  307.3
  853.0   1499   19.2   15.7     80  13.33     68      8  305.9  346.1  308.4
  850.0   1529   19.0   15.7     81  13.37     70      8  306.0  346.4  308.5
  823.0   1803   17.6   14.3     81  12.64     80      6  307.4  345.7  309.7
  795.0   2096   16.0   12.9     82  11.88     85      4  308.8  345.1  311.0
  767.0   2400   14.4   11.4     82  11.13     85      6  310.2  344.5  312.3
  740.0   2703   12.9    9.8     82  10.42    110      4  311.7  344.0  313.7
  714.0   3006   11.3    8.3     82   9.74     80      4  313.2  343.6  315.0
  700.0   3174   10.4    7.5     82   9.38     95      6  314.0  343.4  315.7
  689.0   3305    9.8    6.7     81   8.98    100      6  314.7  343.0  316.4
  651.0   3775    7.4    3.6     77   7.67     92      7  317.2  341.7  318.6
  618.0   4198    4.9    1.7     80   7.04     85      8  319.0  341.8  320.4
  596.0   4493    3.2    0.3     82   6.62     50      8  320.3  341.9  321.6
  558.0   5028    0.0   -2.1     86   5.91     98      6  322.7  342.2  323.9
  553.0   5100   -0.4   -2.7     84   5.72    105      6  323.1  342.0  324.2
  530.0   5439   -2.1   -5.4     78   4.85     85      8  325.0  341.3  325.9
  513.0   5697   -3.3   -6.3     80   4.66     70     10  326.5  342.3  327.4
  500.0   5900   -4.3   -7.1     81   4.52     80     10  327.7  343.1  328.6
  484.0   6158   -5.1   -7.2     85   4.63    102     10  329.8  345.7  330.7
  475.0   6305   -5.9   -9.2     77   4.03    115     10  330.6  344.6  331.4
  442.0   6870   -8.9  -16.9     52   2.32    157     10  333.7  342.0  334.1
  440.0   6905   -9.1  -17.1     52   2.28    160     10  333.8  342.0  334.3
  400.0   7640  -14.1  -22.1     51   1.64    105      4  336.6  342.6  336.9
  390.0   7831  -15.7  -20.7     65   1.90     85      5  336.9  343.9  337.3
  376.0   8101  -17.7  -21.9     70   1.78     55      6  337.9  344.4  338.2
  346.0   8716  -22.2  -24.5     81   1.53     35     12  339.9  345.7  340.2
  335.0   8955  -23.9  -25.5     87   1.44     37     10  340.7  346.1  341.0
  333.0   8998  -23.7  -29.7     58   0.98     37      9  341.5  345.4  341.7
  319.0   9309  -25.8  -33.5     48   0.71     40      6  342.8  345.7  343.0
  317.0   9355  -26.1  -34.1     47   0.68     36      6  343.0  345.7  343.2
  316.0   9377  -26.1  -32.1     57   0.82     34      6  343.4  346.6  343.5
  315.0   9400  -26.1  -38.1     31   0.46     32      7  343.7  345.5  343.8
  306.0   9608  -27.5  -36.6     42   0.55     15      8  344.5  346.7  344.6
  300.0   9750  -28.5  -35.5     51   0.62    350      6  345.1  347.6  345.2
  288.0  10041  -31.1  -37.1     56   0.55    288      5  345.4  347.7  345.6
  286.0  10091  -31.3  -40.3     41   0.40    277      5  345.8  347.5  345.9
  281.0  10214  -32.3  -40.9     42   0.38    250      4  346.1  347.7  346.2
  258.0  10810  -37.3  -44.0     50   0.30    230      6  347.4  348.6  347.4
  250.0  11030  -39.1  -45.1     53   0.27    240      4  347.8  349.0  347.9
  247.0  11113  -39.9  -45.1     57   0.28    250      2  347.9  349.1  347.9
  246.0  11140  -40.1  -45.1     59   0.28    248      2  347.9  349.1  348.0
  236.0  11417  -42.4                         230      2  348.6         348.6
  216.0  12007  -47.4                         250      4  349.8         349.8
  206.0  12323  -50.0                         310      6  350.4         350.4
  200.0  12520  -51.7                         305      4  350.7         350.7
  197.0  12615  -52.5                         305      4  351.1         351.1
  188.0  12907  -54.8                         270      6  352.0         352.0
  171.0  13500  -59.5                         270      8  353.8         353.8
  155.0  14115  -64.5                         295     23  355.5         355.5
  150.0  14320  -66.1                         290     25  356.0         356.0
  148.0  14401  -66.7                         290     25  356.3         356.3
  138.0  14821  -70.1                         281     20  357.6         357.6
  121.0  15592  -73.2                         265     10  365.6         365.6
  115.0  15890  -74.4                         285     12  368.7         368.7
  109.0  16204  -75.7                         275     12  372.0         372.0
  107.0  16312  -76.1                         285     12  373.2         373.2
  100.0  16700  -79.1                         320     14  374.6         374.6
   98.0  16812  -79.8                         330     12  375.4         375.4
   88.0  17411  -83.6                         330     14  379.6         379.6
   81.4  17845  -86.3                         320     21  382.6         382.6
   79.0  18008  -86.2                         310     17  386.2         386.2
   74.7  18314  -85.9                         352     15  392.9         392.9
   71.7  18543  -78.1                          23     14  414.1         414.1
   71.0  18599  -77.3                          30     14  417.0         417.0
   70.0  18680  -76.1                          45     14  421.3         421.3
   67.0  18935  -75.4                         115     14  428.1         428.1
   64.0  19201  -74.7                         170     17  435.3         435.3
   62.5  19339  -74.3                         180     16  439.1         439.1
   58.0  19768  -76.5                         210     14  443.6         443.6
   52.0  20395  -79.7                         205     10  450.1         450.1
   50.0  20620  -80.9                         200     12  452.5         452.5
   49.8  20643  -81.1                         205     10  452.5         452.5
   49.0  20734  -80.2                         195     12  456.7         456.7
   47.0  20970  -78.0                         115     16  467.6         467.6
   46.6  21019  -77.5                         113     18  469.8         469.8
   43.7  21394  -68.9                          99     31  499.6         499.6
   42.0  21633  -66.8                          90     39  510.6         510.6
   41.5  21705  -66.1                          89     40  514.0         514.0
   38.5  22157  -67.9                          86     44  520.5         520.5
   38.0  22238  -66.8                          85     45  525.3         525.3
   35.0  22744  -59.7                          65     29  556.4         556.4
   33.9  22941  -56.9                          47     25  568.7         568.7
   31.0  23504  -58.4                         355     12  579.5         579.5
   30.0  23710  -58.9                           0     12  583.5         583.5
   29.0  23922  -59.2                         265      2  588.3         588.3
   27.0  24370  -59.9                         125      8  598.6         598.6
   26.9  24393  -59.9                         123      9  599.1         599.1
   26.0  24609  -58.5                         105     16  608.8         608.8
   25.0  24859  -57.0                         125     17  620.2         620.2
   23.0  25389  -53.7                         100     10  644.8         644.8
   22.1  25643  -52.1                         113      8  656.9         656.9
   22.0  25673  -52.1                         115      8  657.8         657.8
   21.0  25974  -52.0                         265      2  666.9         666.9
   20.0  26290  -51.9                         275      4  676.6         676.6
   19.0  26622  -51.9                         310      6  686.5         686.5
   18.0  26972  -51.9                         100     12  697.2         697.2
   16.2  27655  -51.9                         109     22  718.5         718.5
   16.0                                       110     23                     
</PRE><H3>Station information and sounding indices</H3><PRE>
                         Station identifier: WAAA
                             Station number: 97180
                           Observation time: 160403/0000
                           Station latitude: -5.06
                          Station longitude: 119.55
                          Station elevation: 14.0
                            Showalter index: 0.08
                               Lifted index: -1.33
    LIFT computed using virtual temperature: -1.61
                                SWEAT index: 214.41
                                    K index: 36.10
                         Cross totals index: 20.00
                      Vertical totals index: 23.30
                        Totals totals index: 43.30
      Convective Available Potential Energy: 260.48
             CAPE using virtual temperature: 336.05
                      Convective Inhibition: -98.43
             CINS using virtual temperature: -76.34
                           Equilibrum Level: 233.97
 Equilibrum Level using virtual temperature: 234.06
                   Level of Free Convection: 714.96
             LFCT using virtual temperature: 752.80
                     Bulk Richardson Number: 89.52
          Bulk Richardson Number using CAPV: 115.49
  Temp [K] of the Lifted Condensation Level: 294.17
Pres [hPa] of the Lifted Condensation Level: 933.76
     Mean mixed layer potential temperature: 300.00
              Mean mixed layer mixing ratio: 17.12
              1000 hPa to 500 hPa thickness: 5792.00
Precipitable water [mm] for entire sounding: 61.58
</PRE>
<P>Description of the 
<A HREF="/upperair/columns.html">data columns</A>
or <A HREF="/upperair/indices.html">sounding indices</A>.

<P>
<FORM>
<INPUT CLASS="button" TYPE="button" VALUE=" Close this window " 
 onClick="window.close();">
<INPUT CLASS="button" TYPE="button" VALUE=" Select another map " 
 onClick="window.blur();">
</FORM>
<HR SIZE="1">
<I>Interested in graduate studies in atmospheric science?
Check out our program at the
<a href="http://www.uwyo.edu/atsc/howtoapply/"
target=_top>University of Wyoming
</a></I>
<HR SIZE="1"><FONT SIZE="-1">
Questions about the weather data provided by this site can be
addressed to <A HREF="mailto:ldoolman@uwyo.edu">
Larry Oolman (ldoolman@uwyo.edu)</A></FONT>
<HR SIZE="1">
<SCRIPT TYPE="text/javascript">
<!--
window.focus();
// -->
</SCRIPT>
</BODY>
</HTML>
