2016-08-02 12
<HTML>
<TITLE>University of Wyoming - Radiosonde Data</TITLE>
<LINK REL="StyleSheet" HREF="/resources/select.css" TYPE="text/css">
<BODY BGCOLOR="white">
<H2>97180 WAAA Ujung Pandang Observations at 00Z 02 Aug 2016</H2>
<PRE>
-----------------------------------------------------------------------------
   PRES   HGHT   TEMP   DWPT   RELH   MIXR   DRCT   SKNT   THTA   THTE   THTV
    hPa     m      C      C      %    g/kg    deg   knot     K      K      K 
-----------------------------------------------------------------------------
 1009.0     14   26.0   21.8     78  16.60    125      6  298.4  346.8  301.4
 1000.0     86   26.2   20.2     70  15.14    135      4  299.4  343.8  302.1
  985.0    220   25.8   19.8     69  14.99    144      4  300.2  344.4  302.9
  976.0    301   25.2   19.4     70  14.74    150      4  300.4  343.9  303.1
  944.0    596   23.1   17.9     73  13.87     95      7  301.2  342.2  303.7
  925.0    775   21.8   17.0     74  13.35     95     10  301.6  341.2  304.0
  881.0   1198   19.6   14.7     73  12.07     90     11  303.6  339.7  305.8
  850.0   1509   18.0   13.0     73  11.19     65      8  305.0  338.7  307.0
  795.0   2081   14.6    6.6     59   7.75      7      4  307.2  331.1  308.7
  793.0   2103   14.5    6.6     59   7.78      5      4  307.3  331.3  308.8
  766.0   2395   12.5    7.0     70   8.30    335      4  308.2  333.8  309.8
  726.0   2846    9.4    7.7     89   9.16    339      8  309.6  337.9  311.3
  713.0   2997    8.6    5.9     83   8.24    340      9  310.4  336.0  311.9
  700.0   3150    7.8    4.1     77   7.39      0      9  311.1  334.2  312.5
  695.0   3209    7.4    3.4     76   7.08      8     10  311.3  333.5  312.6
  687.0   3305    7.4    0.7     63   5.91     20     11  312.3  331.1  313.4
  683.0   3353    7.4   -0.6     57   5.39     21     11  312.8  330.1  313.9
  679.0   3401    7.4   -2.6     49   4.68     21     11  313.4  328.4  314.2
  674.0   3462    6.6    2.2     73   6.70     22     11  313.1  334.3  314.4
  667.0   3548    5.8    4.3     90   7.87     23     11  313.2  337.9  314.6
  572.0   4795    1.0   -2.4     78   5.64     40      8  321.6  340.2  322.7
  554.0   5055    0.0   -3.8     76   5.24     53      8  323.4  340.8  324.4
  530.0   5407   -2.2   -6.0     75   4.62     70      7  324.8  340.4  325.7
  511.0   5697   -4.0   -7.9     74   4.15    100     11  326.0  340.2  326.9
  500.0   5870   -5.1   -9.0     74   3.89    100     12  326.8  340.1  327.5
  492.0   5996   -5.8   -9.8     73   3.73    105     11  327.4  340.2  328.2
  473.0   6305   -7.4  -11.6     72   3.35     90      9  329.1  340.7  329.8
  470.0   6355   -7.7  -11.9     72   3.29     83      9  329.4  340.8  330.0
  455.0   6605   -9.8  -12.9     78   3.12     50     11  329.8  340.7  330.4
  428.0   7077  -13.7  -14.9     91   2.83     52     18  330.6  340.6  331.2
  418.0   7256  -15.1  -15.2     99   2.82     53     21  331.1  341.1  331.6
  415.0   7311  -15.3  -15.4     99   2.80     54     22  331.5  341.4  332.1
  403.0   7533  -14.9  -18.1     77   2.30     55     25  334.8  343.1  335.3
  400.0   7590  -15.3  -18.7     75   2.20     55     26  335.0  343.0  335.5
  395.0   7685  -15.5  -21.5     60   1.75     56     26  336.0  342.4  336.3
  345.0   8692  -22.4  -30.7     47   0.86     65     21  339.9  343.2  340.1
  331.0   9000  -24.5  -33.5     43   0.69     66     20  341.0  343.7  341.2
  316.0   9337  -27.3  -34.3     51   0.67     68     20  341.7  344.3  341.8
  310.0   9475  -28.1  -37.1     42   0.51     69     19  342.4  344.5  342.5
  300.0   9710  -30.1  -37.1     50   0.53     70     19  342.8  345.0  342.9
  280.0  10192  -34.5  -39.9     59   0.43     70     13  343.3  345.0  343.4
  270.0  10445  -36.9  -41.3     64   0.38     45     12  343.4  345.0  343.5
  268.0  10496  -37.3  -42.1     61   0.35     40     12  343.6  345.0  343.6
  256.0  10809  -39.9  -46.9     47   0.22     56     17  344.3  345.2  344.3
  250.0  10970  -41.1                          65     20  344.8         344.8
  245.0  11104  -42.2                          60     22  345.1         345.1
  200.0  12450  -53.7                          45     41  347.6         347.6
  186.0  12902  -57.2                          30     40  349.2         349.2
  161.0  13800  -64.1                          70     22  352.3         352.3
  150.0  14240  -67.5                          85     18  353.6         353.6
  139.0  14678  -71.0                         100     19  355.3         355.3
  125.0  15288  -75.8                         135     25  357.5         357.5
  101.0  16513  -85.5                          80     20  361.4         361.4
  100.0  16570  -85.9                          85     24  361.5         361.5
   97.3  16722  -80.1                         105     31  375.6         375.6
   96.0  16800  -79.4                         115     34  378.4         378.4
   91.0  17106  -76.7                         115     31  389.7         389.7
   87.6  17325  -74.7                          93     26  397.9         397.9
   82.3  17686  -76.1                          56     17  402.2         402.2
   78.0  17998  -73.8                          25      9  413.1         413.1
   77.4  18043  -73.5                          29      8  414.7         414.7
   74.0  18305  -74.7                          55      4  417.5         417.5
   73.5  18344  -74.9                          67      5  418.0         418.0
   71.5  18505  -72.5                         114      9  426.4         426.4
   70.0  18630  -72.9                         150     12  428.1         428.1
   67.0  18886  -73.1                         155     22  433.0         433.0
   64.8  19081  -73.3                         135     24  436.8         436.8
   60.9  19448  -68.1                          99     28  456.1         456.1
   60.0  19537  -68.3                          90     29  457.6         457.6
   53.8  20188  -70.1                          82     27  468.0         468.0
   52.0  20392  -66.0                          80     26  482.1         482.1
   51.6  20438  -65.1                          82     24  485.3         485.3
   50.0  20630  -64.7                          90     18  490.6         490.6
   49.0  20753  -64.5                          90     16  494.0         494.0
   47.0  21007  -64.0                         180      1  501.1         501.1
   45.1  21258  -63.5                         143      5  508.2         508.2
   43.0  21555  -60.7                         100     10  522.1         522.1
   39.0  22164  -54.9                          40      9  551.5         551.5
   37.0  22500  -54.5                         315      7  561.0         561.0
   35.0  22855  -54.0                         255      7  571.2         571.2
   32.0  23427  -53.2                         285     22  588.1         588.1
   30.2  23797  -52.7                         285     35  599.2         599.2
   30.0  23840  -52.3                         285     37  601.5         601.5
   27.0  24513  -55.5                         280     47  610.9         610.9
   26.3  24680  -56.3                         278     45  613.2         613.2
   21.0  26110  -54.8                         265     28  658.4         658.4
   20.0  26420  -54.5                         270     26  668.6         668.6
   19.1  26714  -55.9                         267     27  673.1         673.1
   17.0  27461  -53.1                         260     29  704.8         704.8
   16.3  27731  -52.1                                     716.6         716.6
</PRE><H3>Station information and sounding indices</H3><PRE>
                         Station identifier: WAAA
                             Station number: 97180
                           Observation time: 160802/0000
                           Station latitude: -5.06
                          Station longitude: 119.55
                          Station elevation: 14.0
                            Showalter index: 2.32
                               Lifted index: 0.24
    LIFT computed using virtual temperature: 0.03
                                SWEAT index: 184.01
                                    K index: 32.40
                         Cross totals index: 18.10
                      Vertical totals index: 23.10
                        Totals totals index: 41.20
      Convective Available Potential Energy: 60.61
             CAPE using virtual temperature: 91.75
                      Convective Inhibition: -97.07
             CINS using virtual temperature: -66.83
                           Equilibrum Level: 407.97
 Equilibrum Level using virtual temperature: 407.55
                   Level of Free Convection: 754.93
             LFCT using virtual temperature: 784.18
                     Bulk Richardson Number: 10.81
          Bulk Richardson Number using CAPV: 16.36
  Temp [K] of the Lifted Condensation Level: 291.43
Pres [hPa] of the Lifted Condensation Level: 902.56
     Mean mixed layer potential temperature: 300.11
              Mean mixed layer mixing ratio: 14.90
              1000 hPa to 500 hPa thickness: 5784.00
Precipitable water [mm] for entire sounding: 51.85
</PRE>
<P>Description of the 
<A HREF="/upperair/columns.html">data columns</A>
or <A HREF="/upperair/indices.html">sounding indices</A>.

<P>
<FORM>
<INPUT CLASS="button" TYPE="button" VALUE=" Close this window " 
 onClick="window.close();">
<INPUT CLASS="button" TYPE="button" VALUE=" Select another map " 
 onClick="window.blur();">
</FORM>
<HR SIZE="1">
<I>Interested in graduate studies in atmospheric science?
Check out our program at the
<a href="http://www.uwyo.edu/atsc/howtoapply/"
target=_top>University of Wyoming
</a></I>
<HR SIZE="1"><FONT SIZE="-1">
Questions about the weather data provided by this site can be
addressed to <A HREF="mailto:ldoolman@uwyo.edu">
Larry Oolman (ldoolman@uwyo.edu)</A></FONT>
<HR SIZE="1">
<SCRIPT TYPE="text/javascript">
<!--
window.focus();
// -->
</SCRIPT>
</BODY>
</HTML>
