2016-02-25 00
<HTML>
<TITLE>University of Wyoming - Radiosonde Data</TITLE>
<LINK REL="StyleSheet" HREF="/resources/select.css" TYPE="text/css">
<BODY BGCOLOR="white">
<H2>97180 WAAA Ujung Pandang Observations at 00Z 25 Feb 2016</H2>
<PRE>
-----------------------------------------------------------------------------
   PRES   HGHT   TEMP   DWPT   RELH   MIXR   DRCT   SKNT   THTA   THTE   THTV
    hPa     m      C      C      %    g/kg    deg   knot     K      K      K 
-----------------------------------------------------------------------------
 1010.0     14   26.0   24.4     91  19.49      0      0  298.3  355.2  301.8
 1000.0    101   26.4   23.1     82  18.17    215      2  299.6  352.9  302.8
  978.0    297   25.3   22.2     83  17.62    215      4  300.3  352.2  303.5
  925.0    787   22.4   20.1     87  16.29    245      4  302.2  350.5  305.1
  913.0    901   22.0   18.9     83  15.30    255      4  302.9  348.4  305.7
  898.0   1045   21.4   17.4     78  14.12    274      6  303.7  345.9  306.3
  882.0   1200   20.5   16.1     76  13.23    295      8  304.3  344.0  306.8
  854.0   1479   18.8   13.8     73  11.75    295      8  305.4  340.9  307.6
  850.0   1519   18.4   14.9     80  12.69    295      8  305.4  343.6  307.7
  823.0   1794   16.7   13.7     82  12.12    300      6  306.5  343.2  308.7
  795.0   2089   14.9   12.4     85  11.52    285      6  307.6  342.7  309.7
  767.0   2394   13.1   11.1     88  10.93    270      4  308.8  342.2  310.8
  763.0   2439   12.8   10.9     88  10.85    264      4  308.9  342.2  310.9
  740.0   2695   11.9    9.1     83   9.89    230      4  310.6  341.2  312.5
  700.0   3161   10.2    5.8     74   8.33    220      8  313.8  340.0  315.3
  640.0   3901    6.2    2.3     76   7.13    215      6  317.3  340.2  318.7
  623.0   4123    5.0    1.3     77   6.80    171      5  318.4  340.4  319.7
  617.0   4201    4.6    0.9     77   6.65    155      4  318.8  340.4  320.1
  595.0   4495    3.1   -0.8     76   6.11    135      4  320.4  340.4  321.6
  553.0   5088    0.0   -4.1     74   5.14    179      6  323.5  340.6  324.5
  552.0   5103   -0.1   -4.2     74   5.13    180      6  323.6  340.7  324.6
  512.0   5701   -3.1   -6.1     80   4.77    215      2  326.9  343.1  327.9
  500.0   5890   -4.1   -6.7     82   4.66    245      4  328.0  343.8  328.9
  493.0   6000   -4.7   -7.4     82   4.49    260      4  328.5  343.9  329.4
  474.0   6305   -6.5   -9.2     81   4.04    275      6  330.1  344.0  330.9
  439.0   6901   -9.9  -12.8     80   3.28    270      4  333.0  344.6  333.7
  409.0   7451  -13.1  -16.1     78   2.68    315      2  335.7  345.4  336.3
  408.0   7469  -13.3  -20.3     56   1.88    317      2  335.7  342.6  336.1
  407.0   7488  -13.5  -15.6     84   2.81    318      2  335.7  345.8  336.3
  406.0   7507  -13.7  -17.4     73   2.41    320      2  335.7  344.4  336.1
  404.0   7544  -14.1  -21.1     55   1.77    312      2  335.6  342.1  336.0
  403.0   7563  -13.9  -15.5     88   2.86    308      2  336.1  346.4  336.7
  401.0   7601  -13.9  -16.8     79   2.58    299      2  336.6  345.9  337.1
  400.0   7620  -14.1  -17.3     77   2.48    295      2  336.6  345.6  337.1
  396.0   7696  -14.3  -22.3     51   1.62    277      3  337.3  343.3  337.6
  395.0   7715  -14.3  -17.3     78   2.51    273      3  337.5  346.6  338.0
  390.0   7811  -14.9  -18.3     76   2.34    250      4  338.0  346.5  338.4
  375.0   8107  -16.8  -21.2     69   1.89    220      4  339.3  346.3  339.7
  374.0   8127  -16.9  -21.4     68   1.86    220      4  339.4  346.3  339.8
  368.0   8248  -17.5  -31.5     28   0.75    222      5  340.2  343.1  340.3
  367.0   8268  -17.7  -25.7     50   1.29    223      5  340.2  345.1  340.4
  360.0   8410  -18.8  -26.6     50   1.22    225      6  340.6  345.3  340.9
  333.0   8986  -23.1  -30.1     53   0.95    211      4  342.4  346.1  342.6
  332.0   9008  -23.3  -30.5     52   0.92    210      4  342.4  346.0  342.6
  319.0   9296  -25.3  -35.2     39   0.60    155      6  343.5  345.9  343.6
  300.0   9740  -28.5  -42.5     25   0.30    170      6  345.1  346.4  345.2
  293.0   9909  -30.1  -44.1     24   0.26    174      6  345.2  346.3  345.2
  270.0  10481  -35.0  -46.5     30   0.22    190      6  346.1  347.1  346.2
  258.0  10800  -37.8  -47.8     34   0.20    185      4  346.6  347.5  346.6
  250.0  11020  -39.7  -48.7     38   0.18    200      4  346.9  347.7  346.9
  248.0  11075  -40.1  -48.1     42   0.20    207      4  347.1  348.0  347.1
  247.0  11101  -40.3                         210      4  347.2         347.2
  236.0  11403  -43.0                         180      6  347.7         347.7
  226.0  11690  -45.5                         180      6  348.2         348.2
  216.0  11990  -48.1                         130      2  348.7         348.7
  206.0  12304  -50.8                          60      4  349.2         349.2
  200.0  12500  -52.5                          50      4  349.5         349.5
  197.0  12594  -53.3                          45      4  349.7         349.7
  188.0  12885  -55.8                         115      4  350.4         350.4
  179.0  13190  -58.4                         110      2  351.1         351.1
  171.0  13475  -60.8                         145      6  351.8         351.8
  155.0  14086  -66.0                         145      6  352.9         352.9
  150.0  14290  -67.7                         180      6  353.3         353.3
  148.0  14369  -68.2                         200      6  353.7         353.7
  140.0  14694  -70.5                         230      8  355.3         355.3
  133.0  14994  -72.6                         175      6  356.8         356.8
  127.0  15264  -74.5                         160      8  358.2         358.2
  117.0  15744  -77.9                          65     14  360.4         360.4
  114.0  15891  -78.6                          35     16  361.9         361.9
  108.0  16197  -80.0                          30     14  364.8         364.8
  106.0  16303  -80.5                          46     12  365.8         365.8
  103.0  16464  -81.0                          70      8  367.9         367.9
  100.0  16630  -81.5                          80     10  370.0         370.0
   96.0  16859  -82.1                          95     17  373.2         373.2
   92.0  17098  -80.9                          95     31  380.1         380.1
   87.5  17381  -79.5                          73     35  388.4         388.4
   87.0  17413  -79.6                          70     35  388.9         388.9
   83.0  17678  -80.5                          50     27  392.4         392.4
   79.0  17957  -81.3                          50     21  396.1         396.1
   77.4  18072  -81.7                          56     16  397.7         397.7
   74.0  18329  -76.9                          70      4  413.0         413.0
   71.6  18518  -73.3                         311     10  424.5         424.5
   71.0  18567  -73.5                         280     12  425.0         425.0
   70.0  18650  -73.9                         280     12  426.0         426.0
   67.0  18904  -74.1                         285     10  430.8         430.8
   61.0  19448  -74.6                         225     19  441.5         441.5
   53.2  20241  -75.3                         182     33  457.5         457.5
   52.0  20373  -75.0                         175     35  461.1         461.1
   50.0  20600  -74.5                         155     33  467.5         467.5
   44.0  21368  -69.9                          85     29  496.1         496.1
   36.0  22572  -62.7                          85     33  544.0         544.0
   35.0  22741  -61.7                          65     21  551.0         551.0
   34.8  22776  -61.5                          55     20  552.5         552.5
   34.2  22885  -57.5                          24     16  565.7         565.7
   33.0  23110  -57.7                         320      8  570.9         570.9
   32.0  23303  -57.9                         270     14  575.5         575.5
   30.0  23710  -58.3                         240     10  585.1         585.1
   26.0  24612  -58.3                         245     17  609.5         609.5
   25.0  24860  -58.3                         220     12  616.4         616.4
   24.0  25117  -58.3                         175     12  623.6         623.6
   21.2  25900  -58.3                         129     12  646.1         646.1
   21.0  25960  -57.8                         125     12  649.6         649.6
   20.0  26270  -54.9                         135     14  667.4         667.4
   18.0  26950  -51.1                         110     21  699.7         699.7
   17.6  27095  -50.3                                     706.8         706.8
</PRE><H3>Station information and sounding indices</H3><PRE>
                         Station identifier: WAAA
                             Station number: 97180
                           Observation time: 160225/0000
                           Station latitude: -5.06
                          Station longitude: 119.55
                          Station elevation: 14.0
                            Showalter index: 1.33
                               Lifted index: -1.89
    LIFT computed using virtual temperature: -2.20
                                SWEAT index: 198.81
                                    K index: 33.00
                         Cross totals index: 19.00
                      Vertical totals index: 22.50
                        Totals totals index: 41.50
      Convective Available Potential Energy: 700.92
             CAPE using virtual temperature: 820.51
                      Convective Inhibition: -35.65
             CINS using virtual temperature: -22.42
                           Equilibrum Level: 165.71
 Equilibrum Level using virtual temperature: 165.34
                   Level of Free Convection: 839.09
             LFCT using virtual temperature: 865.18
                     Bulk Richardson Number: 3035.31
          Bulk Richardson Number using CAPV: 3553.20
  Temp [K] of the Lifted Condensation Level: 294.93
Pres [hPa] of the Lifted Condensation Level: 941.23
     Mean mixed layer potential temperature: 300.09
              Mean mixed layer mixing ratio: 17.82
              1000 hPa to 500 hPa thickness: 5789.00
Precipitable water [mm] for entire sounding: 59.96
</PRE>
<P>Description of the 
<A HREF="/upperair/columns.html">data columns</A>
or <A HREF="/upperair/indices.html">sounding indices</A>.

<P>
<FORM>
<INPUT CLASS="button" TYPE="button" VALUE=" Close this window " 
 onClick="window.close();">
<INPUT CLASS="button" TYPE="button" VALUE=" Select another map " 
 onClick="window.blur();">
</FORM>
<HR SIZE="1">
<I>Interested in graduate studies in atmospheric science?
Check out our program at the
<a href="http://www.uwyo.edu/atsc/howtoapply/"
target=_top>University of Wyoming
</a></I>
<HR SIZE="1"><FONT SIZE="-1">
Questions about the weather data provided by this site can be
addressed to <A HREF="mailto:ldoolman@uwyo.edu">
Larry Oolman (ldoolman@uwyo.edu)</A></FONT>
<HR SIZE="1">
<SCRIPT TYPE="text/javascript">
<!--
window.focus();
// -->
</SCRIPT>
</BODY>
</HTML>
