2017-07-20 12
<HTML>
<TITLE>University of Wyoming - Radiosonde Data</TITLE>
<LINK REL="StyleSheet" HREF="/resources/select.css" TYPE="text/css">
<BODY BGCOLOR="white">
<H2>97180 WAAA Ujung Pandang Observations at 00Z 20 Jul 2017</H2>
<PRE>
-----------------------------------------------------------------------------
   PRES   HGHT   TEMP   DWPT   RELH   MIXR   DRCT   SKNT   THTA   THTE   THTV
    hPa     m      C      C      %    g/kg    deg   knot     K      K      K 
-----------------------------------------------------------------------------
 1009.0     14   24.0   22.7     92  17.56      0      0  296.4  347.2  299.5
 1005.0     51   26.6   20.6     70  15.45     35      1  299.3  344.6  302.1
 1003.0     69   27.6   20.6     66  15.48     53      1  300.5  346.1  303.3
 1000.0     97   27.2   20.2     66  15.14     80      2  300.4  344.9  303.1
  977.0    301   25.7   18.7     65  14.06     60      5  300.8  342.3  303.4
  941.0    631   23.2   16.2     65  12.46     77      8  301.5  338.5  303.8
  925.0    780   22.6   15.6     65  12.19     85     10  302.4  338.7  304.6
  912.0    904   22.6   14.2     59  11.26     85      8  303.6  337.4  305.7
  898.0   1039   22.6   12.6     53  10.31     76      5  305.0  336.1  306.9
  881.0   1205   21.6   11.2     52   9.57     65      2  305.6  334.6  307.3
  851.0   1506   19.7    8.7     49   8.35    195      3  306.6  332.2  308.2
  850.0   1516   19.6    8.6     49   8.31    180      3  306.7  332.1  308.2
  822.0   1801   17.9    6.5     47   7.46    150      3  307.8  330.9  309.2
  794.0   2096   16.2    4.4     46   6.65    245      1  309.0  329.8  310.3
  776.0   2291   15.0    3.0     44   6.16    248      4  309.8  329.1  311.0
  766.0   2400   14.1    3.6     49   6.53    250      5  310.0  330.4  311.2
  739.0   2701   11.6    5.4     66   7.67    240      4  310.5  334.4  311.9
  730.0   2804   10.8    6.0     72   8.10    224      4  310.7  335.9  312.2
  700.0   3152    9.0    3.0     66   6.83    170      6  312.4  334.0  313.7
  688.0   3295    8.1    1.2     62   6.12    155      8  313.0  332.4  314.1
  673.0   3478    7.0   -1.0     57   5.31    151      9  313.7  330.8  314.7
  639.0   3903    4.3   -2.4     62   5.06    140     10  315.3  331.6  316.2
  624.0   4097    3.0   -3.0     65   4.94    121     12  316.0  332.0  316.9
  616.0   4202    3.0   -7.3     47   3.59    110     13  317.1  329.0  317.8
  613.0   4242    3.0   -9.0     41   3.17    110     13  317.6  328.2  318.2
  568.0   4858    0.0   -9.0     51   3.43    117     16  321.1  332.6  321.7
  511.0   5699   -5.8   -8.9     79   3.84    125     21  323.9  336.9  324.6
  510.0   5714   -5.9   -8.9     79   3.85    125     21  323.9  337.0  324.7
  500.0   5870   -6.7  -10.0     77   3.60    130     20  324.8  337.1  325.5
  491.0   6011   -7.2  -10.7     76   3.46    140     20  325.9  337.8  326.6
  459.0   6533   -9.1  -13.3     72   3.01     96     16  329.9  340.4  330.4
  438.0   6889  -11.3  -15.0     75   2.75     65     13  331.4  341.2  332.0
  400.0   7580  -15.7  -18.2     81   2.29     80     14  334.5  342.8  335.0
  381.0   7944  -18.7  -20.0     89   2.06     80     20  335.2  342.8  335.6
  373.0   8101  -19.6  -21.9     82   1.78     80     22  336.1  342.6  336.4
  360.0   8364  -21.1  -25.1     70   1.39     78     26  337.5  342.7  337.8
  344.0   8692  -23.6  -27.6     70   1.16     75     30  338.4  342.9  338.7
  300.0   9680  -31.3  -35.0     70   0.65     80     27  341.1  343.7  341.3
  279.0  10183  -35.4  -38.6     73   0.49     70     35  342.4  344.3  342.4
  257.0  10753  -40.1  -42.6     77   0.35     66     34  343.6  345.0  343.7
  250.0  10940  -41.7                          65     34  343.9         343.9
  200.0  12420  -54.5                          70     42  346.3         346.3
  150.0  14190  -69.5                          65     65  350.2         350.2
  148.0  14270  -70.3                          66     65  350.1         350.1
  139.0  14640  -73.3                          70     62  351.2         351.2
  138.0  14682  -73.6                          70     62  351.3         351.3
  136.0  14767  -74.3                          73     56  351.6         351.6
  131.0  14987  -71.3                          80     41  360.8         360.8
  127.0  15171  -69.7                          86     28  366.9         366.9
  124.0  15311  -70.4                          90     18  368.1         368.1
  118.0  15601  -71.9                         120     15  370.6         370.6
  112.0  15907  -73.5                         130     10  373.2         373.2
  101.0  16512  -76.6                         265     16  378.4         378.4
  100.0  16570  -76.9                         265     18  378.9         378.9
   96.0  16803  -78.2                         250     22  380.9         380.9
   93.1  16978  -79.1                         240     21  382.4         382.4
   87.0  17366  -76.2                         260      8  395.7         395.7
   86.0  17432  -75.7                         265     10  398.0         398.0
   83.6  17596  -76.3                         277     15  400.0         400.0
   82.0  17709  -75.3                         285     19  404.2         404.2
   73.2  18374  -69.5                         257     30  429.8         429.8
   71.0  18555  -69.4                         250     33  433.9         433.9
   70.0  18640  -69.3                         250     34  435.8         435.8
   64.5  19131  -65.3                         260     34  454.9         454.9
   58.5  19721  -67.1                         271     35  463.7         463.7
   50.0  20670  -64.5                         290     36  491.1         491.1
   49.5  20732  -64.1                         291     36  493.4         493.4
   47.0  21049  -64.3                         295     37  500.4         500.4
   41.2  21855  -64.7                         290     17  518.5         518.5
   41.0  21885  -64.5                         290     16  519.8         519.8
   39.1  22177  -62.3                         342      8  532.4         532.4
   39.0  22192  -62.3                         345      8  532.7         532.7
   37.0  22515  -63.1                           0      8  538.7         538.7
   35.0  22856  -64.0                          50     12  545.1         545.1
   31.2  23561  -65.7                          70     33  558.7         558.7
   30.3  23739  -65.1                          74     35  565.0         565.0
   30.0  23800  -64.5                          75     35  568.2         568.2
   29.3  23946  -60.5                          80     37  583.0         583.0
   28.0  24230  -59.5                          90     42  593.4         593.4
   25.0  24941  -57.1                          90     46  619.9         619.9
   23.3  25391  -53.1                          90     49  644.2         644.2
   22.0  25761  -52.8                          90     51  655.6         655.6
   21.3  25969  -52.7                                     662.1         662.1
</PRE><H3>Station information and sounding indices</H3><PRE>
                         Station identifier: WAAA
                             Station number: 97180
                           Observation time: 170720/0000
                           Station latitude: -5.06
                          Station longitude: 119.55
                          Station elevation: 14.0
                            Showalter index: 3.63
                               Lifted index: -0.93
    LIFT computed using virtual temperature: -1.16
                                SWEAT index: 129.19
                                    K index: 28.90
                         Cross totals index: 15.30
                      Vertical totals index: 26.30
                        Totals totals index: 41.60
      Convective Available Potential Energy: 34.92
             CAPE using virtual temperature: 82.29
                      Convective Inhibition: -230.89
             CINS using virtual temperature: -163.79
                           Equilibrum Level: 475.73
 Equilibrum Level using virtual temperature: 471.60
                   Level of Free Convection: 664.20
             LFCT using virtual temperature: 696.49
                     Bulk Richardson Number: 8.40
          Bulk Richardson Number using CAPV: 19.79
  Temp [K] of the Lifted Condensation Level: 290.60
Pres [hPa] of the Lifted Condensation Level: 888.99
     Mean mixed layer potential temperature: 300.55
              Mean mixed layer mixing ratio: 14.36
              1000 hPa to 500 hPa thickness: 5773.00
Precipitable water [mm] for entire sounding: 43.77
</PRE>
<P>Description of the 
<A HREF="/upperair/columns.html">data columns</A>
or <A HREF="/upperair/indices.html">sounding indices</A>.

<P>
<FORM>
<INPUT CLASS="button" TYPE="button" VALUE=" Close this window " 
 onClick="window.close();">
<INPUT CLASS="button" TYPE="button" VALUE=" Select another map " 
 onClick="window.blur();">
</FORM>
<HR SIZE="1">
<I>Interested in graduate studies in atmospheric science?
Check out our program at the
<a href="http://www.uwyo.edu/atsc/howtoapply/"
target=_top>University of Wyoming
</a></I>
<HR SIZE="1"><FONT SIZE="-1">
Questions about the weather data provided by this site can be
addressed to <A HREF="mailto:ldoolman@uwyo.edu">
Larry Oolman (ldoolman@uwyo.edu)</A></FONT>
<HR SIZE="1">
<SCRIPT TYPE="text/javascript">
<!--
window.focus();
// -->
</SCRIPT>
</BODY>
</HTML>
