2017-08-24 00
<HTML>
<TITLE>University of Wyoming - Radiosonde Data</TITLE>
<LINK REL="StyleSheet" HREF="/resources/select.css" TYPE="text/css">
<BODY BGCOLOR="white">
<H2>97180 WAAA Ujung Pandang Observations at 00Z 24 Aug 2017</H2>
<PRE>
-----------------------------------------------------------------------------
   PRES   HGHT   TEMP   DWPT   RELH   MIXR   DRCT   SKNT   THTA   THTE   THTV
    hPa     m      C      C      %    g/kg    deg   knot     K      K      K 
-----------------------------------------------------------------------------
 1011.0     14   23.8   20.5     82  15.26      0      0  296.0  340.1  298.7
 1006.0     57   25.0   19.0     69  13.94    290      1  297.6  338.3  300.1
 1000.0    109   25.4   18.4     65  13.50    205      2  298.6  338.1  301.0
  978.0    303   24.3   15.9     59  11.74    110      4  299.4  333.9  301.5
  925.0    788   21.6    9.6     46   8.17     90     17  301.4  325.9  302.9
  882.0   1196   19.2    4.9     39   6.20     85     17  303.0  322.0  304.2
  851.0   1503   17.4    1.4     34   5.00     80      9  304.3  319.8  305.2
  850.0   1513   17.6    0.6     32   4.72     80      9  304.6  319.3  305.4
  827.0   1748   18.8   -3.2     22   3.67     72      8  308.2  320.0  308.9
  822.0   1799   18.5   -3.4     22   3.63     70      8  308.4  320.0  309.1
  794.0   2093   16.5   -4.7     23   3.42    100     15  309.4  320.4  310.1
  745.0   2633   13.0   -7.0     24   3.05     90     17  311.3  321.2  311.8
  721.0   2907   11.2    2.2     54   6.26     85     17  312.2  332.0  313.4
  700.0   3153    9.0    4.0     71   7.33     80     18  312.4  335.5  313.8
  663.0   3601    6.5    0.6     66   6.06     80     24  314.5  333.8  315.6
  659.0   3651    6.2    0.2     65   5.93     80     24  314.7  333.7  315.8
  653.0   3726    5.6   -1.4     61   5.32     81     24  314.9  332.0  315.9
  647.0   3801    5.6   -8.4     36   3.15     81     25  315.7  326.1  316.3
  644.0   3839    5.4  -13.6     24   2.09     81     25  315.9  323.0  316.3
  639.0   3903    5.0   -7.0     42   3.56     81     25  316.1  327.9  316.8
  595.0   4480    0.0   -3.9     75   4.84     84     26  316.8  332.6  317.8
  585.0   4616   -1.3   -3.8     83   4.96     85     27  316.9  333.0  317.8
  579.0   4698   -1.5   -7.5     64   3.78     85     27  317.6  330.1  318.3
  577.0   4725   -1.1  -12.1     43   2.63     85     27  318.3  327.2  318.8
  576.0   4739   -0.9  -18.9     24   1.50     85     27  318.7  324.0  319.0
  571.0   4809   -0.3  -23.3     16   1.03     86     27  320.2  323.9  320.4
  558.0   4993   -1.1  -23.1     17   1.07     87     28  321.4  325.3  321.6
  550.0   5107   -1.9  -17.9     28   1.71     87     28  321.8  327.8  322.1
  547.0   5151   -2.5  -14.5     39   2.28     87     28  321.6  329.4  322.0
  544.0   5195   -2.9  -10.9     54   3.08     88     29  321.6  332.0  322.2
  524.0   5491   -4.1  -14.1     46   2.46     89     29  323.6  332.1  324.1
  514.0   5643   -3.5  -32.5      9   0.49     90     30  326.1  328.0  326.2
  510.0   5704   -4.0  -28.8     13   0.70     90     30  326.2  328.9  326.4
  500.0   5860   -5.3  -19.3     32   1.67     90     28  326.5  332.5  326.8
  498.0   5892   -5.7  -19.7     32   1.62     89     28  326.4  332.2  326.7
  475.0   6262   -8.3  -21.3     34   1.48     82     23  327.6  333.0  327.9
  455.0   6593  -10.4  -22.5     36   1.39     75     19  329.0  334.0  329.2
  413.0   7338  -15.3  -25.3     42   1.19     79     22  332.0  336.4  332.2
  404.0   7505  -16.0  -28.7     33   0.89     80     23  333.2  336.5  333.4
  400.0   7580  -16.3  -30.3     29   0.77     85     23  333.7  336.7  333.9
  392.0   7732  -16.3  -40.3     11   0.29     95     22  335.6  336.8  335.7
  388.0   7808  -16.9  -40.0     11   0.30    100     21  335.9  337.1  336.0
  368.0   8203  -19.7  -38.7     17   0.37     84     22  337.2  338.7  337.3
  363.0   8304  -19.3  -43.3     10   0.23     79     23  339.1  340.1  339.1
  358.0   8406  -20.0  -44.8      9   0.20     75     23  339.5  340.4  339.6
  332.0   8961  -23.7  -52.7      5   0.09     79     23  341.8  342.2  341.8
  300.0   9690  -30.5  -56.5      6   0.06     85     24  342.3  342.6  342.3
  291.0   9903  -32.3  -57.3      6   0.06     80     26  342.8  343.0  342.8
  255.0  10825  -39.9  -60.9      9   0.04     71     33  344.6  344.8  344.7
  250.0  10960  -41.3                          70     34  344.5         344.5
  200.0  12440  -53.9                          60     36  347.2         347.2
  170.0  13454  -63.1                          60     35  348.5         348.5
  169.0  13489  -63.3                          60     35  348.8         348.8
  153.0  14090  -66.6                          75     25  353.1         353.1
  150.0  14210  -67.3                          85     21  354.0         354.0
  138.0  14696  -69.9                         125     22  357.9         357.9
  125.0  15273  -73.0                         165     20  362.6         362.6
  113.0  15861  -76.1                         140     23  367.4         367.4
  102.0  16458  -79.3                         155     12  372.1         372.1
  101.0  16514  -79.4                         150     12  373.0         373.0
  100.0  16570  -79.5                         145     13  373.9         373.9
   91.0  17110  -79.0                         120      6  385.2         385.2
   90.0  17173  -78.9                         150      5  386.5         386.5
   87.6  17329  -75.1                         222      3  397.1         397.1
   87.0  17369  -75.1                         240      3  397.9         397.9
   82.0  17715  -75.3                         265     11  404.4         404.4
   78.0  18007  -75.4                         250     20  409.9         409.9
   74.0  18314  -75.5                         260     20  415.9         415.9
   70.0  18640  -73.3                         270     21  427.2         427.2
   65.7  19011  -72.3                         274     20  437.2         437.2
   60.0  19541  -73.8                         280     18  445.4         445.4
   58.9  19649  -74.1                         270     19  447.1         447.1
   55.0  20053  -71.1                         235     22  462.7         462.7
   52.0  20383  -68.7                         247     26  475.8         475.8
   50.3  20584  -65.1                         254     28  488.8         488.8
   50.0  20620  -64.7                         255     28  490.6         490.6
   47.0  20995  -65.5                         255     30  497.4         497.4
   45.0  21259  -66.1                         250     31  502.2         502.2
   43.0  21538  -62.9                         195     13  516.7         516.7
   41.0  21830  -59.5                          90     13  532.2         532.2
   40.9  21845  -59.3                          88     14  533.0         533.0
   39.0  22140  -60.2                          50     26  538.1         538.1
   35.1  22793  -62.1                          55     24  549.6         549.6
   35.0  22811  -62.1                          55     24  550.0         550.0
   32.0  23362  -62.2                          90     27  563.9         563.9
   30.7  23618  -62.3                          93     39  570.5         570.5
   30.0  23760  -61.1                          95     46  577.5         577.5
   29.3  23907  -59.9                          98     47  584.7         584.7
   29.0  23971  -59.8                         100     47  586.6         586.6
   22.0  25703  -58.2                          85     51  639.5         639.5
   21.5  25847  -58.1                                     644.1         644.1
</PRE><H3>Station information and sounding indices</H3><PRE>
                         Station identifier: WAAA
                             Station number: 97180
                           Observation time: 170824/0000
                           Station latitude: -5.06
                          Station longitude: 119.55
                          Station elevation: 14.0
                            Showalter index: 11.57
                               Lifted index: 3.91
    LIFT computed using virtual temperature: 3.57
                                SWEAT index: 53.18
                                    K index: 18.50
                         Cross totals index: 5.90
                      Vertical totals index: 22.90
                        Totals totals index: 28.80
      Convective Available Potential Energy: 0.00
             CAPE using virtual temperature: 0.00
                      Convective Inhibition: 0.00
             CINS using virtual temperature: 0.00
                     Bulk Richardson Number: 0.00
          Bulk Richardson Number using CAPV: 0.00
  Temp [K] of the Lifted Condensation Level: 287.77
Pres [hPa] of the Lifted Condensation Level: 874.49
     Mean mixed layer potential temperature: 299.03
              Mean mixed layer mixing ratio: 12.20
              1000 hPa to 500 hPa thickness: 5751.00
Precipitable water [mm] for entire sounding: 30.42
</PRE>
<P>Description of the 
<A HREF="/upperair/columns.html">data columns</A>
or <A HREF="/upperair/indices.html">sounding indices</A>.

<P>
<FORM>
<INPUT CLASS="button" TYPE="button" VALUE=" Close this window " 
 onClick="window.close();">
<INPUT CLASS="button" TYPE="button" VALUE=" Select another map " 
 onClick="window.blur();">
</FORM>
<HR SIZE="1">
<I>Interested in graduate studies in atmospheric science?
Check out our program at the
<a href="http://www.uwyo.edu/atsc/howtoapply/"
target=_top>University of Wyoming
</a></I>
<HR SIZE="1"><FONT SIZE="-1">
Questions about the weather data provided by this site can be
addressed to <A HREF="mailto:ldoolman@uwyo.edu">
Larry Oolman (ldoolman@uwyo.edu)</A></FONT>
<HR SIZE="1">
<SCRIPT TYPE="text/javascript">
<!--
window.focus();
// -->
</SCRIPT>
</BODY>
</HTML>
