2017-04-07 12
<HTML>
<TITLE>University of Wyoming - Radiosonde Data</TITLE>
<LINK REL="StyleSheet" HREF="/resources/select.css" TYPE="text/css">
<BODY BGCOLOR="white">
<H2>97180 WAAA Ujung Pandang Observations at 00Z 07 Apr 2017</H2>
<PRE>
-----------------------------------------------------------------------------
   PRES   HGHT   TEMP   DWPT   RELH   MIXR   DRCT   SKNT   THTA   THTE   THTV
    hPa     m      C      C      %    g/kg    deg   knot     K      K      K 
-----------------------------------------------------------------------------
 1009.0     14   25.8   22.1     80  16.91      0      0  298.2  347.5  301.2
 1005.0     48   25.2   20.2     74  15.06     33      2  297.9  341.8  300.6
 1000.0     90   26.6   19.6     65  14.57     75      4  299.8  342.6  302.4
  991.0    170   28.2   18.2     55  13.45     48      4  302.1  342.1  304.6
  977.0    295   27.2   17.5     55  13.01      5      3  302.4  341.1  304.8
  944.0    597   25.0   15.7     56  11.99    325      5  303.1  338.9  305.2
  925.0    776   23.6   14.6     57  11.42    330      7  303.4  337.6  305.5
  912.0    899   22.6   14.5     60  11.53    325      8  303.6  338.2  305.7
  881.0   1198   20.1   14.4     69  11.82    295     10  304.1  339.6  306.3
  850.0   1508   17.6   14.2     80  12.12    285     12  304.6  341.0  306.8
  843.0   1579   17.2   14.1     82  12.14    285     12  304.9  341.4  307.1
  738.0   2697   11.2    7.6     78   8.94    280     20  310.1  337.8  311.8
  700.0   3142    8.8    5.0     77   7.87    285     20  312.2  336.9  313.7
  639.0   3885    5.1    1.5     77   6.71    280     18  316.2  337.8  317.5
  615.0   4197    3.6    0.0     78   6.27    275     14  317.9  338.2  319.1
  572.0   4788    0.6   -2.8     78   5.48    220      7  321.2  339.2  322.2
  563.0   4917    0.0   -3.4     78   5.32    199      6  321.9  339.5  322.9
  551.0   5089   -1.3   -4.3     80   5.06    170      4  322.3  339.1  323.3
  538.0   5280   -2.7   -5.4     82   4.78    155      5  322.9  338.8  323.8
  530.0   5398   -2.8   -6.6     75   4.42    145      6  324.2  339.1  325.0
  511.0   5688   -2.9   -9.6     60   3.64    185      6  327.4  339.9  328.1
  509.0   5719   -2.9   -9.9     59   3.56    184      6  327.8  340.0  328.5
  500.0   5860   -3.9   -9.9     63   3.63    180      5  328.2  340.7  328.9
  492.0   5988   -5.0  -10.5     65   3.52    150      5  328.4  340.6  329.1
  476.0   6250   -7.1  -11.7     70   3.30     87      3  328.9  340.4  329.6
  473.0   6299   -7.3  -12.6     66   3.08     75      3  329.3  340.0  329.9
  458.0   6552   -8.3  -17.3     48   2.16     98      7  331.1  338.8  331.5
  438.0   6900  -10.3  -19.3     48   1.91    130     12  332.8  339.7  333.2
  436.0   6936  -10.5  -19.5     48   1.88    130     12  332.9  339.8  333.3
  405.0   7504  -13.8  -21.9     50   1.65    130     11  335.8  341.9  336.2
  400.0   7600  -14.3  -22.3     51   1.61    125     10  336.3  342.3  336.6
  389.0   7811  -15.3  -26.3     38   1.15    100      8  337.7  342.1  337.9
  349.0   8621  -21.7  -28.7     53   1.03     86      3  339.7  343.6  339.9
  345.0   8706  -22.2  -30.1     49   0.92     85      3  340.1  343.6  340.2
  331.0   9009  -24.2  -35.0     36   0.59    125      3  341.4  343.8  341.5
  321.0   9233  -25.7  -38.7     29   0.42    131      4  342.4  344.1  342.4
  300.0   9720  -29.3  -40.3     34   0.38    145      6  344.0  345.5  344.1
  292.0   9913  -30.9  -44.5     25   0.25    150      4  344.4  345.4  344.4
  288.0  10012  -31.7  -46.7     21   0.20    160      4  344.6  345.4  344.6
  280.0  10208  -33.4  -47.4     23   0.19    180      5  345.0  345.8  345.0
  250.0  11000  -40.1  -50.1     33   0.16    175     12  346.3  347.0  346.3
  206.0  12284  -50.9                         170     17  349.1         349.1
  200.0  12480  -52.5                         155     13  349.5         349.5
  170.0  13491  -61.3                          90     21  351.5         351.5
  150.0  14270  -68.1                         100     24  352.6         352.6
  126.0  15281  -76.6                         105     38  355.2         355.2
  114.0  15861  -81.5                          85     40  356.4         356.4
  113.0  15911  -81.3                          85     40  357.6         357.6
  102.0  16488  -79.3                         100     19  372.2         372.2
  100.0  16600  -78.9                         100     11  375.0         375.0
   97.0  16773  -79.3                         145      5  377.5         377.5
   92.0  17075  -80.0                         195     11  381.9         381.9
   90.0  17200  -80.3                         207     11  383.7         383.7
   87.0  17394  -77.8                         225     11  392.5         392.5
   86.9  17400  -77.7                         225     11  392.8         392.8
   83.0  17663  -78.9                         230     14  395.6         395.6
   81.6  17761  -79.3                         246     13  396.6         396.6
   78.0  18019  -78.7                         290     12  403.1         403.1
   71.0  18559  -77.3                         300     11  417.0         417.0
   70.0  18640  -77.1                         300     11  419.1         419.1
   67.4  18858  -76.7                         278      8  424.5         424.5
   67.0  18892  -76.5                         275      8  425.7         425.7
   62.6  19285  -74.1                         272      5  439.3         439.3
   60.1  19526  -69.1                         270      3  455.6         455.6
   60.0  19536  -69.1                         270      3  456.0         456.0
   57.0  19844  -67.8                         225     14  465.6         465.6
   55.9  19961  -67.3                         221     16  469.3         469.3
   52.7  20314  -69.9                         208     21  471.2         471.2
   52.0  20394  -68.8                         205     22  475.5         475.5
   50.0  20630  -65.7                         255     16  488.2         488.2
   49.4  20704  -63.3                         261     18  495.6         495.6
   49.0  20753  -63.5                         265     20  496.3         496.3
   45.0  21272  -65.5                         255     35  503.6         503.6
   43.9  21423  -66.1                         259     33  505.8         505.8
   41.7  21736  -63.3                         268     30  520.2         520.2
   39.2  22114  -64.5                         279     26  526.4         526.4
   39.0  22146  -64.4                         280     26  527.4         527.4
   33.0  23173  -61.5                         250     19  560.9         560.9
   32.6  23248  -61.3                         254     19  563.4         563.4
   32.0  23364  -59.9                         260     19  570.2         570.2
   30.6  23644  -56.5                         312     17  586.7         586.7
   30.0  23770  -55.1                         335     16  593.8         593.8
   29.6  23855  -54.1                         326     19  598.9         598.9
   28.0  24208  -54.3                         290     33  608.0         608.0
   25.0  24929  -54.6                         250     19  627.0         627.0
   22.6  25570  -54.9                         192     16  644.5         644.5
   21.2  25974  -56.9                         155     13  650.4         650.4
   21.0  26033  -56.9                         150     13  652.1         652.1
   20.0  26340  -56.9                         110      5  661.3         661.3
   19.2  26598  -57.7                          54     11  666.5         666.5
   19.0  26665  -57.1                          40     13  670.3         670.3
   18.0  27009  -54.2                          10     19  690.0         690.0
   17.9  27044  -53.9                                     692.0         692.0
</PRE><H3>Station information and sounding indices</H3><PRE>
                         Station identifier: WAAA
                             Station number: 97180
                           Observation time: 170407/0000
                           Station latitude: -5.06
                          Station longitude: 119.55
                          Station elevation: 14.0
                            Showalter index: 2.59
                               Lifted index: 2.45
    LIFT computed using virtual temperature: 2.27
                                SWEAT index: 199.40
                                    K index: 31.90
                         Cross totals index: 18.10
                      Vertical totals index: 21.50
                        Totals totals index: 39.60
      Convective Available Potential Energy: 0.00
             CAPE using virtual temperature: 0.00
                      Convective Inhibition: 0.00
             CINS using virtual temperature: 0.00
                     Bulk Richardson Number: 0.00
          Bulk Richardson Number using CAPV: 0.00
  Temp [K] of the Lifted Condensation Level: 289.09
Pres [hPa] of the Lifted Condensation Level: 862.32
     Mean mixed layer potential temperature: 301.61
              Mean mixed layer mixing ratio: 13.44
              1000 hPa to 500 hPa thickness: 5770.00
Precipitable water [mm] for entire sounding: 50.93
</PRE>
<P>Description of the 
<A HREF="/upperair/columns.html">data columns</A>
or <A HREF="/upperair/indices.html">sounding indices</A>.

<P>
<FORM>
<INPUT CLASS="button" TYPE="button" VALUE=" Close this window " 
 onClick="window.close();">
<INPUT CLASS="button" TYPE="button" VALUE=" Select another map " 
 onClick="window.blur();">
</FORM>
<HR SIZE="1">
<I>Interested in graduate studies in atmospheric science?
Check out our program at the
<a href="http://www.uwyo.edu/atsc/howtoapply/"
target=_top>University of Wyoming
</a></I>
<HR SIZE="1"><FONT SIZE="-1">
Questions about the weather data provided by this site can be
addressed to <A HREF="mailto:ldoolman@uwyo.edu">
Larry Oolman (ldoolman@uwyo.edu)</A></FONT>
<HR SIZE="1">
<SCRIPT TYPE="text/javascript">
<!--
window.focus();
// -->
</SCRIPT>
</BODY>
</HTML>
