2016-01-19 00
<HTML>
<TITLE>University of Wyoming - Radiosonde Data</TITLE>
<LINK REL="StyleSheet" HREF="/resources/select.css" TYPE="text/css">
<BODY BGCOLOR="white">
<H2>97180 WAAA Ujung Pandang Observations at 00Z 19 Jan 2016</H2>
<PRE>
-----------------------------------------------------------------------------
   PRES   HGHT   TEMP   DWPT   RELH   MIXR   DRCT   SKNT   THTA   THTE   THTV
    hPa     m      C      C      %    g/kg    deg   knot     K      K      K 
-----------------------------------------------------------------------------
 1009.0     14   26.4   23.9     86  18.92    100      3  298.8  354.1  302.2
 1000.0     93   26.6   21.8     75  16.75     90      4  299.8  348.9  302.8
  977.0    298   25.5   21.1     77  16.46     65      4  300.6  349.1  303.6
  944.0    601   23.8   20.2     80  16.03      5      2  301.9  349.4  304.8
  925.0    780   22.8   19.6     82  15.78    355      4  302.6  349.5  305.5
  913.0    894   22.1   19.0     83  15.42    345      4  303.1  349.0  305.9
  896.0   1058   21.2   18.2     83  14.91    348      4  303.7  348.2  306.4
  882.0   1194   20.4   17.4     83  14.43    350      4  304.3  347.5  306.9
  852.0   1494   18.7   15.8     83  13.44    305      2  305.5  346.0  308.0
  850.0   1514   18.6   15.7     83  13.37    310      2  305.6  345.9  308.1
  823.0   1787   17.2   14.2     83  12.53     70      2  306.9  344.9  309.2
  794.0   2091   15.6   12.5     82  11.63     90      2  308.4  343.9  310.6
  740.0   2687   12.5    9.3     81  10.02     65      2  311.3  342.3  313.1
  714.0   2990   10.9    7.6     80   9.27     70      6  312.7  341.7  314.5
  700.0   3158   10.0    6.7     80   8.87     60      6  313.5  341.4  315.2
  689.0   3288    9.4    5.8     78   8.47     50      6  314.2  340.9  315.9
  664.0   3593    7.9    3.7     75   7.58      5      8  315.9  340.1  317.4
  617.0   4197    5.0   -0.4     68   6.04     60      8  319.3  339.0  320.4
  596.0   4482    3.6   -2.4     65   5.41     83     10  320.9  338.7  321.9
  573.0   4801    2.4   -7.2     49   3.92    110     12  323.0  336.2  323.8
  570.0   4844    2.2   -7.8     48   3.75    110     12  323.3  336.0  324.1
  542.0   5249    0.0  -13.0     37   2.61    115     13  325.4  334.4  325.9
  522.0   5549   -2.3  -11.3     50   3.11    118     14  326.1  336.9  326.8
  518.0   5610   -2.7  -12.7     46   2.80    119     14  326.4  336.1  326.9
  512.0   5702   -3.3  -11.0     55   3.24    120     14  326.7  337.9  327.4
  500.0   5890   -4.5   -7.6     79   4.34    130     16  327.5  342.3  328.4
  499.0   5906   -4.3  -11.3     58   3.25    131     16  327.9  339.2  328.6
  493.0   6001   -4.7  -10.9     62   3.40    135     16  328.5  340.3  329.2
  485.0   6130   -5.3  -10.3     68   3.62    132     16  329.4  341.9  330.1
  483.0   6163   -5.3  -14.3     49   2.63    131     16  329.8  339.0  330.3
  458.0   6578   -8.1  -15.1     57   2.60    122     16  331.3  340.5  331.8
  450.0   6715   -9.3  -16.3     57   2.39    119     16  331.5  340.0  331.9
  440.0   6889  -10.5  -12.4     86   3.37    115     16  332.1  343.9  332.8
  413.0   7375  -11.9  -17.9     61   2.28    103     16  336.3  344.6  336.8
  406.0   7506  -12.4  -24.9     35   1.26    100     16  337.3  342.1  337.6
  400.0   7620  -12.9  -30.9     21   0.73     95     17  338.1  341.0  338.3
  399.0   7639  -12.9  -31.9     19   0.67     95     17  338.4  341.0  338.5
  346.0   8705  -22.1  -33.8     34   0.64     70     17  339.9  342.5  340.1
  342.0   8792  -22.9  -33.9     36   0.64     72     17  340.0  342.6  340.2
  333.0   8986  -24.4  -31.6     51   0.82     75     16  340.5  343.7  340.7
  328.0   9097  -25.3  -30.3     63   0.94     67     15  340.8  344.5  341.0
  326.0   9141  -25.1  -36.1     35   0.54     64     14  341.7  343.9  341.8
  306.0   9597  -28.3  -32.1     70   0.85     30      8  343.4  346.8  343.6
  300.0   9740  -29.3  -30.8     87   0.98     30     12  344.0  347.8  344.2
  298.0   9788  -29.5  -31.2     85   0.95     30     12  344.3  348.1  344.5
  269.0  10501  -35.1  -39.5     64   0.46     25     16  346.4  348.3  346.5
  253.0  10929  -38.5  -44.5     53   0.29     42     16  347.5  348.7  347.6
  250.0  11010  -39.1  -48.1     38   0.20     45     16  347.8  348.6  347.8
  247.0  11093  -39.9  -48.9     38   0.18     45     14  347.9  348.7  347.9
  246.0  11121  -40.1  -49.1     38   0.18     45     14  347.9  348.7  347.9
  216.0  11987  -48.0                          40     16  348.8         348.8
  200.0  12500  -52.7                          15     12  349.1         349.1
  179.0  13190  -58.7                         350     10  350.6         350.6
  171.0  13475  -61.2                           0      8  351.1         351.1
  163.0  13773  -63.8                         335      4  351.5         351.5
  155.0  14086  -66.5                         205      4  352.0         352.0
  150.0  14290  -68.3                         220      6  352.2         352.2
  133.0  14991  -73.3                         240     12  355.7         355.7
  127.0  15260  -75.2                         275      2  356.9         356.9
  120.0  15591  -77.6                          70      8  358.4         358.4
  114.0  15890  -79.7                          72      8  359.8         359.8
  108.0  16195  -80.1                          75      8  364.6         364.6
  100.0  16630  -80.7                          10     14  371.6         371.6
   97.0  16801  -81.2                         345     16  373.8         373.8
   87.0  17412  -83.0                           0     19  382.1         382.1
   85.3  17522  -83.3                          10     12  383.6         383.6
   83.0  17676  -82.1                          65      8  389.0         389.0
   80.0  17883  -80.5                          76     14  396.4         396.4
   79.0  17954  -80.9                          80     16  397.0         397.0
   76.1  18164  -82.1                         117     15  398.8         398.8
   74.0  18323  -79.9                         145     14  406.6         406.6
   72.1  18471  -77.9                         157     17  413.9         413.9
   70.0  18640  -77.9                         170     21  417.4         417.4
   67.0  18889  -78.0                         180     17  422.4         422.4
   65.0  19062  -78.1                         223     14  425.9         425.9
   64.0  19151  -76.3                         245     12  431.8         431.8
   62.3  19307  -73.1                         250     15  442.1         442.1
   57.0  19829  -71.9                         265     25  456.3         456.3
   52.0  20369  -70.6                         270      8  471.3         471.3
   50.0  20600  -70.1                         320      2  477.9         477.9
   47.0  20968  -69.9                          15      8  486.8         486.8
   45.0  21227  -69.8                          30      8  493.2         493.2
   43.6  21415  -69.7                           7     11  497.9         497.9
   42.0  21644  -68.2                         340     14  507.0         507.0
   40.0  21942  -66.2                         320     16  519.1         519.1
   38.0  22256  -64.2                         270     10  532.0         532.0
   35.0  22758  -60.8                         145     12  553.3         553.3
   33.7  22990  -59.3                         139      7  563.4         563.4
   33.0  23122  -59.1                         135      4  567.2         567.2
   32.0  23315  -58.9                         285     17  572.9         572.9
   30.0  23720  -58.3                         270     27  585.1         585.1
   29.0  23934  -58.1                         265     35  591.3         591.3
   25.0  24871  -57.3                         220     19  619.2         619.2
   24.0  25129  -57.1                         165      6  627.1         627.1
   23.0  25397  -56.9                          70      4  635.5         635.5
   22.3  25592  -56.7                                     641.6         641.6
</PRE><H3>Station information and sounding indices</H3><PRE>
                         Station identifier: WAAA
                             Station number: 97180
                           Observation time: 160119/0000
                           Station latitude: -5.06
                          Station longitude: 119.55
                          Station elevation: 14.0
                            Showalter index: 0.06
                               Lifted index: -1.24
    LIFT computed using virtual temperature: -1.52
                                SWEAT index: 208.41
                                    K index: 35.50
                         Cross totals index: 20.20
                      Vertical totals index: 23.10
                        Totals totals index: 43.30
      Convective Available Potential Energy: 158.77
             CAPE using virtual temperature: 255.83
                      Convective Inhibition: -78.85
             CINS using virtual temperature: -60.73
                           Equilibrum Level: 264.07
 Equilibrum Level using virtual temperature: 262.24
                   Level of Free Convection: 733.70
             LFCT using virtual temperature: 772.88
                     Bulk Richardson Number: 1329.77
          Bulk Richardson Number using CAPV: 2142.74
  Temp [K] of the Lifted Condensation Level: 293.55
Pres [hPa] of the Lifted Condensation Level: 922.59
     Mean mixed layer potential temperature: 300.41
              Mean mixed layer mixing ratio: 16.68
              1000 hPa to 500 hPa thickness: 5797.00
Precipitable water [mm] for entire sounding: 56.92
</PRE>
<P>Description of the 
<A HREF="/upperair/columns.html">data columns</A>
or <A HREF="/upperair/indices.html">sounding indices</A>.

<P>
<FORM>
<INPUT CLASS="button" TYPE="button" VALUE=" Close this window " 
 onClick="window.close();">
<INPUT CLASS="button" TYPE="button" VALUE=" Select another map " 
 onClick="window.blur();">
</FORM>
<HR SIZE="1">
<I>Interested in graduate studies in atmospheric science?
Check out our program at the
<a href="http://www.uwyo.edu/atsc/howtoapply/"
target=_top>University of Wyoming
</a></I>
<HR SIZE="1"><FONT SIZE="-1">
Questions about the weather data provided by this site can be
addressed to <A HREF="mailto:ldoolman@uwyo.edu">
Larry Oolman (ldoolman@uwyo.edu)</A></FONT>
<HR SIZE="1">
<SCRIPT TYPE="text/javascript">
<!--
window.focus();
// -->
</SCRIPT>
</BODY>
</HTML>
