2018-04-22 12
<HTML>
<TITLE>University of Wyoming - Radiosonde Data</TITLE>
<LINK REL="StyleSheet" HREF="/resources/select.css" TYPE="text/css">
<BODY BGCOLOR="white">
<H2>97180 WAAA Ujung Pandang Observations at 00Z 22 Apr 2018</H2>
<PRE>
-----------------------------------------------------------------------------
   PRES   HGHT   TEMP   DWPT   RELH   MIXR   DRCT   SKNT   THTA   THTE   THTV
    hPa     m      C      C      %    g/kg    deg   knot     K      K      K 
-----------------------------------------------------------------------------
 1009.0     14   26.0   23.6     87  18.57      0      0  298.4  352.6  301.7
 1000.0     90   25.8   21.0     75  15.93    105      3  298.9  345.6  301.8
  976.0    303   24.7   20.2     76  15.57    200      3  299.9  345.7  302.7
  944.0    596   23.1   19.2     79  15.09    195      2  301.2  345.8  303.9
  925.0    774   22.2   18.6     80  14.80     40      2  302.0  345.9  304.7
  912.0    897   22.4   18.4     78  14.84     25      3  303.4  347.7  306.1
  911.0    907   22.4   18.4     78  14.85     27      3  303.5  347.8  306.2
  881.0   1197   20.8   16.9     78  13.90     85      3  304.7  346.5  307.3
  850.0   1508   19.0   15.2     79  12.94     75     12  306.0  345.1  308.4
  822.0   1795   17.0   14.7     86  12.96     75     14  306.9  346.1  309.2
  783.0   2209   15.6   10.7     73  10.42     75     11  309.6  341.7  311.6
  766.0   2395   14.1   10.8     80  10.72     75     10  310.0  343.0  312.0
  747.0   2607   12.4   10.9     91  11.08     89     11  310.4  344.5  312.4
  743.0   2652   12.2   11.1     93  11.29     92     12  310.6  345.4  312.7
  724.0   2870   12.6    7.6     72   9.13    106     13  313.4  342.0  315.1
  713.0   2998   12.0    6.5     69   8.59    115     14  314.1  341.1  315.7
  700.0   3152   11.2    5.2     67   7.98    115     14  314.9  340.2  316.4
  664.0   3584    8.7    3.1     68   7.28     95     13  316.8  340.1  318.2
  640.0   3885    6.9    1.7     70   6.82     95     11  318.1  340.1  319.4
  617.0   4185    5.1    0.3     71   6.38     75     11  319.4  340.2  320.7
  555.0   5052    0.0   -3.8     76   5.23    108     12  323.2  340.6  324.2
  552.0   5095   -0.3   -4.0     76   5.16    110     12  323.4  340.6  324.4
  512.0   5692   -3.9   -7.5     76   4.27     90     19  325.9  340.4  326.8
  500.0   5880   -5.1   -8.6     76   4.02     95     18  326.8  340.5  327.6
  474.0   6296   -7.3  -11.6     71   3.33    105     20  329.0  340.6  329.7
  439.0   6894  -10.6  -16.0     64   2.52     85     16  332.2  341.2  332.8
  423.0   7183  -12.1  -18.1     61   2.19     91     15  333.8  341.7  334.2
  400.0   7610  -15.7  -17.7     85   2.39    100     14  334.5  343.1  335.0
  399.0   7629  -15.9  -17.7     86   2.40    101     14  334.5  343.1  335.0
  390.0   7801  -16.8  -19.0     83   2.20    110     13  335.4  343.4  335.9
  378.0   8036  -18.1  -20.8     79   1.94     94     13  336.8  343.9  337.2
  375.0   8096  -18.4  -21.9     74   1.77     90     13  337.2  343.7  337.5
  363.0   8339  -19.5  -26.5     54   1.22     91     13  338.8  343.4  339.1
  345.0   8716  -22.1  -31.1     44   0.83     93     12  340.3  343.5  340.4
  331.0   9020  -24.3  -32.3     48   0.77     94     11  341.3  344.3  341.4
  322.0   9221  -26.1  -29.7     72   1.02     95     11  341.5  345.4  341.7
  318.0   9311  -26.8  -29.9     75   1.01     95     11  341.7  345.6  341.9
  310.0   9495  -28.3  -30.3     83   1.00    106     10  342.2  346.0  342.4
  300.0   9730  -29.7  -34.7     62   0.67    120      9  343.4  346.1  343.5
  293.0   9898  -30.8  -38.4     47   0.48    120     12  344.2  346.2  344.3
  292.0   9922  -30.9  -38.9     45   0.45    120     12  344.4  346.2  344.4
  285.0  10093  -32.5  -42.5     36   0.32    117     13  344.5  345.8  344.5
  280.0  10217  -33.5  -40.5     49   0.40    114     14  344.8  346.4  344.9
  255.0  10865  -38.7  -43.7     59   0.31    103     19  346.4  347.7  346.5
  250.0  11000  -39.9  -46.9     47   0.22    100     20  346.6  347.6  346.7
  249.0  11027  -40.1  -47.1     47   0.22    100     20  346.7  347.7  346.8
  225.0  11704  -45.7                          95     18  348.2         348.2
  200.0  12490  -52.3                         105     20  349.8         349.8
  197.0  12584  -53.1                         100     19  350.1         350.1
  179.0  13180  -58.0                          85     20  351.7         351.7
  150.0  14280  -67.1                          85     24  354.3         354.3
  126.0  15282  -75.1                          70     18  357.9         357.9
  114.0  15857  -79.7                          55     12  359.8         359.8
  102.0  16496  -84.8                          70     10  361.6         361.6
  100.0  16610  -85.7                          60     12  361.9         361.9
   97.0  16776  -86.1                          60     22  364.3         364.3
   87.3  17351  -87.5                          70     33  372.6         372.6
   87.0  17370  -87.3                          70     31  373.4         373.4
   86.0  17433  -86.5                          49     28  376.2         376.2
   84.6  17524  -80.3                          18     23  390.6         390.6
   83.0  17633  -75.3                         343     18  402.9         402.9
   82.0  17703  -75.0                         320     15  404.8         404.8
   78.0  17994  -73.9                         265     26  413.0         413.0
   77.4  18039  -73.7                         265     25  414.3         414.3
   70.8  18555  -76.5                         265     14  419.0         419.0
   70.0  18620  -76.7                         265     13  420.0         420.0
   63.0  19227  -77.5                         300     18  431.0         431.0
   61.7  19347  -77.7                         296     17  433.2         433.2
   60.0  19509  -74.9                         290     15  443.0         443.0
   59.2  19587  -73.5                         280     14  447.8         447.8
   53.2  20220  -69.7                         202      7  470.4         470.4
   52.0  20356  -70.1                         185      5  472.5         472.5
   50.0  20590  -70.9                         160      4  476.0         476.0
   49.0  20710  -71.0                         110      4  478.4         478.4
   47.0  20956  -71.3                          65      8  483.5         483.5
   44.5  21280  -71.7                          89     15  490.2         490.2
   42.0  21623  -70.7                         115     22  500.8         500.8
   41.5  21694  -70.5                         111     25  503.0         503.0
   38.0  22229  -63.9                          85     43  532.6         532.6
   37.0  22390  -61.9                          87     45  541.9         541.9
   34.3  22859  -62.5                          92     52  552.1         552.1
   33.0  23102  -60.6                          95     55  563.3         563.3
   30.1  23679  -56.1                          81     60  590.5         590.5
   30.0  23700  -55.7                          80     60  592.2         592.2
   26.6  24463  -55.5                          80     59  613.5         613.5
   26.0  24609  -54.6                          80     59  620.1         620.1
   23.7  25202  -50.9                          82     59  647.4         647.4
   20.0  26310  -47.5                          85     58  690.0         690.0
   16.0  27790  -45.9                          95     52  740.6         740.6
   15.5  28000  -45.7                                     748.1         748.1
</PRE><H3>Station information and sounding indices</H3><PRE>
                         Station identifier: WAAA
                             Station number: 97180
                           Observation time: 180422/0000
                           Station latitude: -5.06
                          Station longitude: 119.55
                          Station elevation: 14.0
                            Showalter index: -0.24
                               Lifted index: -0.62
    LIFT computed using virtual temperature: -0.87
                                SWEAT index: 224.42
                                    K index: 33.30
                         Cross totals index: 20.30
                      Vertical totals index: 24.10
                        Totals totals index: 44.40
      Convective Available Potential Energy: 36.67
             CAPE using virtual temperature: 61.92
                      Convective Inhibition: -226.89
             CINS using virtual temperature: -184.89
                           Equilibrum Level: 373.59
 Equilibrum Level using virtual temperature: 371.19
                   Level of Free Convection: 557.09
             LFCT using virtual temperature: 583.44
                     Bulk Richardson Number: 3.32
          Bulk Richardson Number using CAPV: 5.60
  Temp [K] of the Lifted Condensation Level: 292.72
Pres [hPa] of the Lifted Condensation Level: 920.99
     Mean mixed layer potential temperature: 299.70
              Mean mixed layer mixing ratio: 15.85
              1000 hPa to 500 hPa thickness: 5790.00
Precipitable water [mm] for entire sounding: 57.71
</PRE>
<P>Description of the 
<A HREF="/upperair/columns.html">data columns</A>
or <A HREF="/upperair/indices.html">sounding indices</A>.

<P>
<FORM>
<INPUT CLASS="button" TYPE="button" VALUE=" Close this window " 
 onClick="window.close();">
<INPUT CLASS="button" TYPE="button" VALUE=" Select another map " 
 onClick="window.blur();">
</FORM>
<HR SIZE="1">
<I>Interested in graduate studies in atmospheric science?
Check out our program at the
<a href="http://www.uwyo.edu/atsc/howtoapply/"
target=_top>University of Wyoming
</a></I>
<HR SIZE="1"><FONT SIZE="-1">
Questions about the weather data provided by this site can be
addressed to <A HREF="mailto:ldoolman@uwyo.edu">
Larry Oolman (ldoolman@uwyo.edu)</A></FONT>
<HR SIZE="1">
<SCRIPT TYPE="text/javascript">
<!--
window.focus();
// -->
</SCRIPT>
</BODY>
</HTML>
