2018-09-25 00
<HTML>
<TITLE>University of Wyoming - Radiosonde Data</TITLE>
<LINK REL="StyleSheet" HREF="/resources/select.css" TYPE="text/css">
<BODY BGCOLOR="white">
<H2>97180 WAAA Ujung Pandang Observations at 00Z 25 Sep 2018</H2>
<PRE>
-----------------------------------------------------------------------------
   PRES   HGHT   TEMP   DWPT   RELH   MIXR   DRCT   SKNT   THTA   THTE   THTV
    hPa     m      C      C      %    g/kg    deg   knot     K      K      K 
-----------------------------------------------------------------------------
 1011.0     14   25.2   17.2     61  12.36      0      0  297.4  333.5  299.6
 1000.0    108   25.8   15.8     54  11.41      0      1  298.9  332.5  301.0
  986.0    232   26.2   16.2     54  11.88     35      5  300.6  335.7  302.7
  978.0    304   25.7   15.5     53  11.44     55      7  300.8  334.7  302.9
  925.0    792   22.6   10.6     47   8.75     90     11  302.4  328.7  304.0
  914.0    895   21.8   10.5     48   8.78     95     11  302.7  329.1  304.3
  891.0   1116   20.2   10.2     53   8.84    100     17  303.2  329.8  304.8
  850.0   1520   18.2   10.2     60   9.27    110     28  305.2  333.3  306.9
  839.0   1631   17.2    9.2     59   8.78    108     26  305.3  332.0  306.9
  823.0   1795   17.0    6.5     50   7.44    105     22  306.7  329.6  308.1
  800.0   2037   16.6    2.6     39   5.80    105     14  308.8  327.0  309.9
  794.0   2100   16.1    2.5     40   5.82    105     12  309.0  327.3  310.1
  766.0   2401   14.0    2.3     45   5.92    145      5  309.9  328.5  311.0
  713.0   3002    9.7    1.7     58   6.12    155     10  311.6  330.9  312.7
  700.0   3156    8.6    1.6     61   6.18    145      7  312.0  331.5  313.1
  697.0   3192    8.4    2.4     66   6.57    136      7  312.1  332.9  313.4
  688.0   3299    7.7    2.1     68   6.51    110      5  312.5  333.1  313.8
  664.0   3592    5.8    1.3     73   6.36     95      5  313.6  333.9  314.8
  656.0   3692    5.2    1.0     74   6.31    133      4  314.0  334.1  315.2
  649.0   3780    4.8    0.8     75   6.29    166      3  314.5  334.6  315.7
  640.0   3894    4.9   -4.5     51   4.29    210      1  315.8  329.8  316.7
  626.0   4075    5.0  -13.0     26   2.26    204      4  318.0  325.7  318.4
  617.0   4194    5.2  -27.8      7   0.63    200      6  319.5  321.9  319.6
  616.0   4207    5.1  -27.6      7   0.65    200      6  319.6  322.0  319.7
  594.0   4502    3.3  -23.5     12   0.97    155      9  320.8  324.3  321.0
  570.0   4837    1.2  -18.8     21   1.53    135      9  322.1  327.6  322.4
  559.0   4994    0.0  -12.0     40   2.74    126      9  322.5  331.9  323.1
  552.0   5095   -0.4  -20.7     20   1.34    120      9  323.2  328.0  323.4
  548.0   5154   -0.7  -25.7     13   0.87    120     10  323.5  326.7  323.7
  538.0   5301   -2.1  -17.1     31   1.87    120     12  323.6  330.1  323.9
  532.0   5390   -2.7  -21.7     22   1.27    120     13  323.9  328.5  324.1
  531.0   5405   -2.8  -20.7     24   1.39    120     13  323.9  328.9  324.2
  525.0   5495   -3.7  -14.7     42   2.34    114     13  323.9  332.1  324.4
  511.0   5708   -5.0  -17.1     38   1.96    100     14  324.8  331.7  325.2
  500.0   5880   -6.1  -19.1     35   1.70    105     15  325.5  331.6  325.9
  492.0   6006   -7.0  -19.1     37   1.73    110     14  325.9  332.1  326.3
  491.0   6022   -7.1  -19.1     38   1.73    109     14  326.0  332.2  326.4
  473.0   6310   -9.0  -17.9     48   1.99     95     11  327.2  334.2  327.6
  455.0   6609  -10.9  -16.6     63   2.30     60     12  328.4  336.5  328.8
  450.0   6695  -11.5  -16.3     68   2.39     63     12  328.7  337.1  329.2
  425.0   7131  -12.7  -26.7     30   1.02     81     11  332.6  336.4  332.8
  405.0   7496  -14.8  -33.5     19   0.56     95     11  334.5  336.7  334.6
  400.0   7590  -15.3  -35.3     16   0.48     90     11  335.0  336.9  335.1
  383.0   7918  -17.3  -40.3     12   0.30     91     13  336.6  337.8  336.6
  345.0   8680  -23.6  -44.8     12   0.20     95     17  338.3  339.2  338.3
  300.0   9700  -31.9  -50.9     13   0.12    110     19  340.3  340.8  340.3
  279.0  10204  -36.1  -52.0     18   0.11    110     26  341.4  341.9  341.5
  260.0  10694  -40.1  -53.1     24   0.11     98     24  342.4  342.9  342.5
  256.0  10799  -41.0                          95     24  342.6         342.6
  250.0  10960  -42.5                         100     22  342.7         342.7
  234.0  11393  -46.2                         115     17  343.6         343.6
  202.0  12357  -54.5                          92     22  345.3         345.3
  200.0  12420  -54.9                          90     22  345.7         345.7
  177.0  13176  -60.4                          55     31  348.9         348.9
  150.0  14200  -67.9                          95     47  352.9         352.9
  138.0  14697  -71.9                         100     40  354.4         354.4
  134.0  14872  -73.3                          96     39  354.9         354.9
  125.0  15273  -75.2                          85     37  358.7         358.7
  101.0  16503  -80.8                          40     17  370.2         370.2
  100.0  16560  -81.1                          40     17  370.8         370.8
   97.2  16719  -81.9                          50     18  372.2         372.2
   96.0  16788  -81.8                          55     17  373.9         373.9
   94.0  16906  -81.5                          51     13  376.6         376.6
   93.2  16954  -78.7                          49     11  383.1         383.1
   91.0  17089  -79.3                          45      6  384.5         384.5
   88.9  17221  -79.9                          66      7  385.9         385.9
   86.0  17412  -77.5                          95      8  394.3         394.3
   78.3  17953  -70.9                          47     17  418.8         418.8
   78.0  17976  -71.0                          45     17  419.0         419.0
   74.0  18284  -72.1                          35     15  423.0         423.0
   70.0  18610  -73.3                          65     10  427.2         427.2
   69.0  18694  -73.7                          78     11  428.1         428.1
   67.0  18867  -73.4                         105     12  432.5         432.5
   63.0  19229  -72.7                         125     19  441.7         441.7
   62.1  19313  -72.5                         122     21  443.9         443.9
   59.5  19568  -68.5                         115     25  458.3         458.3
   57.1  19817  -66.1                         107     30  469.2         469.2
   53.4  20222  -67.9                          95     37  474.1         474.1
   52.0  20383  -67.3                          90     40  479.0         479.0
   50.0  20620  -66.5                          95     39  486.4         486.4
   49.6  20668  -66.7                          94     40  487.0         487.0
   47.3  20958  -62.7                          91     43  503.2         503.2
   43.1  21534  -59.7                          84     49  524.1         524.1
   41.0  21843  -60.4                          80     53  530.0         530.0
   36.2  22616  -62.1                          86     53  544.7         544.7
   31.1  23556  -60.5                          93     53  573.2         573.2
   30.0  23780  -59.5                          95     53  581.9         581.9
   28.0  24215  -57.2                         105     56  599.7         599.7
   27.2  24397  -56.3                          97     50  607.3         607.3
   24.6  25045  -49.3                          71     28  645.2         645.2
   24.0  25207  -48.2                          65     23  652.9         652.9
   23.4  25374  -47.1                          29     18  660.9         660.9
   23.0  25488  -47.2                           5     14  663.9         663.9
   22.0  25781  -47.5                         325     20  671.5         671.5
   20.0  26410  -48.1                         300     29  688.2         688.2
   18.2  27028  -50.5                         282     29  699.4         699.4
   18.0  27101  -50.3                         280     29  702.4         702.4
   17.0  27476  -49.0                         275     22  718.0         718.0
   15.3  28169  -46.7                         229     10  747.5         747.5
   15.0  28300  -46.8                         220      8  751.4         751.4
   13.0  29246  -47.7                         245     26  779.7         779.7
   12.6  29452  -47.9                         247     24  786.0         786.0
   12.0  29776  -47.1                         250     20  799.9         799.9
   11.0  30353  -45.6                         240     21  825.2         825.2
   10.9  30413  -45.5                                     828.0         828.0
</PRE><H3>Station information and sounding indices</H3><PRE>
                         Station identifier: WAAA
                             Station number: 97180
                           Observation time: 180925/0000
                           Station latitude: -5.06
                          Station longitude: 119.55
                          Station elevation: 14.0
                            Showalter index: 3.68
                               Lifted index: 3.54
    LIFT computed using virtual temperature: 3.22
                                SWEAT index: 193.38
                                    K index: 27.50
                         Cross totals index: 16.30
                      Vertical totals index: 24.30
                        Totals totals index: 40.60
      Convective Available Potential Energy: 0.00
             CAPE using virtual temperature: 0.00
                      Convective Inhibition: 0.00
             CINS using virtual temperature: 0.00
                     Bulk Richardson Number: 0.00
          Bulk Richardson Number using CAPV: 0.00
  Temp [K] of the Lifted Condensation Level: 286.28
Pres [hPa] of the Lifted Condensation Level: 847.52
     Mean mixed layer potential temperature: 300.15
              Mean mixed layer mixing ratio: 11.35
              1000 hPa to 500 hPa thickness: 5772.00
Precipitable water [mm] for entire sounding: 34.37
</PRE>
<P>Description of the 
<A HREF="/upperair/columns.html">data columns</A>
or <A HREF="/upperair/indices.html">sounding indices</A>.

<P>
<FORM>
<INPUT CLASS="button" TYPE="button" VALUE=" Close this window " 
 onClick="window.close();">
<INPUT CLASS="button" TYPE="button" VALUE=" Select another map " 
 onClick="window.blur();">
</FORM>
<HR SIZE="1">
<I>Interested in graduate studies in atmospheric science?
Check out our program at the
<a href="http://www.uwyo.edu/atsc/howtoapply/"
target=_top>University of Wyoming
</a></I>
<HR SIZE="1"><FONT SIZE="-1">
Questions about the weather data provided by this site can be
addressed to <A HREF="mailto:ldoolman@uwyo.edu">
Larry Oolman (ldoolman@uwyo.edu)</A></FONT>
<HR SIZE="1">
<SCRIPT TYPE="text/javascript">
<!--
window.focus();
// -->
</SCRIPT>
</BODY>
</HTML>
