2016-06-20 12
<HTML>
<TITLE>University of Wyoming - Radiosonde Data</TITLE>
<LINK REL="StyleSheet" HREF="/resources/select.css" TYPE="text/css">
<BODY BGCOLOR="white">
<H2>97180 WAAA Ujung Pandang Observations at 00Z 20 Jun 2016</H2>
<PRE>
-----------------------------------------------------------------------------
   PRES   HGHT   TEMP   DWPT   RELH   MIXR   DRCT   SKNT   THTA   THTE   THTV
    hPa     m      C      C      %    g/kg    deg   knot     K      K      K 
-----------------------------------------------------------------------------
 1009.0     14   25.0   22.8     88  17.67      0      0  297.4  348.7  300.5
 1008.0     22   24.6   20.6     78  15.40     11      1  297.1  341.8  299.8
 1000.0     90   25.2   20.2     74  15.14    100      5  298.4  342.6  301.1
  997.0    116   25.6   19.6     69  14.62    108      5  299.0  341.8  301.6
  984.0    232   25.8   19.8     69  15.01    143      4  300.3  344.5  303.0
  961.0    440   24.0   20.6     81  16.17    207      4  300.6  348.2  303.4
  944.0    596   23.1   18.9     77  14.80    255      3  301.1  344.9  303.8
  925.0    774   22.0   17.0     73  13.35    355      2  301.8  341.4  304.2
  912.0    896   21.4   15.3     68  12.10     15      5  302.4  338.5  304.6
  881.0   1193   20.0   11.0     56   9.44     15      3  304.0  332.5  305.7
  850.0   1501   18.6    6.6     45   7.24     80      6  305.6  327.8  306.9
  821.0   1798   17.2    1.9     36   5.39    145      4  307.1  324.0  308.1
  814.0   1871   16.8    0.8     34   5.01    146      5  307.5  323.2  308.4
  801.0   2008   16.2   -2.8     27   3.90    148      8  308.3  320.7  309.0
  793.0   2094   15.6   -3.4     27   3.77    150     10  308.5  320.6  309.2
  792.0   2104   15.6   -2.6     28   3.99    150     10  308.6  321.4  309.4
  789.0   2137   15.6   -0.4     34   4.73    146     10  309.0  324.0  309.9
  788.0   2147   15.4    4.4     48   6.70    144     10  308.9  329.7  310.1
  778.0   2256   15.0   -1.0     33   4.59    129      8  309.6  324.2  310.4
  765.0   2398   13.7    5.0     56   7.20    110      7  309.7  332.1  311.0
  762.0   2431   13.4    6.4     63   7.97    110      7  309.7  334.4  311.2
  708.0   3048    9.2    6.7     84   8.77    106     15  311.6  339.0  313.3
  705.0   3083    9.0    6.4     84   8.62    105     15  311.8  338.7  313.4
  700.0   3142    9.0    2.0     62   6.36    105     16  312.4  332.5  313.6
  688.0   3286    9.4    0.4     53   5.76    105     15  314.4  332.9  315.5
  684.0   3334    9.0   -2.0     46   4.85    105     14  314.5  330.2  315.4
  682.0   3358    9.0   -3.0     43   4.52    105     14  314.8  329.4  315.6
  681.0   3371    8.6    1.6     61   6.35    105     14  314.4  334.7  315.6
  674.0   3456    8.4   -2.6     46   4.71    105     13  315.1  330.4  316.0
  662.0   3604    7.2   -1.0     56   5.40    105     12  315.4  332.8  316.4
  643.0   3844    5.2    1.6     78   6.73     93     12  315.8  337.3  317.1
  615.0   4205    3.1    0.3     82   6.38     75     11  317.4  338.0  318.6
  576.0   4737    0.0   -1.7     88   5.90     64     14  319.8  339.1  320.9
  531.0   5386   -4.3   -5.4     92   4.85     50     18  322.1  338.2  323.1
  530.0   5400   -4.3   -5.5     92   4.82     50     18  322.3  338.3  323.2
  516.0   5612   -4.7   -6.7     86   4.51     57     21  324.3  339.5  325.2
  504.0   5797   -5.5  -10.1     70   3.54     63     23  325.5  337.6  326.2
  500.0   5860   -5.3  -15.3     45   2.34     65     24  326.5  334.7  327.0
  499.0   5876   -4.9  -15.9     42   2.23     65     24  327.2  335.1  327.6
  491.0   6002   -5.5  -12.5     58   3.00     68     25  328.0  338.4  328.6
  485.0   6098   -6.3  -11.3     68   3.34     69     26  328.1  339.7  328.8
  482.0   6147   -6.5  -10.3     74   3.64     70     26  328.5  341.1  329.2
  476.0   6244   -6.9  -15.9     49   2.34     72     27  329.2  337.4  329.6
  467.0   6393   -7.9  -13.9     62   2.81     75     28  329.7  339.6  330.3
  462.0   6476   -8.1  -17.1     48   2.18     76     28  330.5  338.3  330.9
  451.0   6663   -9.5  -15.5     62   2.55     80     29  331.0  340.1  331.5
  443.0   6800   -9.9  -17.9     52   2.12     82     30  332.2  339.9  332.6
  440.0   6853  -10.1  -20.1     44   1.77     83     31  332.6  339.0  332.9
  439.0   6870  -10.3  -18.3     52   2.07     84     31  332.6  340.0  333.0
  438.0   6888  -10.3  -20.3     44   1.75     84     31  332.8  339.1  333.1
  437.0   6905  -10.3  -30.3     18   0.71     84     31  333.0  335.7  333.1
  436.0   6923  -10.1  -39.1      7   0.30     85     31  333.5  334.7  333.5
  405.0   7486  -13.3  -44.3      5   0.18     95     35  336.4  337.2  336.5
  400.0   7580  -14.1  -46.1      5   0.15     90     35  336.6  337.2  336.6
  386.0   7849  -16.7  -22.7     60   1.61     93     32  336.6  342.6  336.9
  380.0   7967  -17.1  -23.1     60   1.58     94     31  337.6  343.5  337.9
  376.0   8046  -17.7  -24.7     54   1.38     95     30  337.8  343.0  338.1
  374.0   8086  -17.7  -29.7     34   0.88     95     30  338.3  341.7  338.5
  370.0   8167  -17.7  -41.7     10   0.27     96     29  339.4  340.5  339.4
  334.0   8924  -24.1  -36.1     32   0.53    104     22  340.7  342.8  340.8
  331.0   8989  -24.4  -37.8     28   0.45    105     21  341.1  342.9  341.2
  323.0   9167  -25.3  -42.3     19   0.29    105     21  342.3  343.5  342.4
  321.0   9213  -25.3  -46.3     12   0.19    105     21  342.9  343.7  342.9
  313.0   9395  -26.9  -34.9     47   0.63    105     20  343.2  345.7  343.3
  304.0   9605  -28.6  -35.9     49   0.59    105     20  343.7  346.1  343.8
  300.0   9700  -29.3  -36.3     51   0.57    105     20  344.0  346.3  344.1
  277.0  10263  -34.5  -37.2     76   0.57     85     21  344.4  346.7  344.5
  252.0  10916  -39.9  -42.7     74   0.35     62     23  345.8  347.3  345.9
  250.0  10970  -40.3                          60     23  346.0         346.0
  245.0  11104  -41.4                          60     22  346.3         346.3
  205.0  12286  -51.3                          55     32  348.9         348.9
  200.0  12450  -52.7                          50     30  349.1         349.1
  150.0  14260  -67.1                          55     36  354.3         354.3
  146.0  14415  -68.3                          55     35  354.9         354.9
  119.0  15585  -77.6                          70     21  359.2         359.2
  100.0  16580  -85.5                          75     36  362.3         362.3
   96.1  16798  -86.9                          75     40  363.7         363.7
   91.5  17067  -85.5                          82     40  371.6         371.6
   87.1  17342  -80.1                          88     39  387.7         387.7
   86.0  17414  -78.8                          90     39  391.7         391.7
   85.7  17434  -78.5                          89     39  392.8         392.8
   84.8  17495  -74.3                          86     37  402.4         402.4
   80.3  17814  -72.5                          72     29  412.5         412.5
   78.0  17985  -72.7                          65     25  415.5         415.5
   74.0  18294  -73.1                         105     18  420.9         420.9
   70.0  18620  -73.5                         170     19  426.8         426.8
   67.0  18875  -75.8                         175     21  427.3         427.3
   65.8  18980  -76.7                         161     22  427.5         427.5
   63.9  19149  -76.3                         139     24  431.9         431.9
   62.6  19269  -72.3                         123     26  443.3         443.3
   60.0  19519  -72.3                          90     29  448.7         448.7
   57.8  19740  -72.3                          90     34  453.5         453.5
   55.7  19961  -67.1                          90     38  470.2         470.2
   52.3  20343  -65.9                          90     46  481.6         481.6
   52.0  20379  -65.3                          90     47  483.8         483.8
   50.6  20546  -62.3                          83     48  494.6         494.6
   50.0  20620  -62.1                          80     49  496.7         496.7
   47.0  21005  -60.4                          70     47  509.6         509.6
   43.1  21545  -58.1                          70     17  528.1         528.1
   43.0  21560  -58.1                          70     16  528.3         528.3
   41.0  21855  -59.2                           0      6  532.9         532.9
   39.0  22166  -60.3                         275      9  537.8         537.8
   37.0  22492  -61.5                         230      9  543.0         543.0
   35.0  22837  -62.7                         135      9  548.5         548.5
   34.0  23017  -63.3                          90     18  551.4         551.4
   33.4  23128  -63.7                          90     18  553.2         553.2
   32.0  23394  -59.5                         325      8  571.1         571.1
   31.2  23552  -57.1                         307     15  581.8         581.8
   30.0  23800  -55.9                         280     25  591.6         591.6
   28.0  24238  -53.9                         278     33  609.0         609.0
   26.0  24710  -54.7                         275     41  619.6         619.6
   25.2  24909  -55.1                         277     41  624.2         624.2
   20.9  26106  -51.9                         287     38  668.1         668.1
   20.0  26390  -51.3                         290     37  678.4         678.4
   17.7  27180  -53.1                         294     37  696.8         696.8
   17.0  27443  -52.3                         295     37  707.4         707.4
   15.0  28260  -49.8                         260     40  741.4         741.4
   14.0  28711  -48.5                         270     33  760.8         760.8
   13.2  29095  -47.3                                     777.7         777.7
</PRE><H3>Station information and sounding indices</H3><PRE>
                         Station identifier: WAAA
                             Station number: 97180
                           Observation time: 160620/0000
                           Station latitude: -5.06
                          Station longitude: 119.55
                          Station elevation: 14.0
                            Showalter index: 7.09
                               Lifted index: -0.34
    LIFT computed using virtual temperature: -0.82
                                SWEAT index: 115.21
                                    K index: 23.50
                         Cross totals index: 11.90
                      Vertical totals index: 23.90
                        Totals totals index: 35.80
      Convective Available Potential Energy: 85.68
             CAPE using virtual temperature: 117.21
                      Convective Inhibition: -142.58
             CINS using virtual temperature: -73.73
                           Equilibrum Level: 499.35
 Equilibrum Level using virtual temperature: 450.76
                   Level of Free Convection: 717.72
             LFCT using virtual temperature: 737.44
                     Bulk Richardson Number: 12.09
          Bulk Richardson Number using CAPV: 16.54
  Temp [K] of the Lifted Condensation Level: 292.13
Pres [hPa] of the Lifted Condensation Level: 913.93
     Mean mixed layer potential temperature: 299.76
              Mean mixed layer mixing ratio: 15.38
              1000 hPa to 500 hPa thickness: 5770.00
Precipitable water [mm] for entire sounding: 44.89
</PRE>
<P>Description of the 
<A HREF="/upperair/columns.html">data columns</A>
or <A HREF="/upperair/indices.html">sounding indices</A>.

<P>
<FORM>
<INPUT CLASS="button" TYPE="button" VALUE=" Close this window " 
 onClick="window.close();">
<INPUT CLASS="button" TYPE="button" VALUE=" Select another map " 
 onClick="window.blur();">
</FORM>
<HR SIZE="1">
<I>Interested in graduate studies in atmospheric science?
Check out our program at the
<a href="http://www.uwyo.edu/atsc/howtoapply/"
target=_top>University of Wyoming
</a></I>
<HR SIZE="1"><FONT SIZE="-1">
Questions about the weather data provided by this site can be
addressed to <A HREF="mailto:ldoolman@uwyo.edu">
Larry Oolman (ldoolman@uwyo.edu)</A></FONT>
<HR SIZE="1">
<SCRIPT TYPE="text/javascript">
<!--
window.focus();
// -->
</SCRIPT>
</BODY>
</HTML>
