2016-02-15 12
<HTML>
<TITLE>University of Wyoming - Radiosonde Data</TITLE>
<LINK REL="StyleSheet" HREF="/resources/select.css" TYPE="text/css">
<BODY BGCOLOR="white">
<H2>97180 WAAA Ujung Pandang Observations at 00Z 15 Feb 2016</H2>
<PRE>
-----------------------------------------------------------------------------
   PRES   HGHT   TEMP   DWPT   RELH   MIXR   DRCT   SKNT   THTA   THTE   THTV
    hPa     m      C      C      %    g/kg    deg   knot     K      K      K 
-----------------------------------------------------------------------------
 1011.0     14   26.2   23.9     87  18.88    140      4  298.4  353.6  301.8
 1000.0    110   27.4   22.6     75  17.61     90      4  300.6  352.4  303.7
  994.0    164   27.4   22.8     76  17.94     62      3  301.1  354.1  304.3
  979.0    298   26.4   22.0     77  17.38    350      2  301.4  352.8  304.5
  946.0    601   24.2   20.3     79  16.15    310      6  302.1  350.1  305.1
  925.0    799   22.8   19.2     80  15.38    300      8  302.6  348.4  305.4
  915.0    893   22.3   18.7     80  15.04    295      8  303.0  347.8  305.7
  850.0   1533   18.6   15.1     80  12.86    270     10  305.6  344.4  308.0
  795.0   2104   15.5   12.6     83  11.66    260     10  308.2  343.9  310.4
  772.0   2355   14.2   11.5     84  11.16    247     10  309.4  343.7  311.5
  768.0   2399   14.0   11.1     83  10.91    245     10  309.6  343.2  311.7
  741.0   2699   12.7    8.2     74   9.29    265     10  311.4  340.3  313.1
  700.0   3178   10.6    3.6     62   7.13    245     12  314.2  336.8  315.5
  690.0   3297   10.0    3.1     62   6.99    240     12  314.8  337.0  316.1
  642.0   3895    6.8    0.7     65   6.32    145      8  317.8  338.2  319.0
  636.0   3973    6.4    0.4     65   6.23    140      8  318.1  338.3  319.3
  619.0   4195    5.3   -5.6     45   4.10    125      8  319.3  332.9  320.1
  615.0   4248    5.0   -7.0     42   3.70    123      8  319.6  331.9  320.3
  591.0   4573    2.8   -4.2     60   4.77    109      9  320.7  336.5  321.6
  575.0   4794    1.6   -8.3     48   3.56    100     10  321.8  333.9  322.5
  559.0   5022    0.4  -12.6     37   2.61    100      9  323.0  332.0  323.5
  555.0   5080    0.0   -9.0     51   3.51    100      8  323.2  335.1  323.9
  550.0   5152   -0.9   -5.5     71   4.64    100      8  323.0  338.5  323.9
  547.0   5196   -0.7   -9.7     51   3.37    100      7  323.7  335.2  324.4
  532.0   5418   -2.1   -6.3     73   4.51    100      6  324.6  339.8  325.5
  513.0   5706   -3.6   -7.0     77   4.43    100      4  326.1  341.2  327.0
  500.0   5910   -4.7   -7.5     81   4.38     95      6  327.2  342.1  328.1
  453.0   6679   -9.7  -13.0     77   3.12     56      8  330.3  341.3  331.0
  441.0   6886   -9.7  -19.7     44   1.83     46      8  332.9  339.5  333.2
  440.0   6903   -9.8  -19.9     44   1.81     45      8  332.9  339.5  333.3
  423.0   7205  -12.0  -22.9     40   1.44     55      8  334.0  339.3  334.2
  422.0   7223  -12.1  -23.1     40   1.42     57      8  334.0  339.3  334.3
  407.0   7498  -13.8  -22.5     48   1.56     95      8  335.3  341.0  335.6
  403.0   7573  -14.3  -22.3     51   1.60    101      8  335.6  341.5  335.9
  400.0   7630  -14.7  -22.7     51   1.55    105      8  335.8  341.6  336.1
  390.0   7822  -16.1  -29.1     32   0.89    111      8  336.4  339.8  336.6
  389.0   7841  -15.9  -23.9     50   1.43    112      8  336.9  342.3  337.2
  357.0   8484  -20.1  -31.1     37   0.80    133     10  339.6  342.8  339.8
  347.0   8693  -21.8  -31.4     42   0.81    140     10  340.1  343.3  340.3
  333.0   8996  -24.2  -31.8     49   0.81    130     10  340.9  344.0  341.0
  329.0   9085  -24.9  -31.9     52   0.81    133     11  341.1  344.2  341.2
  300.0   9750  -30.1  -36.1     56   0.59    155     16  342.8  345.2  343.0
  294.0   9891  -31.3  -36.9     58   0.55    155     16  343.1  345.3  343.2
  265.0  10614  -37.7  -41.2     70   0.39    143     11  344.1  345.7  344.2
  258.0  10796  -39.2  -45.6     51   0.25    140     10  344.5  345.6  344.6
  254.0  10903  -40.1  -48.1     42   0.19    130      9  344.7  345.6  344.8
  250.0  11010  -40.9                         120      8  345.1         345.1
  247.0  11090  -41.5                         115      8  345.4         345.4
  200.0  12490  -52.9                         120     21  348.8         348.8
  179.0  13180  -58.8                         115     19  350.4         350.4
  150.0  14280  -68.3                         110     27  352.2         352.2
  140.0  14682  -71.6                         100     29  353.5         353.5
  126.0  15296  -76.6                          80     45  355.3         355.3
  114.0  15880  -81.3                          80     62  356.8         356.8
  107.0  16241  -76.9                         103     45  371.6         371.6
  102.0  16516  -77.9                         120     33  374.9         374.9
  101.0  16573  -78.1                         122     33  375.5         375.5
  100.0  16630  -78.1                         125     33  376.6         376.6
   87.0  17423  -78.2                         125     16  391.7         391.7
   83.0  17690  -78.2                         245     12  397.0         397.0
   70.0  18660  -78.3                         265     31  416.6         416.6
   64.0  19171  -77.8                         265     39  428.4         428.4
   58.4  19694  -77.3                         281     30  440.9         440.9
   57.0  19834  -76.7                         285     27  445.3         445.3
   50.0  20590  -73.7                         190     19  469.4         469.4
   49.0  20709  -73.3                         180     16  473.1         473.1
   44.8  21236  -71.5                         251      9  489.7         489.7
   44.1  21330  -68.9                         263      8  498.3         498.3
   44.0  21343  -68.9                         265      8  498.6         498.6
   40.0  21912  -69.6                         215     12  510.7         510.7
   37.0  22378  -70.1                         108     19  520.8         520.8
   36.0  22546  -67.6                          70     21  531.3         531.3
   35.0  22719  -65.1                          70     14  542.2         542.2
   33.0  23081  -59.8                         115     14  565.5         565.5
   32.1  23251  -57.3                         121     15  576.6         576.6
   30.0  23680  -56.1                         135     16  591.1         591.1
   27.0  24350  -56.0                         150      8  609.4         609.4
   26.0  24590  -56.0                         260     14  616.1         616.1
   24.0  25098  -55.9                         265     43  630.5         630.5
   23.4  25259  -55.9                                     635.2         635.2
</PRE><H3>Station information and sounding indices</H3><PRE>
                         Station identifier: WAAA
                             Station number: 97180
                           Observation time: 160215/0000
                           Station latitude: -5.06
                          Station longitude: 119.55
                          Station elevation: 14.0
                            Showalter index: 0.45
                               Lifted index: -2.54
    LIFT computed using virtual temperature: -2.90
                                SWEAT index: 207.21
                                    K index: 31.40
                         Cross totals index: 19.80
                      Vertical totals index: 23.30
                        Totals totals index: 43.10
      Convective Available Potential Energy: 985.25
             CAPE using virtual temperature: 1139.49
                      Convective Inhibition: -37.76
             CINS using virtual temperature: -22.80
                           Equilibrum Level: 148.64
 Equilibrum Level using virtual temperature: 148.58
                   Level of Free Convection: 818.46
             LFCT using virtual temperature: 856.98
                     Bulk Richardson Number: 387.19
          Bulk Richardson Number using CAPV: 447.80
  Temp [K] of the Lifted Condensation Level: 294.33
Pres [hPa] of the Lifted Condensation Level: 924.47
     Mean mixed layer potential temperature: 301.03
              Mean mixed layer mixing ratio: 17.48
              1000 hPa to 500 hPa thickness: 5800.00
Precipitable water [mm] for entire sounding: 55.91
</PRE>
<P>Description of the 
<A HREF="/upperair/columns.html">data columns</A>
or <A HREF="/upperair/indices.html">sounding indices</A>.

<P>
<FORM>
<INPUT CLASS="button" TYPE="button" VALUE=" Close this window " 
 onClick="window.close();">
<INPUT CLASS="button" TYPE="button" VALUE=" Select another map " 
 onClick="window.blur();">
</FORM>
<HR SIZE="1">
<I>Interested in graduate studies in atmospheric science?
Check out our program at the
<a href="http://www.uwyo.edu/atsc/howtoapply/"
target=_top>University of Wyoming
</a></I>
<HR SIZE="1"><FONT SIZE="-1">
Questions about the weather data provided by this site can be
addressed to <A HREF="mailto:ldoolman@uwyo.edu">
Larry Oolman (ldoolman@uwyo.edu)</A></FONT>
<HR SIZE="1">
<SCRIPT TYPE="text/javascript">
<!--
window.focus();
// -->
</SCRIPT>
</BODY>
</HTML>
