2018-08-13 00
<HTML>
<TITLE>University of Wyoming - Radiosonde Data</TITLE>
<LINK REL="StyleSheet" HREF="/resources/select.css" TYPE="text/css">
<BODY BGCOLOR="white">
<H2>97180 WAAA Ujung Pandang Observations at 00Z 13 Aug 2018</H2>
<PRE>
-----------------------------------------------------------------------------
   PRES   HGHT   TEMP   DWPT   RELH   MIXR   DRCT   SKNT   THTA   THTE   THTV
    hPa     m      C      C      %    g/kg    deg   knot     K      K      K 
-----------------------------------------------------------------------------
 1012.0     14   25.4   22.4     83  17.18      0      0  297.5  347.5  300.6
 1011.0     22   25.8   19.8     69  14.60    353      0  298.0  340.6  300.6
 1010.0     31   26.8   20.8     70  15.57    346      0  299.1  344.7  301.9
 1000.0    116   26.4   21.7     75  16.64    275      1  299.6  348.4  302.5
  979.0    301   25.0   20.6     76  15.85      0      1  300.0  346.6  302.9
  946.0    601   22.8   18.8     78  14.64     60      7  300.7  343.9  303.4
  925.0    797   21.4   17.6     79  13.88     70      8  301.2  342.2  303.7
  915.0    891   20.6   17.5     82  13.95     76      7  301.3  342.6  303.8
  883.0   1198   19.2   15.8     80  12.92     95      5  303.0  341.5  305.3
  850.0   1526   17.8   13.9     78  11.88     80     11  304.8  340.5  306.9
  823.0   1802   16.3   13.4     83  11.90     70     13  306.0  342.0  308.2
  821.0   1823   16.2   13.4     83  11.91     75     13  306.1  342.1  308.3
  767.0   2401   14.4    1.6     42   5.64    210      1  310.2  328.0  311.3
  766.0   2412   14.4    1.4     41   5.56    209      1  310.3  327.9  311.4
  743.0   2669   12.6   -6.4     26   3.20    197      5  311.1  321.5  311.7
  740.0   2703   12.4   -6.7     26   3.14    195      5  311.2  321.4  311.8
  706.0   3095    9.6  -10.4     23   2.47    153      3  312.3  320.5  312.8
  700.0   3166    9.2  -10.8     23   2.41    145      3  312.6  320.7  313.1
  690.0   3285    8.4   -8.6     29   2.91    100      4  313.0  322.6  313.6
  689.0   3297    8.2   -7.5     32   3.17     95      4  313.0  323.4  313.6
  686.0   3333    7.8   -4.2     42   4.10     98      4  312.9  326.2  313.7
  682.0   3381    7.2   -1.8     53   4.94    102      5  312.8  328.6  313.7
  676.0   3454    8.0   -9.0     29   2.88    108      5  314.4  324.0  315.0
  674.0   3478    7.8  -11.2     25   2.42    110      5  314.5  322.6  314.9
  672.0   3503    7.4   -5.6     39   3.77    112      5  314.3  326.6  315.0
  667.0   3564    6.6   -3.4     49   4.48    117      6  314.1  328.6  314.9
  665.0   3589    6.4   -3.6     49   4.43    119      6  314.1  328.5  314.9
  664.0   3601    6.4   -7.6     36   3.27    120      6  314.2  325.0  314.9
  663.0   3613    6.4  -11.6     26   2.39    120      6  314.4  322.4  314.8
  617.0   4196    3.0  -16.0     23   1.79    120     14  317.1  323.2  317.4
  594.0   4503    1.3  -18.3     22   1.53    140     13  318.5  323.8  318.8
  578.0   4725    0.0  -20.0     21   1.36    122     12  319.5  324.3  319.7
  572.0   4808   -0.7  -16.7     29   1.81    115     11  319.6  325.9  319.9
  569.0   4850   -1.1  -15.1     34   2.09    116     11  319.6  326.8  320.0
  565.0   4906   -1.5  -14.5     36   2.21    117     10  319.8  327.4  320.2
  564.0   4920   -1.7  -14.7     36   2.18    118     10  319.7  327.2  320.1
  563.0   4934   -1.7  -14.7     36   2.18    118     10  319.9  327.4  320.3
  560.0   4977   -2.1  -10.1     54   3.18    119      9  319.9  330.6  320.5
  559.0   4991   -2.3   -5.4     79   4.60    120      9  319.8  335.0  320.7
  555.0   5048   -2.5  -10.5     54   3.11    121      9  320.2  330.7  320.8
  550.0   5120   -2.7  -16.7     33   1.89    123      8  320.8  327.4  321.2
  531.0   5397   -4.1  -12.7     51   2.74    130      5  322.4  331.8  322.9
  518.0   5593   -5.1   -9.8     70   3.53    138      7  323.5  335.4  324.2
  500.0   5870   -7.1  -11.9     69   3.09    150      9  324.3  334.9  324.9
  492.0   5995   -8.2  -11.9     75   3.14    155      7  324.5  335.2  325.1
  467.0   6398  -11.7  -11.9     98   3.31    212      3  325.0  336.3  325.6
  455.0   6596  -12.8  -13.1     98   3.09    240      1  326.0  336.6  326.6
  440.0   6852  -14.3  -14.6     98   2.82    115      7  327.3  337.1  327.8
  437.0   6903  -14.6  -15.5     93   2.63     90      8  327.5  336.7  328.1
  423.0   7149  -16.1  -19.8     73   1.89     74     16  328.7  335.4  329.1
  420.0   7203  -16.1  -20.2     71   1.83     70     18  329.3  335.9  329.7
  400.0   7570  -16.3  -23.3     55   1.47     70     27  333.7  339.1  334.0
  399.0   7589  -15.9  -23.9     50   1.40     70     27  334.5  339.7  334.8
  365.0   8254  -20.7  -32.7     33   0.67     78     31  336.7  339.3  336.8
  346.0   8647  -23.1  -39.1     22   0.37     83     34  338.6  340.1  338.7
  335.0   8883  -23.5  -45.5     11   0.20     86     35  341.2  342.1  341.3
  303.0   9608  -29.1  -50.2     11   0.13     95     40  343.2  343.8  343.2
  300.0   9680  -29.7  -50.7     11   0.12     95     39  343.4  343.9  343.4
  267.0  10494  -37.2  -55.3     14   0.08     85     38  344.1  344.5  344.1
  256.0  10788  -39.9  -56.9     15   0.07     88     37  344.3  344.6  344.3
  250.0  10950  -41.5                          90     37  344.2         344.2
  213.0  12005  -50.0                          95     42  347.2         347.2
  200.0  12420  -53.3                          85     44  348.2         348.2
  169.0  13468  -62.4                          70     44  350.2         350.2
  150.0  14210  -68.9                          85     42  351.2         351.2
  131.0  15004  -75.1                          95     33  354.0         354.0
  124.0  15319  -77.7                          90     34  354.9         354.9
  121.0  15458  -79.1                          87     35  354.8         354.8
  118.0  15600  -79.1                          85     35  357.4         357.4
  117.0  15648  -79.1                          88     37  358.2         358.2
  115.0  15746  -77.3                          95     42  363.3         363.3
  112.0  15898  -76.8                         105     50  367.1         367.1
  101.0  16493  -74.7                          85     40  382.1         382.1
  100.0  16550  -74.5                          80     36  383.5         383.5
   97.5  16699  -72.1                          64     30  391.0         391.0
   91.0  17101  -74.2                          20     14  394.6         394.6
   87.0  17363  -75.6                         315     11  396.9         396.9
   83.9  17575  -76.7                         285     12  398.8         398.8
   79.2  17908  -76.3                         234     12  406.2         406.2
   78.0  17997  -75.7                         220     12  409.3         409.3
   74.0  18305  -73.5                         190     11  420.0         420.0
   70.0  18630  -71.3                         130     16  431.5         431.5
   67.0  18890  -69.1                          95     21  441.7         441.7
   65.1  19061  -67.7                          86     22  448.4         448.4
   64.0  19163  -67.6                          80     23  450.8         450.8
   60.1  19540  -67.3                          88     25  459.7         459.7
   57.5  19807  -63.5                          94     26  474.1         474.1
   55.0  20078  -64.4                         100     27  478.1         478.1
   53.1  20292  -65.1                          98     32  481.3         481.3
   51.1  20526  -62.1                          96     37  493.6         493.6
   50.0  20660  -62.5                          95     40  495.8         495.8
   46.3  21132  -65.1                          89     42  500.5         500.5
   41.0  21876  -64.1                          80     46  520.6         520.6
   38.8  22214  -63.7                          83     49  530.0         530.0
   36.8  22542  -60.5                          85     52  546.3         546.3
   33.4  23145  -61.3                          90     57  559.5         559.5
   30.0  23820  -56.3                          95     62  590.6         590.6
   28.0  24263  -52.6                          90     57  612.5         612.5
   27.4  24402  -51.5                                     619.5         619.5
</PRE><H3>Station information and sounding indices</H3><PRE>
                         Station identifier: WAAA
                             Station number: 97180
                           Observation time: 180813/0000
                           Station latitude: -5.06
                          Station longitude: 119.55
                          Station elevation: 14.0
                            Showalter index: -0.42
                               Lifted index: -2.70
    LIFT computed using virtual temperature: -3.11
                                SWEAT index: 197.78
                                    K index: 18.80
                         Cross totals index: 21.00
                      Vertical totals index: 24.90
                        Totals totals index: 45.90
      Convective Available Potential Energy: 431.91
             CAPE using virtual temperature: 570.75
                      Convective Inhibition: -86.05
             CINS using virtual temperature: -40.53
                           Equilibrum Level: 242.23
 Equilibrum Level using virtual temperature: 242.41
                   Level of Free Convection: 711.92
             LFCT using virtual temperature: 757.24
                     Bulk Richardson Number: 106.47
          Bulk Richardson Number using CAPV: 140.69
  Temp [K] of the Lifted Condensation Level: 292.70
Pres [hPa] of the Lifted Condensation Level: 919.21
     Mean mixed layer potential temperature: 299.84
              Mean mixed layer mixing ratio: 15.85
              1000 hPa to 500 hPa thickness: 5754.00
Precipitable water [mm] for entire sounding: 42.67
</PRE>
<P>Description of the 
<A HREF="/upperair/columns.html">data columns</A>
or <A HREF="/upperair/indices.html">sounding indices</A>.

<P>
<FORM>
<INPUT CLASS="button" TYPE="button" VALUE=" Close this window " 
 onClick="window.close();">
<INPUT CLASS="button" TYPE="button" VALUE=" Select another map " 
 onClick="window.blur();">
</FORM>
<HR SIZE="1">
<I>Interested in graduate studies in atmospheric science?
Check out our program at the
<a href="http://www.uwyo.edu/atsc/howtoapply/"
target=_top>University of Wyoming
</a></I>
<HR SIZE="1"><FONT SIZE="-1">
Questions about the weather data provided by this site can be
addressed to <A HREF="mailto:ldoolman@uwyo.edu">
Larry Oolman (ldoolman@uwyo.edu)</A></FONT>
<HR SIZE="1">
<SCRIPT TYPE="text/javascript">
<!--
window.focus();
// -->
</SCRIPT>
</BODY>
</HTML>
