2016-07-13 00
<HTML>
<TITLE>University of Wyoming - Radiosonde Data</TITLE>
<LINK REL="StyleSheet" HREF="/resources/select.css" TYPE="text/css">
<BODY BGCOLOR="white">
<H2>97180 WAAA Ujung Pandang Observations at 00Z 13 Jul 2016</H2>
<PRE>
-----------------------------------------------------------------------------
   PRES   HGHT   TEMP   DWPT   RELH   MIXR   DRCT   SKNT   THTA   THTE   THTV
    hPa     m      C      C      %    g/kg    deg   knot     K      K      K 
-----------------------------------------------------------------------------
 1009.0     14   24.8   23.8     94  18.80      0      0  297.2  351.8  300.5
 1008.0     22   24.0   20.1     79  14.92     12      1  296.5  339.7  299.1
 1000.0     90   25.8   21.1     75  16.03    110      8  298.9  345.9  301.8
  996.0    126   26.4   21.4     74  16.40    110      8  299.9  348.1  302.8
  977.0    296   26.0   20.1     70  15.40    110      7  301.1  346.6  303.9
  953.0    516   25.4   18.4     65  14.18     74      6  302.7  344.9  305.3
  944.0    600   24.8   17.8     65  13.80     60      5  302.9  344.1  305.4
  925.0    779   23.6   16.6     65  13.01     65      4  303.4  342.3  305.8
  912.0    902   22.9   15.4     63  12.20     65      4  303.9  340.5  306.2
  851.0   1501   19.5    9.5     53   8.83    140      6  306.4  333.4  308.0
  850.0   1511   19.4    9.4     52   8.78    135      6  306.4  333.3  308.1
  805.0   1979   16.0   10.0     68   9.66    159      4  307.6  337.2  309.4
  794.0   2096   15.4    8.4     63   8.76    165      4  308.2  335.2  309.9
  766.0   2402   13.9    4.1     52   6.74    205      7  309.7  330.8  311.0
  754.0   2536   13.2    2.2     47   5.98    203      7  310.4  329.2  311.5
  710.0   3042    9.8   -0.2     50   5.34    197      5  312.0  329.1  313.1
  700.0   3160    8.8    0.8     57   5.83    195      5  312.2  330.7  313.3
  663.0   3606    6.2    2.9     79   7.16    215      1  314.2  336.9  315.5
  616.0   4201    3.6   -0.9     73   5.87    160      3  317.8  336.9  318.9
  557.0   5015    0.0   -6.0     64   4.41     20      8  322.9  337.6  323.7
  551.0   5101   -0.3   -7.0     61   4.14      5      8  323.4  337.4  324.3
  538.0   5292   -1.1   -9.1     55   3.59    359      9  324.8  337.0  325.5
  531.0   5396   -1.9  -10.7     51   3.21    355     10  325.1  336.1  325.7
  529.0   5425   -2.1  -11.1     50   3.11    353      9  325.1  335.8  325.8
  528.0   5440   -2.3   -8.3     63   3.89    352      9  325.1  338.3  325.8
  527.0   5455   -2.3  -11.3     50   3.08    351      9  325.2  335.8  325.9
  511.0   5699   -3.5  -13.5     46   2.65    335      4  326.7  335.9  327.2
  507.0   5761   -4.1  -11.1     58   3.25    304      4  326.7  337.9  327.3
  500.0   5870   -4.5  -12.5     54   2.94    250      3  327.5  337.7  328.1
  492.0   5997   -5.4  -13.4     53   2.77    215      3  327.9  337.5  328.4
  475.0   6272   -7.5  -15.5     53   2.42     78      3  328.6  337.2  329.1
  474.0   6289   -7.6  -15.3     54   2.46     70      3  328.7  337.4  329.2
  463.0   6471   -8.9  -13.4     70   2.96     73      4  329.3  339.6  329.9
  456.0   6589   -9.6  -14.2     70   2.82     75      4  329.8  339.7  330.4
  438.0   6899  -11.6  -16.2     69   2.49     50      5  331.1  340.0  331.6
  423.0   7167  -13.3  -17.9     68   2.22     54      7  332.3  340.2  332.7
  421.0   7203  -13.6  -18.0     70   2.22     55      7  332.3  340.3  332.7
  409.0   7422  -15.7  -18.4     80   2.21     44      9  332.4  340.3  332.8
  401.0   7571  -16.9  -18.9     84   2.16     36     10  332.7  340.5  333.1
  400.0   7590  -17.1  -18.6     88   2.22     35     10  332.7  340.6  333.1
  398.0   7628  -17.3  -18.2     93   2.31     34     10  332.9  341.2  333.4
  394.0   7703  -17.9  -19.1     90   2.16     32     10  333.1  340.9  333.5
  393.0   7722  -17.5  -18.8     90   2.22     32     10  333.8  341.9  334.3
  391.0   7760  -17.5  -19.0     88   2.19     31     10  334.3  342.3  334.8
  390.0   7779  -17.5  -19.5     84   2.10     30     10  334.6  342.2  335.0
  389.0   7799  -17.3  -23.3     60   1.51     30     10  335.1  340.7  335.4
  385.0   7876  -17.3  -23.3     60   1.53     37     10  336.1  341.8  336.4
  383.0   7915  -17.3  -23.3     60   1.54     41      9  336.6  342.3  336.9
  380.0   7974  -17.5  -25.5     50   1.27     47      9  337.1  341.9  337.3
  379.0   7994  -17.3  -30.3     31   0.82     48      9  337.6  340.7  337.8
  378.0   8013  -17.3  -32.3     26   0.68     50      9  337.8  340.5  338.0
  346.0   8670  -21.5  -44.5     11   0.21    113      6  340.8  341.7  340.8
  345.0   8691  -21.7  -44.6     11   0.21    115      6  340.8  341.7  340.9
  331.0   8990  -24.4  -46.4     11   0.18    155      9  341.2  342.0  341.2
  317.0   9302  -27.1  -48.3     12   0.15    155      8  341.6  342.2  341.6
  300.0   9700  -30.7  -50.7     12   0.12    115      6  342.0  342.5  342.0
  292.0   9892  -31.9  -45.9     24   0.22     85      8  342.9  343.9  343.0
  290.0   9940  -32.3  -51.3     13   0.12     84      8  343.0  343.6  343.1
  288.0   9989  -32.5  -54.5      9   0.08     83      9  343.4  343.8  343.4
  285.0  10063  -33.1  -46.1     26   0.22     81     10  343.6  344.5  343.6
  279.0  10212  -34.5  -42.5     44   0.33     78     11  343.7  345.0  343.8
  275.0  10313  -35.3  -45.3     35   0.24     75     12  343.9  345.0  344.0
  270.0  10441  -36.3  -43.3     48   0.31     72     13  344.3  345.6  344.4
  268.0  10492  -36.9  -41.2     64   0.39     71     14  344.2  345.8  344.2
  254.0  10862  -39.9  -44.9     59   0.28     63     17  345.0  346.2  345.1
  250.0  10970  -40.7                          60     18  345.4         345.4
  245.0  11103  -41.8                          55     16  345.8         345.8
  234.0  11406  -44.3                          70      9  346.6         346.6
  224.0  11693  -46.6                         120      8  347.4         347.4
  205.0  12277  -51.4                         155     19  348.8         348.8
  200.0  12440  -52.7                         155     20  349.1         349.1
  178.0  13179  -59.4                         170     24  350.0         350.0
  167.0  13584  -63.1                         166     23  350.3         350.3
  150.0  14240  -68.1                         160     21  352.6         352.6
  125.0  15288  -74.5                         145     19  359.9         359.9
  113.0  15868  -78.0                         115      9  363.8         363.8
  107.0  16181  -79.9                         135     10  365.9         365.9
  100.0  16570  -82.3                          65     10  368.5         368.5
   98.3  16666  -83.1                          45     14  368.7         368.7
   96.0  16798  -83.2                          35     18  371.0         371.0
   91.0  17096  -83.6                          10     16  376.1         376.1
   88.8  17233  -83.7                          32     10  378.4         378.4
   86.0  17412  -83.0                          60      3  383.4         383.4
   82.0  17679  -81.8                         145     19  390.9         390.9
   80.1  17811  -81.3                         138     20  394.6         394.6
   76.2  18096  -75.9                         122     24  411.6         411.6
   70.5  18548  -74.5                          97     29  423.8         423.8
   70.0  18590  -73.7                          95     29  426.4         426.4
   66.9  18857  -69.3                          93     33  441.5         441.5
   61.6  19346  -71.1                          90     40  448.0         448.0
   58.8  19621  -70.7                          88     44  454.9         454.9
   56.6  19849  -65.7                          87     47  471.2         471.2
   54.0  20136  -64.3                          85     51  480.8         480.8
   52.5  20308  -63.5                          87     43  486.6         486.6
   51.9  20379  -60.9                          88     40  494.2         494.2
   50.0  20610  -60.5                          90     29  500.5         500.5
   48.3  20827  -58.1                         101     17  511.2         511.2
   47.0  20996  -59.0                         110      8  512.9         512.9
   45.0  21266  -60.5                         310      4  515.8         515.8
   41.0  21843  -63.7                         265     17  521.8         521.8
   39.1  22137  -65.3                         255     15  524.8         524.8
   39.0  22153  -65.3                         250     15  525.2         525.2
   37.0  22474  -65.3                         295     13  533.1         533.1
   34.8  22848  -65.3                         303     14  542.5         542.5
   33.0  23179  -60.4                         310     14  563.9         563.9
   31.5  23469  -56.1                         271     20  582.9         582.9
   30.0  23780  -54.9                         230     26  594.4         594.4
   27.6  24316  -52.1                         245     32  616.5         616.5
   23.1  25458  -55.9                         276     45  637.5         637.5
   22.0  25770  -54.3                         285     48  651.1         651.1
   21.7  25858  -53.9                         284     48  655.0         655.0
   20.0  26380  -54.9                         280     46  667.4         667.4
   18.8  26774  -56.1                         274     44  675.5         675.5
   17.8  27121  -56.3                         270     41  685.5         685.5
   17.2  27340  -53.3                         266     40  701.9         701.9
   16.0  27812  -49.4                         260     37  729.2         729.2
   15.5  28019  -47.7                                     741.5         741.5
   14.0  28692  -46.7                                     766.7         766.7
</PRE><H3>Station information and sounding indices</H3><PRE>
                         Station identifier: WAAA
                             Station number: 97180
                           Observation time: 160713/0000
                           Station latitude: -5.06
                          Station longitude: 119.55
                          Station elevation: 14.0
                            Showalter index: 5.30
                               Lifted index: 0.08
    LIFT computed using virtual temperature: -0.33
                                SWEAT index: 127.80
                                    K index: 25.30
                         Cross totals index: 13.90
                      Vertical totals index: 23.90
                        Totals totals index: 37.80
      Convective Available Potential Energy: 111.42
             CAPE using virtual temperature: 184.77
                      Convective Inhibition: -165.32
             CINS using virtual temperature: -108.92
                           Equilibrum Level: 383.38
 Equilibrum Level using virtual temperature: 297.97
                   Level of Free Convection: 711.89
             LFCT using virtual temperature: 752.64
                     Bulk Richardson Number: 39.61
          Bulk Richardson Number using CAPV: 65.69
  Temp [K] of the Lifted Condensation Level: 291.97
Pres [hPa] of the Lifted Condensation Level: 903.85
     Mean mixed layer potential temperature: 300.55
              Mean mixed layer mixing ratio: 15.41
              1000 hPa to 500 hPa thickness: 5780.00
Precipitable water [mm] for entire sounding: 46.30
</PRE>
<P>Description of the 
<A HREF="/upperair/columns.html">data columns</A>
or <A HREF="/upperair/indices.html">sounding indices</A>.

<P>
<FORM>
<INPUT CLASS="button" TYPE="button" VALUE=" Close this window " 
 onClick="window.close();">
<INPUT CLASS="button" TYPE="button" VALUE=" Select another map " 
 onClick="window.blur();">
</FORM>
<HR SIZE="1">
<I>Interested in graduate studies in atmospheric science?
Check out our program at the
<a href="http://www.uwyo.edu/atsc/howtoapply/"
target=_top>University of Wyoming
</a></I>
<HR SIZE="1"><FONT SIZE="-1">
Questions about the weather data provided by this site can be
addressed to <A HREF="mailto:ldoolman@uwyo.edu">
Larry Oolman (ldoolman@uwyo.edu)</A></FONT>
<HR SIZE="1">
<SCRIPT TYPE="text/javascript">
<!--
window.focus();
// -->
</SCRIPT>
</BODY>
</HTML>
