2017-07-02 00
<HTML>
<TITLE>University of Wyoming - Radiosonde Data</TITLE>
<LINK REL="StyleSheet" HREF="/resources/select.css" TYPE="text/css">
<BODY BGCOLOR="white">
<H2>97180 WAAA Ujung Pandang Observations at 00Z 02 Jul 2017</H2>
<PRE>
-----------------------------------------------------------------------------
   PRES   HGHT   TEMP   DWPT   RELH   MIXR   DRCT   SKNT   THTA   THTE   THTV
    hPa     m      C      C      %    g/kg    deg   knot     K      K      K 
-----------------------------------------------------------------------------
 1011.0     14   23.4   20.1     82  14.88    150      3  295.6  338.6  298.3
 1004.0     74   26.0   20.0     70  14.89    125      5  298.8  342.4  301.5
 1000.0    109   26.2   20.2     70  15.14    110      6  299.4  343.8  302.1
  946.0    595   23.2   16.5     66  12.63     95      8  301.1  338.5  303.4
  925.0    792   22.0   15.0     64  11.72    100     12  301.8  336.6  303.9
  852.0   1501   17.7   11.7     68  10.23     90     12  304.5  335.4  306.4
  850.0   1521   17.6   11.6     68  10.19     90     12  304.6  335.3  306.4
  796.0   2080   13.4   10.1     80   9.84     56      9  305.9  335.7  307.7
  794.0   2101   13.3    9.9     80   9.75     55      9  306.0  335.6  307.8
  766.0   2402   12.0    7.5     74   8.57     60      4  307.7  334.1  309.3
  739.0   2703   10.7    5.1     68   7.50     95      3  309.5  332.8  310.9
  708.0   3063    9.2    2.2     62   6.38    103     12  311.6  331.7  312.8
  700.0   3157    9.0   -1.0     50   5.11    105     15  312.4  328.7  313.4
  683.0   3360    8.8   -8.2     29   3.03    110     17  314.4  324.4  315.0
  652.0   3743    7.4  -18.6     14   1.36    121     20  317.0  321.8  317.3
  639.0   3907    6.3  -16.2     18   1.69    125     21  317.6  323.5  317.9
  608.0   4313    3.6  -10.4     35   2.86    152     18  319.0  328.7  319.6
  572.0   4805    0.5  -17.0     26   1.77    185     14  320.9  327.1  321.3
  567.0   4876    0.0  -18.0     24   1.64    186     14  321.2  327.0  321.5
  535.0   5337   -3.7  -18.7     30   1.64    191     17  322.2  328.0  322.5
  523.0   5516   -3.5  -28.5     12   0.70    193     18  324.5  327.1  324.6
  511.0   5699   -4.5  -25.9     17   0.91    195     19  325.4  328.8  325.6
  500.0   5870   -5.5  -23.5     23   1.16    190     19  326.3  330.5  326.5
  479.0   6207   -7.7  -31.7     13   0.57    165     16  327.6  329.7  327.7
  455.0   6605  -10.5  -31.6     16   0.60    135     12  328.9  331.2  329.0
  447.0   6743  -11.5  -31.5     17   0.62    119     14  329.3  331.7  329.4
  440.0   6864  -12.3  -33.3     16   0.53    104     16  329.8  331.9  329.9
  438.0   6899  -12.5  -29.9     22   0.74    100     16  330.0  332.8  330.1
  434.0   6969  -12.9  -22.9     43   1.41     98     17  330.3  335.5  330.6
  415.0   7311  -15.3  -18.4     77   2.17     88     21  331.5  339.3  331.9
  408.0   7440  -15.5  -21.5     60   1.69     84     22  332.9  339.1  333.2
  400.0   7590  -16.1  -21.0     66   1.80     80     24  334.0  340.6  334.3
  359.0   8390  -21.6  -24.5     77   1.47     55     33  337.1  342.6  337.4
  339.0   8814  -24.5  -26.4     84   1.31     49     32  338.7  343.7  339.0
  303.0   9620  -30.7  -32.2     87   0.85     36     29  341.0  344.4  341.2
  300.0   9690  -31.3  -33.1     84   0.79     35     29  341.1  344.2  341.3
  291.0   9903  -33.0  -35.8     76   0.62     35     30  341.7  344.2  341.9
  256.0  10798  -40.1  -47.1     47   0.21     39     27  344.0  344.9  344.0
  250.0  10960  -41.5                          40     26  344.2         344.2
  224.0  11683  -47.7                          45     38  345.7         345.7
  200.0  12430  -54.1                          50     44  346.9         346.9
  183.0  12994  -59.3                          50     50  347.4         347.4
  169.0  13488  -61.8                          50     56  351.3         351.3
  163.0  13713  -62.9                          45     50  353.0         353.0
  150.0  14220  -67.1                          35     36  354.3         354.3
  138.0  14711  -71.2                          35     20  355.6         355.6
  131.0  15018  -73.8                          45     16  356.4         356.4
  127.0  15201  -75.3                          22      9  356.8         356.8
  125.0  15293  -74.5                          10      5  359.8         359.8
  120.0  15531  -72.5                         299     17  367.7         367.7
  119.0  15579  -72.8                         285     19  368.0         368.0
  101.0  16523  -78.9                         260     20  373.9         373.9
  100.0  16580  -79.3                         260     20  374.3         374.3
   99.4  16614  -79.7                         260     19  374.1         374.1
   94.3  16915  -75.7                         251     22  387.7         387.7
   91.0  17120  -75.7                         245     24  391.6         391.6
   87.0  17380  -75.7                         265     37  396.7         396.7
   82.2  17707  -75.7                         265     36  403.2         403.2
   77.4  18058  -71.3                         265     35  419.3         419.3
   70.0  18650  -71.9                         265     33  430.2         430.2
   69.4  18701  -72.3                         266     34  430.4         430.4
   61.0  19460  -70.8                         280     43  450.0         450.0
   60.6  19499  -70.7                         280     43  451.0         451.0
   55.9  19984  -64.3                         278     43  476.1         476.1
   52.4  20376  -66.3                         276     43  480.4         480.4
   50.0  20660  -65.1                         275     43  489.7         489.7
   46.6  21091  -63.9                         280     31  502.5         502.5
   43.6  21498  -66.1                         285     20  506.8         506.8
   41.0  21875  -63.2                         290     10  523.0         523.0
   39.9  22042  -61.9                         268      5  530.3         530.3
   39.0  22183  -61.6                         250      1  534.6         534.6
   37.8  22377  -61.1                         241      2  540.6         540.6
   37.0  22509  -61.8                         235      2  542.1         542.1
   35.0  22850  -63.6                         105      9  546.1         546.1
   34.0  23028  -64.5                          80     21  548.2         548.2
   32.0  23401  -66.5                          85     26  552.5         552.5
   31.6  23477  -65.7                          93     31  556.6         556.6
   31.2  23555  -61.7                         101     36  569.4         569.4
   31.0  23595  -61.3                         105     38  571.5         571.5
   30.0  23800  -59.3                         105     42  582.4         582.4
   28.1  24205  -61.5                         103     46  587.3         587.3
   26.8  24497  -61.9                         102     48  594.2         594.2
   25.0  24932  -58.6                         100     52  615.5         615.5
   23.1  25426  -54.9                          89     56  640.5         640.5
   21.0  26031  -55.6                          75     60  656.1         656.1
   20.8  26091  -55.6                          75     60  657.7         657.7
   20.0  26340  -55.9                          75     60  664.3         664.3
   18.2  26937  -57.9                          77     59  676.2         676.2
   15.0  28176  -51.2                          80     56  736.8         736.8
   14.7  28306  -50.5                                     743.4         743.4
</PRE><H3>Station information and sounding indices</H3><PRE>
                         Station identifier: WAAA
                             Station number: 97180
                           Observation time: 170702/0000
                           Station latitude: -5.06
                          Station longitude: 119.55
                          Station elevation: 14.0
                            Showalter index: 3.39
                               Lifted index: 0.83
    LIFT computed using virtual temperature: 0.24
                                SWEAT index: 182.21
                                    K index: 24.70
                         Cross totals index: 17.10
                      Vertical totals index: 23.10
                        Totals totals index: 40.20
      Convective Available Potential Energy: 1.39
             CAPE using virtual temperature: 17.70
                      Convective Inhibition: -225.18
             CINS using virtual temperature: -122.21
                           Equilibrum Level: 530.95
 Equilibrum Level using virtual temperature: 414.76
                   Level of Free Convection: 546.28
             LFCT using virtual temperature: 569.67
                     Bulk Richardson Number: 0.66
          Bulk Richardson Number using CAPV: 8.46
  Temp [K] of the Lifted Condensation Level: 290.66
Pres [hPa] of the Lifted Condensation Level: 899.12
     Mean mixed layer potential temperature: 299.65
              Mean mixed layer mixing ratio: 14.25
              1000 hPa to 500 hPa thickness: 5761.00
Precipitable water [mm] for entire sounding: 40.37
</PRE>
<P>Description of the 
<A HREF="/upperair/columns.html">data columns</A>
or <A HREF="/upperair/indices.html">sounding indices</A>.

<P>
<FORM>
<INPUT CLASS="button" TYPE="button" VALUE=" Close this window " 
 onClick="window.close();">
<INPUT CLASS="button" TYPE="button" VALUE=" Select another map " 
 onClick="window.blur();">
</FORM>
<HR SIZE="1">
<I>Interested in graduate studies in atmospheric science?
Check out our program at the
<a href="http://www.uwyo.edu/atsc/howtoapply/"
target=_top>University of Wyoming
</a></I>
<HR SIZE="1"><FONT SIZE="-1">
Questions about the weather data provided by this site can be
addressed to <A HREF="mailto:ldoolman@uwyo.edu">
Larry Oolman (ldoolman@uwyo.edu)</A></FONT>
<HR SIZE="1">
<SCRIPT TYPE="text/javascript">
<!--
window.focus();
// -->
</SCRIPT>
</BODY>
</HTML>
