2018-01-03 00
<HTML>
<TITLE>University of Wyoming - Radiosonde Data</TITLE>
<LINK REL="StyleSheet" HREF="/resources/select.css" TYPE="text/css">
<BODY BGCOLOR="white">
<H2>97180 WAAA Ujung Pandang Observations at 00Z 03 Jan 2018</H2>
<PRE>
-----------------------------------------------------------------------------
   PRES   HGHT   TEMP   DWPT   RELH   MIXR   DRCT   SKNT   THTA   THTE   THTV
    hPa     m      C      C      %    g/kg    deg   knot     K      K      K 
-----------------------------------------------------------------------------
 1008.0     14   26.6   24.3     87  19.41    340      4  299.1  356.0  302.5
 1000.0     86   26.2   21.9     77  16.85    305      8  299.4  348.8  302.4
  976.0    299   24.8   21.6     82  16.94    305     10  300.1  349.9  303.1
  925.0    770   21.8   20.9     95  17.14    330      4  301.6  352.3  304.7
  880.0   1205   19.2   18.3     95  15.24    350      3  303.2  348.6  305.9
  874.0   1264   18.8   17.9     95  15.00    353      3  303.4  348.1  306.1
  866.0   1344   17.6   15.5     87  12.95    357      3  302.9  341.6  305.3
  850.0   1504   16.6   14.0     85  11.96      5      3  303.5  339.3  305.7
  821.0   1796   15.4   12.5     83  11.21     10      3  305.3  339.1  307.4
  792.0   2098   14.2   10.9     81  10.48    350      2  307.2  339.1  309.1
  765.0   2390   13.1    9.4     79   9.80    355      3  309.0  339.1  310.8
  738.0   2692   11.8    7.9     77   9.14    230      3  310.8  339.2  312.5
  712.0   2994   10.6    6.3     75   8.51    195      5  312.7  339.4  314.3
  703.0   3101   10.2    5.8     74   8.29    184      5  313.4  339.4  314.9
  700.0   3136   10.0    5.6     74   8.21    180      5  313.5  339.4  315.1
  662.0   3596    7.1    3.5     78   7.51    180      5  315.4  339.2  316.8
  638.0   3901    5.2    2.2     81   7.06    200      3  316.5  339.2  317.9
  630.0   4005    4.6    1.7     81   6.92    255      2  316.9  339.1  318.3
  615.0   4201    3.8    0.3     78   6.39      0      1  318.2  338.9  319.4
  593.0   4497    2.6   -1.9     72   5.65     85      2  320.2  338.7  321.3
  582.0   4649    2.0   -3.0     69   5.30    102      2  321.2  338.7  322.2
  571.0   4803    1.6   -7.8     50   3.74    120      2  322.4  335.0  323.1
  567.0   4859    1.4   -9.6     44   3.27    114      2  322.9  334.0  323.5
  564.0   4902    1.2  -11.8     37   2.76    110      3  323.1  332.6  323.7
  555.0   5031    0.0   -7.0     59   4.10     97      4  323.2  337.0  324.0
  551.0   5089   -0.3  -11.3     43   2.94     91      4  323.5  333.6  324.1
  550.0   5104   -0.4  -11.0     45   3.02     90      4  323.6  333.9  324.1
  539.0   5265   -1.5   -7.5     64   4.06    123      3  324.1  337.8  324.9
  530.0   5399   -2.2   -8.2     63   3.89    150      2  324.8  338.0  325.6
  527.0   5444   -2.5   -8.5     63   3.84    154      2  325.0  338.1  325.8
  526.0   5459   -2.5  -10.5     54   3.29    155      2  325.2  336.4  325.8
  524.0   5489   -2.7   -7.3     71   4.24    157      2  325.3  339.7  326.1
  510.0   5704   -4.1   -7.4     78   4.34    175      2  326.1  340.9  327.0
  502.0   5829   -4.9   -7.4     83   4.39     91      3  326.6  341.6  327.5
  500.0   5860   -5.1   -7.5     83   4.38     70      3  326.8  341.6  327.6
  491.0   6001   -5.9   -8.5     82   4.11     75      5  327.4  341.5  328.3
  446.0   6749  -10.3  -14.0     74   2.92     92      9  331.1  341.4  331.6
  439.0   6871  -10.7  -18.7     52   2.00     94     10  332.1  339.3  332.4
  437.0   6906  -10.9  -18.0     56   2.14     95     10  332.2  339.9  332.7
  431.0   7012  -11.5  -15.7     71   2.63    104     11  332.8  342.1  333.3
  421.0   7191  -12.8  -16.9     71   2.44    120     12  333.4  342.2  333.9
  412.0   7356  -13.9  -17.9     72   2.28    112     12  334.0  342.2  334.5
  403.0   7523  -14.3  -21.3     55   1.74    103     12  335.6  342.0  335.9
  401.0   7561  -14.5  -22.5     51   1.58    101     12  335.8  341.7  336.1
  400.0   7580  -14.5  -26.5     35   1.10    100     12  336.1  340.2  336.3
  397.0   7637  -15.1  -26.1     39   1.15     99     12  336.0  340.4  336.2
  387.0   7829  -16.5  -23.5     55   1.49     95     12  336.6  342.2  336.9
  386.0   7848  -16.7  -21.4     67   1.80     95     13  336.6  343.3  337.0
  379.0   7985  -17.3  -22.3     65   1.70     92     13  337.6  343.9  337.9
  376.0   8044  -17.9  -23.9     59   1.48     91     13  337.6  343.1  337.9
  375.0   8064  -17.9  -22.9     65   1.63     91     13  337.8  343.9  338.1
  374.0   8084  -18.1  -23.1     65   1.60     90     13  337.8  343.8  338.1
  373.0   8104  -18.3  -30.3     34   0.83     90     13  337.8  341.0  338.0
  372.0   8124  -18.3  -33.3     26   0.62     90     13  338.1  340.5  338.2
  371.0   8144  -18.5  -28.5     41   0.99     90     13  338.1  341.8  338.2
  370.0   8164  -18.7  -23.7     65   1.54     90     13  338.0  343.8  338.4
  369.0   8184  -18.7  -27.7     45   1.07     90     13  338.3  342.4  338.5
  367.0   8224  -18.9  -27.9     45   1.06     89     12  338.6  342.6  338.8
  357.0   8429  -20.3  -27.3     54   1.15     88     11  339.4  343.8  339.6
  331.0   8983  -24.3  -32.3     48   0.77     85      8  341.3  344.3  341.4
  330.0   9005  -24.5  -32.3     48   0.77     85      8  341.4  344.4  341.5
  317.0   9294  -26.6  -32.3     58   0.80    100      9  342.4  345.5  342.5
  300.0   9690  -29.5  -32.4     76   0.84     75     11  343.7  347.0  343.9
  292.0   9880  -31.0  -34.4     72   0.72     70     11  344.2  347.1  344.4
  250.0  10970  -39.7  -45.7     53   0.26     70     13  346.9  348.0  347.0
  248.0  11025  -40.1  -46.1     53   0.25     70     13  347.1  348.2  347.2
  200.0  12460  -52.1                          75     19  350.1         350.1
  178.0  13185  -58.5                          80     21  351.5         351.5
  150.0  14250  -67.9                         105     31  352.9         352.9
  148.0  14330  -68.5                         105     32  353.2         353.2
  132.0  14987  -73.0                         105     40  356.9         356.9
  101.0  16523  -83.7                         105     46  364.7         364.7
  100.0  16580  -84.1                         105     47  365.0         365.0
   94.5  16896  -80.7                         105     52  377.6         377.6
   86.0  17425  -82.2                         105     59  384.8         384.8
   84.6  17517  -82.5                         102     51  386.1         386.1
   78.0  17974  -80.7                          85     13  399.0         399.0
   74.8  18210  -79.7                         216     11  405.8         405.8
   74.0  18271  -79.0                         250     10  408.6         408.6
   70.0  18590  -75.3                         210     15  423.0         423.0
   68.7  18699  -73.9                         205     15  428.2         428.2
   66.0  18935  -72.9                         195     14  435.3         435.3
   63.0  19210  -71.8                         155      4  443.6         443.6
   60.0  19498  -70.6                         140      9  452.5         452.5
   57.0  19801  -69.4                         335      5  462.0         462.0
   54.0  20120  -68.1                         310     12  472.2         472.2
   53.2  20209  -67.7                         334      8  475.0         475.0
   52.0  20345  -67.9                          10      3  477.6         477.6
   50.0  20580  -68.3                          55      6  482.1         482.1
   49.0  20701  -68.9                          60      7  483.5         483.5
   48.7  20737  -69.1                          61      8  483.9         483.9
   40.7  21820  -64.1                          87     23  521.8         521.8
   40.0  21926  -64.5                          90     24  523.5         523.5
   37.3  22351  -65.9                          95     37  530.4         530.4
   35.0  22736  -65.8                         100     49  540.4         540.4
   33.5  23002  -65.7                          99     54  547.4         547.4
   30.0  23680  -59.7                          95     67  581.3         581.3
   29.9  23701  -59.5                          95     67  582.5         582.5
   29.1  23871  -57.5                                     592.4         592.4
</PRE><H3>Station information and sounding indices</H3><PRE>
                         Station identifier: WAAA
                             Station number: 97180
                           Observation time: 180103/0000
                           Station latitude: -5.06
                          Station longitude: 119.55
                          Station elevation: 14.0
                            Showalter index: 2.08
                               Lifted index: -2.09
    LIFT computed using virtual temperature: -2.39
                                SWEAT index: 176.97
                                    K index: 31.30
                         Cross totals index: 19.10
                      Vertical totals index: 21.70
                        Totals totals index: 40.80
      Convective Available Potential Energy: 499.16
             CAPE using virtual temperature: 623.30
                      Convective Inhibition: -19.96
             CINS using virtual temperature: -19.32
                           Equilibrum Level: 216.70
 Equilibrum Level using virtual temperature: 216.69
                   Level of Free Convection: 872.62
             LFCT using virtual temperature: 873.82
                     Bulk Richardson Number: 70.98
          Bulk Richardson Number using CAPV: 88.63
  Temp [K] of the Lifted Condensation Level: 294.18
Pres [hPa] of the Lifted Condensation Level: 934.60
     Mean mixed layer potential temperature: 299.93
              Mean mixed layer mixing ratio: 17.11
              1000 hPa to 500 hPa thickness: 5774.00
Precipitable water [mm] for entire sounding: 57.51
</PRE>
<P>Description of the 
<A HREF="/upperair/columns.html">data columns</A>
or <A HREF="/upperair/indices.html">sounding indices</A>.

<P>
<FORM>
<INPUT CLASS="button" TYPE="button" VALUE=" Close this window " 
 onClick="window.close();">
<INPUT CLASS="button" TYPE="button" VALUE=" Select another map " 
 onClick="window.blur();">
</FORM>
<HR SIZE="1">
<I>Interested in graduate studies in atmospheric science?
Check out our program at the
<a href="http://www.uwyo.edu/atsc/howtoapply/"
target=_top>University of Wyoming
</a></I>
<HR SIZE="1"><FONT SIZE="-1">
Questions about the weather data provided by this site can be
addressed to <A HREF="mailto:ldoolman@uwyo.edu">
Larry Oolman (ldoolman@uwyo.edu)</A></FONT>
<HR SIZE="1">
<SCRIPT TYPE="text/javascript">
<!--
window.focus();
// -->
</SCRIPT>
</BODY>
</HTML>
