2017-04-13 00
<HTML>
<TITLE>University of Wyoming - Radiosonde Data</TITLE>
<LINK REL="StyleSheet" HREF="/resources/select.css" TYPE="text/css">
<BODY BGCOLOR="white">
<H2>97180 WAAA Ujung Pandang Observations at 00Z 13 Apr 2017</H2>
<PRE>
-----------------------------------------------------------------------------
   PRES   HGHT   TEMP   DWPT   RELH   MIXR   DRCT   SKNT   THTA   THTE   THTV
    hPa     m      C      C      %    g/kg    deg   knot     K      K      K 
-----------------------------------------------------------------------------
 1010.0     14   25.6   24.4     93  19.49    330      2  297.9  354.7  301.4
 1009.0     23   24.6   23.5     94  18.45    333      2  297.0  350.5  300.3
 1000.0    101   25.0   23.1     89  18.17      0      5  298.1  351.1  301.4
  982.0    261   24.8   21.9     84  17.17    336      5  299.5  349.9  302.6
  978.0    297   24.6   21.8     84  17.10    330      5  299.6  349.8  302.7
  925.0    785   21.4   20.0     92  16.19    300      4  301.2  349.0  304.1
  902.0   1003   19.6   19.1     97  15.68    287      3  301.5  347.9  304.3
  882.0   1195   18.9   18.5     98  15.48    275      2  302.7  348.7  305.5
  851.0   1503   17.8   17.6     99  15.14    210      4  304.7  350.1  307.5
  850.0   1513   17.8   17.6     99  15.13    210      4  304.8  350.1  307.5
  822.0   1801   16.6   16.4     99  14.48    235      6  306.4  350.1  309.0
  794.0   2098   15.2   15.2     99  13.82    285      6  308.0  350.1  310.6
  793.0   2109   15.2   15.1     99  13.80    285      6  308.1  350.1  310.6
  767.0   2391   13.9   13.8     99  13.07    290      9  309.7  349.7  312.1
  713.0   3009   11.1   10.8     98  11.57    340      6  313.1  349.1  315.3
  700.0   3165   10.4   10.1     98  11.21    335      7  314.0  349.0  316.1
  689.0   3297    9.8    9.5     98  10.92    335      6  314.7  348.9  316.7
  660.0   3654    8.0    7.8     99  10.16    285      8  316.6  348.8  318.5
  640.0   3906    6.3    6.1     98   9.30    250     10  317.5  347.1  319.3
  620.0   4167    4.6    4.3     98   8.47    250     11  318.4  345.5  320.0
  608.0   4325    1.8   -0.3     86   6.20    250     11  316.9  336.9  318.1
  587.0   4608    0.0   -1.1     92   6.05    250     12  318.1  337.7  319.2
  581.0   4690   -1.3   -3.4     86   5.15    250     13  317.5  334.2  318.5
  573.0   4801   -0.9   -2.0     92   5.81    250     13  319.2  338.2  320.4
  566.0   4899   -0.5   -0.7     99   6.47    253     13  320.8  341.9  322.1
  531.0   5404   -3.3   -4.3     93   5.27    270     12  323.4  340.9  324.4
  500.0   5880   -5.9   -7.7     87   4.31    255     11  325.8  340.4  326.6
  451.0   6684  -10.9  -11.9     92   3.43    216      8  329.2  341.1  329.9
  438.0   6910  -11.3  -11.9     95   3.53    205      7  331.5  343.8  332.2
  433.0   6998  -11.5  -11.9     97   3.57    194      7  332.3  344.9  333.1
  425.0   7141  -13.5  -16.4     79   2.51    177      8  331.6  340.5  332.1
  422.0   7195  -14.6  -18.7     71   2.08    170      8  330.9  338.4  331.3
  421.0   7213  -14.9  -19.5     68   1.95    170      8  330.7  337.7  331.1
  420.0   7231  -15.5  -23.5     50   1.38    170      8  330.1  335.2  330.4
  418.0   7267  -15.7  -23.7     50   1.36    170      9  330.3  335.3  330.6
  417.0   7285  -15.9  -26.9     38   1.02    170      9  330.3  334.1  330.5
  416.0   7303  -15.9  -24.9     46   1.23    170      9  330.5  335.0  330.8
  405.0   7506  -15.9  -20.3     69   1.89    170     10  333.1  339.9  333.4
  401.0   7581  -16.5  -20.4     72   1.89    170     11  333.2  340.1  333.6
  400.0   7600  -16.7  -20.0     76   1.97    170     11  333.2  340.3  333.6
  391.0   7770  -18.3  -28.3     41   0.96    168     10  333.3  336.9  333.5
  380.0   7982  -19.7  -30.7     37   0.78    167      9  334.2  337.2  334.3
  352.0   8545  -22.7  -27.7     64   1.12    161      5  337.5  341.8  337.7
  348.0   8628  -23.3  -26.8     73   1.23    161      4  337.8  342.5  338.1
  346.0   8671  -23.7  -25.3     87   1.42    160      4  337.8  343.1  338.1
  345.0   8692  -23.5  -24.9     89   1.49    160      4  338.4  343.9  338.7
  344.0   8713  -23.3  -24.4     91   1.55    156      4  338.9  344.7  339.2
  337.0   8863  -23.9  -28.9     63   1.05    126      5  340.1  344.1  340.3
  331.0   8992  -24.8  -30.6     58   0.91    100      5  340.7  344.2  340.9
  317.0   9304  -26.8  -34.8     47   0.63     90      3  342.0  344.6  342.1
  310.0   9466  -27.9  -36.9     42   0.52    117      2  342.7  344.8  342.8
  304.0   9605  -28.5  -34.8     55   0.66    140      1  343.8  346.4  343.9
  300.0   9700  -28.9  -33.4     65   0.77    225      2  344.5  347.6  344.7
  298.0   9748  -29.3  -33.6     66   0.76    221      3  344.6  347.6  344.8
  295.0   9820  -29.9  -32.6     77   0.84    216      3  344.8  348.1  344.9
  292.0   9893  -30.5  -35.5     62   0.64    210      4  344.9  347.5  345.1
  288.0   9991  -31.3  -39.3     45   0.44    203      5  345.1  347.0  345.2
  284.0  10090  -32.1  -41.1     40   0.37    197      6  345.4  346.9  345.5
  280.0  10190  -32.9  -41.9     40   0.35    190      7  345.6  347.1  345.7
  279.0  10215  -33.1  -42.1     40   0.34    195      7  345.7  347.1  345.8
  271.0  10420  -34.3  -37.8     70   0.55    234      7  346.8  349.1  347.0
  257.0  10788  -37.1  -40.7     69   0.43    305      8  348.1  349.9  348.2
  250.0  10980  -38.5  -42.2     68   0.38    315      6  348.7  350.3  348.8
  246.0  11090  -39.4  -43.2     67   0.34    340      5  348.9  350.4  349.0
  243.0  11174  -40.1  -43.9     67   0.32      0      6  349.1  350.5  349.2
  235.0  11397  -42.1                          55      9  349.5         349.5
  200.0  12470  -51.7                          35     19  350.7         350.7
  178.0  13202  -58.6                          40     20  351.4         351.4
  162.0  13794  -64.1                          56     25  351.6         351.6
  154.0  14101  -66.6                          65     27  352.5         352.5
  150.0  14260  -67.9                          75     25  352.9         352.9
  139.0  14706  -71.7                         100     24  353.9         353.9
  123.0  15421  -77.9                          88     43  355.3         355.3
  119.0  15608  -78.5                          85     48  357.5         357.5
  102.0  16478  -81.5                          60     27  367.9         367.9
  100.0  16590  -81.9                          70     24  369.2         369.2
   97.0  16760  -82.8                         100     19  370.7         370.7
   91.0  17117  -84.7                         110     23  373.8         373.8
   90.4  17154  -84.9                         105     23  374.1         374.1
   88.3  17284  -83.9                          99     17  378.6         378.6
   87.1  17361  -80.1                          95     13  387.7         387.7
   87.0  17368  -80.1                          95     13  387.9         387.9
   84.5  17534  -79.9                          75     12  391.5         391.5
   80.8  17793  -73.3                          44     11  410.1         410.1
   78.0  18001  -72.8                          20     10  415.3         415.3
   74.0  18312  -72.0                         310     15  423.2         423.2
   73.4  18360  -71.9                         305     17  424.4         424.4
   70.0  18640  -73.5                         275     26  426.8         426.8
   67.0  18894  -75.0                         260     33  428.8         428.8
   66.9  18903  -75.1                         260     33  428.9         428.9
   60.0  19535  -74.0                         230     16  444.9         444.9
   55.0  20040  -73.2                         220     15  458.1         458.1
   54.7  20072  -73.1                         222     14  458.9         458.9
   51.1  20471  -71.1                         251      8  472.6         472.6
   50.0  20600  -69.5                         260      6  479.3         479.3
   49.0  20722  -67.7                         285      5  486.4         486.4
   47.5  20909  -64.9                         296     13  497.4         497.4
   47.0  20973  -65.0                         300     16  498.6         498.6
   45.0  21237  -65.5                         283     18  503.6         503.6
   43.1  21500  -62.5                         266     21  517.3         517.3
   43.0  21515  -62.5                         265     21  517.6         517.6
   39.0  22115  -62.5                         260     14  532.2         532.2
   38.2  22243  -62.5                         267     13  535.4         535.4
   35.0  22787  -59.6                         295      9  556.6         556.6
   33.3  23097  -57.9                         281      5  569.0         569.0
   32.0  23346  -58.9                         270      2  573.0         573.0
   31.4  23465  -59.3                         288      5  574.9         574.9
   30.0  23750  -58.5                         330     12  584.6         584.6
   28.1  24163  -56.3                         283     21  601.7         601.7
   28.0  24186  -56.3                         280     21  602.2         602.2
   26.0  24655  -57.1                         280     16  613.0         613.0
   25.4  24803  -57.3                         300     15  616.5         616.5
   24.0  25164  -56.1                         350     14  629.9         629.9
   22.0  25718  -54.4                         335     12  651.1         651.1
   21.3  25925  -53.7                                     659.1         659.1
</PRE><H3>Station information and sounding indices</H3><PRE>
                         Station identifier: WAAA
                             Station number: 97180
                           Observation time: 170413/0000
                           Station latitude: -5.06
                          Station longitude: 119.55
                          Station elevation: 14.0
                            Showalter index: -2.89
                               Lifted index: -2.88
    LIFT computed using virtual temperature: -3.19
                                SWEAT index: 230.20
                                    K index: 41.00
                         Cross totals index: 23.50
                      Vertical totals index: 23.70
                        Totals totals index: 47.20
      Convective Available Potential Energy: 637.72
             CAPE using virtual temperature: 698.42
                      Convective Inhibition: -11.51
             CINS using virtual temperature: -9.71
                           Equilibrum Level: 267.86
 Equilibrum Level using virtual temperature: 266.91
                   Level of Free Convection: 906.10
             LFCT using virtual temperature: 909.09
                     Bulk Richardson Number: 153.84
          Bulk Richardson Number using CAPV: 168.48
  Temp [K] of the Lifted Condensation Level: 294.72
Pres [hPa] of the Lifted Condensation Level: 949.43
     Mean mixed layer potential temperature: 299.14
              Mean mixed layer mixing ratio: 17.43
              1000 hPa to 500 hPa thickness: 5779.00
Precipitable water [mm] for entire sounding: 66.70
</PRE>
<P>Description of the 
<A HREF="/upperair/columns.html">data columns</A>
or <A HREF="/upperair/indices.html">sounding indices</A>.

<P>
<FORM>
<INPUT CLASS="button" TYPE="button" VALUE=" Close this window " 
 onClick="window.close();">
<INPUT CLASS="button" TYPE="button" VALUE=" Select another map " 
 onClick="window.blur();">
</FORM>
<HR SIZE="1">
<I>Interested in graduate studies in atmospheric science?
Check out our program at the
<a href="http://www.uwyo.edu/atsc/howtoapply/"
target=_top>University of Wyoming
</a></I>
<HR SIZE="1"><FONT SIZE="-1">
Questions about the weather data provided by this site can be
addressed to <A HREF="mailto:ldoolman@uwyo.edu">
Larry Oolman (ldoolman@uwyo.edu)</A></FONT>
<HR SIZE="1">
<SCRIPT TYPE="text/javascript">
<!--
window.focus();
// -->
</SCRIPT>
</BODY>
</HTML>
