2017-06-12 00
<HTML>
<TITLE>University of Wyoming - Radiosonde Data</TITLE>
<LINK REL="StyleSheet" HREF="/resources/select.css" TYPE="text/css">
<BODY BGCOLOR="white">
<H2>97180 WAAA Ujung Pandang Observations at 00Z 12 Jun 2017</H2>
<PRE>
-----------------------------------------------------------------------------
   PRES   HGHT   TEMP   DWPT   RELH   MIXR   DRCT   SKNT   THTA   THTE   THTV
    hPa     m      C      C      %    g/kg    deg   knot     K      K      K 
-----------------------------------------------------------------------------
 1010.0     14   24.4   23.6     95  18.55      0      0  296.7  350.5  300.0
 1007.0     40   24.2   21.6     85  16.42     31      1  296.8  344.4  299.7
 1000.0    101   24.6   21.6     83  16.54    105      5  297.8  345.9  300.7
  988.0    207   24.4   21.3     83  16.43    105      5  298.6  346.6  301.5
  978.0    297   26.0   21.2     75  16.50    105      5  301.1  349.8  304.0
  925.0    785   22.2   18.4     79  14.62     70      7  302.0  345.4  304.6
  923.0    804   22.0   18.4     80  14.65     69      7  302.0  345.4  304.6
  900.0   1023   21.6   17.7     78  14.37     58      9  303.8  346.7  306.4
  882.0   1198   20.1   17.1     82  14.07     50     10  304.0  346.1  306.6
  856.0   1456   18.0   16.1     89  13.63     54      9  304.4  345.2  306.9
  852.0   1496   17.7   16.0     89  13.58     55      9  304.5  345.2  307.0
  850.0   1516   17.6   15.9     90  13.55     50     10  304.6  345.2  307.0
  794.0   2097   15.3   12.0     81  11.20      5      6  308.1  342.3  310.2
  778.0   2271   14.6   10.8     78  10.56    359      6  309.1  341.6  311.1
  766.0   2401   13.8   10.0     78  10.16    355      6  309.7  340.9  311.6
  700.0   3157    9.2    5.3     77   8.04      5     12  312.6  337.9  314.2
  640.0   3889    4.7    2.2     84   7.05    355     19  315.7  338.2  317.0
  617.0   4188    2.9    0.9     87   6.68      5     19  316.9  338.4  318.2
  582.0   4665    0.0   -1.1     92   6.10     10     17  318.8  338.7  320.0
  511.0   5697   -5.2   -5.4     99   5.04     20     14  324.6  341.5  325.6
  500.0   5870   -6.1   -6.1    100   4.88     35     12  325.5  342.0  326.5
  492.0   5996   -6.6   -7.0     97   4.62     40     11  326.4  342.1  327.3
  481.0   6173   -7.3   -8.3     93   4.28     40     12  327.7  342.3  328.5
  455.0   6600   -9.6  -10.6     92   3.77     40     13  330.1  343.1  330.8
  400.0   7590  -14.9  -15.9     92   2.78     75     20  335.5  345.5  336.1
  397.0   7647  -15.3  -16.3     92   2.71     76     20  335.7  345.5  336.3
  374.0   8090  -18.2  -19.4     91   2.21     85     22  337.6  345.7  338.1
  327.0   9088  -24.9  -26.4     87   1.36     85     22  341.7  346.9  341.9
  304.0   9614  -28.8  -30.4     86   1.01     85     22  343.4  347.3  343.6
  300.0   9710  -29.5  -31.1     86   0.96     75     24  343.7  347.4  343.9
  250.0  10980  -39.7  -42.1     78   0.38     75     32  346.9  348.5  347.0
  248.0  11035  -40.1  -42.3     79   0.37     74     32  347.1  348.7  347.2
  215.0  11981  -48.1                          60     40  349.2         349.2
  200.0  12460  -52.1                          50     36  350.1         350.1
  161.0  13830  -64.5                          27     31  351.6         351.6
  150.0  14260  -67.9                          20     29  352.9         352.9
  146.0  14418  -68.8                          10     26  354.1         354.1
  139.0  14705  -70.4                         345     14  356.2         356.2
  132.0  15007  -72.1                         260     13  358.5         358.5
  113.0  15916  -77.3                         215     14  365.1         365.1
  109.0  16126  -78.5                         220     14  366.7         366.7
  107.0  16232  -78.5                         230     14  368.6         368.6
  105.0  16339  -78.5                         240     14  370.6         370.6
  104.0  16394  -75.7                         245     14  377.0         377.0
  102.0  16506  -76.1                         255     14  378.3         378.3
  100.0  16620  -76.5                         250     16  379.7         379.7
   92.0  17096  -79.2                         255     15  383.5         383.5
   91.1  17152  -79.5                         260     14  384.0         384.0
   87.0  17414  -79.1                         300     12  389.8         389.8
   84.7  17566  -78.9                         300     16  393.3         393.3
   79.0  17966  -74.7                         300     26  409.8         409.8
   78.7  17988  -74.5                         299     27  410.7         410.7
   75.1  18260  -75.7                         285     35  413.7         413.7
   71.0  18587  -72.5                         269     45  427.2         427.2
   70.0  18670  -72.5                         265     47  428.9         428.9
   67.9  18848  -73.5                         262     47  430.6         430.6
   67.0  18926  -72.2                         260     47  434.9         434.9
   64.8  19123  -69.1                         269     44  445.9         445.9
   61.0  19482  -69.3                         285     38  453.3         453.3
   60.6  19522  -69.3                         284     38  454.1         454.1
   58.0  19784  -66.1                         280     39  467.1         467.1
   54.5  20159  -67.5                         274     39  472.2         472.2
   52.0  20443  -65.8                         270     40  482.7         482.7
   50.0  20680  -64.3                         280     40  491.5         491.5
   47.0  21061  -61.5                         280     38  507.0         507.0
   43.8  21499  -59.5                         280     36  522.2         522.2
   43.0  21613  -60.2                         280     36  523.2         523.2
   37.9  22392  -65.1                         280     32  530.0         530.0
   34.9  22893  -65.7                         276     24  541.1         541.1
   34.0  23053  -65.1                         275     22  546.6         546.6
   32.0  23423  -63.9                         310      7  559.6         559.6
   31.0  23617  -63.2                          70     17  566.5         566.5
   30.9  23637  -63.1                          72     18  567.2         567.2
   30.6  23697  -63.1                          78     20  568.8         568.8
   30.2  23778  -59.7                          86     23  580.2         580.2
   30.0  23820  -57.7                          90     24  586.8         586.8
   29.9  23841  -57.3                          91     25  588.4         588.4
   29.0  24033  -57.7                         100     33  592.6         592.6
   25.3  24889  -59.3                          92     42  611.5         611.5
   24.3  25141  -58.7                          89     45  620.3         620.3
   23.8  25272  -58.3                          88     46  625.1         625.1
   23.4  25379  -54.7                          87     47  638.7         638.7
   21.0  26076  -51.8                          80     54  667.5         667.5
   20.0  26390  -50.5                          80     53  680.8         680.8
   18.7  26829  -49.3                          86     51  697.8         697.8
   17.0  27454  -49.3                          95     48  717.0         717.0
   16.0  27851  -49.3                         100     55  729.6         729.6
   14.3  28587  -49.3                          94     55  753.4         753.4
   12.3  29575  -49.1                          86     55  787.2         787.2
   12.0  29737  -47.5                          85     55  798.2         798.2
   11.8  29848  -46.5                                     805.8         805.8
</PRE><H3>Station information and sounding indices</H3><PRE>
                         Station identifier: WAAA
                             Station number: 97180
                           Observation time: 170612/0000
                           Station latitude: -5.06
                          Station longitude: 119.55
                          Station elevation: 14.0
                            Showalter index: -1.27
                               Lifted index: -2.15
    LIFT computed using virtual temperature: -2.29
                                SWEAT index: 222.81
                                    K index: 35.70
                         Cross totals index: 22.00
                      Vertical totals index: 23.70
                        Totals totals index: 45.70
      Convective Available Potential Energy: 291.41
             CAPE using virtual temperature: 339.99
                      Convective Inhibition: -86.58
             CINS using virtual temperature: -66.60
                           Equilibrum Level: 328.83
 Equilibrum Level using virtual temperature: 327.11
                   Level of Free Convection: 731.96
             LFCT using virtual temperature: 755.53
                     Bulk Richardson Number: 22.31
          Bulk Richardson Number using CAPV: 26.03
  Temp [K] of the Lifted Condensation Level: 293.37
Pres [hPa] of the Lifted Condensation Level: 929.33
     Mean mixed layer potential temperature: 299.60
              Mean mixed layer mixing ratio: 16.36
              1000 hPa to 500 hPa thickness: 5769.00
Precipitable water [mm] for entire sounding: 59.94
</PRE>
<P>Description of the 
<A HREF="/upperair/columns.html">data columns</A>
or <A HREF="/upperair/indices.html">sounding indices</A>.

<P>
<FORM>
<INPUT CLASS="button" TYPE="button" VALUE=" Close this window " 
 onClick="window.close();">
<INPUT CLASS="button" TYPE="button" VALUE=" Select another map " 
 onClick="window.blur();">
</FORM>
<HR SIZE="1">
<I>Interested in graduate studies in atmospheric science?
Check out our program at the
<a href="http://www.uwyo.edu/atsc/howtoapply/"
target=_top>University of Wyoming
</a></I>
<HR SIZE="1"><FONT SIZE="-1">
Questions about the weather data provided by this site can be
addressed to <A HREF="mailto:ldoolman@uwyo.edu">
Larry Oolman (ldoolman@uwyo.edu)</A></FONT>
<HR SIZE="1">
<SCRIPT TYPE="text/javascript">
<!--
window.focus();
// -->
</SCRIPT>
</BODY>
</HTML>
