2017-02-18 00
<HTML>
<TITLE>University of Wyoming - Radiosonde Data</TITLE>
<LINK REL="StyleSheet" HREF="/resources/select.css" TYPE="text/css">
<BODY BGCOLOR="white">
<H2>97180 WAAA Ujung Pandang Observations at 00Z 18 Feb 2017</H2>
<PRE>
-----------------------------------------------------------------------------
   PRES   HGHT   TEMP   DWPT   RELH   MIXR   DRCT   SKNT   THTA   THTE   THTV
    hPa     m      C      C      %    g/kg    deg   knot     K      K      K 
-----------------------------------------------------------------------------
 1012.0     14   25.4   22.4     83  17.18     90      2  297.5  347.5  300.6
 1000.0    114   25.6   19.6     69  14.57     45      4  298.8  341.4  301.4
  987.0    230   25.4   20.4     74  15.54     20      6  299.7  345.3  302.5
  979.0    302   24.8   20.2     75  15.46      5      7  299.8  345.2  302.6
  946.0    604   22.4   19.3     82  15.10    335      7  300.3  344.8  303.0
  940.0    660   22.0   19.1     84  15.04    327      7  300.4  344.7  303.1
  925.0    801   21.2   18.4     84  14.62    305      8  301.0  344.1  303.6
  914.0    904   20.7   17.7     83  14.12    290      8  301.5  343.3  304.1
  850.0   1529   17.8   13.3     75  11.42    270     11  304.8  339.2  306.9
  767.0   2397   12.8    9.9     82  10.08    250     16  308.5  339.4  310.4
  751.0   2575   11.8    9.2     84   9.82    253     15  309.2  339.4  311.1
  714.0   2996   10.7    5.6     71   8.05    260     12  312.5  337.7  314.0
  700.0   3161   10.2    4.2     66   7.44    255     11  313.8  337.3  315.2
  684.0   3353    9.6    3.6     66   7.30    248     12  315.2  338.4  316.6
  617.0   4201    5.3   -0.7     65   5.92    215     16  319.6  338.9  320.8
  610.0   4295    4.8   -1.2     65   5.78    208     15  320.1  339.0  321.2
  573.0   4800    0.4   -3.2     77   5.29    170     10  320.7  338.1  321.7
  570.0   4843    0.0   -3.4     78   5.25    171     10  320.7  338.0  321.8
  555.0   5056   -2.1   -4.0     87   5.16    174     11  320.7  337.7  321.7
  552.0   5099   -2.1   -4.3     84   5.05    175     11  321.2  338.0  322.2
  541.0   5259   -1.9   -5.6     76   4.68    159     13  323.3  339.0  324.2
  532.0   5391   -2.8   -6.5     76   4.45    145     14  323.8  338.7  324.6
  500.0   5880   -6.1   -9.8     75   3.65    135     13  325.5  338.0  326.3
  493.0   5991   -7.0   -9.9     80   3.67    140     13  325.7  338.2  326.4
  485.0   6119   -8.1  -10.1     86   3.68    132     12  325.9  338.5  326.6
  472.0   6331   -9.1  -12.4     77   3.14    118     11  327.2  338.1  327.9
  456.0   6597  -11.2  -13.7     82   2.92    100      9  327.8  338.0  328.4
  441.0   6856  -13.3  -15.0     87   2.72    109      9  328.3  337.9  328.9
  439.0   6891  -13.5  -15.2     87   2.68    110      9  328.5  337.9  329.1
  432.0   7013  -14.1  -16.0     86   2.56    104     11  329.2  338.3  329.8
  425.0   7138  -13.3  -18.3     66   2.14     98     13  331.8  339.5  332.2
  405.0   7505  -15.7  -19.0     76   2.11     80     19  333.3  341.0  333.8
  400.0   7600  -16.3  -19.2     78   2.11     80     22  333.7  341.3  334.1
  392.0   7752  -17.1  -22.1     65   1.67     81     22  334.6  340.8  334.9
  380.0   7985  -18.5  -24.5     59   1.39     82     22  335.7  340.9  336.0
  362.0   8346  -20.7  -28.7     49   0.99     85     22  337.5  341.3  337.7
  359.0   8407  -21.1  -28.3     52   1.04     85     22  337.8  341.7  338.0
  350.0   8594  -22.3  -27.1     65   1.19     84     21  338.6  343.1  338.8
  318.0   9293  -26.9  -33.9     52   0.69     78     17  341.6  344.3  341.8
  300.0   9710  -30.9  -35.8     62   0.60     75     15  341.7  344.1  341.8
  268.0  10492  -37.5  -40.9     70   0.40     60     11  343.3  345.0  343.4
  257.0  10783  -39.9  -42.8     74   0.34     78     10  343.9  345.3  344.0
  250.0  10970  -41.3                          90     10  344.5         344.5
  245.0  11103  -42.4                          85     12  344.9         344.9
  224.0  11693  -47.0                          65     18  346.8         346.8
  200.0  12440  -52.9                          80     36  348.8         348.8
  169.0  13488  -62.0                          95     44  350.9         350.9
  150.0  14230  -68.5                          95     49  351.9         351.9
  125.0  15278  -74.8                          90     55  359.3         359.3
  107.0  16171  -80.2                         110     42  365.5         365.5
  100.0  16560  -82.5                          90     32  368.1         368.1
   96.0  16791  -80.4                          75     17  376.5         376.5
   93.9  16917  -79.3                          86     16  381.1         381.1
   82.0  17676  -85.3                         150     12  383.8         383.8
   79.5  17850  -86.7                         160     16  384.4         384.4
   77.7  17976  -86.7                         153     19  386.9         386.9
   77.0  18026  -85.0                         150     20  391.4         391.4
   75.7  18121  -81.9                         143     21  399.8         399.8
   71.6  18439  -76.9                         119     25  416.9         416.9
   70.0  18570  -76.3                         110     26  420.8         420.8
   67.3  18797  -75.3                         100     21  427.8         427.8
   66.0  18911  -73.7                          95     19  433.7         433.7
   63.0  19184  -69.8                          10     11  448.1         448.1
   62.5  19231  -69.1                         359     11  450.6         450.6
   60.0  19473  -69.5                         305     10  455.0         455.0
   54.9  20001  -70.3                         254     13  464.8         464.8
   54.0  20100  -69.0                         245     14  469.9         469.9
   52.9  20222  -67.5                         252     19  476.3         476.3
   51.0  20441  -68.2                         265     29  479.8         479.8
   50.0  20560  -68.5                         265     36  481.6         481.6
   48.3  20766  -69.1                         260     32  485.0         485.0
   44.0  21332  -65.8                         245     23  506.2         506.2
   39.7  21955  -62.1                         224     19  530.6         530.6
   38.0  22223  -63.4                         215     17  533.8         533.8
   36.0  22554  -65.1                         160      7  537.8         537.8
   35.0  22727  -63.6                          55      2  546.0         546.0
   33.1  23070  -60.7                          31      8  562.5         562.5
   33.0  23088  -60.7                          30      8  563.1         563.1
   30.0  23680  -60.5                         145      6  579.1         579.1
   29.0  23892  -60.2                          80      5  585.5         585.5
   26.5  24456  -59.5                          51      6  602.8         602.8
   26.0  24575  -59.9                          45      6  605.1         605.1
   25.0  24819  -60.6                          55      5  609.7         609.7
   24.0  25074  -61.5                         340      4  614.5         614.5
   23.7  25152  -61.7                         346      5  616.0         616.0
   22.8  25393  -59.9                           4      7  628.1         628.1
   22.3  25533  -56.7                          14      8  641.6         641.6
   22.0  25620  -56.2                          20      9  645.4         645.4
   21.0  25918  -54.7                         325     21  658.7         658.7
   20.0  26230  -53.1                         315     29  672.9         672.9
   18.0  26917  -50.2                         310     20  702.5         702.5
   17.0  27290  -48.7                         320     20  719.0         719.0
   16.4  27524  -47.7                         299     19  729.6         729.6
   16.0  27686  -48.0                         285     19  733.9         733.9
   15.0  28111  -48.7                         290     13  745.2         745.2
   14.2  28471  -49.3                         314      9  754.9         754.9
   14.0  28564  -49.0                         320      8  758.8         758.8
   13.0  29052  -47.7                         255     20  779.6         779.6
   12.7  29206  -47.3                                     786.3         786.3
</PRE><H3>Station information and sounding indices</H3><PRE>
                         Station identifier: WAAA
                             Station number: 97180
                           Observation time: 170218/0000
                           Station latitude: -5.06
                          Station longitude: 119.55
                          Station elevation: 14.0
                            Showalter index: 1.14
                               Lifted index: -1.00
    LIFT computed using virtual temperature: -1.26
                                SWEAT index: 194.58
                                    K index: 31.20
                         Cross totals index: 19.40
                      Vertical totals index: 23.90
                        Totals totals index: 43.30
      Convective Available Potential Energy: 123.47
             CAPE using virtual temperature: 150.87
                      Convective Inhibition: -165.38
             CINS using virtual temperature: -62.25
                           Equilibrum Level: 375.66
 Equilibrum Level using virtual temperature: 368.40
                   Level of Free Convection: 581.64
             LFCT using virtual temperature: 760.00
                     Bulk Richardson Number: 7.41
          Bulk Richardson Number using CAPV: 9.05
  Temp [K] of the Lifted Condensation Level: 292.25
Pres [hPa] of the Lifted Condensation Level: 919.31
     Mean mixed layer potential temperature: 299.37
              Mean mixed layer mixing ratio: 15.41
              1000 hPa to 500 hPa thickness: 5766.00
Precipitable water [mm] for entire sounding: 54.52
</PRE>
<P>Description of the 
<A HREF="/upperair/columns.html">data columns</A>
or <A HREF="/upperair/indices.html">sounding indices</A>.

<P>
<FORM>
<INPUT CLASS="button" TYPE="button" VALUE=" Close this window " 
 onClick="window.close();">
<INPUT CLASS="button" TYPE="button" VALUE=" Select another map " 
 onClick="window.blur();">
</FORM>
<HR SIZE="1">
<I>Interested in graduate studies in atmospheric science?
Check out our program at the
<a href="http://www.uwyo.edu/atsc/howtoapply/"
target=_top>University of Wyoming
</a></I>
<HR SIZE="1"><FONT SIZE="-1">
Questions about the weather data provided by this site can be
addressed to <A HREF="mailto:ldoolman@uwyo.edu">
Larry Oolman (ldoolman@uwyo.edu)</A></FONT>
<HR SIZE="1">
<SCRIPT TYPE="text/javascript">
<!--
window.focus();
// -->
</SCRIPT>
</BODY>
</HTML>
