2016-07-10 00
<HTML>
<TITLE>University of Wyoming - Radiosonde Data</TITLE>
<LINK REL="StyleSheet" HREF="/resources/select.css" TYPE="text/css">
<BODY BGCOLOR="white">
<H2>97180 WAAA Ujung Pandang Observations at 00Z 10 Jul 2016</H2>
<PRE>
-----------------------------------------------------------------------------
   PRES   HGHT   TEMP   DWPT   RELH   MIXR   DRCT   SKNT   THTA   THTE   THTV
    hPa     m      C      C      %    g/kg    deg   knot     K      K      K 
-----------------------------------------------------------------------------
 1010.0     14   23.8   22.4     92  17.21      0      0  296.1  345.9  299.1
 1005.0     55   23.4   20.6     84  15.45     47      2  296.1  340.8  298.9
 1000.0     97   24.4   20.6     79  15.53     95      5  297.6  342.7  300.3
  989.0    194   25.8   21.0     75  16.11     81      4  299.9  347.2  302.8
  980.0    274   26.4   19.4     65  14.69     69      3  301.3  344.7  303.9
  977.0    301   26.2   19.3     66  14.65     65      3  301.3  344.7  304.0
  936.0    675   23.0   18.1     74  14.17     61     10  301.8  343.8  304.4
  925.0    778   22.8   18.0     74  14.24     60     12  302.6  345.0  305.2
  899.0   1028   22.4   16.4     69  13.22     63     10  304.7  344.4  307.1
  850.0   1517   19.2   13.2     68  11.34     70      7  306.2  340.6  308.3
  823.0   1791   17.7   11.3     66  10.35     80      5  307.5  339.0  309.4
  794.0   2094   16.0    9.3     64   9.32      0      0  308.8  337.5  310.6
  767.0   2388   14.3    7.3     63   8.42    325      4  310.1  336.2  311.7
  740.0   2691   12.6    5.2     61   7.55      0      5  311.5  335.1  312.9
  714.0   2994   10.9    3.1     59   6.76     15      7  312.8  334.2  314.1
  700.0   3162   10.0    2.0     58   6.36     10      8  313.5  333.7  314.7
  664.0   3599    7.9   -1.6     51   5.15      5      7  315.9  332.6  316.9
  630.0   4034    5.8   -5.2     45   4.14     31      7  318.3  332.0  319.1
  595.0   4499    2.8   -3.9     62   4.85     60      8  320.0  336.0  321.0
  578.0   4735    1.2   -3.2     72   5.26     37      8  320.9  338.2  321.9
  573.0   4805    0.8   -4.9     66   4.66     30      8  321.2  336.6  322.1
  564.0   4933    0.0   -8.0     55   3.73     36      8  321.7  334.3  322.4
  552.0   5105   -1.1  -10.1     50   3.23     45      8  322.4  333.4  323.0
  548.0   5163   -1.7   -6.2     71   4.41     48      7  322.4  337.1  323.2
  532.0   5398   -3.0   -7.7     70   4.06     60      7  323.5  337.2  324.3
  500.0   5890   -5.7  -10.7     68   3.40     55     11  326.0  337.7  326.7
  478.0   6240   -8.1  -11.6     76   3.31     57     12  327.3  338.7  327.9
  456.0   6603   -9.7  -15.5     63   2.53     60     13  329.7  338.7  330.2
  445.0   6792  -10.5  -17.5     56   2.19     71     13  331.0  338.8  331.4
  422.0   7195  -13.4  -17.6     71   2.29     95     13  332.3  340.5  332.8
  414.0   7341  -14.5  -17.6     77   2.33     90     13  332.8  341.1  333.2
  400.0   7600  -16.5  -18.6     84   2.22     80     14  333.5  341.4  333.9
  393.0   7733  -17.3  -20.1     79   1.98     83     15  334.1  341.3  334.5
  374.0   8102  -19.6  -26.7     53   1.15     90     18  335.8  340.2  336.1
  362.0   8345  -21.1  -31.1     40   0.79     92     21  336.9  340.0  337.1
  359.0   8407  -21.3  -35.3     27   0.53     93     22  337.5  339.6  337.6
  345.0   8699  -23.7  -34.0     38   0.63     95     26  338.1  340.5  338.2
  344.0   8721  -23.9  -33.9     39   0.64     94     26  338.1  340.6  338.2
  336.0   8892  -25.1  -29.5     67   0.99     89     26  338.7  342.6  338.9
  334.0   8936  -25.3  -27.8     80   1.17     87     26  339.1  343.5  339.3
  328.0   9068  -25.7  -28.1     80   1.16     83     27  340.3  344.7  340.5
  317.0   9314  -27.2  -38.4     34   0.44     75     27  341.5  343.2  341.6
  311.0   9452  -28.1  -44.1     20   0.25     78     29  342.1  343.2  342.2
  300.0   9710  -30.1  -48.1     16   0.16     85     33  342.8  343.5  342.9
  268.0  10496  -36.6  -53.3     16   0.10     80     28  344.6  345.1  344.7
  252.0  10926  -40.1  -56.1     16   0.08     67     27  345.5  345.9  345.5
  250.0  10980  -40.5                          65     27  345.7         345.7
  235.0  11388  -44.1                          65     23  346.4         346.4
  200.0  12450  -53.5                          65     23  347.9         347.9
  166.0  13622  -63.3                          74     27  350.5         350.5
  161.0  13809  -64.5                          75     28  351.7         351.7
  150.0  14240  -67.1                          85     29  354.3         354.3
  132.0  14998  -73.2                         120     21  356.6         356.6
  128.0  15180  -74.7                         115     20  357.1         357.1
  117.0  15698  -78.5                         101     17  359.3         359.3
  113.0  15896  -78.9                          95     16  362.2         362.2
  107.0  16206  -79.5                         180     10  366.7         366.7
  100.0  16590  -80.3                         200     16  372.3         372.3
   96.0  16821  -80.2                         200     16  376.9         376.9
   92.8  17013  -80.1                         194     17  380.8         380.8
   91.0  17126  -79.1                         190     18  384.9         384.9
   87.0  17384  -76.8                         155     16  394.4         394.4
   84.1  17578  -75.1                         112     16  401.8         401.8
   78.8  17958  -73.5                          28     17  412.6         412.6
   78.0  18018  -73.8                          15     17  413.1         413.1
   73.7  18349  -75.7                          15     18  415.9         415.9
   71.0  18567  -72.7                          15     18  426.7         426.7
   70.8  18583  -72.5                          15     18  427.6         427.6
   70.0  18650  -72.7                          15     17  428.5         428.5
   67.0  18905  -73.1                          45     12  433.1         433.1
   64.0  19172  -73.5                         100     13  437.8         437.8
   62.8  19283  -73.7                          98     16  439.8         439.8
   61.5  19405  -71.5                          96     20  447.3         447.3
   58.0  19748  -72.3                          90     30  453.1         453.1
   57.2  19830  -72.5                          93     30  454.4         454.4
   53.3  20251  -64.9                         107     31  481.3         481.3
   50.0  20640  -63.5                         120     31  493.4         493.4
   46.7  21059  -63.7                         104     32  502.7         502.7
   45.0  21287  -63.0                          95     32  509.6         509.6
   41.0  21861  -61.4                          45     18  527.5         527.5
   39.9  22029  -60.9                          18     14  532.8         532.8
   39.0  22172  -58.4                         355     10  542.6         542.6
   38.2  22302  -56.1                         329     15  551.7         551.7
   37.0  22504  -57.2                         290     23  553.8         553.8
   35.3  22801  -58.9                         275     22  557.0         557.0
   34.0  23035  -59.0                         270     21  562.6         562.6
   31.9  23435  -59.3                         278     26  572.3         572.3
   30.0  23820  -57.9                         285     30  586.2         586.2
   28.0  24258  -56.3                         280     32  602.4         602.4
   27.3  24419  -55.7                         279     33  608.4         608.4
   22.6  25621  -57.1                         267     38  638.0         638.0
   20.0  26400  -54.7                         260     41  668.0         668.0
   18.3  26967  -55.3                         260     43  683.3         683.3
   17.2  27366  -51.1                         260     44  708.9         708.9
   17.0  27442  -51.1                         260     44  711.4         711.4
   15.4  28085  -50.7                         275     42  733.0         733.0
   14.8  28346  -48.3                         281     42  749.3         749.3
   14.0  28710  -48.8                         290     41  759.6         759.6
   12.0  29719  -50.2                         280     47  788.9         788.9
   11.6  29941  -50.5                                     795.5         795.5
</PRE><H3>Station information and sounding indices</H3><PRE>
                         Station identifier: WAAA
                             Station number: 97180
                           Observation time: 160710/0000
                           Station latitude: -5.06
                          Station longitude: 119.55
                          Station elevation: 14.0
                            Showalter index: 0.94
                               Lifted index: -0.56
    LIFT computed using virtual temperature: -0.86
                                SWEAT index: 183.38
                                    K index: 30.10
                         Cross totals index: 18.90
                      Vertical totals index: 24.90
                        Totals totals index: 43.80
      Convective Available Potential Energy: 55.37
             CAPE using virtual temperature: 92.50
                      Convective Inhibition: -266.12
             CINS using virtual temperature: -191.37
                           Equilibrum Level: 336.33
 Equilibrum Level using virtual temperature: 334.97
                   Level of Free Convection: 572.37
             LFCT using virtual temperature: 600.12
                     Bulk Richardson Number: 46.65
          Bulk Richardson Number using CAPV: 77.93
  Temp [K] of the Lifted Condensation Level: 291.82
Pres [hPa] of the Lifted Condensation Level: 909.04
     Mean mixed layer potential temperature: 299.90
              Mean mixed layer mixing ratio: 15.16
              1000 hPa to 500 hPa thickness: 5793.00
Precipitable water [mm] for entire sounding: 49.10
</PRE>
<P>Description of the 
<A HREF="/upperair/columns.html">data columns</A>
or <A HREF="/upperair/indices.html">sounding indices</A>.

<P>
<FORM>
<INPUT CLASS="button" TYPE="button" VALUE=" Close this window " 
 onClick="window.close();">
<INPUT CLASS="button" TYPE="button" VALUE=" Select another map " 
 onClick="window.blur();">
</FORM>
<HR SIZE="1">
<I>Interested in graduate studies in atmospheric science?
Check out our program at the
<a href="http://www.uwyo.edu/atsc/howtoapply/"
target=_top>University of Wyoming
</a></I>
<HR SIZE="1"><FONT SIZE="-1">
Questions about the weather data provided by this site can be
addressed to <A HREF="mailto:ldoolman@uwyo.edu">
Larry Oolman (ldoolman@uwyo.edu)</A></FONT>
<HR SIZE="1">
<SCRIPT TYPE="text/javascript">
<!--
window.focus();
// -->
</SCRIPT>
</BODY>
</HTML>
