2017-07-12 12
<HTML>
<TITLE>University of Wyoming - Radiosonde Data</TITLE>
<LINK REL="StyleSheet" HREF="/resources/select.css" TYPE="text/css">
<BODY BGCOLOR="white">
<H2>97180 WAAA Ujung Pandang Observations at 00Z 12 Jul 2017</H2>
<PRE>
-----------------------------------------------------------------------------
   PRES   HGHT   TEMP   DWPT   RELH   MIXR   DRCT   SKNT   THTA   THTE   THTV
    hPa     m      C      C      %    g/kg    deg   knot     K      K      K 
-----------------------------------------------------------------------------
 1011.0     14   25.0   22.1     84  16.88    150      4  297.2  346.2  300.2
 1002.0     88   25.6   19.6     69  14.55     27      2  298.6  341.1  301.2
 1000.0    105   25.6   19.6     69  14.57      0      1  298.8  341.4  301.4
  978.0    300   24.6   18.3     68  13.71    340      4  299.6  339.9  302.1
  945.0    601   23.0   16.3     66  12.46     20      6  301.0  337.8  303.2
  925.0    789   22.0   15.0     64  11.72     60      7  301.8  336.6  303.9
  913.0    902   21.1   14.4     66  11.43     80      8  302.0  336.0  304.1
  885.0   1171   19.0   13.0     68  10.74    103     18  302.5  334.6  304.5
  884.0   1181   19.0   13.0     68  10.75    103     18  302.6  334.8  304.6
  882.0   1200   19.0   12.9     68  10.73    105     19  302.8  334.9  304.8
  859.0   1427   19.2   12.2     64  10.50    105     19  305.3  337.1  307.2
  850.0   1518   19.0   12.0     64  10.47    105     19  306.0  337.8  308.0
  839.0   1630   19.4   11.4     60  10.19    107     18  307.6  338.7  309.5
  794.0   2102   15.2    9.6     69   9.54    115     16  308.0  337.2  309.7
  784.0   2211   14.2    9.2     72   9.40    115     15  308.0  336.9  309.8
  740.0   2697   11.8    7.1     73   8.60    115     10  310.5  337.2  312.1
  727.0   2847   11.0    6.4     73   8.36    122     12  311.2  337.3  312.8
  714.0   2998   10.4    4.7     68   7.55    130     15  312.2  335.9  313.6
  700.0   3163    9.8    2.8     62   6.73    130     18  313.3  334.6  314.6
  684.0   3355    9.2   -2.8     43   4.57    127     18  314.7  329.5  315.6
  660.0   3650    7.6   -6.4     36   3.61    124     17  316.1  328.0  316.8
  642.0   3878    5.8   -2.2     56   5.10    121     17  316.6  333.2  317.6
  621.0   4150    4.6   -5.4     48   4.14    117     17  318.2  331.9  319.1
  573.0   4800    0.0   -4.6     71   4.77    108     16  320.3  336.0  321.2
  531.0   5403   -3.7   -7.1     78   4.26    100     15  322.8  337.1  323.6
  500.0   5880   -6.7   -9.0     84   3.89     90      9  324.8  338.0  325.6
  492.0   6005   -7.5   -9.4     86   3.82     95      7  325.3  338.3  326.1
  474.0   6295   -9.4  -10.5     92   3.66     70     10  326.4  339.0  327.2
  453.0   6647  -11.7  -11.7    100   3.47     66     11  327.8  339.8  328.5
  446.0   6767  -12.5  -12.6     99   3.27     65     11  328.3  339.6  328.9
  428.0   7083  -11.7  -16.7     66   2.43     61     12  333.2  341.9  333.7
  421.0   7209  -12.5  -17.4     67   2.32     60     12  333.8  342.1  334.2
  414.0   7338  -13.3  -18.2     67   2.22     63     12  334.3  342.3  334.8
  406.0   7487  -14.3  -20.3     60   1.89     67     11  334.9  341.8  335.3
  402.0   7562  -14.5  -23.5     46   1.44     69     11  335.6  340.9  335.9
  400.0   7600  -14.3  -25.3     39   1.23     70     11  336.3  340.9  336.6
  379.0   8006  -17.1  -29.1     35   0.91     80     13  337.8  341.4  338.0
  359.0   8409  -20.4  -32.4     33   0.71     90     16  338.7  341.5  338.9
  357.0   8451  -20.7  -32.7     33   0.69     89     16  338.8  341.5  339.0
  341.0   8788  -23.7  -29.7     58   0.96     81     19  339.2  342.9  339.4
  300.0   9710  -30.3  -37.3     50   0.52     60     26  342.6  344.7  342.7
  268.0  10491  -36.6  -46.3     36   0.22     50     27  344.5  345.5  344.6
  253.0  10889  -39.9  -50.9     30   0.14     46     26  345.4  346.1  345.5
  250.0  10970  -40.7                          45     26  345.4         345.4
  200.0  12440  -53.5                          35     42  347.9         347.9
  177.0  13216  -60.6                          40     44  348.6         348.6
  176.0  13252  -60.9                          40     44  348.7         348.7
  150.0  14230  -69.1                          50     43  350.9         350.9
  145.0  14431  -70.9                          55     40  351.1         351.1
  127.0  15204  -75.7                          73     30  356.1         356.1
  125.0  15294  -75.9                          75     29  357.3         357.3
  112.0  15922  -77.3                          50     13  366.1         366.1
  107.0  16183  -77.8                         145      5  369.8         369.8
  101.0  16513  -78.6                         220      9  374.6         374.6
  100.0  16570  -78.7                         230     10  375.4         375.4
   96.0  16801  -79.7                         255     14  377.9         377.9
   94.4  16897  -80.1                         255     16  378.9         378.9
   90.9  17112  -75.3                         246     22  392.5         392.5
   87.0  17369  -74.6                         235     30  398.9         398.9
   70.0  18640  -71.1                         280     42  431.9         431.9
   67.8  18829  -71.7                         284     44  434.6         434.6
   67.0  18900  -70.8                         285     45  438.1         438.1
   64.5  19127  -67.7                         278     44  449.6         449.6
   52.0  20423  -68.4                         240     41  476.4         476.4
   51.0  20540  -68.5                         245     36  478.9         478.9
   50.0  20660  -65.9                         250     31  487.8         487.8
   47.0  21035  -65.6                         260     25  497.1         497.1
   45.8  21192  -65.5                         251     17  501.1         501.1
   45.0  21300  -64.0                         245     11  507.3         507.3
   43.9  21452  -61.9                         172      9  516.0         516.0
   43.0  21579  -62.0                         110      7  518.9         518.9
   41.0  21873  -62.1                          70     10  525.7         525.7
   37.0  22506  -62.4                          65     19  540.7         540.7
   32.5  23305  -62.7                          87     43  560.2         560.2
   31.0  23597  -61.6                          95     52  570.7         570.7
   30.0  23800  -60.9                          95     50  578.0         578.0
   25.0  24934  -59.9                          88     52  611.8         611.8
   22.2  25683  -54.7                          84     53  648.4         648.4
   20.0  26350  -54.3                          80     54  669.2         669.2
   15.1  28164  -51.1                          72     53  735.8         735.8
   14.0  28660  -48.1                          70     53  762.1         762.1
   13.4  28948  -46.3                                     777.8         777.8
</PRE><H3>Station information and sounding indices</H3><PRE>
                         Station identifier: WAAA
                             Station number: 97180
                           Observation time: 170712/0000
                           Station latitude: -5.06
                          Station longitude: 119.55
                          Station elevation: 14.0
                            Showalter index: 1.12
                               Lifted index: 0.02
    LIFT computed using virtual temperature: -0.10
                                SWEAT index: 190.99
                                    K index: 30.70
                         Cross totals index: 18.70
                      Vertical totals index: 25.70
                        Totals totals index: 44.40
      Convective Available Potential Energy: 4.62
             CAPE using virtual temperature: 6.81
                      Convective Inhibition: -346.51
             CINS using virtual temperature: -272.58
                           Equilibrum Level: 444.13
 Equilibrum Level using virtual temperature: 443.96
                   Level of Free Convection: 494.35
             LFCT using virtual temperature: 515.05
                     Bulk Richardson Number: 0.19
          Bulk Richardson Number using CAPV: 0.28
  Temp [K] of the Lifted Condensation Level: 290.44
Pres [hPa] of the Lifted Condensation Level: 899.92
     Mean mixed layer potential temperature: 299.34
              Mean mixed layer mixing ratio: 14.04
              1000 hPa to 500 hPa thickness: 5775.00
Precipitable water [mm] for entire sounding: 47.27
</PRE>
<P>Description of the 
<A HREF="/upperair/columns.html">data columns</A>
or <A HREF="/upperair/indices.html">sounding indices</A>.

<P>
<FORM>
<INPUT CLASS="button" TYPE="button" VALUE=" Close this window " 
 onClick="window.close();">
<INPUT CLASS="button" TYPE="button" VALUE=" Select another map " 
 onClick="window.blur();">
</FORM>
<HR SIZE="1">
<I>Interested in graduate studies in atmospheric science?
Check out our program at the
<a href="http://www.uwyo.edu/atsc/howtoapply/"
target=_top>University of Wyoming
</a></I>
<HR SIZE="1"><FONT SIZE="-1">
Questions about the weather data provided by this site can be
addressed to <A HREF="mailto:ldoolman@uwyo.edu">
Larry Oolman (ldoolman@uwyo.edu)</A></FONT>
<HR SIZE="1">
<SCRIPT TYPE="text/javascript">
<!--
window.focus();
// -->
</SCRIPT>
</BODY>
</HTML>
