2018-04-24 00
<HTML>
<TITLE>University of Wyoming - Radiosonde Data</TITLE>
<LINK REL="StyleSheet" HREF="/resources/select.css" TYPE="text/css">
<BODY BGCOLOR="white">
<H2>97180 WAAA Ujung Pandang Observations at 00Z 24 Apr 2018</H2>
<PRE>
-----------------------------------------------------------------------------
   PRES   HGHT   TEMP   DWPT   RELH   MIXR   DRCT   SKNT   THTA   THTE   THTV
    hPa     m      C      C      %    g/kg    deg   knot     K      K      K 
-----------------------------------------------------------------------------
 1008.0     14   26.4   23.0     82  17.91      0      0  298.9  351.3  302.1
 1000.0     79   26.4   21.4     74  16.33    145      7  299.6  347.5  302.5
  982.0    239   27.0   19.0     62  14.29    177      6  301.7  344.1  304.3
  975.0    301   26.6   18.9     62  14.26    190      6  301.9  344.3  304.5
  943.0    593   24.8   18.2     67  14.14    210      5  303.0  345.1  305.6
  925.0    762   23.8   17.8     69  14.06    175      3  303.6  345.7  306.2
  911.0    895   22.8   17.1     70  13.64    115      4  304.0  344.8  306.4
  869.0   1308   19.8   14.9     73  12.41     78      7  304.9  342.3  307.2
  850.0   1500   19.0   14.8     77  12.61     60      8  306.0  344.1  308.4
  835.0   1653   18.0   14.3     79  12.42     75      7  306.5  344.2  308.8
  821.0   1798   18.5   14.0     75  12.42     90      6  308.6  346.5  310.9
  819.0   1819   18.6   14.0     75  12.42     90      6  308.9  346.9  311.2
  793.0   2092   17.1   12.7     75  11.74     95      4  310.1  346.2  312.3
  765.0   2396   15.4   11.2     76  11.02    170      2  311.5  345.6  313.6
  739.0   2689   13.8    9.7     77  10.36    135     10  312.8  345.1  314.8
  713.0   2992   12.1    8.3     78   9.70    135     11  314.2  344.6  316.0
  700.0   3148   11.2    7.5     78   9.38    105     10  314.9  344.4  316.6
  688.0   3292   10.2    6.6     78   8.97     85     12  315.3  343.7  317.0
  663.0   3599    8.1    4.7     79   8.13     85     13  316.3  342.2  317.9
  643.0   3854    6.4    3.1     79   7.49    102     14  317.1  341.1  318.6
  639.0   3905    6.1    2.8     79   7.37    105     14  317.4  341.0  318.8
  617.0   4193    4.6    1.0     77   6.70     85     13  318.8  340.5  320.1
  609.0   4300    4.0    0.3     77   6.46     87     15  319.3  340.3  320.6
  578.0   4724    2.0   -7.0     51   3.93     94     24  321.8  335.0  322.6
  575.0   4766    2.4  -14.6     27   2.16     95     24  322.8  330.2  323.2
  555.0   5051    0.0  -23.0     16   1.09     99     30  323.2  327.1  323.4
  552.0   5095   -0.3  -22.1     18   1.19    100     31  323.3  327.6  323.5
  534.0   5359   -2.3  -16.3     33   2.02     92     28  324.0  331.1  324.4
  530.0   5419   -2.5  -20.5     24   1.42     90     28  324.5  329.6  324.8
  527.0   5464   -2.7  -25.7     15   0.90     88     27  324.8  328.1  324.9
  522.0   5540   -3.1  -15.1     39   2.28     86     26  325.2  333.1  325.6
  519.0   5586   -3.5  -11.5     54   3.07     84     26  325.2  335.8  325.8
  515.0   5647   -3.9  -13.9     46   2.55     82     25  325.5  334.3  326.0
  507.0   5771   -5.1   -9.4     72   3.72     79     24  325.5  338.1  326.2
  500.0   5880   -5.7  -10.7     68   3.40     75     23  326.0  337.7  326.7
  492.0   6006   -6.4  -11.3     68   3.30     70     24  326.7  338.1  327.4
  488.0   6070   -6.7  -11.6     68   3.24     70     25  327.1  338.3  327.7
  478.0   6231   -6.3  -23.3     25   1.23     70     26  329.5  334.0  329.8
  472.0   6330   -6.7  -32.7     11   0.52     70     27  330.2  332.2  330.3
  456.0   6597   -8.7  -23.1     30   1.31     70     30  331.0  335.9  331.3
  454.0   6631   -8.9  -21.9     34   1.47     71     30  331.1  336.5  331.4
  450.0   6699   -9.3  -21.3     37   1.56     74     29  331.5  337.2  331.8
  440.0   6873   -9.3  -34.3     11   0.48     82     28  333.6  335.5  333.7
  424.0   7157  -11.1  -27.1     25   0.98     95     27  334.9  338.6  335.1
  408.0   7450  -13.5  -34.5     15   0.51    108     25  335.4  337.4  335.6
  405.0   7506  -13.9  -31.9     20   0.65    110     25  335.6  338.1  335.7
  401.0   7581  -14.5  -28.5     29   0.91    110     24  335.8  339.3  336.0
  400.0   7600  -14.5  -27.5     32   1.01    110     24  336.1  339.9  336.3
  380.0   7986  -16.5  -37.5     14   0.40     93     21  338.4  340.0  338.5
  368.0   8227  -17.3  -40.3     12   0.31     82     19  340.4  341.7  340.5
  364.0   8308  -17.9  -35.9     19   0.49     79     19  340.7  342.7  340.8
  363.0   8329  -17.9  -31.9     28   0.73     78     18  341.0  343.9  341.1
  360.0   8391  -18.4  -34.2     24   0.59     75     18  341.2  343.5  341.3
  355.0   8495  -19.1  -38.1     17   0.40     78     17  341.5  343.2  341.6
  327.0   9099  -24.3  -33.3     43   0.71     94      9  342.5  345.3  342.6
  318.0   9300  -25.8  -37.6     32   0.47    100      7  343.1  345.0  343.2
  305.0   9602  -28.1  -44.1     20   0.25    120      8  344.0  345.1  344.1
  300.0   9720  -28.9  -45.9     18   0.21    120      9  344.5  345.4  344.6
  291.0   9938  -30.7  -49.7     14   0.14    129      8  345.0  345.6  345.0
  281.0  10185  -32.9  -46.6     24   0.21    140      7  345.3  346.2  345.3
  269.0  10492  -35.6  -42.8     48   0.33    135      4  345.6  347.0  345.7
  267.0  10545  -36.1  -42.1     54   0.36    128      4  345.7  347.2  345.8
  257.0  10809  -38.2  -43.6     57   0.31     90      6  346.4  347.7  346.5
  250.0  11000  -39.7  -44.7     59   0.29     80      6  346.9  348.1  347.0
  249.0  11027  -39.9  -44.9     59   0.28     79      7  347.0  348.2  347.1
  246.0  11108  -40.6                          75      8  347.2         347.2
  200.0  12490  -51.9                         100     10  350.4         350.4
  188.0  12875  -55.0                         115     11  351.6         351.6
  170.0  13501  -60.1                          85     12  353.4         353.4
  162.0  13801  -62.6                         105      8  354.2         354.2
  150.0  14280  -66.5                          85      9  355.3         355.3
  147.0  14396  -67.4                          85      9  355.8         355.8
  133.0  14971  -72.1                         130      2  357.8         357.8
  126.0  15282  -74.6                         260      1  358.9         358.9
  114.0  15857  -79.2                         160      4  360.6         360.6
  108.0  16168  -81.7                          65      6  361.5         361.5
  100.0  16610  -85.3                          85     10  362.7         362.7
   97.0  16776  -86.5                          80     10  363.6         363.6
   92.4  17042  -88.3                          55     13  365.0         365.0
   87.0  17369  -87.5                          55     25  372.9         372.9
   86.8  17382  -87.5                          53     24  373.2         373.2
   83.9  17569  -82.1                          30     15  387.8         387.8
   82.0  17700  -80.3                          15      8  394.0         394.0
   78.0  17985  -76.5                         290      4  407.6         407.6
   76.6  18089  -75.1                         276      9  412.6         412.6
   74.0  18289  -75.7                         250     19  415.4         415.4
   70.2  18594  -76.7                         226     17  419.6         419.6
   70.0  18610  -76.7                         225     17  420.0         420.0
   60.0  19501  -74.3                         230      7  444.2         444.2
   57.6  19736  -73.7                         302      5  450.8         450.8
   57.0  19798  -73.3                         320      4  453.0         453.0
   54.0  20117  -71.5                         100      5  464.2         464.2
   52.0  20339  -70.2                         140      7  472.3         472.3
   50.0  20570  -68.9                         130     15  480.7         480.7
   46.6  20995  -66.1                          97     21  497.2         497.2
   44.0  21343  -66.3                          70     26  504.9         504.9
   39.5  21997  -66.7                          86     36  519.7         519.7
   38.0  22231  -66.3                          92     40  526.5         526.5
   36.0  22564  -62.1                         100     45  545.5         545.5
   34.8  22773  -59.5                         100     47  557.7         557.7
   30.0  23710  -56.3                         100     54  590.6         590.6
   27.9  24172  -53.3                          99     56  611.3         611.3
   24.5  25006  -53.3                          98     59  634.4         634.4
   22.1  25672  -50.3                          96     62  662.3         662.3
   20.0  26320  -50.9                          95     64  679.6         679.6
   14.2  28562  -48.1                          85     85  758.9         758.9
   14.0                                        85     85                     
</PRE><H3>Station information and sounding indices</H3><PRE>
                         Station identifier: WAAA
                             Station number: 97180
                           Observation time: 180424/0000
                           Station latitude: -5.06
                          Station longitude: 119.55
                          Station elevation: 14.0
                            Showalter index: -0.45
                               Lifted index: -0.97
    LIFT computed using virtual temperature: -1.30
                                SWEAT index: 216.61
                                    K index: 35.80
                         Cross totals index: 20.50
                      Vertical totals index: 24.70
                        Totals totals index: 45.20
      Convective Available Potential Energy: 19.24
             CAPE using virtual temperature: 47.43
                      Convective Inhibition: -285.87
             CINS using virtual temperature: -242.66
                           Equilibrum Level: 481.65
 Equilibrum Level using virtual temperature: 448.73
                   Level of Free Convection: 547.92
             LFCT using virtual temperature: 595.29
                     Bulk Richardson Number: 1.32
          Bulk Richardson Number using CAPV: 3.26
  Temp [K] of the Lifted Condensation Level: 291.24
Pres [hPa] of the Lifted Condensation Level: 888.28
     Mean mixed layer potential temperature: 301.29
              Mean mixed layer mixing ratio: 14.99
              1000 hPa to 500 hPa thickness: 5801.00
Precipitable water [mm] for entire sounding: 52.18
</PRE>
<P>Description of the 
<A HREF="/upperair/columns.html">data columns</A>
or <A HREF="/upperair/indices.html">sounding indices</A>.

<P>
<FORM>
<INPUT CLASS="button" TYPE="button" VALUE=" Close this window " 
 onClick="window.close();">
<INPUT CLASS="button" TYPE="button" VALUE=" Select another map " 
 onClick="window.blur();">
</FORM>
<HR SIZE="1">
<I>Interested in graduate studies in atmospheric science?
Check out our program at the
<a href="http://www.uwyo.edu/atsc/howtoapply/"
target=_top>University of Wyoming
</a></I>
<HR SIZE="1"><FONT SIZE="-1">
Questions about the weather data provided by this site can be
addressed to <A HREF="mailto:ldoolman@uwyo.edu">
Larry Oolman (ldoolman@uwyo.edu)</A></FONT>
<HR SIZE="1">
<SCRIPT TYPE="text/javascript">
<!--
window.focus();
// -->
</SCRIPT>
</BODY>
</HTML>
