2016-08-08 12
<HTML>
<TITLE>University of Wyoming - Radiosonde Data</TITLE>
<LINK REL="StyleSheet" HREF="/resources/select.css" TYPE="text/css">
<BODY BGCOLOR="white">
<H2>97180 WAAA Ujung Pandang Observations at 00Z 08 Aug 2016</H2>
<PRE>
-----------------------------------------------------------------------------
   PRES   HGHT   TEMP   DWPT   RELH   MIXR   DRCT   SKNT   THTA   THTE   THTV
    hPa     m      C      C      %    g/kg    deg   knot     K      K      K 
-----------------------------------------------------------------------------
 1011.0     14   24.0   19.5     76  14.32      0      0  296.2  337.7  298.8
 1000.0    112   26.2   19.2     65  14.21     95      8  299.4  341.0  301.9
  998.0    130   26.8   18.8     62  13.88     95      8  300.1  341.0  302.6
  979.0    299   25.7   17.9     62  13.39     90      7  300.6  340.2  303.1
  925.0    798   22.4   15.4     65  12.03     30      6  302.2  338.0  304.4
  922.0    826   22.4   15.4     65  12.07     29      6  302.5  338.5  304.7
  914.0    902   22.0   14.7     63  11.60     25      5  302.9  337.5  305.0
  883.0   1200   20.6   11.7     57   9.87     25      4  304.3  334.1  306.1
  880.0   1230   20.4   11.4     56   9.71     30      4  304.5  333.8  306.2
  853.0   1498   20.2   -1.4     23   4.08     75      9  307.0  319.9  307.8
  850.0   1528   20.2   -2.8     21   3.68     80     10  307.3  319.0  308.0
  787.0   2187   16.4   -0.6     31   4.68    121     17  310.1  324.9  310.9
  767.0   2402   14.4   -1.3     34   4.57    135     19  310.2  324.8  311.1
  700.0   3167    7.4   -3.6     46   4.21    140     22  310.6  324.1  311.4
  689.0   3297    6.2   -3.9     48   4.19    140     20  310.7  324.2  311.5
  676.0   3452    4.8   -4.2     52   4.16    152     19  310.9  324.2  311.6
  671.0   3513    4.2   -4.8     52   4.01    156     19  310.8  323.7  311.6
  670.0   3525    4.2   -5.8     48   3.72    157     19  311.0  323.0  311.7
  661.0   3635    5.6  -17.4     17   1.48    165     18  313.8  318.9  314.0
  640.0   3898    5.8  -27.3      7   0.64    185     17  316.9  319.3  317.0
  624.0   4104    6.0  -35.0      3   0.31    169     16  319.4  320.6  319.5
  552.0   5094    0.7  -29.7      8   0.59     90      9  324.5  326.8  324.6
  543.0   5226    0.0  -29.0      9   0.64    100     11  325.2  327.6  325.3
  512.0   5692   -2.7  -39.8      4   0.24    135     17  327.5  328.4  327.5
  505.0   5802   -3.3  -42.3      3   0.18    132     18  328.0  328.8  328.1
  500.0   5880   -4.1  -43.1      3   0.17    130     19  328.0  328.7  328.0
  475.0   6285   -7.5  -44.5      3   0.15    105     20  328.6  329.2  328.6
  464.0   6468   -9.1  -45.1      4   0.15     94     20  328.8  329.4  328.9
  456.0   6603  -10.2  -34.7     11   0.44     85     20  329.1  330.9  329.2
  446.0   6775  -11.5  -21.5     43   1.55     82     21  329.5  335.2  329.9
  441.0   6862  -11.5  -17.5     61   2.21     80     22  330.6  338.5  331.1
  410.0   7422  -15.1  -16.8     87   2.52     69     25  332.9  341.9  333.4
  400.0   7610  -15.9  -18.1     83   2.31     65     26  334.2  342.6  334.7
  382.0   7955  -17.9  -19.5     87   2.15     63     26  336.0  343.9  336.5
  360.0   8390  -21.0  -22.9     85   1.70     60     26  337.6  343.9  338.0
  329.0   9051  -25.7  -28.0     81   1.17     72     28  340.0  344.4  340.2
  300.0   9710  -30.9  -35.4     65   0.63     85     31  341.7  344.2  341.8
  289.0   9975  -32.9  -38.9     55   0.46     85     31  342.5  344.4  342.6
  274.0  10348  -36.5  -41.1     62   0.38     85     31  342.6  344.1  342.6
  268.0  10502  -37.3  -46.3     39   0.22     85     31  343.6  344.5  343.6
  255.0  10845  -39.7  -52.7     24   0.11     78     28  344.9  345.4  345.0
  250.0  10980  -41.1                          75     27  344.8         344.8
  200.0  12450  -54.3                          75     33  346.6         346.6
  178.0  13177  -60.6                          60     37  348.1         348.1
  160.0  13842  -66.3                          57     58  349.2         349.2
  150.0  14230  -69.7                          55     70  349.8         349.8
  137.0  14761  -74.1                          55     81  351.2         351.2
  131.0  15018  -76.2                          55     87  352.1         352.1
  125.0  15287  -78.3                          57     86  353.0         353.0
  115.0  15757  -80.9                          59     84  356.6         356.6
  114.0  15806  -81.1                          59     83  357.2         357.2
  112.0  15906  -78.3                          60     83  364.2         364.2
  111.0  15957  -76.9                          61     78  367.8         367.8
  101.0  16503  -73.1                          70     24  385.1         385.1
  100.0  16560  -72.7                          75     19  387.0         387.0
   96.0  16799  -74.3                         120      9  388.4         388.4
   93.1  16978  -75.5                         140     15  389.5         389.5
   91.0  17110  -75.6                         155     19  391.9         391.9
   87.0  17371  -75.8                         155     13  396.6         396.6
   82.0  17714  -76.0                         190     12  402.9         402.9
   79.1  17923  -76.1                         161     13  406.8         406.8
   78.0  18004  -75.8                         150     14  409.1         409.1
   73.4  18358  -74.3                         119     19  419.4         419.4
   71.6  18505  -69.7                         106     21  432.1         432.1
   70.0  18640  -68.7                          95     23  437.1         437.1
   67.0  18902  -68.8                          85     31  442.4         442.4
   64.0  19177  -68.9                          85     39  448.0         448.0
   59.1  19650  -71.7                         105     41  452.0         452.0
   58.0  19761  -71.5                         110     42  454.9         454.9
   56.8  19885  -71.3                         104     40  458.1         458.1
   53.9  20200  -64.9                          90     34  479.7         479.7
   52.0  20420  -64.0                          80     30  486.7         486.7
   50.0  20660  -63.1                          60     23  494.4         494.4
   47.8  20938  -60.3                         122      8  507.4         507.4
   47.0  21042  -60.7                         145      3  509.0         509.0
   45.0  21311  -61.6                         215      7  513.0         513.0
   43.0  21591  -62.6                         265      8  517.2         517.2
   42.9  21606  -62.7                         265      8  517.5         517.5
   40.9  21902  -57.9                         270     14  536.5         536.5
   37.0  22528  -60.7                         280     26  544.9         544.9
   35.0  22878  -58.8                         265     29  558.6         558.6
   32.0  23442  -55.7                         280     25  581.3         581.3
   30.5  23744  -54.1                         273     37  593.8         593.8
   30.0  23850  -53.9                         270     41  597.1         597.1
   28.0  24288  -55.6                         265     44  604.3         604.3
   24.9  25032  -58.5                         270     44  616.5         616.5
   20.0  26420  -54.7                         255     41  668.0         668.0
   19.4  26615  -54.9                         254     39  673.2         673.2
   18.0  27098  -52.0                         250     34  696.9         696.9
   17.4  27316  -50.7                         250     27  707.8         707.8
   17.0  27469  -50.5                         250     23  713.3         713.3
   15.0  28289  -49.1                         295     31  743.6         743.6
   13.3  29077  -47.9                         287     34  773.9         773.9
   13.0                                       285     34                     
</PRE><H3>Station information and sounding indices</H3><PRE>
                         Station identifier: WAAA
                             Station number: 97180
                           Observation time: 160808/0000
                           Station latitude: -5.06
                          Station longitude: 119.55
                          Station elevation: 14.0
                            Showalter index: 12.92
                               Lifted index: 2.81
    LIFT computed using virtual temperature: 2.10
                                SWEAT index: 39.01
                                    K index: 10.50
                         Cross totals index: 1.30
                      Vertical totals index: 24.30
                        Totals totals index: 25.60
      Convective Available Potential Energy: 13.24
             CAPE using virtual temperature: 33.50
                      Convective Inhibition: -281.53
             CINS using virtual temperature: -201.65
                           Equilibrum Level: 662.83
 Equilibrum Level using virtual temperature: 650.00
                   Level of Free Convection: 702.27
             LFCT using virtual temperature: 720.22
                     Bulk Richardson Number: 2.04
          Bulk Richardson Number using CAPV: 5.17
  Temp [K] of the Lifted Condensation Level: 289.62
Pres [hPa] of the Lifted Condensation Level: 883.07
     Mean mixed layer potential temperature: 300.11
              Mean mixed layer mixing ratio: 13.54
              1000 hPa to 500 hPa thickness: 5768.00
Precipitable water [mm] for entire sounding: 30.57
</PRE>
<P>Description of the 
<A HREF="/upperair/columns.html">data columns</A>
or <A HREF="/upperair/indices.html">sounding indices</A>.

<P>
<FORM>
<INPUT CLASS="button" TYPE="button" VALUE=" Close this window " 
 onClick="window.close();">
<INPUT CLASS="button" TYPE="button" VALUE=" Select another map " 
 onClick="window.blur();">
</FORM>
<HR SIZE="1">
<I>Interested in graduate studies in atmospheric science?
Check out our program at the
<a href="http://www.uwyo.edu/atsc/howtoapply/"
target=_top>University of Wyoming
</a></I>
<HR SIZE="1"><FONT SIZE="-1">
Questions about the weather data provided by this site can be
addressed to <A HREF="mailto:ldoolman@uwyo.edu">
Larry Oolman (ldoolman@uwyo.edu)</A></FONT>
<HR SIZE="1">
<SCRIPT TYPE="text/javascript">
<!--
window.focus();
// -->
</SCRIPT>
</BODY>
</HTML>
