2017-04-11 00
<HTML>
<TITLE>University of Wyoming - Radiosonde Data</TITLE>
<LINK REL="StyleSheet" HREF="/resources/select.css" TYPE="text/css">
<BODY BGCOLOR="white">
<H2>97180 WAAA Ujung Pandang Observations at 00Z 11 Apr 2017</H2>
<PRE>
-----------------------------------------------------------------------------
   PRES   HGHT   TEMP   DWPT   RELH   MIXR   DRCT   SKNT   THTA   THTE   THTV
    hPa     m      C      C      %    g/kg    deg   knot     K      K      K 
-----------------------------------------------------------------------------
 1009.0     14   25.8   22.6     83  17.45      0      0  298.2  349.1  301.3
 1000.0     92   26.8   21.8     74  16.75    110      5  299.9  349.2  302.9
  998.0    110   26.8   22.3     76  17.32    113      5  300.1  351.1  303.2
  977.0    297   25.5   21.6     79  16.91    145      2  300.6  350.5  303.7
  944.0    600   23.4   20.4     83  16.26    210      1  301.5  349.6  304.4
  925.0    779   22.2   19.7     86  15.88      0      1  302.0  349.1  304.9
  913.0    892   21.4   19.0     86  15.38      0      1  302.3  347.9  305.1
  890.0   1114   19.8   17.6     87  14.44    342      2  302.9  345.8  305.5
  881.0   1202   19.5   17.1     86  14.08    335      2  303.5  345.5  306.0
  877.0   1241   19.4   16.8     85  13.92    336      2  303.7  345.3  306.3
  861.0   1400   19.8   11.8     60  10.19    338      2  305.8  336.7  307.6
  851.0   1501   19.2   10.3     56   9.35    340      2  306.2  334.7  307.9
  850.0   1511   19.2   10.2     56   9.27    340      1  306.2  334.5  307.9
  822.0   1797   16.8   11.0     68  10.10      0      1  306.7  337.4  308.6
  803.0   1998   15.2   11.5     79  10.72    340      1  307.0  339.6  309.0
  794.0   2093   14.8   10.6     76  10.24    330      1  307.5  338.8  309.4
  755.0   2519   12.8    6.8     67   8.27    298      3  309.9  335.5  311.4
  739.0   2698   11.3    7.7     79   8.99    285      4  310.1  337.9  311.8
  730.0   2801   10.4    8.2     86   9.43    290      6  310.2  339.4  312.0
  713.0   2997    9.2    7.6     90   9.29    300     10  311.0  339.8  312.7
  700.0   3150    8.2    7.2     93   9.18    295      9  311.5  340.1  313.3
  684.0   3341    7.2    5.7     90   8.47    291     10  312.5  339.0  314.1
  670.0   3512    7.2    2.6     73   6.94    288     10  314.3  336.4  315.6
  652.0   3735    5.4    3.3     86   7.50    283     11  314.8  338.5  316.2
  647.0   3798    5.0    3.2     88   7.50    282     11  315.0  338.8  316.4
  642.0   3862    4.8    2.4     84   7.14    281     11  315.5  338.2  316.8
  640.0   3887    5.0    1.5     78   6.71    280     11  316.0  337.5  317.3
  639.0   3900    5.0    1.0     75   6.48    280     11  316.1  336.9  317.4
  638.0   3913    5.0    0.5     73   6.26    281     11  316.3  336.4  317.5
  636.0   3938    5.2   -4.8     48   4.23    282     11  316.8  330.6  317.6
  635.0   3951    5.6  -12.4     26   2.34    283     11  317.4  325.3  317.8
  623.0   4107    5.4  -18.6     16   1.42    290     10  318.9  323.9  319.1
  618.0   4173    5.0  -19.0     16   1.39    294      9  319.1  324.0  319.4
  616.0   4199    4.8  -16.8     19   1.68    295      9  319.2  325.0  319.5
  609.0   4292    4.0   -9.0     38   3.19    289      9  319.3  330.1  320.0
  606.0   4332    3.4   -4.6     56   4.51    286      9  319.1  334.0  320.0
  604.0   4359    3.0   -3.0     65   5.11    284     10  318.9  335.7  319.9
  594.0   4494    2.7  -13.3     30   2.32    275     10  320.1  328.0  320.5
  592.0   4521    2.6  -15.4     25   1.96    275     10  320.3  327.1  320.7
  578.0   4714    1.4  -15.6     27   1.97    271      9  321.1  328.0  321.5
  577.0   4728    1.8  -22.2     15   1.12    271      9  321.7  325.8  321.9
  574.0   4770    1.8  -24.2     13   0.95    270      9  322.2  325.6  322.4
  573.0   4784    1.6  -22.4     15   1.11    270      9  322.1  326.1  322.4
  571.0   4812    1.2  -11.8     37   2.73    270      9  322.0  331.3  322.5
  570.0   4827    1.0   -5.0     64   4.65    270      9  321.9  337.4  322.8
  568.0   4855    1.2  -10.8     40   2.97    269      9  322.5  332.6  323.1
  556.0   5026    0.0  -15.0     31   2.16    266      8  323.0  330.5  323.4
  551.0   5098   -0.6  -14.6     34   2.26    265      8  323.2  331.1  323.6
  546.0   5171   -1.1  -14.1     37   2.37    269      8  323.4  331.6  323.9
  545.0   5186   -1.3   -9.3     55   3.49    270      8  323.3  335.2  324.0
  544.0   5200   -1.1  -17.1     29   1.85    271      8  323.7  330.2  324.1
  539.0   5274   -0.7  -24.7     14   0.96    275      8  325.1  328.6  325.3
  532.0   5378   -1.5  -16.5     31   1.99    281      8  325.3  332.4  325.7
  517.0   5605   -2.7  -10.7     54   3.29    295      8  326.6  337.9  327.2
  511.0   5698   -3.1  -10.1     58   3.49    300      8  327.1  339.2  327.9
  500.0   5870   -3.7  -19.7     28   1.61    300      5  328.5  334.3  328.8
  499.0   5886   -3.9  -19.9     28   1.59    299      5  328.4  334.1  328.7
  493.0   5981   -4.3  -29.3     12   0.69    296      5  329.1  331.7  329.2
  474.0   6290   -6.9  -24.9     22   1.08    286      4  329.6  333.5  329.8
  473.0   6306   -7.0  -24.3     24   1.14    285      4  329.6  333.8  329.9
  463.0   6473   -8.1  -18.1     44   2.00    307      7  330.3  337.4  330.7
  455.0   6608   -8.6  -18.1     46   2.03    325      9  331.3  338.6  331.7
  433.0   6993  -10.1  -18.1     52   2.14    310     11  334.1  341.9  334.6
  405.0   7505  -13.7  -21.7     51   1.67    290     13  335.9  342.1  336.2
  402.0   7562  -14.1  -22.1     51   1.63    290     13  336.1  342.1  336.4
  400.0   7600  -14.5  -22.5     51   1.58    290     13  336.1  341.9  336.4
  362.0   8347  -20.7  -22.2     88   1.79    272     13  337.5  344.1  337.9
  359.0   8408  -21.1  -22.6     87   1.74    270     13  337.7  344.2  338.1
  320.0   9248  -26.9  -28.8     84   1.11    308     12  341.0  345.3  341.2
  318.0   9293  -27.2  -29.2     83   1.08    310     12  341.2  345.3  341.4
  300.0   9710  -30.1  -33.4     73   0.77    300      9  342.8  345.9  343.0
  296.0   9805  -30.7  -34.5     69   0.70    295     10  343.3  346.1  343.4
  292.0   9901  -31.2  -37.1     56   0.55    290     10  343.9  346.1  344.1
  288.0   9999  -31.7  -39.7     45   0.42    282     10  344.6  346.3  344.7
  280.0  10194  -33.3  -41.1     45   0.37    265     11  345.0  346.6  345.1
  268.0  10498  -35.9  -43.4     46   0.31    265     11  345.7  347.0  345.7
  250.0  10980  -39.9  -46.9     47   0.22    250      9  346.6  347.6  346.7
  235.0  11390  -43.3                         240      9  347.6         347.6
  215.0  11980  -48.3                         305      7  348.9         348.9
  205.0  12296  -50.9                          30      6  349.5         349.5
  200.0  12460  -52.3                          45      5  349.8         349.8
  187.0  12881  -56.2                          80     13  350.3         350.3
  150.0  14260  -68.9                          95     41  351.2         351.2
  132.0  15008  -75.5                          90     55  352.5         352.5
  129.0  15143  -76.7                          89     57  352.7         352.7
  121.0  15508  -79.1                          86     63  354.8         354.8
  119.0  15603  -78.7                          85     65  357.2         357.2
  114.0  15847  -77.7                          86     49  363.5         363.5
  102.0  16478  -79.9                          90      8  371.0         371.0
  100.0  16590  -80.3                         120      4  372.3         372.3
   96.0  16817  -82.1                         225      5  373.1         373.1
   91.0  17115  -84.5                         220      8  374.2         374.2
   87.0  17367  -81.7                         145      2  384.6         384.6
   82.0  17698  -78.1                         135      4  398.6         398.6
   78.0  17984  -77.3                         295      7  405.9         405.9
   74.9  18216  -76.7                         237      5  411.9         411.9
   74.0  18286  -75.5                         220      4  415.8         415.8
   70.5  18568  -70.9                         307      2  431.5         431.5
   70.0  18610  -70.7                         320      2  432.8         432.8
   67.0  18869  -71.7                         190      5  436.1         436.1
   63.5  19187  -72.9                         229      2  440.2         440.2
   63.0  19234  -72.9                         235      2  441.2         441.2
   61.9  19337  -72.9                         271      6  443.4         443.4
   60.0  19524  -69.7                         335     12  454.5         454.5
   57.6  19769  -65.5                         307     18  469.4         469.4
   55.0  20050  -66.0                         275     24  474.3         474.3
   50.4  20582  -67.1                         261     21  483.9         483.9
   50.0  20630  -67.1                         260     21  484.9         484.9
   47.0  21004  -64.5                         244     18  499.8         499.8
   43.6  21458  -66.7                         225     15  505.3         505.3
   41.0  21829  -66.4                         210     12  515.0         515.0
   40.3  21933  -66.3                         226     10  517.8         517.8
   39.0  22132  -64.5                         255      6  527.2         527.2
   37.5  22371  -62.3                         259     12  538.8         538.8
   37.0  22453  -62.4                         260     14  540.5         540.5
   33.0  23154  -63.4                         245     16  555.9         555.9
   31.8  23381  -63.7                         253     16  561.0         561.0
   30.0  23740  -60.3                         265     17  579.7         579.7
   29.9  23761  -59.7                         263     17  581.9         581.9
   29.0  23951  -59.8                         240     22  586.6         586.6
   27.2  24351  -60.1                         234     16  596.7         596.7
   26.0  24635  -57.6                         230     11  611.5         611.5
   25.3  24806  -56.1                         232     10  620.6         620.6
   24.0  25144  -55.3                         235      9  632.2         632.2
   23.0  25416  -54.7                         265      7  641.8         641.8
   22.0  25700  -54.1                         330     12  651.9         651.9
   21.0  25998  -53.4                         310     15  662.6         662.6
   20.0  26310  -52.7                         315     10  674.1         674.1
   19.0  26644  -51.7                          25      6  687.1         687.1
   18.0  26995  -50.7                          80     11  701.0         701.0
   17.0  27367  -49.6                          60     19  716.0         716.0
   16.7  27483  -49.3                          69     23  720.7         720.7
   16.0  27762  -50.2                          90     32  726.7         726.7
   15.6  27928  -50.7                          83     33  730.3         730.3
   14.3  28498  -47.9                          61     35  758.1         758.1
   14.0                                        55     36                     
</PRE><H3>Station information and sounding indices</H3><PRE>
                         Station identifier: WAAA
                             Station number: 97180
                           Observation time: 170411/0000
                           Station latitude: -5.06
                          Station longitude: 119.55
                          Station elevation: 14.0
                            Showalter index: 5.55
                               Lifted index: -0.71
    LIFT computed using virtual temperature: -1.45
                                SWEAT index: 129.37
                                    K index: 32.10
                         Cross totals index: 13.90
                      Vertical totals index: 22.90
                        Totals totals index: 36.80
      Convective Available Potential Energy: 519.56
             CAPE using virtual temperature: 673.91
                      Convective Inhibition: -46.24
             CINS using virtual temperature: -25.82
                           Equilibrum Level: 207.23
 Equilibrum Level using virtual temperature: 207.19
                   Level of Free Convection: 812.61
             LFCT using virtual temperature: 834.01
                     Bulk Richardson Number: 90.94
          Bulk Richardson Number using CAPV: 117.96
  Temp [K] of the Lifted Condensation Level: 293.85
Pres [hPa] of the Lifted Condensation Level: 925.83
     Mean mixed layer potential temperature: 300.41
              Mean mixed layer mixing ratio: 16.92
              1000 hPa to 500 hPa thickness: 5778.00
Precipitable water [mm] for entire sounding: 50.85
</PRE>
<P>Description of the 
<A HREF="/upperair/columns.html">data columns</A>
or <A HREF="/upperair/indices.html">sounding indices</A>.

<P>
<FORM>
<INPUT CLASS="button" TYPE="button" VALUE=" Close this window " 
 onClick="window.close();">
<INPUT CLASS="button" TYPE="button" VALUE=" Select another map " 
 onClick="window.blur();">
</FORM>
<HR SIZE="1">
<I>Interested in graduate studies in atmospheric science?
Check out our program at the
<a href="http://www.uwyo.edu/atsc/howtoapply/"
target=_top>University of Wyoming
</a></I>
<HR SIZE="1"><FONT SIZE="-1">
Questions about the weather data provided by this site can be
addressed to <A HREF="mailto:ldoolman@uwyo.edu">
Larry Oolman (ldoolman@uwyo.edu)</A></FONT>
<HR SIZE="1">
<SCRIPT TYPE="text/javascript">
<!--
window.focus();
// -->
</SCRIPT>
</BODY>
</HTML>
