2016-03-20 12
<HTML>
<TITLE>University of Wyoming - Radiosonde Data</TITLE>
<LINK REL="StyleSheet" HREF="/resources/select.css" TYPE="text/css">
<BODY BGCOLOR="white">
<H2>97180 WAAA Ujung Pandang Observations at 00Z 20 Mar 2016</H2>
<PRE>
-----------------------------------------------------------------------------
   PRES   HGHT   TEMP   DWPT   RELH   MIXR   DRCT   SKNT   THTA   THTE   THTV
    hPa     m      C      C      %    g/kg    deg   knot     K      K      K 
-----------------------------------------------------------------------------
 1010.0     14   26.4   25.0     92  20.23      0      0  298.7  357.9  302.3
 1000.0    103   27.4   23.9     81  19.09     40      2  300.6  356.9  304.0
  998.0    121   27.6   24.0     81  19.25     40      2  300.9  357.8  304.4
  978.0    299   26.3   23.0     82  18.49     40      4  301.4  356.1  304.7
  945.0    602   24.1   21.3     84  17.24    335      4  302.1  353.3  305.3
  925.0    791   22.8   20.3     86  16.50    325      6  302.6  351.6  305.6
  914.0    895   22.2   19.7     86  16.07    320      6  303.1  350.9  306.0
  883.0   1194   20.6   17.9     85  14.88    325      8  304.4  348.9  307.1
  850.0   1525   18.8   16.0     84  13.64    305      8  305.8  346.9  308.3
  794.0   2104   15.7   11.5     76  10.85    265      6  308.5  341.7  310.5
  767.0   2398   14.1    9.2     72   9.63    265      6  309.9  339.6  311.7
  726.0   2865   11.6    5.6     67   7.92    230      8  312.0  336.8  313.5
  715.0   2993   10.9    4.1     63   7.23    220      8  312.7  335.4  314.0
  700.0   3170   10.0    2.0     58   6.36    215      8  313.5  333.7  314.7
  641.0   3892    6.7   -8.3     33   3.20    185      8  317.8  328.5  318.4
  618.0   4192    5.4  -12.6     26   2.37    165      6  319.6  327.7  320.0
  595.0   4502    4.0  -17.0     20   1.70    170      8  321.4  327.4  321.7
  580.0   4712    3.0  -20.0     17   1.36    154      8  322.6  327.5  322.9
  557.0   5038    1.8  -11.2     37   2.93    129      8  325.0  335.1  325.6
  555.0   5067    2.2  -20.8     16   1.32    127      8  325.8  330.6  326.1
  553.0   5096    2.0  -20.8     17   1.32    125      8  325.9  330.7  326.2
  533.0   5392    0.0  -21.0     19   1.35    130     10  326.9  331.9  327.2
  513.0   5696   -2.0  -22.4     19   1.25    135     12  328.1  332.7  328.4
  500.0   5900   -3.3  -23.3     20   1.18    125     12  328.9  333.3  329.2
  483.0   6173   -5.3  -20.3     30   1.59    125     11  329.8  335.5  330.1
  477.0   6271   -6.1  -15.1     49   2.49    125     10  329.9  338.8  330.4
  475.0   6304   -6.1  -15.1     49   2.50    125     10  330.3  339.2  330.9
  474.0   6320   -5.9  -24.9     21   1.08    126     10  330.8  334.8  331.0
  440.0   6898   -9.9  -20.0     44   1.79    155     12  332.8  339.3  333.2
  429.0   7095  -11.3  -18.3     56   2.12    187     11  333.5  341.1  333.9
  425.0   7167  -10.9  -25.9     28   1.10    199     10  334.9  339.0  335.1
  423.0   7203  -11.2  -25.7     29   1.12    205     10  335.0  339.2  335.2
  407.0   7497  -13.5  -24.2     40   1.34    230     12  335.7  340.7  336.0
  400.0   7630  -14.5  -23.5     46   1.45    235     12  336.1  341.4  336.4
  382.0   7977  -17.9  -23.9     59   1.46    239     11  336.0  341.5  336.3
  376.0   8095  -18.4  -23.6     63   1.52    240     10  337.0  342.6  337.3
  374.0   8135  -18.5  -23.5     65   1.55    246     11  337.3  343.0  337.6
  369.0   8236  -17.9  -37.9     16   0.40    261     12  339.4  341.0  339.4
  361.0   8396  -19.1  -37.9     17   0.41    285     14  339.9  341.5  339.9
  333.0   8987  -23.6  -37.7     26   0.45    300     16  341.6  343.4  341.7
  320.0   9278  -25.9  -37.6     32   0.47    290     14  342.4  344.3  342.5
  300.0   9750  -29.5  -37.5     46   0.51    235      8  343.7  345.8  343.8
  294.0   9893  -30.7  -37.8     50   0.51    220      8  344.0  346.1  344.1
  287.0  10063  -32.1  -38.1     55   0.50    214      8  344.4  346.4  344.4
  284.0  10137  -32.5  -41.5     40   0.36    212      8  344.8  346.3  344.9
  282.0  10187  -32.9  -41.5     42   0.36    210      8  344.9  346.4  345.0
  263.0  10672  -36.9  -41.2     64   0.40    237     10  346.0  347.7  346.1
  258.0  10804  -37.8  -43.1     57   0.33    245     10  346.6  348.0  346.6
  250.0  11020  -39.3  -46.3     47   0.24    220      8  347.5  348.5  347.6
  246.0  11130  -40.1  -49.1     38   0.18    210      8  347.9  348.7  347.9
  226.0  11696  -44.9                         160      6  349.1         349.1
  216.0  11997  -47.5                         165      6  349.6         349.6
  207.0  12281  -49.9                         100     10  350.1         350.1
  200.0  12510  -51.9                          85     14  350.4         350.4
  188.0  12897  -55.1                          55     19  351.5         351.5
  150.0  14310  -66.9                          95     29  354.6         354.6
  141.0  14676  -69.4                          95     33  356.6         356.6
  127.0  15294  -73.6                         100     43  359.8         359.8
  120.0  15629  -75.9                          87     35  361.5         361.5
  109.0  16182  -78.1                          65     21  367.4         367.4
  108.0  16235  -78.3                          65     20  368.0         368.0
  103.0  16503  -80.5                          65     12  368.8         368.8
  100.0  16670  -81.9                          80     10  369.2         369.2
   98.0  16782  -82.9                          95      8  369.5         369.5
   94.3  16995  -84.7                         140      8  370.0         370.0
   93.0  17073  -84.4                         150      8  372.0         372.0
   88.0  17382  -83.3                         120      8  380.1         380.1
   83.0  17708  -82.2                         330      4  388.8         388.8
   75.0  18275  -80.2                         325     19  404.4         404.4
   71.0  18581  -79.2                         265     23  413.0         413.0
   70.0  18660  -78.9                         265     23  415.3         415.3
   64.1  19160  -79.3                         245     14  425.0         425.0
   64.0  19169  -79.2                         245     14  425.5         425.5
   59.7  19570  -73.1                         197      7  447.6         447.6
   57.0  19840  -73.1                         165      2  453.5         453.5
   54.0  20157  -73.1                         150      6  460.6         460.6
   52.6  20311  -73.1                         157      7  464.1         464.1
   52.0  20378  -72.2                         160      8  467.6         467.6
   50.3  20574  -69.7                         143     11  478.0         478.0
   50.0  20610  -69.9                         140     12  478.4         478.4
   47.0  20975  -71.8                         105     16  482.4         482.4
   46.2  21077  -72.3                         104     17  483.5         483.5
   37.2  22351  -71.5                          96     31  516.4         516.4
   36.0  22550  -68.2                          95     33  530.0         530.0
   35.0  22720  -65.3                          85     23  541.7         541.7
   33.4  23003  -60.5                          91     17  561.6         561.6
   31.0  23466  -60.8                         100      8  573.0         573.0
   30.0  23670  -60.9                          90     12  578.0         578.0
   27.0  24328  -60.2                         100     16  597.7         597.7
   25.0  24809  -59.6                          50     16  612.5         612.5
   21.8  25665  -58.7                          15      7  639.8         639.8
   21.0  25902  -57.6                           5      4  650.1         650.1
   20.0  26210  -56.1                         260     10  663.7         663.7
   19.0  26537  -54.5                                     678.5         678.5
</PRE><H3>Station information and sounding indices</H3><PRE>
                         Station identifier: WAAA
                             Station number: 97180
                           Observation time: 160320/0000
                           Station latitude: -5.06
                          Station longitude: 119.55
                          Station elevation: 14.0
                            Showalter index: 0.88
                               Lifted index: -2.34
    LIFT computed using virtual temperature: -3.33
                                SWEAT index: 220.01
                                    K index: 30.10
                         Cross totals index: 19.30
                      Vertical totals index: 22.10
                        Totals totals index: 41.40
      Convective Available Potential Energy: 1385.84
             CAPE using virtual temperature: 1636.89
                      Convective Inhibition: -16.81
             CINS using virtual temperature: -9.16
                           Equilibrum Level: 143.65
 Equilibrum Level using virtual temperature: 143.60
                   Level of Free Convection: 867.01
             LFCT using virtual temperature: 895.86
                     Bulk Richardson Number: 421.08
          Bulk Richardson Number using CAPV: 497.35
  Temp [K] of the Lifted Condensation Level: 295.62
Pres [hPa] of the Lifted Condensation Level: 938.23
     Mean mixed layer potential temperature: 301.07
              Mean mixed layer mixing ratio: 18.67
              1000 hPa to 500 hPa thickness: 5797.00
Precipitable water [mm] for entire sounding: 50.60
</PRE>
<P>Description of the 
<A HREF="/upperair/columns.html">data columns</A>
or <A HREF="/upperair/indices.html">sounding indices</A>.

<P>
<FORM>
<INPUT CLASS="button" TYPE="button" VALUE=" Close this window " 
 onClick="window.close();">
<INPUT CLASS="button" TYPE="button" VALUE=" Select another map " 
 onClick="window.blur();">
</FORM>
<HR SIZE="1">
<I>Interested in graduate studies in atmospheric science?
Check out our program at the
<a href="http://www.uwyo.edu/atsc/howtoapply/"
target=_top>University of Wyoming
</a></I>
<HR SIZE="1"><FONT SIZE="-1">
Questions about the weather data provided by this site can be
addressed to <A HREF="mailto:ldoolman@uwyo.edu">
Larry Oolman (ldoolman@uwyo.edu)</A></FONT>
<HR SIZE="1">
<SCRIPT TYPE="text/javascript">
<!--
window.focus();
// -->
</SCRIPT>
</BODY>
</HTML>
