2016-01-15 12
<HTML>
<TITLE>University of Wyoming - Radiosonde Data</TITLE>
<LINK REL="StyleSheet" HREF="/resources/select.css" TYPE="text/css">
<BODY BGCOLOR="white">
<H2>97180 WAAA Ujung Pandang Observations at 00Z 15 Jan 2016</H2>
<PRE>
-----------------------------------------------------------------------------
   PRES   HGHT   TEMP   DWPT   RELH   MIXR   DRCT   SKNT   THTA   THTE   THTV
    hPa     m      C      C      %    g/kg    deg   knot     K      K      K 
-----------------------------------------------------------------------------
 1010.0     14   26.4   23.7     85  18.67      0      0  298.7  353.3  302.0
 1000.0     96   27.6   21.6     70  16.54     10      2  300.8  349.5  303.7
  998.0    114   28.0   22.0     70  16.99     10      2  301.3  351.6  304.4
  977.0    301   26.7   21.3     73  16.65     10      6  301.8  351.1  304.8
  945.0    595   24.6   20.3     77  16.12     15     10  302.6  350.5  305.5
  925.0    784   23.2   19.6     80  15.78     45      6  303.0  350.0  305.9
  921.0    822   23.0   19.6     81  15.85     52      5  303.2  350.4  306.1
  913.0    898   22.7   18.9     79  15.28     65      4  303.6  349.2  306.4
  882.0   1198   21.4   16.0     72  13.17     90      4  305.3  344.9  307.7
  851.0   1510   20.0   13.1     64  11.25    185      4  307.0  341.2  309.1
  850.0   1520   20.0   13.0     64  11.19    180      4  307.1  341.1  309.1
  822.0   1806   18.1   11.3     65  10.36    100      4  308.0  339.7  309.9
  794.0   2101   16.0    9.6     66   9.56     90      8  308.9  338.3  310.7
  759.0   2486   13.4    7.4     67   8.58     96      9  310.0  336.6  311.6
  746.0   2631   13.2    1.2     44   5.63     99     10  311.4  329.2  312.4
  740.0   2699   12.6    2.4     50   6.20    100     10  311.5  331.0  312.6
  721.0   2917   10.8    6.4     74   8.43     83     11  311.8  338.1  313.4
  713.0   3010   10.6    2.6     58   6.51     75     12  312.5  333.2  313.8
  700.0   3163    9.2    7.1     87   9.12     85     14  312.6  341.1  314.4
  698.0   3187    9.0    7.3     89   9.27     87     14  312.7  341.6  314.4
  688.0   3306    8.3    6.8     90   9.11    100     16  313.2  341.8  314.9
  683.0   3367    8.0    6.6     91   9.03    100     16  313.5  341.8  315.2
  679.0   3415    8.8    4.2     73   7.67    100     16  314.9  339.3  316.4
  678.0   3427    9.4   -4.6     37   4.03    100     16  315.7  328.9  316.5
  670.0   3526    9.6    2.6     62   6.94    100     17  317.0  339.3  318.4
  664.0   3600    9.6   -2.9     41   4.66    100     17  317.8  333.1  318.7
  656.0   3701    9.6  -10.4     23   2.65    106     17  318.9  327.9  319.5
  647.0   3815    8.8  -10.2     25   2.73    112     16  319.3  328.6  319.8
  617.0   4201    6.0   -9.5     32   3.03    135     14  320.4  330.7  321.0
  574.0   4789    1.7   -8.4     47   3.55     90     10  322.1  334.1  322.8
  558.0   5019    0.0   -8.0     55   3.77     92     11  322.7  335.4  323.4
  532.0   5399   -2.1   -4.5     84   5.19     95     12  324.6  341.9  325.6
  530.0   5429   -2.3   -4.2     87   5.32     94     12  324.7  342.5  325.8
  516.0   5641   -3.5   -5.7     85   4.87     85     14  325.8  342.2  326.7
  504.0   5827   -4.1  -10.1     63   3.54     78     15  327.2  339.4  327.9
  500.0   5890   -4.5   -8.6     73   4.02     75     16  327.5  341.2  328.3
  498.0   5922   -4.5  -10.5     63   3.47     74     16  327.9  339.9  328.6
  481.0   6196   -6.7  -14.7     53   2.56     67     16  328.4  337.4  328.9
  475.0   6294   -7.1  -11.6     70   3.34     65     16  329.1  340.7  329.8
  472.0   6344   -7.3  -10.0     81   3.81     69     16  329.4  342.6  330.2
  454.0   6648   -8.5  -11.2     81   3.60     94     18  331.6  344.2  332.4
  444.0   6821   -8.1  -15.1     57   2.68    108     19  334.2  343.9  334.8
  439.0   6909   -8.5  -17.0     50   2.31    115     19  334.8  343.2  335.3
  406.0   7515  -11.3  -30.3     19   0.76     98     13  338.8  341.8  338.9
  400.0   7630  -11.9  -37.9     10   0.37     95     12  339.4  340.9  339.5
  361.0   8402  -18.9  -35.3     22   0.53     80     12  340.1  342.2  340.2
  356.0   8507  -19.9  -34.9     25   0.56     82     12  340.2  342.4  340.3
  319.0   9309  -26.5  -41.5     23   0.32    100     14  341.9  343.2  341.9
  318.0   9332  -26.7  -41.7     23   0.31     98     14  341.9  343.2  342.0
  312.0   9469  -27.7  -31.3     71   0.90     89     15  342.4  345.9  342.6
  306.0   9609  -28.7  -32.0     73   0.86     80     16  342.9  346.2  343.1
  305.0   9632  -28.7  -29.0     97   1.15     82     16  343.2  347.6  343.4
  300.0   9750  -29.5  -30.4     92   1.02     90     16  343.7  347.7  343.9
  294.0   9893  -30.7  -34.2     71   0.72     99     15  344.0  346.9  344.1
  291.0   9966  -30.9  -45.9     22   0.22    104     15  344.7  345.6  344.7
  281.0  10209  -32.9  -47.4     22   0.19    120     14  345.3  346.1  345.4
  258.0  10801  -37.7  -51.1     23   0.13    120      8  346.7  347.3  346.8
  250.0  11020  -39.5  -52.5     24   0.12    125      8  347.2  347.7  347.2
  248.0  11075  -40.1  -53.1     24   0.11    125      8  347.1  347.6  347.1
  247.0  11102  -40.3                         125      8  347.2         347.2
  226.0  11695  -45.3                         190      6  348.5         348.5
  216.0  11997  -47.8                         190      8  349.1         349.1
  206.0  12313  -50.5                         220      8  349.8         349.8
  200.0  12510  -52.1                         210      6  350.1         350.1
  188.0  12897  -55.4                         180      2  351.0         351.0
  179.0  13204  -58.0                         135      2  351.7         351.7
  171.0  13490  -60.5                         340      4  352.2         352.2
  155.0  14105  -65.7                         220      8  353.3         353.3
  150.0  14310  -67.5                         230     10  353.6         353.6
  140.0  14711  -70.8                         250     14  354.9         354.9
  114.0  15904  -80.5                         255     10  358.3         358.3
  108.0  16208  -80.0                         320      2  364.7         364.7
  106.0  16313  -79.9                          12      5  366.9         366.9
  102.0  16529  -81.3                         120     10  368.2         368.2
  100.0  16640  -82.1                         115     12  368.9         368.9
   87.0  17404  -86.3                          85     25  375.5         375.5
   82.0  17729  -88.0                          90     31  378.3         378.3
   81.8  17742  -88.1                          90     31  378.4         378.4
   78.0  18009  -81.3                          70     35  397.7         397.7
   74.0  18305  -73.7                           9     30  419.7         419.7
   70.6  18580  -71.7                         315     26  429.6         429.6
   70.0  18630  -71.9                         305     25  430.2         430.2
   67.0  18887  -72.7                         280     27  434.0         434.0
   62.3  19315  -73.9                         280     28  440.4         440.4
   60.0  19536  -73.1                         280     29  446.9         446.9
   54.4  20113  -71.1                         234     19  464.2         464.2
   50.7  20536  -66.3                         201     11  484.9         484.9
   50.0  20620  -66.5                         195     10  486.4         486.4
   49.0  20742  -66.6                         190     10  488.9         488.9
   47.0  20993  -66.8                         240     12  494.3         494.3
   45.0  21255  -67.0                         250     14  499.9         499.9
   42.0  21671  -67.4                         210     10  509.0         509.0
   41.2  21787  -67.5                         204     10  511.5         511.5
   40.0  21968  -65.7                         195     10  520.3         520.3
   38.0  22282  -62.6                         100      6  535.9         535.9
   37.0  22445  -61.0                          90      8  544.1         544.1
   36.8  22478  -60.7                         103      7  545.8         545.8
   35.0  22788  -61.3                         225      2  552.0         552.0
   33.0  23151  -62.1                         290     12  559.4         559.4
   30.0  23740  -63.3                         285      8  571.5         571.5
   29.0  23949  -62.9                         270     10  578.1         578.1
   27.4  24298  -62.3                         230     10  589.3         589.3
   27.0  24391  -61.7                         220     10  593.5         593.5
   26.0  24629  -60.1                         135     12  604.3         604.3
   24.0  25133  -56.9                          35     12  627.8         627.8
   23.0  25401  -55.1                         295      4  640.6         640.6
   22.1  25653  -53.5                         259     13  652.8         652.8
   22.0  25682  -53.6                         255     14  653.2         653.2
   20.2  26227  -56.3                         251     24  661.2         661.2
   20.0  26290  -56.3                         250     25  663.1         663.1
   17.0  27332  -53.2                         170     19  704.4         704.4
   16.0  27720  -52.1                                     720.4         720.4
</PRE><H3>Station information and sounding indices</H3><PRE>
                         Station identifier: WAAA
                             Station number: 97180
                           Observation time: 160115/0000
                           Station latitude: -5.06
                          Station longitude: 119.55
                          Station elevation: 14.0
                            Showalter index: 1.93
                               Lifted index: -1.82
    LIFT computed using virtual temperature: -2.20
                                SWEAT index: 180.01
                                    K index: 35.40
                         Cross totals index: 17.50
                      Vertical totals index: 24.50
                        Totals totals index: 42.00
      Convective Available Potential Energy: 390.93
             CAPE using virtual temperature: 517.07
                      Convective Inhibition: -92.80
             CINS using virtual temperature: -63.38
                           Equilibrum Level: 195.86
 Equilibrum Level using virtual temperature: 195.82
                   Level of Free Convection: 771.95
             LFCT using virtual temperature: 800.11
                     Bulk Richardson Number: 38.70
          Bulk Richardson Number using CAPV: 51.19
  Temp [K] of the Lifted Condensation Level: 293.47
Pres [hPa] of the Lifted Condensation Level: 910.75
     Mean mixed layer potential temperature: 301.43
              Mean mixed layer mixing ratio: 16.81
              1000 hPa to 500 hPa thickness: 5794.00
Precipitable water [mm] for entire sounding: 50.43
</PRE>
<P>Description of the 
<A HREF="/upperair/columns.html">data columns</A>
or <A HREF="/upperair/indices.html">sounding indices</A>.

<P>
<FORM>
<INPUT CLASS="button" TYPE="button" VALUE=" Close this window " 
 onClick="window.close();">
<INPUT CLASS="button" TYPE="button" VALUE=" Select another map " 
 onClick="window.blur();">
</FORM>
<HR SIZE="1">
<I>Interested in graduate studies in atmospheric science?
Check out our program at the
<a href="http://www.uwyo.edu/atsc/howtoapply/"
target=_top>University of Wyoming
</a></I>
<HR SIZE="1"><FONT SIZE="-1">
Questions about the weather data provided by this site can be
addressed to <A HREF="mailto:ldoolman@uwyo.edu">
Larry Oolman (ldoolman@uwyo.edu)</A></FONT>
<HR SIZE="1">
<SCRIPT TYPE="text/javascript">
<!--
window.focus();
// -->
</SCRIPT>
</BODY>
</HTML>
