2016-06-13 12
<HTML>
<TITLE>University of Wyoming - Radiosonde Data</TITLE>
<LINK REL="StyleSheet" HREF="/resources/select.css" TYPE="text/css">
<BODY BGCOLOR="white">
<H2>97180 WAAA Ujung Pandang Observations at 00Z 13 Jun 2016</H2>
<PRE>
-----------------------------------------------------------------------------
   PRES   HGHT   TEMP   DWPT   RELH   MIXR   DRCT   SKNT   THTA   THTE   THTV
    hPa     m      C      C      %    g/kg    deg   knot     K      K      K 
-----------------------------------------------------------------------------
 1010.0     14   25.8   23.9     89  18.90      0      0  298.1  353.2  301.5
 1007.0     40   27.0   22.0     74  16.84    353      1  299.6  349.0  302.6
 1000.0    102   27.2   21.2     70  16.13    335      3  300.4  347.9  303.2
  968.0    390   25.6   18.6     65  14.13    354      3  301.5  343.4  304.1
  925.0    790   22.4   17.5     74  13.79     20      4  302.2  343.2  304.7
  913.0    903   21.4   17.2     77  13.71     40      4  302.3  343.1  304.8
  901.0   1018   20.4   16.9     80  13.63     53      8  302.4  342.9  304.9
  882.0   1202   19.3   16.4     83  13.44     75     15  303.1  343.2  305.6
  850.0   1520   17.4   15.4     88  13.11     85     26  304.4  343.7  306.8
  837.0   1652   16.4   15.0     91  12.98     85     28  304.6  343.6  307.0
  823.0   1796   16.2   14.3     88  12.64     85     30  306.0  344.1  308.3
  818.0   1849   16.2   14.1     87  12.52     86     29  306.4  344.3  308.8
  784.0   2212   16.6   11.6     72  11.06     90     22  310.6  344.8  312.7
  740.0   2701   13.8    7.3     65   8.75     95     13  312.8  340.2  314.4
  714.0   3003   12.1    4.7     60   7.54    115     12  314.1  338.0  315.6
  700.0   3171   11.2    3.2     58   6.93    110     12  314.9  336.9  316.2
  665.0   3598    9.7    0.8     54   6.14     90     15  317.9  337.7  319.0
  662.0   3636    9.6    0.6     53   6.07     90     15  318.1  337.8  319.3
  568.0   4887    0.0   -3.5     77   5.23     77     16  321.1  338.3  322.1
  553.0   5101   -0.7   -6.0     67   4.46     75     16  322.7  337.7  323.6
  539.0   5306   -1.3   -8.3     59   3.81     75     14  324.4  337.3  325.1
  513.0   5697   -4.2   -8.6     72   3.93     75      9  325.5  338.8  326.2
  500.0   5900   -5.7   -8.7     79   3.99     80     10  326.0  339.6  326.8
  487.0   6107   -7.3   -9.6     84   3.81     80     11  326.5  339.6  327.3
  475.0   6300   -8.4  -11.0     82   3.49     80     12  327.4  339.5  328.1
  457.0   6600  -10.2  -13.2     79   3.04     60     10  328.9  339.5  329.4
  435.0   6982  -12.5  -16.0     75   2.54     60     14  330.6  339.6  331.1
  423.0   7196  -14.5  -15.9     89   2.63     60     16  330.7  340.0  331.3
  420.0   7250  -14.9  -15.4     96   2.76     60     16  330.9  340.6  331.4
  418.0   7286  -15.1  -15.5     97   2.75     60     17  331.1  340.8  331.6
  415.0   7341  -14.7  -15.9     91   2.68     60     17  332.3  341.8  332.8
  413.0   7377  -14.7  -17.8     77   2.30     60     18  332.7  341.0  333.2
  411.0   7414  -14.7  -20.7     60   1.80     60     18  333.2  339.8  333.6
  406.0   7507  -15.4  -19.9     69   1.96     60     19  333.5  340.6  333.9
  401.0   7601  -16.1  -19.0     78   2.14     64     19  333.7  341.5  334.2
  400.0   7620  -16.3  -18.7     82   2.20     65     19  333.7  341.6  334.2
  390.0   7809  -17.3  -20.0     80   2.02     80     20  334.8  342.2  335.2
  373.0   8142  -19.1  -22.2     76   1.74     74     23  336.7  343.2  337.1
  369.0   8222  -19.5  -24.5     65   1.43     73     23  337.2  342.6  337.5
  362.0   8364  -20.5  -26.5     59   1.22     71     25  337.8  342.4  338.0
  361.0   8385  -20.5  -27.5     54   1.11     70     25  338.0  342.3  338.2
  360.0   8405  -20.7  -23.9     75   1.55     70     25  338.0  343.8  338.3
  359.0   8426  -20.7  -26.7     59   1.21     70     25  338.3  342.9  338.5
  355.0   8508  -21.5  -28.5     53   1.03     71     25  338.3  342.3  338.5
  353.0   8550  -21.5  -26.3     65   1.27     72     25  338.9  343.7  339.1
  326.0   9132  -24.5  -33.5     43   0.70     79     26  342.5  345.3  342.6
  306.0   9587  -28.2  -37.2     42   0.52     85     26  343.6  345.7  343.7
  300.0   9730  -29.3  -38.3     41   0.47     85     27  344.0  345.9  344.1
  267.0  10548  -36.1  -46.1     35   0.23     82     20  345.7  346.7  345.7
  250.0  11000  -39.9  -46.9     47   0.22     80     16  346.6  347.6  346.7
  249.0  11027  -40.1  -47.1     47   0.22     80     16  346.7  347.7  346.8
  225.0  11699  -46.2                          85      9  347.6         347.6
  215.0  12001  -48.9                          95      4  347.8         347.8
  206.0  12284  -51.5                         320      2  348.1         348.1
  200.0  12480  -53.3                         260      1  348.2         348.2
  196.0  12608  -54.3                         175      3  348.6         348.6
  170.0  13506  -61.3                         200     14  351.4         351.4
  162.0  13810  -63.7                         193     15  352.3         352.3
  154.0  14119  -65.9                         185     16  353.6         353.6
  150.0  14280  -67.1                         190     18  354.3         354.3
  140.0  14681  -70.0                         190     22  356.4         356.4
  126.0  15294  -74.3                         165     16  359.4         359.4
  114.0  15877  -78.4                         195      5  362.1         362.1
  110.0  16084  -79.9                         214      5  363.1         363.1
  100.0  16620  -80.7                         265      6  371.6         371.6
   97.0  16792  -81.2                         265      7  373.9         373.9
   92.2  17079  -81.9                         231     13  377.9         377.9
   92.0  17091  -81.8                         230     13  378.3         378.3
   87.0  17408  -79.4                         220      7  389.2         389.2
   85.9  17480  -78.9                         177      6  391.7         391.7
   83.0  17675  -79.8                          60      5  393.8         393.8
   77.6  18057  -81.5                          83     12  397.8         397.8
   74.0  18325  -81.8                         100     17  402.6         402.6
   72.8  18417  -81.9                          96     18  404.3         404.3
   70.0  18640  -77.9                          85     19  417.4         417.4
   67.0  18894  -74.5                          75     20  430.1         430.1
   65.5  19026  -72.7                          53     19  436.7         436.7
   64.0  19161  -73.3                          30     18  438.4         438.4
   61.0  19442  -74.5                          41     13  441.7         441.7
   60.0  19540  -73.5                          45     11  446.1         446.1
   57.0  19845  -70.3                         125     17  459.9         459.9
   53.8  20188  -66.7                         114     28  475.8         475.8
   50.0  20630  -68.3                         100     41  482.1         482.1
   48.3  20837  -69.5                          97     42  484.1         484.1
   47.0  21001  -68.0                          95     43  491.5         491.5
   44.5  21330  -64.9                          93     42  506.7         506.7
   41.5  21754  -66.3                          90     41  513.5         513.5
   37.0  22458  -61.6                          85     40  542.7         542.7
   35.7  22678  -60.1                          74     33  552.1         552.1
   34.7  22856  -56.7                          65     28  565.5         565.5
   33.0  23175  -55.9                          50     19  575.8         575.8
   32.1  23352  -51.9                         126      4  591.0         591.0
   32.0  23372  -51.9                         135      2  591.6         591.6
   30.0  23790  -51.5                         225     23  603.6         603.6
   28.0  24233  -52.3                         235     22  613.3         613.3
   27.0  24466  -52.8                         240     17  618.5         618.5
   25.0  24960  -53.7                         285     22  629.5         629.5
   21.0  26078  -55.8                         290     39  655.3         655.3
   20.9  26109  -55.9                         290     38  656.0         656.0
   20.0  26390  -53.7                         285     33  671.0         671.0
   18.3  26966  -49.7                         274     31  700.9         700.9
   17.0  27445  -50.4                         265     30  713.5         713.5
   15.0  28260  -51.6                         275     33  735.6         735.6
   14.5  28481  -51.9                         271     33  741.7         741.7
   13.2  29095  -47.5                         262     34  777.0         777.0
   13.0  29195  -47.8                         260     34  779.5         779.5
   11.0  30291  -50.5                                     807.6         807.6
</PRE><H3>Station information and sounding indices</H3><PRE>
                         Station identifier: WAAA
                             Station number: 97180
                           Observation time: 160613/0000
                           Station latitude: -5.06
                          Station longitude: 119.55
                          Station elevation: 14.0
                            Showalter index: -0.28
                               Lifted index: -1.01
    LIFT computed using virtual temperature: -1.25
                                SWEAT index: 246.79
                                    K index: 30.50
                         Cross totals index: 21.10
                      Vertical totals index: 23.10
                        Totals totals index: 44.20
      Convective Available Potential Energy: 120.25
             CAPE using virtual temperature: 153.19
                      Convective Inhibition: -237.49
             CINS using virtual temperature: -186.35
                           Equilibrum Level: 354.93
 Equilibrum Level using virtual temperature: 354.27
                   Level of Free Convection: 590.00
             LFCT using virtual temperature: 600.45
                     Bulk Richardson Number: 4.81
          Bulk Richardson Number using CAPV: 6.13
  Temp [K] of the Lifted Condensation Level: 291.60
Pres [hPa] of the Lifted Condensation Level: 896.34
     Mean mixed layer potential temperature: 300.88
              Mean mixed layer mixing ratio: 15.19
              1000 hPa to 500 hPa thickness: 5798.00
Precipitable water [mm] for entire sounding: 54.28
</PRE>
<P>Description of the 
<A HREF="/upperair/columns.html">data columns</A>
or <A HREF="/upperair/indices.html">sounding indices</A>.

<P>
<FORM>
<INPUT CLASS="button" TYPE="button" VALUE=" Close this window " 
 onClick="window.close();">
<INPUT CLASS="button" TYPE="button" VALUE=" Select another map " 
 onClick="window.blur();">
</FORM>
<HR SIZE="1">
<I>Interested in graduate studies in atmospheric science?
Check out our program at the
<a href="http://www.uwyo.edu/atsc/howtoapply/"
target=_top>University of Wyoming
</a></I>
<HR SIZE="1"><FONT SIZE="-1">
Questions about the weather data provided by this site can be
addressed to <A HREF="mailto:ldoolman@uwyo.edu">
Larry Oolman (ldoolman@uwyo.edu)</A></FONT>
<HR SIZE="1">
<SCRIPT TYPE="text/javascript">
<!--
window.focus();
// -->
</SCRIPT>
</BODY>
</HTML>
