2017-07-31 12
<HTML>
<TITLE>University of Wyoming - Radiosonde Data</TITLE>
<LINK REL="StyleSheet" HREF="/resources/select.css" TYPE="text/css">
<BODY BGCOLOR="white">
<H2>97180 WAAA Ujung Pandang Observations at 00Z 31 Jul 2017</H2>
<PRE>
-----------------------------------------------------------------------------
   PRES   HGHT   TEMP   DWPT   RELH   MIXR   DRCT   SKNT   THTA   THTE   THTV
    hPa     m      C      C      %    g/kg    deg   knot     K      K      K 
-----------------------------------------------------------------------------
 1010.0     14   25.8   21.4     77  16.17     90      4  298.1  345.2  301.0
 1000.0     97   25.8   17.8     61  12.99    100      9  298.9  337.1  301.3
  977.0    302   25.0   16.2     58  11.96     95      8  300.1  335.4  302.3
  972.0    348   24.8   15.8     57  11.75     92      8  300.4  335.1  302.5
  925.0    782   22.2   15.2     65  11.88     60      9  302.0  337.3  304.2
  912.0    904   21.3   15.0     67  11.89     55      6  302.3  337.8  304.5
  881.0   1202   19.2   14.5     74  11.94     75      1  303.1  338.8  305.3
  867.0   1341   18.2   14.3     78  11.96      8      1  303.5  339.2  305.6
  851.0   1500   17.4   12.6     73  10.89    290      1  304.3  337.1  306.3
  850.0   1510   17.4   12.5     73  10.82    300      1  304.4  336.9  306.3
  845.0   1561   17.4    9.4     59   8.83    308      2  304.9  331.7  306.5
  822.0   1796   16.1   10.3     69   9.68    345      6  305.9  335.3  307.7
  799.0   2038   14.8   11.3     80  10.63    353      5  307.0  339.4  309.0
  793.0   2102   15.2    8.7     65   9.01    355      5  308.1  335.8  309.8
  788.0   2156   15.6    6.6     55   7.81    351      4  309.1  333.3  310.6
  769.0   2363   15.2   -0.8     33   4.72    337      2  310.8  325.9  311.7
  768.0   2375   15.0    3.0     44   6.22    337      2  310.7  330.3  311.9
  766.0   2397   15.4   -5.6     23   3.30    335      2  311.4  322.1  312.0
  755.0   2519   16.0  -15.0     11   1.59     44      2  313.3  318.8  313.6
  739.0   2700   14.9  -15.6     11   1.55    145      1  314.0  319.3  314.3
  713.0   3002   13.0  -16.5     11   1.48    150      6  315.2  320.3  315.4
  700.0   3157   12.0  -17.0     12   1.45    175      5  315.7  320.8  316.0
  688.0   3300   11.1  -17.9     11   1.36    215      4  316.2  321.0  316.5
  664.0   3593    9.1  -19.9     11   1.19    185      4  317.3  321.5  317.5
  640.0   3897    7.1  -21.9     11   1.04    105      7  318.3  322.0  318.5
  621.0   4145    5.4  -23.6     10   0.92     89     12  319.2  322.5  319.4
  617.0   4198    5.2  -26.8      8   0.70     85     13  319.5  322.1  319.7
  613.0   4251    5.0  -30.0      6   0.52     88     14  319.9  321.8  320.0
  608.0   4318    5.0  -20.0     14   1.29     91     15  320.6  325.2  320.9
  602.0   4398    4.6  -12.4     28   2.46     95     17  321.1  329.6  321.6
  594.0   4506    3.9  -13.1     28   2.35    100     19  321.5  329.6  321.9
  554.0   5069    0.0  -17.0     27   1.83     98     16  323.4  329.8  323.7
  551.0   5112   -0.5  -12.5     40   2.67     98     16  323.3  332.5  323.8
  543.0   5229   -1.3  -18.3     26   1.67     97     15  323.7  329.6  324.0
  531.0   5406   -2.5  -19.5     26   1.55     97     14  324.3  329.8  324.6
  516.0   5633   -4.3  -12.3     54   2.90     96     13  324.8  334.8  325.4
  500.0   5880   -6.5  -13.5     58   2.71     95     12  325.1  334.4  325.6
  494.0   5974   -7.1  -14.1     57   2.61     88     12  325.4  334.5  326.0
  492.0   6005   -7.2  -14.7     55   2.50     85     12  325.7  334.4  326.2
  490.0   6037   -7.3  -15.3     53   2.39     83     12  325.9  334.3  326.4
  486.0   6101   -7.9  -12.6     69   3.00     80     11  326.0  336.4  326.6
  481.0   6181   -8.3  -11.9     75   3.21     75     11  326.4  337.5  327.1
  479.0   6213   -8.3  -14.3     62   2.65     73     10  326.8  336.1  327.4
  455.0   6603  -11.4  -15.9     69   2.45     50      7  327.8  336.5  328.3
  405.0   7487  -18.3  -19.4     91   2.04     68     16  329.9  337.3  330.4
  403.0   7524  -17.7  -22.2     68   1.61     69     16  331.2  337.1  331.5
  402.0   7543  -16.5  -24.5     50   1.32     69     17  333.0  337.9  333.2
  400.0   7580  -15.9  -25.9     42   1.16     70     17  334.2  338.6  334.5
  395.0   7675  -15.9  -28.9     32   0.89     76     18  335.4  338.9  335.6
  388.0   7808  -16.7  -30.7     29   0.77     85     19  336.1  339.1  336.3
  359.0   8388  -20.1  -38.7     17   0.38    110     25  339.1  340.7  339.2
  357.0   8430  -20.3  -39.3     17   0.36    110     25  339.4  340.8  339.4
  317.0   9291  -27.4  -43.7     20   0.25    105     24  341.2  342.3  341.3
  300.0   9690  -30.7  -45.7     22   0.21     90     28  342.0  342.9  342.0
  255.0  10816  -40.1  -47.1     47   0.22     68     53  344.4  345.3  344.4
  250.0  10950  -40.7                          65     56  345.4         345.4
  245.0  11087  -41.4                          65     60  346.4         346.4
  225.0  11666  -44.1                          65     52  350.8         350.8
  224.0  11696  -44.3                          65     52  350.9         350.9
  200.0  12450  -50.1                          95     32  353.3         353.3
  170.0  13473  -59.5                         125     22  354.5         354.5
  150.0  14260  -66.7                         135     21  355.0         355.0
  139.0  14704  -69.9                         135     22  357.1         357.1
  113.0  15910  -78.7                         140     32  362.5         362.5
  112.0  15962  -79.1                         140     32  362.7         362.7
  102.0  16488  -79.8                          90     24  371.3         371.3
  100.0  16600  -79.9                          75     20  373.1         373.1
   97.3  16756  -80.5                          39     16  374.9         374.9
   97.0  16773  -80.4                          35     16  375.4         375.4
   95.9  16838  -79.9                          25     16  377.6         377.6
   95.0  16893  -76.7                          17     16  384.9         384.9
   92.0  17080  -76.3                         350     17  389.2         389.2
   87.0  17407  -75.6                         285      9  396.9         396.9
   83.0  17682  -75.0                         295      8  403.4         403.4
   75.0  18274  -73.8                         275     26  417.9         417.9
   72.1  18505  -73.3                         278     24  423.6         423.6
   70.0  18680  -71.7                         280     22  430.7         430.7
   67.0  18940  -70.2                         270     26  439.2         439.2
   62.4  19363  -67.9                         262     28  453.4         453.4
   61.0  19499  -67.9                         260     29  456.3         456.3
   52.0  20455  -68.1                         265     28  477.3         477.3
   50.0  20690  -68.1                         260     26  482.6         482.6
   48.6  20860  -68.1                         263     24  486.5         486.5
   45.0  21327  -63.8                         270     17  507.8         507.8
   43.0  21603  -61.2                         350     11  520.7         520.7
   42.9  21617  -61.1                         351     11  521.4         521.4
   41.0  21896  -61.7                          15     21  526.7         526.7
   38.5  22283  -62.5                          33     15  534.2         534.2
   37.0  22528  -61.5                          45     12  542.8         542.8
   35.2  22835  -60.3                          72     18  553.8         553.8
   35.0  22870  -60.4                          75     19  554.5         554.5
   31.0  23618  -62.2                         100     41  569.1         569.1
   30.0  23820  -62.7                         100     43  573.1         573.1
   29.8  23861  -61.5                                     577.5         577.5
</PRE><H3>Station information and sounding indices</H3><PRE>
                         Station identifier: WAAA
                             Station number: 97180
                           Observation time: 170731/0000
                           Station latitude: -5.06
                          Station longitude: 119.55
                          Station elevation: 14.0
                            Showalter index: 1.68
                               Lifted index: 1.81
    LIFT computed using virtual temperature: 1.59
                                SWEAT index: 163.99
                                    K index: 7.40
                         Cross totals index: 19.00
                      Vertical totals index: 23.90
                        Totals totals index: 42.90
      Convective Available Potential Energy: 0.00
             CAPE using virtual temperature: 0.00
                      Convective Inhibition: 0.00
             CINS using virtual temperature: 0.00
                     Bulk Richardson Number: 0.00
          Bulk Richardson Number using CAPV: 0.00
  Temp [K] of the Lifted Condensation Level: 288.21
Pres [hPa] of the Lifted Condensation Level: 871.30
     Mean mixed layer potential temperature: 299.79
              Mean mixed layer mixing ratio: 12.57
              1000 hPa to 500 hPa thickness: 5783.00
Precipitable water [mm] for entire sounding: 34.73
</PRE>
<P>Description of the 
<A HREF="/upperair/columns.html">data columns</A>
or <A HREF="/upperair/indices.html">sounding indices</A>.

<P>
<FORM>
<INPUT CLASS="button" TYPE="button" VALUE=" Close this window " 
 onClick="window.close();">
<INPUT CLASS="button" TYPE="button" VALUE=" Select another map " 
 onClick="window.blur();">
</FORM>
<HR SIZE="1">
<I>Interested in graduate studies in atmospheric science?
Check out our program at the
<a href="http://www.uwyo.edu/atsc/howtoapply/"
target=_top>University of Wyoming
</a></I>
<HR SIZE="1"><FONT SIZE="-1">
Questions about the weather data provided by this site can be
addressed to <A HREF="mailto:ldoolman@uwyo.edu">
Larry Oolman (ldoolman@uwyo.edu)</A></FONT>
<HR SIZE="1">
<SCRIPT TYPE="text/javascript">
<!--
window.focus();
// -->
</SCRIPT>
</BODY>
</HTML>
