2016-03-30 12
<HTML>
<TITLE>University of Wyoming - Radiosonde Data</TITLE>
<LINK REL="StyleSheet" HREF="/resources/select.css" TYPE="text/css">
<BODY BGCOLOR="white">
<H2>97180 WAAA Ujung Pandang Observations at 00Z 30 Mar 2016</H2>
<PRE>
-----------------------------------------------------------------------------
   PRES   HGHT   TEMP   DWPT   RELH   MIXR   DRCT   SKNT   THTA   THTE   THTV
    hPa     m      C      C      %    g/kg    deg   knot     K      K      K 
-----------------------------------------------------------------------------
 1013.0     14   25.2   24.5     96  19.55    115      4  297.2  354.1  300.7
 1009.0     48   25.0   22.7     87  17.56    120      4  297.4  348.4  300.5
 1000.0    124   25.8   21.9     79  16.85    130      4  298.9  348.3  302.0
  985.0    258   26.0   21.2     75  16.38    149      6  300.4  348.7  303.4
  980.0    302   25.7   21.1     75  16.33    155      6  300.6  348.7  303.5
  925.0    810   22.6   19.6     83  15.78    165      4  302.4  349.3  305.3
  916.0    895   22.1   19.3     84  15.63    160      4  302.7  349.2  305.5
  850.0   1543   18.0   16.9     93  14.46    135     10  305.0  348.4  307.6
  796.0   2099   15.0   14.0     94  12.80    130     10  307.6  346.5  310.0
  742.0   2693   11.9   10.9     94  11.18    105      6  310.4  344.8  312.5
  715.0   3007   10.2    9.3     94  10.39    115     10  311.9  344.1  313.8
  700.0   3184    9.8    8.4     91   9.98    120     12  313.3  344.5  315.2
  645.0   3862    7.6    4.0     78   7.97    134     12  318.2  343.8  319.8
  642.0   3900    7.3    3.8     78   7.90    135     12  318.3  343.7  319.8
  619.0   4198    5.0    2.4     83   7.38    125     12  319.0  342.8  320.4
  581.0   4714    1.0   -0.2     92   6.53    129     13  320.2  341.4  321.4
  556.0   5068    0.0   -2.5     83   5.76    132     13  323.0  342.1  324.1
  533.0   5403   -2.3   -3.8     89   5.45    135     14  324.2  342.4  325.3
  500.0   5910   -5.7   -5.8     99   4.99    105     10  326.0  342.8  327.0
  494.0   6005   -6.2   -6.3     99   4.86     95     10  326.5  342.9  327.5
  476.0   6295   -7.8   -7.9    100   4.47     60     14  328.0  343.2  328.9
  471.0   6378   -8.3   -8.3    100   4.37     60     14  328.4  343.4  329.3
  461.0   6545   -7.7  -11.0     77   3.60     61     14  331.2  343.8  331.9
  445.0   6820   -8.9  -14.9     62   2.72     62     14  333.0  342.7  333.6
  439.0   6926   -9.5  -14.0     70   2.97     62     14  333.6  344.1  334.2
  436.0   6979   -9.9  -19.9     44   1.82     63     14  333.7  340.4  334.1
  432.0   7050  -10.3  -15.3     67   2.71     63     14  334.1  343.8  334.6
  431.0   7068  -10.3  -20.3     44   1.78     63     14  334.3  340.8  334.7
  420.0   7267  -11.5  -24.5     33   1.26     64     14  335.2  340.0  335.5
  401.0   7621  -13.7  -21.7     51   1.69     65     14  336.9  343.1  337.2
  400.0   7640  -13.7  -24.7     39   1.30     65     14  337.1  342.0  337.4
  391.0   7812  -15.0  -25.6     40   1.22     60     12  337.6  342.3  337.9
  375.0   8127  -17.3  -27.3     41   1.09     57     13  338.6  342.8  338.8
  361.0   8410  -19.4  -23.8     68   1.55     55     14  339.4  345.3  339.8
  353.0   8577  -20.7  -21.8     91   1.90     72     14  339.9  347.0  340.3
  347.0   8702  -21.6  -22.9     89   1.77     85     14  340.4  347.0  340.8
  312.0   9479  -27.1  -29.4     81   1.08     89     11  343.2  347.4  343.4
  306.0   9618  -28.2  -30.1     84   1.03     90     10  343.6  347.6  343.8
  300.0   9760  -29.3  -30.8     87   0.98     95     10  344.0  347.8  344.2
  272.0  10454  -34.5  -38.2     69   0.52    108     15  346.2  348.3  346.3
  258.0  10821  -37.3  -41.8     63   0.38    115     17  347.4  349.0  347.5
  250.0  11040  -38.9  -43.9     59   0.31    100     12  348.1  349.4  348.2
  244.0  11205  -40.1  -44.6     62   0.30     88     11  348.7  350.0  348.8
  226.0  11712  -44.6                          50      8  349.5         349.5
  216.0  12011  -47.3                          40      4  349.9         349.9
  207.0  12293  -49.9                          95      4  350.2         350.2
  200.0  12520  -51.9                         105      4  350.4         350.4
  197.0  12615  -52.7                         110      4  350.7         350.7
  188.0  12907  -55.2                         285      2  351.4         351.4
  155.0  14115  -65.4                         295     17  353.9         353.9
  150.0  14320  -67.1                         315     16  354.3         354.3
  146.0  14482  -68.1                         328     16  355.3         355.3
  141.0  14685  -69.3                         345     16  356.8         356.8
  121.0  15573  -74.3                         295     29  363.5         363.5
  115.0  15868  -76.0                         285     31  365.6         365.6
  109.0  16180  -77.8                         265     23  367.9         367.9
  100.0  16680  -80.7                         265     25  371.6         371.6
   98.0  16793  -81.1                         265     25  372.9         372.9
   93.0  17086  -82.2                         240     21  376.4         376.4
   85.6  17551  -83.9                         295     16  382.0         382.0
   79.0  18000  -82.2                         335      6  394.4         394.4
   75.0  18292  -81.0                          70     14  402.7         402.7
   71.8  18536  -80.1                          61     16  409.7         409.7
   70.0  18680  -80.5                          55     17  411.9         411.9
   67.0  18927  -80.2                          35     19  417.6         417.6
   64.0  19186  -80.0                          45     16  423.7         423.7
   63.3  19248  -79.9                          56     13  425.2         425.2
   61.2  19442  -74.1                          92      5  442.2         442.2
   61.0  19461  -74.0                          95      4  442.8         442.8
   57.6  19797  -72.1                         315      4  454.4         454.4
   57.0  19858  -72.4                         290      4  455.0         455.0
   55.0  20066  -73.6                         280      4  457.0         457.0
   50.0  20620  -76.7                          50      4  462.4         462.4
   49.0  20736  -77.2                           5      6  463.9         463.9
   48.4  20807  -77.5                          15      6  464.8         464.8
   47.0  20979  -75.5                         100      6  473.6         473.6
   42.8  21528  -68.9                          98     26  502.6         502.6
   38.8  22115  -68.9                          95     47  516.8         516.8
   38.0  22244  -67.6                          95     52  523.2         523.2
   33.0  23112  -59.0                          80     12  567.5         567.5
   32.2  23263  -57.5                         212      9  575.5         575.5
   32.0  23303  -57.5                         245      8  576.4         576.4
   30.0  23710  -58.1                         205     10  585.7         585.7
   28.4  24055  -58.7                         153     12  593.2         593.2
   27.0  24378  -55.4                         105     14  611.2         611.2
   26.0  24619  -52.9                         105      8  625.0         625.0
   25.7  24693  -52.1                          69      6  629.2         629.2
   25.0  24872  -52.1                         345      2  634.3         634.3
   23.0  25413  -52.0                         190      4  649.7         649.7
   22.0  25702  -52.0                          85      6  658.1         658.1
   21.0  26004  -51.9                          60      8  667.1         667.1
   20.0  26320  -51.9                         325      6  676.6         676.6
   18.9  26687  -51.7                                     688.2         688.2
</PRE><H3>Station information and sounding indices</H3><PRE>
                         Station identifier: WAAA
                             Station number: 97180
                           Observation time: 160330/0000
                           Station latitude: -5.06
                          Station longitude: 119.55
                          Station elevation: 14.0
                            Showalter index: -2.06
                               Lifted index: -2.20
    LIFT computed using virtual temperature: -2.36
                                SWEAT index: 232.81
                                    K index: 39.20
                         Cross totals index: 22.60
                      Vertical totals index: 23.70
                        Totals totals index: 46.30
      Convective Available Potential Energy: 178.89
             CAPE using virtual temperature: 230.62
                      Convective Inhibition: -62.55
             CINS using virtual temperature: -56.83
                           Equilibrum Level: 286.83
 Equilibrum Level using virtual temperature: 286.66
                   Level of Free Convection: 785.26
             LFCT using virtual temperature: 798.02
                     Bulk Richardson Number: 65.03
          Bulk Richardson Number using CAPV: 83.83
  Temp [K] of the Lifted Condensation Level: 293.66
Pres [hPa] of the Lifted Condensation Level: 929.29
     Mean mixed layer potential temperature: 299.89
              Mean mixed layer mixing ratio: 16.66
              1000 hPa to 500 hPa thickness: 5786.00
Precipitable water [mm] for entire sounding: 64.17
</PRE>
<P>Description of the 
<A HREF="/upperair/columns.html">data columns</A>
or <A HREF="/upperair/indices.html">sounding indices</A>.

<P>
<FORM>
<INPUT CLASS="button" TYPE="button" VALUE=" Close this window " 
 onClick="window.close();">
<INPUT CLASS="button" TYPE="button" VALUE=" Select another map " 
 onClick="window.blur();">
</FORM>
<HR SIZE="1">
<I>Interested in graduate studies in atmospheric science?
Check out our program at the
<a href="http://www.uwyo.edu/atsc/howtoapply/"
target=_top>University of Wyoming
</a></I>
<HR SIZE="1"><FONT SIZE="-1">
Questions about the weather data provided by this site can be
addressed to <A HREF="mailto:ldoolman@uwyo.edu">
Larry Oolman (ldoolman@uwyo.edu)</A></FONT>
<HR SIZE="1">
<SCRIPT TYPE="text/javascript">
<!--
window.focus();
// -->
</SCRIPT>
</BODY>
</HTML>
