2018-05-04 00
<HTML>
<TITLE>University of Wyoming - Radiosonde Data</TITLE>
<LINK REL="StyleSheet" HREF="/resources/select.css" TYPE="text/css">
<BODY BGCOLOR="white">
<H2>97180 WAAA Ujung Pandang Observations at 00Z 04 May 2018</H2>
<PRE>
-----------------------------------------------------------------------------
   PRES   HGHT   TEMP   DWPT   RELH   MIXR   DRCT   SKNT   THTA   THTE   THTV
    hPa     m      C      C      %    g/kg    deg   knot     K      K      K 
-----------------------------------------------------------------------------
 1011.0     14   26.4   24.1     87  19.12      0      0  298.6  354.5  302.0
 1010.0     23   24.8   20.3     76  15.08     11      0  297.1  340.9  299.8
 1004.0     74   25.0   19.0     69  13.97     79      3  297.8  338.5  300.3
 1000.0    109   26.0   18.0     61  13.16    125      4  299.1  337.8  301.5
  999.0    118   26.4   18.4     61  13.51    127      4  299.6  339.4  302.1
  988.0    216   27.0   17.0     54  12.49    153      3  301.2  338.2  303.4
  979.0    296   26.4   16.7     55  12.38    175      3  301.4  338.1  303.7
  925.0    795   23.0   15.0     61  11.72    180      4  302.8  337.8  304.9
  914.0    898   22.3   14.2     60  11.24    185      3  303.2  336.8  305.2
  883.0   1197   20.4   11.8     58   9.95    105      5  304.1  334.1  306.0
  850.0   1526   18.2    9.2     56   8.66     75      7  305.2  331.5  306.8
  842.0   1607   17.8    7.8     52   7.94     69      6  305.6  329.9  307.1
  824.0   1793   18.0    5.4     44   6.87     55      5  307.7  329.0  308.9
  821.0   1825   18.0    5.0     42   6.70     71      5  308.0  328.9  309.3
  795.0   2100   15.8    4.6     47   6.75    210      3  308.6  329.6  309.8
  778.0   2285   14.4    4.4     51   6.78    212      5  308.9  330.1  310.2
  758.0   2505   13.6   -3.4     31   3.94    213      8  310.4  323.0  311.1
  741.0   2697   12.5   -2.0     36   4.47    215     10  311.2  325.5  312.0
  731.0   2811   11.8   -1.2     40   4.82    228      9  311.6  327.0  312.6
  726.0   2869   12.4  -14.6     14   1.71    235      8  312.9  318.7  313.2
  715.0   2997   11.5   -8.2     24   2.90    250      7  313.3  322.9  313.9
  711.0   3044   11.2   -5.8     30   3.51    245      7  313.5  324.9  314.1
  701.0   3163   10.6  -15.4     15   1.65    231      8  314.1  319.7  314.4
  700.0   3175   10.6  -15.4     15   1.66    230      8  314.2  319.9  314.5
  692.0   3271   10.2  -13.8     17   1.91    224      8  314.8  321.3  315.1
  688.0   3319    9.8   -6.2     32   3.51    221      8  314.9  326.4  315.5
  641.0   3902    7.4  -24.6      8   0.81    185      6  318.5  321.5  318.7
  627.0   4084    6.6  -30.4      5   0.49    183      8  319.7  321.5  319.8
  554.0   5086    0.0  -24.0     14   1.00    170     16  323.4  327.0  323.6
  553.0   5101   -0.0  -24.9     13   0.93    170     16  323.5  326.9  323.7
  548.0   5173   -0.1  -29.1      9   0.63    174     15  324.2  326.6  324.4
  533.0   5395   -1.2  -15.2     34   2.21    185     12  325.5  333.2  325.9
  532.0   5410   -1.3  -14.3     37   2.39    184     12  325.6  333.9  326.0
  500.0   5900   -5.7  -13.7     53   2.67    165      5  326.0  335.3  326.6
  494.0   5994   -6.7  -13.6     58   2.73    170      4  326.0  335.4  326.5
  489.0   6074   -7.5  -13.5     62   2.77    148      5  325.9  335.5  326.4
  475.0   6298   -9.2  -16.6     55   2.20     85      6  326.5  334.3  327.0
  461.0   6529  -10.9  -19.9     47   1.72     89      8  327.2  333.3  327.5
  453.0   6663  -10.7  -27.7     23   0.87     91      8  329.1  332.4  329.3
  439.0   6903  -12.1  -29.7     22   0.75     95     10  330.2  333.1  330.4
  428.0   7097  -13.3  -31.3     20   0.66    110     10  331.1  333.7  331.3
  410.0   7423  -13.5  -43.5      6   0.20    134     10  335.0  335.8  335.0
  406.0   7497  -13.9  -40.7      8   0.27    140     10  335.4  336.5  335.5
  400.0   7610  -14.5  -36.5     14   0.42    135     10  336.1  337.8  336.1
  375.0   8093  -17.7  -38.5     14   0.37    135     10  338.0  339.5  338.1
  360.0   8399  -19.8  -39.8     15   0.33    165     11  339.3  340.6  339.4
  359.0   8419  -19.9  -39.9     15   0.33    165     11  339.4  340.7  339.4
  332.0   8987  -24.7  -43.2     16   0.25    160     14  340.5  341.5  340.5
  318.0   9300  -27.3  -45.1     17   0.22    105     13  341.0  341.9  341.1
  306.0   9579  -29.7  -46.7     18   0.19     82     15  341.5  342.3  341.5
  300.0   9720  -30.1  -52.1     10   0.10     70     16  342.8  343.3  342.9
  293.0   9888  -31.4  -52.8     10   0.10     70     15  343.4  343.8  343.4
  280.0  10210  -33.8  -54.2     11   0.09     75     11  344.4  344.8  344.4
  275.0  10338  -34.7  -54.7     11   0.08     87     10  344.8  345.2  344.8
  257.0  10808  -38.7  -55.7     15   0.08    130      7  345.6  346.0  345.7
  251.0  10973  -40.1  -56.1     16   0.08    130      7  345.9  346.3  345.9
  250.0  11000  -40.3                         130      7  346.0         346.0
  235.0  11408  -43.8                         155      7  346.9         346.9
  200.0  12470  -52.9                          85      4  348.8         348.8
  187.0  12888  -56.3                          60      2  350.1         350.1
  178.0  13195  -58.8                           0      3  351.0         351.0
  162.0  13781  -63.6                         330      7  352.5         352.5
  150.0  14260  -67.5                         320      6  353.6         353.6
  147.0  14377  -68.3                         325      6  354.2         354.2
  139.0  14701  -70.6                         345      9  356.0         356.0
  132.0  15000  -72.7                         325      9  357.6         357.6
  126.0  15270  -74.5                         330      5  358.9         358.9
  119.0  15601  -76.9                         180      5  360.6         360.6
  113.0  15900  -79.0                         165      8  362.1         362.1
  104.0  16381  -82.3                          50      5  364.4         364.4
  102.0  16489  -81.9                          20      1  367.2         367.2
  100.0  16600  -81.5                         215      3  370.0         370.0
   97.0  16771  -82.2                         185      5  371.9         371.9
   92.6  17031  -83.3                         130      5  374.7         374.7
   87.0  17382  -81.6                          55      4  384.8         384.8
   84.0  17580  -80.7                         144      8  390.5         390.5
   82.0  17715  -81.3                         205     10  392.1         392.1
   78.6  17954  -82.3                         146      8  394.7         394.7
   78.0  17997  -82.0                         135      8  396.1         396.1
   74.9  18226  -80.7                          27      6  403.6         403.6
   74.0  18296  -78.2                         355      5  410.2         410.2
   72.5  18414  -73.9                         337     10  421.7         421.7
   70.0  18620  -72.5                         305     18  428.9         428.9
   68.7  18730  -71.9                         298     18  432.6         432.6
   64.5  19100  -74.1                         273     18  435.6         435.6
   60.0  19525  -73.1                         245     18  446.9         446.9
   54.0  20144  -71.7                         100     11  463.9         463.9
   51.9  20377  -71.1                          67     14  470.5         470.5
   51.3  20445  -71.1                          57     15  472.1         472.1
   50.8  20504  -67.7                          48     16  481.4         481.4
   50.2  20576  -65.7                          38     17  487.7         487.7
   50.0  20600  -65.1                          35     17  489.7         489.7
   49.0  20723  -64.4                          25     19  494.1         494.1
   48.8  20748  -64.3                          25     20  495.0         495.0
   47.0  20976  -65.7                          20     26  496.9         496.9
   45.1  21227  -67.3                          38     30  499.0         499.0
   42.0  21664  -65.9                          70     38  512.7         512.7
   33.0  23145  -61.2                         105     56  561.8         561.8
   30.0  23730  -59.3                          90     62  582.4         582.4
   27.0  24390  -58.3                          90     61  603.0         603.0
   25.0  24882  -56.2                          90     60  622.4         622.4
   20.0  26310  -50.1                          90     68  682.1         682.1
   19.7  26409  -49.6                          90     70  686.4         686.4
   19.1  26612  -48.7                                     695.4         695.4
</PRE><H3>Station information and sounding indices</H3><PRE>
                         Station identifier: WAAA
                             Station number: 97180
                           Observation time: 180504/0000
                           Station latitude: -5.06
                          Station longitude: 119.55
                          Station elevation: 14.0
                            Showalter index: 4.91
                               Lifted index: 1.82
    LIFT computed using virtual temperature: 1.55
                                SWEAT index: 129.38
                                    K index: 7.10
                         Cross totals index: 14.90
                      Vertical totals index: 23.90
                        Totals totals index: 38.80
      Convective Available Potential Energy: 0.00
             CAPE using virtual temperature: 0.00
                      Convective Inhibition: 0.00
             CINS using virtual temperature: 0.00
                     Bulk Richardson Number: 0.00
          Bulk Richardson Number using CAPV: 0.00
  Temp [K] of the Lifted Condensation Level: 288.50
Pres [hPa] of the Lifted Condensation Level: 866.22
     Mean mixed layer potential temperature: 300.60
              Mean mixed layer mixing ratio: 12.87
              1000 hPa to 500 hPa thickness: 5791.00
Precipitable water [mm] for entire sounding: 31.84
</PRE>
<P>Description of the 
<A HREF="/upperair/columns.html">data columns</A>
or <A HREF="/upperair/indices.html">sounding indices</A>.

<P>
<FORM>
<INPUT CLASS="button" TYPE="button" VALUE=" Close this window " 
 onClick="window.close();">
<INPUT CLASS="button" TYPE="button" VALUE=" Select another map " 
 onClick="window.blur();">
</FORM>
<HR SIZE="1">
<I>Interested in graduate studies in atmospheric science?
Check out our program at the
<a href="http://www.uwyo.edu/atsc/howtoapply/"
target=_top>University of Wyoming
</a></I>
<HR SIZE="1"><FONT SIZE="-1">
Questions about the weather data provided by this site can be
addressed to <A HREF="mailto:ldoolman@uwyo.edu">
Larry Oolman (ldoolman@uwyo.edu)</A></FONT>
<HR SIZE="1">
<SCRIPT TYPE="text/javascript">
<!--
window.focus();
// -->
</SCRIPT>
</BODY>
</HTML>
