2016-12-11 00
<HTML>
<TITLE>University of Wyoming - Radiosonde Data</TITLE>
<LINK REL="StyleSheet" HREF="/resources/select.css" TYPE="text/css">
<BODY BGCOLOR="white">
<H2>97180 WAAA Ujung Pandang Observations at 00Z 11 Dec 2016</H2>
<PRE>
-----------------------------------------------------------------------------
   PRES   HGHT   TEMP   DWPT   RELH   MIXR   DRCT   SKNT   THTA   THTE   THTV
    hPa     m      C      C      %    g/kg    deg   knot     K      K      K 
-----------------------------------------------------------------------------
 1008.0     14   26.8   23.2     81  18.13      0      0  299.3  352.4  302.5
 1003.0     56   26.0   20.0     70  14.90     53      2  298.9  342.5  301.6
 1000.0     82   25.6   19.6     69  14.57     85      3  298.8  341.4  301.4
  999.0     91   25.6   19.6     69  14.59     82      3  298.8  341.5  301.4
  992.0    153   26.8   20.8     70  15.86     57      5  300.6  347.4  303.5
  976.0    296   26.1   20.1     70  15.45      0      8  301.4  347.1  304.1
  973.0    324   26.0   20.0     70  15.37    360      8  301.5  347.0  304.3
  943.0    598   24.1   18.1     69  14.10    355      9  302.3  344.2  304.9
  925.0    767   23.0   17.0     69  13.35      5      8  302.8  342.6  305.2
  911.0    899   22.0   16.7     72  13.33      5      7  303.1  342.9  305.5
  868.0   1319   18.8   15.9     83  13.26     40      6  304.0  343.7  306.4
  850.0   1499   18.0   14.7     81  12.52     55      5  305.0  342.7  307.3
  820.0   1802   16.6   12.8     78  11.42     55      4  306.7  341.4  308.8
  792.0   2096   15.3   10.9     75  10.44      0      6  308.3  340.3  310.3
  764.0   2400   13.9    8.9     72   9.48     25      8  310.1  339.4  311.8
  737.0   2703   12.6    7.0     69   8.60     15      6  311.8  338.6  313.4
  718.0   2924   11.6    5.6     67   8.00     26      6  313.0  338.2  314.5
  711.0   3005   11.0    5.5     69   8.02     30      6  313.2  338.4  314.7
  700.0   3135   10.0    5.3     73   8.04     20      5  313.5  338.9  315.1
  678.0   3400    8.2    4.4     77   7.79     17      6  314.4  339.1  315.9
  638.0   3900    6.0    0.4     67   6.22     10      8  317.4  337.6  318.6
  630.0   4004    5.6   -0.4     65   5.93      8      8  318.1  337.4  319.2
  615.0   4200    4.2   -0.4     72   6.10      5      8  318.6  338.4  319.8
  597.0   4442    2.4   -0.3     82   6.31    357     10  319.3  339.8  320.5
  593.0   4496    2.2   -0.7     81   6.19    355     11  319.7  339.9  320.9
  571.0   4800    1.1   -2.7     76   5.53      0      9  321.9  340.2  323.0
  550.0   5102    0.1   -4.7     70   4.93     35      4  324.1  340.7  325.1
  548.0   5131    0.0   -4.9     70   4.88     36      4  324.4  340.7  325.3
  525.0   5474   -1.7   -9.7     54   3.51     50      6  326.3  338.4  327.0
  500.0   5860   -4.3   -9.3     68   3.80     65      9  327.7  340.8  328.5
  463.0   6458   -8.9  -11.5     81   3.45     99      8  329.3  341.2  330.0
  453.0   6626   -9.9  -12.1     84   3.36    109      8  330.1  341.8  330.8
  437.0   6901  -11.4  -16.2     67   2.48    125      8  331.6  340.4  332.1
  436.0   6918  -11.5  -16.5     66   2.43    125      8  331.7  340.4  332.2
  420.0   7202  -13.5  -22.5     47   1.50    120      6  332.7  338.2  333.0
  418.0   7239  -13.5  -23.5     43   1.38    119      6  333.1  338.3  333.4
  417.0   7257  -13.7  -23.7     43   1.36    119      6  333.1  338.1  333.4
  415.0   7293  -14.1  -20.1     60   1.88    118      6  333.1  339.9  333.4
  414.0   7311  -14.3  -18.3     72   2.20    118      6  333.0  340.9  333.5
  413.0   7329  -14.5  -15.5     92   2.79    118      6  333.0  342.9  333.6
  412.0   7348  -14.5  -21.5     55   1.67    118      6  333.2  339.4  333.6
  411.0   7366  -14.5  -17.5     78   2.37    117      6  333.5  342.0  333.9
  408.0   7421  -14.9  -19.5     68   2.01    116      5  333.6  340.9  334.1
  404.0   7495  -15.3  -19.1     73   2.10    115      5  334.1  341.7  334.5
  400.0   7570  -15.7  -18.7     78   2.20     95      4  334.5  342.5  334.9
  388.0   7798  -17.0  -21.2     70   1.82     50      6  335.7  342.4  336.1
  358.0   8401  -20.5  -27.9     51   1.08     50      4  338.8  343.0  339.1
  353.0   8506  -21.1  -29.1     49   0.98     39      5  339.4  343.2  339.6
  344.0   8696  -22.5  -36.2     27   0.51     20      6  340.1  342.1  340.2
  336.0   8870  -23.7  -42.7     16   0.26     40      4  340.7  341.8  340.7
  330.0   9001  -24.7  -44.0     15   0.23     55      3  341.1  342.1  341.1
  320.0   9225  -26.3  -46.3     13   0.19     44      5  341.8  342.6  341.9
  315.0   9339  -27.1  -46.1     15   0.20     38      5  342.3  343.1  342.3
  312.0   9408  -27.5  -38.5     34   0.44     34      6  342.6  344.4  342.7
  311.0   9431  -27.9  -34.9     51   0.64     33      6  342.4  344.9  342.5
  304.0   9595  -29.1  -36.1     51   0.58     25      7  342.9  345.3  343.1
  303.0   9619  -29.1  -33.3     67   0.77     24      7  343.3  346.3  343.4
  300.0   9690  -29.7  -34.5     63   0.69     20      8  343.4  346.1  343.6
  298.0   9738  -29.9  -36.9     51   0.54     17      8  343.8  346.0  343.9
  292.0   9883  -30.9  -35.9     61   0.61      7      9  344.4  346.8  344.5
  291.0   9907  -31.1  -36.2     61   0.60      5      9  344.4  346.8  344.5
  285.0  10055  -32.3  -38.3     55   0.49      5      9  344.8  346.8  344.9
  282.0  10130  -32.7  -42.7     36   0.32      5      8  345.2  346.5  345.3
  280.0  10181  -33.1  -48.1     21   0.18      5      8  345.4  346.1  345.4
  279.0  10206  -33.3  -47.4     23   0.19      5      8  345.4  346.2  345.5
  272.0  10385  -34.7  -42.7     44   0.33    359      7  345.9  347.3  346.0
  267.0  10513  -35.8  -43.0     47   0.32    355      7  346.2  347.5  346.3
  256.0  10805  -38.1  -43.9     55   0.31    355      6  346.9  348.1  346.9
  250.0  10970  -39.5  -44.3     60   0.30    355      7  347.2  348.5  347.3
  248.0  11025  -40.1  -44.3     64   0.30    357      7  347.1  348.4  347.2
  245.0  11105  -40.8                           0      7  347.3         347.3
  224.0  11699  -45.8                           5      9  348.6         348.6
  214.0  12002  -48.3                         345      6  349.3         349.3
  205.0  12286  -50.7                         320      4  349.8         349.8
  200.0  12450  -52.1                         305      3  350.1         350.1
  195.0  12608  -53.4                         325      3  350.5         350.5
  186.0  12902  -55.9                         355      7  351.3         351.3
  178.0  13175  -58.2                          10      5  352.0         352.0
  169.0  13498  -60.9                          60      6  352.8         352.8
  154.0  14076  -65.7                          95     16  354.0         354.0
  150.0  14240  -67.1                         105     19  354.3         354.3
  113.0  15868  -80.0                          95     17  360.2         360.2
  101.0  16513  -85.0                          45     19  362.1         362.1
  100.0  16570  -85.5                          45     19  362.3         362.3
   91.0  17083  -89.0                          50     16  365.3         365.3
   89.7  17161  -89.5                          55     17  365.8         365.8
   81.0  17714  -87.6                          95     35  380.6         380.6
   76.6  18017  -86.5                          92     41  388.9         388.9
   73.0  18286  -82.0                          90     46  403.8         403.8
   70.0  18520  -78.1                          80     33  417.0         417.0
   69.6  18553  -78.5                          78     31  416.8         416.8
   69.0  18603  -76.8                          75     27  421.4         421.4
   68.1  18678  -74.3                          81     20  428.5         428.5
   66.0  18865  -72.8                          95      2  435.7         435.7
   62.0  19236  -69.7                         260     20  450.3         450.3
   59.0  19530  -67.2                         270     25  462.2         462.2
   58.6  19571  -66.9                         267     25  463.9         463.9
   52.6  20223  -67.5                         219     23  477.1         477.1
   51.0  20410  -66.7                         205     23  483.3         483.3
   50.0  20530  -66.1                         205     14  487.3         487.3
   49.0  20653  -65.5                         255      7  491.6         491.6
   46.0  21037  -63.5                         300     14  505.3         505.3
   45.7  21077  -63.3                         299     14  506.8         506.8
   40.4  21830  -64.3                         286     23  522.4         522.4
   40.0  21892  -63.9                         285     24  524.9         524.9
   38.0  22207  -61.9                         285     18  537.6         537.6
   36.6  22438  -60.5                         260     17  547.1         547.1
   35.0  22715  -60.7                         230     16  553.7         553.7
   31.0  23467  -61.2                         255     15  571.9         571.9
   30.0  23670  -61.3                         230     19  577.0         577.0
   28.7  23944  -62.3                         195     16  581.5         581.5
   28.0  24097  -62.0                         175     15  586.3         586.3
   27.0  24323  -61.7                         160      5  593.5         593.5
   26.0  24557  -61.3                         275     11  601.0         601.0
   24.0  25053  -60.5                         230     13  617.2         617.2
   23.0  25317  -60.1                         235     14  626.0         626.0
   21.0  25892  -56.3                         245     17  653.9         653.9
   20.0  26200  -54.3                         220      4  669.2         669.2
   19.0  26532  -51.5                          15      5  687.7         687.7
   18.3  26775  -49.5                         353     14  701.5         701.5
   17.6  27031  -48.3                         330     24  713.1         713.1
   17.0  27257  -49.2                         310     33  717.3         717.3
   15.0  28073  -52.5                         300     37  732.4         732.4
   14.8  28160  -52.9                         297     36  734.0         734.0
   13.4  28805  -50.3                         272     32  764.1         764.1
   13.0                                       265     31                     
</PRE><H3>Station information and sounding indices</H3><PRE>
                         Station identifier: WAAA
                             Station number: 97180
                           Observation time: 161211/0000
                           Station latitude: -5.06
                          Station longitude: 119.55
                          Station elevation: 14.0
                            Showalter index: 1.52
                               Lifted index: 0.24
    LIFT computed using virtual temperature: -0.04
                                SWEAT index: 195.38
                                    K index: 32.30
                         Cross totals index: 19.00
                      Vertical totals index: 22.30
                        Totals totals index: 41.30
      Convective Available Potential Energy: 52.16
             CAPE using virtual temperature: 82.09
                      Convective Inhibition: -140.99
             CINS using virtual temperature: -98.03
                           Equilibrum Level: 371.12
 Equilibrum Level using virtual temperature: 366.06
                   Level of Free Convection: 616.42
             LFCT using virtual temperature: 690.01
                     Bulk Richardson Number: 360.78
          Bulk Richardson Number using CAPV: 567.79
  Temp [K] of the Lifted Condensation Level: 291.80
Pres [hPa] of the Lifted Condensation Level: 899.02
     Mean mixed layer potential temperature: 300.83
              Mean mixed layer mixing ratio: 15.32
              1000 hPa to 500 hPa thickness: 5778.00
Precipitable water [mm] for entire sounding: 53.90
</PRE>
<P>Description of the 
<A HREF="/upperair/columns.html">data columns</A>
or <A HREF="/upperair/indices.html">sounding indices</A>.

<P>
<FORM>
<INPUT CLASS="button" TYPE="button" VALUE=" Close this window " 
 onClick="window.close();">
<INPUT CLASS="button" TYPE="button" VALUE=" Select another map " 
 onClick="window.blur();">
</FORM>
<HR SIZE="1">
<I>Interested in graduate studies in atmospheric science?
Check out our program at the
<a href="http://www.uwyo.edu/atsc/howtoapply/"
target=_top>University of Wyoming
</a></I>
<HR SIZE="1"><FONT SIZE="-1">
Questions about the weather data provided by this site can be
addressed to <A HREF="mailto:ldoolman@uwyo.edu">
Larry Oolman (ldoolman@uwyo.edu)</A></FONT>
<HR SIZE="1">
<SCRIPT TYPE="text/javascript">
<!--
window.focus();
// -->
</SCRIPT>
</BODY>
</HTML>
