2016-03-24 12
<HTML>
<TITLE>University of Wyoming - Radiosonde Data</TITLE>
<LINK REL="StyleSheet" HREF="/resources/select.css" TYPE="text/css">
<BODY BGCOLOR="white">
<H2>97180 WAAA Ujung Pandang Observations at 00Z 24 Mar 2016</H2>
<PRE>
-----------------------------------------------------------------------------
   PRES   HGHT   TEMP   DWPT   RELH   MIXR   DRCT   SKNT   THTA   THTE   THTV
    hPa     m      C      C      %    g/kg    deg   knot     K      K      K 
-----------------------------------------------------------------------------
 1012.0     14   26.2   24.1     88  19.10      0      0  298.3  354.1  301.7
 1000.0    121   25.2   22.1     83  17.07     25      2  298.4  348.2  301.4
  980.0    298   24.3   21.6     85  16.86     25      6  299.2  348.6  302.2
  947.0    599   22.8   20.7     88  16.52    341      5  300.6  349.3  303.6
  926.0    796   23.0   20.0     83  16.17    311      4  302.7  350.8  305.7
  925.0    805   22.8   19.8     83  15.98    310      4  302.6  350.1  305.5
  915.0    899   22.4   19.3     83  15.68    300      4  303.1  349.8  306.0
  884.0   1199   21.1   17.8     82  14.74    340      2  304.8  349.0  307.5
  850.0   1540   19.6   16.1     80  13.73    265      2  306.7  348.2  309.2
  825.0   1794   18.3   14.3     78  12.61    200      2  307.9  346.3  310.2
  797.0   2088   16.8   12.3     75  11.42    195      4  309.4  344.4  311.5
  769.0   2393   15.2   10.2     72  10.28    120      2  310.8  342.6  312.8
  742.0   2697   13.6    8.1     69   9.23    145      4  312.3  341.1  314.1
  718.0   2977   12.2    6.2     67   8.35    139      7  313.7  340.0  315.3
  700.0   3190   11.4    1.4     50   6.09    135     10  315.1  334.6  316.2
  670.0   3555    9.0    0.0     53   5.74    126     10  316.4  334.9  317.4
  667.0   3592    8.7   -0.0     54   5.75    125     10  316.5  335.1  317.6
  643.0   3895    6.6   -0.4     61   5.81    143     11  317.4  336.2  318.5
  620.0   4192    5.0   -0.6     67   5.93    160     12  318.8  338.1  319.9
  597.0   4501    3.2   -0.9     74   6.05    140     14  320.3  340.1  321.4
  586.0   4653    2.4   -1.0     78   6.11    140     14  321.0  341.0  322.2
  561.0   5004    0.0   -1.7     88   6.06    140     13  322.2  342.1  323.4
  534.0   5397   -2.2   -3.8     89   5.44    140     12  324.2  342.3  325.2
  500.0   5920   -5.1   -6.6     89   4.69    110      8  326.8  342.7  327.7
  495.0   5999   -5.3   -7.3     86   4.49    110      6  327.4  342.7  328.3
  486.0   6144   -5.7   -8.6     80   4.13    110      6  328.7  342.9  329.5
  472.0   6373   -7.1  -16.1     49   2.32    110      7  329.7  337.9  330.2
  465.0   6490   -8.1   -9.5     90   4.03    110      7  329.9  343.8  330.7
  452.0   6710   -8.5  -16.5     52   2.34    110      8  332.1  340.4  332.5
  443.0   6866   -9.5  -12.9     76   3.22    110      8  332.7  344.1  333.4
  441.0   6901   -9.3  -22.3     34   1.46    110      8  333.4  338.8  333.7
  431.0   7079  -10.9  -19.9     47   1.84    128      8  333.5  340.2  333.9
  427.0   7150  -11.7  -14.5     80   2.93    135      8  333.4  343.8  334.0
  424.0   7204  -11.8  -16.2     70   2.56    140      8  333.9  343.1  334.4
  419.0   7296  -12.1  -19.1     56   2.03    139      8  334.7  342.1  335.1
  418.0   7314  -12.1  -23.1     40   1.43    139      8  334.9  340.3  335.2
  413.0   7406  -12.7  -16.5     73   2.56    138      7  335.3  344.6  335.8
  400.0   7650  -14.3  -20.3     60   1.92    135      6  336.3  343.4  336.7
  395.0   7745  -14.9  -19.0     71   2.17    129      6  336.7  344.7  337.2
  392.0   7803  -15.4  -19.9     69   2.02    125      6  336.8  344.2  337.2
  388.0   7880  -16.1  -21.1     65   1.84    114      6  336.9  343.7  337.3
  387.0   7900  -16.1  -18.6     81   2.29    112      6  337.1  345.5  337.6
  377.0   8092  -17.4  -19.8     82   2.13     85      6  337.9  345.7  338.3
  362.0   8390  -19.5  -21.6     84   1.90     85      4  339.1  346.1  339.5
  347.0   8701  -21.7  -23.4     86   1.68    110      4  340.3  346.6  340.6
  307.0   9601  -27.9  -28.9     92   1.15     80      8  343.6  348.1  343.9
  300.0   9770  -29.1  -29.9     93   1.07     90      6  344.2  348.4  344.5
  295.0   9888  -30.1  -30.9     93   1.00    100      6  344.6  348.5  344.8
  266.0  10614  -35.9  -36.7     92   0.62    100      3  346.4  348.9  346.5
  259.0  10797  -37.5  -38.3     91   0.54    100      2  346.7  348.9  346.9
  250.0  11040  -39.5  -40.5     90   0.45     65      2  347.2  349.1  347.3
  248.0  11095  -39.8  -41.5     84   0.41     55      2  347.6  349.2  347.6
  246.0  11150  -40.1  -42.5     78   0.37     54      2  347.9  349.5  348.0
  207.0  12301  -50.1                          40      8  349.8         349.8
  200.0  12530  -52.1                          65     10  350.1         350.1
  180.0  13189  -57.3                         120      8  352.3         352.3
  164.0  13772  -61.9                         150     17  354.1         354.1
  150.0  14330  -66.3                         125     25  355.7         355.7
  148.0  14409  -66.8                         125     25  356.2         356.2
  127.0  15314  -72.5                         140     29  361.9         361.9
  121.0  15600  -74.3                         120     29  363.6         363.6
  117.0  15799  -75.5                         106     25  364.9         364.9
  109.0  16207  -76.4                          75     17  370.6         370.6
  108.0  16260  -76.5                          74     17  371.4         371.4
  100.0  16700  -78.9                          65     16  375.0         375.0
   98.0  16814  -79.4                          60     16  376.2         376.2
   88.0  17419  -82.1                          60     12  382.7         382.7
   84.0  17681  -83.2                          25     10  385.4         385.4
   81.7  17837  -83.9                          25      6  387.1         387.1
   79.0  18024  -83.4                         160      2  391.9         391.9
   75.0  18315  -82.6                          10      2  399.5         399.5
   70.0  18700  -81.5                         315     12  409.7         409.7
   64.0  19214  -79.6                         235     14  424.6         424.6
   58.0  19779  -77.5                         240     14  441.4         441.4
   55.0  20083  -76.3                         210      4  450.8         450.8
   52.0  20405  -75.1                          75      6  460.8         460.8
   50.0  20630  -74.3                          95     16  468.0         468.0
   49.0  20747  -74.1                         100     19  471.3         471.3
   48.3  20831  -73.9                          97     17  473.6         473.6
   45.0  21242  -75.0                          85      8  480.7         480.7
   44.6  21293  -75.1                          85     10  481.6         481.6
   35.0  22762  -63.1                          95     51  547.4         547.4
   33.0  23119  -60.2                          90     43  564.5         564.5
   32.0  23305  -58.6                          75     14  573.5         573.5
   30.4  23616  -56.1                         308      6  588.9         588.9
   30.0  23700  -56.3                         275      4  590.6         590.6
   29.0  23914  -56.8                         170     12  594.9         594.9
   26.2  24556  -58.3                         119     32  608.2         608.2
   26.0  24605  -58.0                         115     33  610.4         610.4
   24.0  25116  -55.0                          95     16  633.2         633.2
   22.0  25672  -51.7                          15     16  659.0         659.0
   21.0  25974  -51.6                         310     17  668.1         668.1
   20.0  26290  -51.5                         290     19  677.8         677.8
   19.3  26521  -51.5                                     684.7         684.7
</PRE><H3>Station information and sounding indices</H3><PRE>
                         Station identifier: WAAA
                             Station number: 97180
                           Observation time: 160324/0000
                           Station latitude: -5.06
                          Station longitude: 119.55
                          Station elevation: 14.0
                            Showalter index: -1.39
                               Lifted index: -1.71
    LIFT computed using virtual temperature: -1.93
                                SWEAT index: 205.20
                                    K index: 30.80
                         Cross totals index: 21.20
                      Vertical totals index: 24.70
                        Totals totals index: 45.90
      Convective Available Potential Energy: 198.47
             CAPE using virtual temperature: 257.78
                      Convective Inhibition: -170.68
             CINS using virtual temperature: -129.10
                           Equilibrum Level: 266.84
 Equilibrum Level using virtual temperature: 266.40
                   Level of Free Convection: 654.60
             LFCT using virtual temperature: 686.53
                     Bulk Richardson Number: 28.33
          Bulk Richardson Number using CAPV: 36.79
  Temp [K] of the Lifted Condensation Level: 294.37
Pres [hPa] of the Lifted Condensation Level: 946.31
     Mean mixed layer potential temperature: 299.07
              Mean mixed layer mixing ratio: 17.11
              1000 hPa to 500 hPa thickness: 5799.00
Precipitable water [mm] for entire sounding: 59.17
</PRE>
<P>Description of the 
<A HREF="/upperair/columns.html">data columns</A>
or <A HREF="/upperair/indices.html">sounding indices</A>.

<P>
<FORM>
<INPUT CLASS="button" TYPE="button" VALUE=" Close this window " 
 onClick="window.close();">
<INPUT CLASS="button" TYPE="button" VALUE=" Select another map " 
 onClick="window.blur();">
</FORM>
<HR SIZE="1">
<I>Interested in graduate studies in atmospheric science?
Check out our program at the
<a href="http://www.uwyo.edu/atsc/howtoapply/"
target=_top>University of Wyoming
</a></I>
<HR SIZE="1"><FONT SIZE="-1">
Questions about the weather data provided by this site can be
addressed to <A HREF="mailto:ldoolman@uwyo.edu">
Larry Oolman (ldoolman@uwyo.edu)</A></FONT>
<HR SIZE="1">
<SCRIPT TYPE="text/javascript">
<!--
window.focus();
// -->
</SCRIPT>
</BODY>
</HTML>
