2018-08-01 12
<HTML>
<TITLE>University of Wyoming - Radiosonde Data</TITLE>
<LINK REL="StyleSheet" HREF="/resources/select.css" TYPE="text/css">
<BODY BGCOLOR="white">
<H2>97180 WAAA Ujung Pandang Observations at 00Z 01 Aug 2018</H2>
<PRE>
-----------------------------------------------------------------------------
   PRES   HGHT   TEMP   DWPT   RELH   MIXR   DRCT   SKNT   THTA   THTE   THTV
    hPa     m      C      C      %    g/kg    deg   knot     K      K      K 
-----------------------------------------------------------------------------
 1011.0     14   23.0   21.4     91  16.15    195      4  295.2  341.7  298.1
 1010.0     22   22.8   20.3     86  15.08    186      4  295.1  338.5  297.8
 1005.0     64   24.8   20.2     76  15.06    138      5  297.5  341.4  300.2
 1001.0     98   26.0   20.0     70  14.93    100      5  299.1  342.8  301.7
 1000.0    106   26.2   19.2     65  14.21     90      5  299.4  341.0  301.9
  980.0    284   26.0   12.0     42   9.06    104      9  300.9  327.9  302.5
  978.0    302   25.9   11.8     41   8.96    105      9  301.0  327.7  302.6
  925.0    788   23.2    6.2     33   6.47    110     17  303.0  322.7  304.2
  883.0   1191   21.0    2.2     29   5.12    115      9  304.8  320.7  305.7
  854.0   1481   19.4   -0.6     26   4.31    102     14  306.0  319.6  306.8
  850.0   1521   19.0   -1.0     26   4.20    100     15  306.0  319.3  306.8
  823.0   1797   17.4   -1.4     28   4.20     85     10  307.2  320.5  308.0
  802.0   2017   16.2   -1.8     29   4.20     89      6  308.2  321.5  309.0
  794.0   2101   15.4   -1.2     32   4.44     90      5  308.2  322.3  309.1
  747.0   2615   10.6    2.6     58   6.22    171      3  308.4  327.8  309.6
  739.0   2705   11.3   -3.8     35   3.93    185      3  310.1  322.7  310.9
  738.0   2716   11.4   -4.6     32   3.70    178      3  310.4  322.3  311.1
  729.0   2818   10.4   -3.6     37   4.04    117      4  310.4  323.3  311.1
  728.0   2830   10.2   -0.8     46   4.98    110      4  310.2  326.1  311.2
  726.0   2853   10.0    0.0     50   5.30     96      4  310.3  327.0  311.3
  725.0   2864   10.4   -3.6     37   4.06     89      4  310.8  323.9  311.6
  713.0   3003   10.8  -14.2     16   1.80      5      5  312.8  318.9  313.1
  700.0   3156    9.8  -16.2     14   1.55     10      5  313.3  318.6  313.6
  688.0   3298    8.9  -16.4     15   1.56    355      4  313.9  319.2  314.2
  668.0   3541    7.4  -16.6     16   1.57    231      2  314.8  320.2  315.1
  663.0   3603    7.6  -19.6     13   1.23    200      1  315.7  320.0  315.9
  649.0   3778    8.0  -28.0      6   0.59    162      6  318.1  320.3  318.2
  639.0   3904    7.1  -28.4      6   0.58    135      9  318.6  320.7  318.7
  573.0   4787    1.1  -31.5      7   0.48    105     12  321.5  323.4  321.6
  562.0   4944    0.0  -32.0      7   0.47     94     11  322.0  323.8  322.1
  531.0   5394   -1.8  -37.1      5   0.30     60      9  325.1  326.3  325.2
  507.0   5761   -3.3  -41.3      3   0.20     64      8  327.6  328.5  327.7
  500.0   5870   -4.1  -41.1      4   0.21     65      8  328.0  328.8  328.0
  492.0   5996   -5.1  -40.8      4   0.22     75      8  328.3  329.2  328.4
  474.0   6286   -7.3  -40.1      5   0.25    105      9  329.1  330.1  329.1
  440.0   6865  -11.7  -38.7      9   0.31    100      9  330.6  331.8  330.6
  438.0   6900  -11.9  -38.5      9   0.31    100      9  330.7  331.9  330.8
  421.0   7201  -14.0  -37.1     12   0.38     75     11  331.8  333.3  331.9
  411.0   7384  -15.3  -36.3     15   0.42     80     12  332.4  334.1  332.5
  402.0   7552  -14.7  -43.7      7   0.20     84     13  335.3  336.1  335.4
  400.0   7590  -14.9  -42.9      7   0.22     85     13  335.5  336.4  335.6
  377.0   8034  -17.3  -49.3      4   0.11    103     15  338.1  338.6  338.1
  374.0   8093  -17.7  -49.1      5   0.12    105     15  338.3  338.8  338.3
  344.0   8708  -22.0  -46.8      9   0.17     85     22  340.7  341.4  340.7
  324.0   9148  -25.1  -45.1     14   0.21     83     22  342.3  343.2  342.3
  304.0   9605  -29.2  -45.1     20   0.23     80     23  342.8  343.7  342.8
  300.0   9700  -30.1  -45.1     22   0.23     80     24  342.8  343.8  342.9
  260.0  10702  -39.5  -46.5     47   0.23     60     37  343.3  344.3  343.4
  250.0  10970  -41.3                          55     41  344.5         344.5
  204.0  12310  -52.8                          40     47  347.1         347.1
  200.0  12440  -53.9                          40     47  347.2         347.2
  177.0  13214  -60.5                          51     59  348.8         348.8
  169.0  13498  -62.4                          55     63  350.2         350.2
  150.0  14230  -67.3                          75     35  354.0         354.0
  139.0  14680  -71.2                         100     29  354.8         354.8
  129.0  15122  -75.1                         118     33  355.5         355.5
  125.0  15301  -76.1                         125     34  357.0         357.0
  107.0  16185  -80.8                          95     29  364.2         364.2
  100.0  16570  -82.9                         100     25  367.3         367.3
   94.5  16883  -84.5                         105     32  370.2         370.2
   90.8  17103  -84.7                         102     35  374.0         374.0
   87.1  17335  -80.3                          99     38  387.3         387.3
   82.0  17673  -81.7                          95     43  391.2         391.2
   80.6  17770  -82.1                          92     38  392.3         392.3
   78.9  17891  -75.1                          87     33  409.2         409.2
   77.3  18010  -71.5                          84     27  419.1         419.1
   74.5  18229  -69.1                          76     18  428.5         428.5
   74.0  18269  -69.1                          75     16  429.3         429.3
   70.0  18600  -69.5                          85     14  435.4         435.4
   62.9  19239  -68.9                          92     24  450.2         450.2
   60.0  19525  -67.9                          95     29  458.5         458.5
   55.0  20053  -66.1                         110     39  474.2         474.2
   50.0  20630  -64.1                          95     42  492.0         492.0
   49.8  20655  -64.1                          94     42  492.6         492.6
   47.0  21013  -60.1                          86     43  510.4         510.4
   45.0  21285  -60.0                          80     44  517.1         517.1
   37.4  22444  -59.3                          89     48  546.8         546.8
   37.0  22512  -59.1                          90     48  549.0         549.0
   30.0  23840  -55.3                          80     50  593.3         593.3
   29.5  23948  -54.5                          79     51  598.3         598.3
   27.0  24513  -55.1                          75     54  611.9         611.9
   23.7  25346  -56.1                          88     62  632.3         632.3
   23.1  25509  -55.8                          90     64  637.7         637.7
   23.0  25537  -55.8                          90     64  638.7         638.7
   20.0  26430  -54.3                         115     23  669.2         669.2
   19.4  26625  -54.1                         115     26  675.7         675.7
   19.1  26725  -53.9                         115     27  679.3         679.3
   19.0  26759  -53.1                         115     28  682.7         682.7
   18.3  27004  -47.7                          91     19  707.1         707.1
   18.0  27113  -46.3                          80     15  715.0         715.0
   17.8  27187  -45.3                          58     13  720.3         720.3
   17.0  27493  -45.8                         325      6  728.4         728.4
   16.0  27896  -46.4                          30      3  739.1         739.1
   15.5  28107  -46.7                          30      6  744.8         744.8
   15.0  28326  -45.8                          30      9  754.7         754.7
   14.4  28597  -44.7                         357     16  767.3         767.3
   13.0  29276  -47.3                         275     34  781.1         781.1
   12.6  29484  -48.1                         273     27  785.3         785.3
   12.0  29804  -48.6                         270     17  794.6         794.6
   11.4  30142  -49.1                         297     25  804.5         804.5
   11.0  30378  -47.9                         315     30  817.1         817.1
   10.3  30812  -45.7                                     840.7         840.7
</PRE><H3>Station information and sounding indices</H3><PRE>
                         Station identifier: WAAA
                             Station number: 97180
                           Observation time: 180801/0000
                           Station latitude: -5.06
                          Station longitude: 119.55
                          Station elevation: 14.0
                            Showalter index: 12.77
                               Lifted index: 6.66
    LIFT computed using virtual temperature: 6.16
                                SWEAT index: 38.00
                                    K index: -3.90
                         Cross totals index: 3.10
                      Vertical totals index: 23.10
                        Totals totals index: 26.20
      Convective Available Potential Energy: 0.00
             CAPE using virtual temperature: 0.00
                      Convective Inhibition: 0.00
             CINS using virtual temperature: 0.00
                     Bulk Richardson Number: 0.00
          Bulk Richardson Number using CAPV: 0.00
  Temp [K] of the Lifted Condensation Level: 284.89
Pres [hPa] of the Lifted Condensation Level: 833.64
     Mean mixed layer potential temperature: 300.11
              Mean mixed layer mixing ratio: 10.85
              1000 hPa to 500 hPa thickness: 5764.00
Precipitable water [mm] for entire sounding: 20.96
</PRE>
<P>Description of the 
<A HREF="/upperair/columns.html">data columns</A>
or <A HREF="/upperair/indices.html">sounding indices</A>.

<P>
<FORM>
<INPUT CLASS="button" TYPE="button" VALUE=" Close this window " 
 onClick="window.close();">
<INPUT CLASS="button" TYPE="button" VALUE=" Select another map " 
 onClick="window.blur();">
</FORM>
<HR SIZE="1">
<I>Interested in graduate studies in atmospheric science?
Check out our program at the
<a href="http://www.uwyo.edu/atsc/howtoapply/"
target=_top>University of Wyoming
</a></I>
<HR SIZE="1"><FONT SIZE="-1">
Questions about the weather data provided by this site can be
addressed to <A HREF="mailto:ldoolman@uwyo.edu">
Larry Oolman (ldoolman@uwyo.edu)</A></FONT>
<HR SIZE="1">
<SCRIPT TYPE="text/javascript">
<!--
window.focus();
// -->
</SCRIPT>
</BODY>
</HTML>
