2017-10-30 12
<HTML>
<TITLE>University of Wyoming - Radiosonde Data</TITLE>
<LINK REL="StyleSheet" HREF="/resources/select.css" TYPE="text/css">
<BODY BGCOLOR="white">
<H2>97180 WAAA Ujung Pandang Observations at 00Z 30 Oct 2017</H2>
<PRE>
-----------------------------------------------------------------------------
   PRES   HGHT   TEMP   DWPT   RELH   MIXR   DRCT   SKNT   THTA   THTE   THTV
    hPa     m      C      C      %    g/kg    deg   knot     K      K      K 
-----------------------------------------------------------------------------
 1009.0     14   25.0   23.7     93  18.69      0      0  297.4  351.7  300.7
 1008.0     23   26.2   19.2     65  14.09     13      0  298.7  339.9  301.2
 1000.0     93   26.6   19.6     65  14.57    120      4  299.8  342.6  302.4
  998.0    111   26.8   19.8     66  14.79    117      4  300.1  343.7  302.8
  977.0    295   25.5   19.1     68  14.48     80      3  300.6  343.4  303.3
  943.0    603   23.4   18.0     72  13.98     30      3  301.5  342.9  304.1
  925.0    771   22.2   17.4     74  13.70     30      3  302.0  342.7  304.5
  918.0    837   21.6   17.6     78  13.99     23      3  302.0  343.6  304.6
  911.0    904   21.2   17.4     79  13.88     15      3  302.3  343.6  304.8
  880.0   1205   19.5   16.3     82  13.40    335      3  303.6  343.6  306.0
  878.0   1224   19.4   16.2     82  13.37    327      3  303.6  343.6  306.1
  862.0   1383   18.6   15.4     82  12.93    261      3  304.4  343.2  306.8
  855.0   1454   18.2   13.3     73  11.35    231      3  304.7  338.9  306.8
  850.0   1504   18.2   10.2     60   9.27    210      3  305.2  333.3  306.9
  804.0   1981   15.6    3.6     45   6.20    145      3  307.3  326.6  308.5
  766.0   2392   13.4    4.4     54   6.89     88      3  309.2  330.7  310.5
  738.0   2707   13.1    1.4     45   5.78     45      3  312.1  330.5  313.2
  734.0   2753   13.0    1.0     44   5.64     44      3  312.6  330.5  313.6
  723.0   2881   12.4   -3.6     33   4.07     43      4  313.3  326.5  314.1
  706.0   3081   10.4    1.4     54   6.03     41      6  313.2  332.4  314.4
  700.0   3152   10.2    3.2     62   6.93     40      6  313.8  335.7  315.1
  693.0   3236   10.4    0.4     50   5.72     40      7  314.9  333.2  316.0
  687.0   3307    9.7    1.1     55   6.07     40      8  314.9  334.3  316.0
  664.0   3589    7.0    3.8     80   7.63     59      6  314.9  339.1  316.4
  663.0   3601    7.0    3.8     80   7.65     60      6  315.0  339.3  316.4
  652.0   3739    6.4    4.1     85   7.94     55      5  315.9  341.1  317.4
  647.0   3802    6.2    1.2     70   6.49     53      4  316.4  337.2  317.6
  639.0   3903    5.4    1.3     75   6.63     50      3  316.6  337.9  317.8
  620.0   4150    3.4    1.6     88   6.98     21      5  317.0  339.4  318.4
  616.0   4202    3.2    1.2     86   6.81     15      5  317.4  339.3  318.7
  572.0   4799    1.0   -3.8     71   5.09     50      5  321.6  338.5  322.6
  553.0   5071    0.0   -6.0     64   4.44     39      6  323.5  338.4  324.4
  531.0   5394   -1.9   -9.8     55   3.45     25      8  325.1  336.9  325.7
  511.0   5698   -3.6  -13.3     47   2.69     45      4  326.5  335.9  327.0
  508.0   5745   -3.9  -13.9     46   2.58     38      4  326.7  335.8  327.2
  500.0   5870   -4.9  -12.9     53   2.85     20      4  327.0  336.9  327.6
  499.0   5886   -4.9  -11.9     58   3.10     22      4  327.2  337.9  327.8
  494.0   5965   -5.3  -11.3     63   3.28     35      5  327.6  339.0  328.3
  492.0   5997   -5.3  -12.6     56   2.96     40      5  328.0  338.3  328.6
  491.0   6013   -5.3  -13.3     53   2.81     44      5  328.2  338.0  328.8
  490.0   6029   -5.3  -17.3     38   2.02     48      5  328.4  335.6  328.8
  473.0   6303   -7.3  -18.7     40   1.85    115      7  329.2  335.9  329.6
  455.0   6604   -9.5  -20.3     41   1.69    140     11  330.1  336.2  330.5
  435.0   6952  -12.1  -22.1     43   1.50    142     11  331.1  336.6  331.4
  419.0   7238  -13.3  -30.3     23   0.74    144     11  333.2  336.0  333.3
  405.0   7496  -15.3  -30.1     27   0.78    145     11  333.8  336.7  333.9
  400.0   7590  -16.1  -30.1     29   0.79    135      9  334.0  337.0  334.1
  389.0   7796  -17.5  -31.7     28   0.70    110      9  334.8  337.5  334.9
  342.0   8748  -24.1  -39.1     24   0.38     70     11  338.4  339.9  338.5
  331.0   8985  -25.9  -36.4     37   0.52     60     12  339.1  341.1  339.2
  330.0   9007  -26.1  -36.1     39   0.53     60     12  339.1  341.2  339.2
  324.0   9140  -26.1  -40.1     26   0.36     62     11  340.9  342.4  341.0
  317.0   9296  -27.4  -42.5     22   0.29     65      9  341.2  342.4  341.3
  304.0   9595  -29.9  -47.2     17   0.18     45      3  341.8  342.6  341.9
  300.0   9690  -30.7  -48.7     15   0.15     20      3  342.0  342.6  342.0
  299.0   9714  -30.7  -49.7     14   0.14     16      3  342.3  342.9  342.4
  292.0   9881  -31.9  -50.9     13   0.12    349      4  342.9  343.5  343.0
  291.0   9906  -32.1  -51.1     13   0.12    345      4  343.0  343.5  343.0
  288.0   9979  -32.7  -51.7     13   0.11    338      5  343.1  343.6  343.2
  286.0  10028  -33.1  -53.1     12   0.10    333      5  343.3  343.7  343.3
  281.0  10152  -33.7  -40.7     49   0.39    320      6  344.1  345.8  344.2
  279.0  10201  -34.1  -41.0     50   0.38    315      7  344.2  345.8  344.3
  267.0  10505  -36.6  -42.5     54   0.34    305      6  344.9  346.4  345.0
  256.0  10797  -39.0  -44.0     59   0.30    315      4  345.6  346.9  345.6
  252.0  10906  -39.9  -44.5     61   0.29    302      5  345.8  347.0  345.9
  250.0  10960  -40.3                         295      6  346.0         346.0
  245.0  11094  -41.5                         290      7  346.3         346.3
  204.0  12309  -52.0                         340      9  348.3         348.3
  200.0  12440  -53.1                         330      9  348.5         348.5
  195.0  12598  -54.4                         330      7  348.9         348.9
  186.0  12892  -56.9                         350      7  349.7         349.7
  177.0  13200  -59.5                          10     13  350.4         350.4
  161.0  13790  -64.4                          10     18  351.7         351.7
  150.0  14230  -68.1                          35     20  352.6         352.6
  146.0  14390  -69.6                          40     21  352.7         352.7
  134.0  14896  -74.3                          38     21  353.1         353.1
  119.0  15576  -79.5                          35     21  355.7         355.7
  117.0  15673  -80.3                          41     19  356.0         356.0
  107.0  16178  -79.7                          75     11  366.3         366.3
  101.0  16504  -79.4                         355     12  373.1         373.1
  100.0  16560  -79.3                         345     14  374.3         374.3
   91.0  17095  -80.9                         265      9  381.3         381.3
   86.0  17415  -81.9                         165     12  385.5         385.5
   85.0  17481  -82.1                         160     12  386.4         386.4
   82.0  17685  -81.7                         145     10  391.1         391.1
   78.0  17968  -81.2                         270      3  397.8         397.8
   74.0  18266  -80.7                         245     10  405.0         405.0
   70.0  18580  -80.1                         245     15  412.7         412.7
   69.8  18596  -80.1                         244     15  413.0         413.0
   63.1  19176  -71.9                         208     12  443.2         443.2
   60.0  19472  -71.5                         190     10  450.5         450.5
   58.4  19631  -71.3                         261      7  454.4         454.4
   57.0  19775  -69.7                         325      4  461.2         461.2
   54.6  20031  -66.9                         289     14  473.4         473.4
   54.0  20098  -66.9                         280     16  474.8         474.8
   51.0  20441  -67.1                         270     16  482.3         482.3
   50.5  20500  -67.1                         282     13  483.6         483.6
   50.0  20560  -67.1                         295     10  484.9         484.9
   49.0  20683  -65.1                         330      8  492.5         492.5
   48.5  20745  -64.1                         330      8  496.3         496.3
   44.0  21337  -66.0                         330      5  505.7         505.7
   42.9  21491  -66.5                          33      6  508.1         508.1
   42.0  21619  -66.6                          85      6  511.0         511.0
   40.8  21794  -66.7                          73      6  515.0         515.0
   40.0  21915  -65.8                          65      6  520.2         520.2
   38.0  22228  -63.4                          85     21  534.0         534.0
   37.8  22260  -63.1                          85     21  535.5         535.5
   35.0  22732  -64.0                          85     28  545.0         545.0
   34.7  22784  -64.1                          85     29  546.1         546.1
   30.0  23680  -61.5                          85     43  576.4         576.4
   29.4  23805  -61.3                          87     45  580.3         580.3
   28.3  24042  -58.3                          90     49  595.0         595.0
   26.3  24500  -59.5                          96     57  604.1         604.1
   25.0  24817  -59.1                         100     62  614.0         614.0
   23.6  25177  -58.7                          99     66  625.5         625.5
   22.5  25476  -57.9                          98     70  636.4         636.4
   21.3  25824  -52.9                          96     73  661.5         661.5
   20.0  26230  -51.3                          95     78  678.4         678.4
   17.5  27101  -49.5                          85     77  710.5         710.5
   16.2  27605  -50.3                          80     76  723.7         723.7
   16.0  27686  -50.4                          80     76  725.9         725.9
   15.6  27851  -50.7                          81     75  730.3         730.3
   13.4  28860  -42.3                          84     71  791.5         791.5
   13.0                                        85     70                     
</PRE><H3>Station information and sounding indices</H3><PRE>
                         Station identifier: WAAA
                             Station number: 97180
                           Observation time: 171030/0000
                           Station latitude: -5.06
                          Station longitude: 119.55
                          Station elevation: 14.0
                            Showalter index: 4.88
                               Lifted index: 0.77
    LIFT computed using virtual temperature: 0.41
                                SWEAT index: 132.38
                                    K index: 26.30
                         Cross totals index: 15.10
                      Vertical totals index: 23.10
                        Totals totals index: 38.20
      Convective Available Potential Energy: 0.51
             CAPE using virtual temperature: 3.30
                      Convective Inhibition: -209.45
             CINS using virtual temperature: -142.02
                           Equilibrum Level: 609.68
 Equilibrum Level using virtual temperature: 431.03
                   Level of Free Convection: 624.90
             LFCT using virtual temperature: 631.62
                     Bulk Richardson Number: 0.95
          Bulk Richardson Number using CAPV: 6.18
  Temp [K] of the Lifted Condensation Level: 290.83
Pres [hPa] of the Lifted Condensation Level: 892.87
     Mean mixed layer potential temperature: 300.41
              Mean mixed layer mixing ratio: 14.48
              1000 hPa to 500 hPa thickness: 5777.00
Precipitable water [mm] for entire sounding: 45.90
</PRE>
<P>Description of the 
<A HREF="/upperair/columns.html">data columns</A>
or <A HREF="/upperair/indices.html">sounding indices</A>.

<P>
<FORM>
<INPUT CLASS="button" TYPE="button" VALUE=" Close this window " 
 onClick="window.close();">
<INPUT CLASS="button" TYPE="button" VALUE=" Select another map " 
 onClick="window.blur();">
</FORM>
<HR SIZE="1">
<I>Interested in graduate studies in atmospheric science?
Check out our program at the
<a href="http://www.uwyo.edu/atsc/howtoapply/"
target=_top>University of Wyoming
</a></I>
<HR SIZE="1"><FONT SIZE="-1">
Questions about the weather data provided by this site can be
addressed to <A HREF="mailto:ldoolman@uwyo.edu">
Larry Oolman (ldoolman@uwyo.edu)</A></FONT>
<HR SIZE="1">
<SCRIPT TYPE="text/javascript">
<!--
window.focus();
// -->
</SCRIPT>
</BODY>
</HTML>
