2016-04-06 00
<HTML>
<TITLE>University of Wyoming - Radiosonde Data</TITLE>
<LINK REL="StyleSheet" HREF="/resources/select.css" TYPE="text/css">
<BODY BGCOLOR="white">
<H2>97180 WAAA Ujung Pandang Observations at 00Z 06 Apr 2016</H2>
<PRE>
-----------------------------------------------------------------------------
   PRES   HGHT   TEMP   DWPT   RELH   MIXR   DRCT   SKNT   THTA   THTE   THTV
    hPa     m      C      C      %    g/kg    deg   knot     K      K      K 
-----------------------------------------------------------------------------
 1011.0     14    1.8  -16.2     25   1.07      0      0  274.1  277.3  274.3
 1010.0     23   25.4   19.4     69  14.25      2      0  297.7  339.2  300.2
 1009.0     32   26.8   19.9     66  14.77      5      1  299.2  342.5  301.8
 1004.0     79   25.8   22.7     83  17.65     16      2  298.6  350.2  301.8
 1003.0     88   25.8   22.8     84  17.78     18      2  298.7  350.7  301.9
 1000.0    116   26.6   22.6     79  17.61     25      3  299.8  351.5  302.9
  980.0    296   26.2   22.5     80  17.87     22      4  301.1  353.9  304.3
  925.0    806   23.2   19.8     81  15.98     15      6  303.0  350.6  305.9
  915.0    901   22.7   19.3     82  15.69     15      5  303.4  350.2  306.3
  884.0   1201   20.9   17.9     83  14.79    340      4  304.6  349.0  307.3
  854.0   1501   19.2   16.4     84  13.93    320      5  305.9  347.9  308.4
  850.0   1542   19.0   16.2     84  13.82    310      4  306.0  347.7  308.6
  825.0   1797   17.3   15.0     86  13.16    325      3  306.9  346.8  309.3
  796.0   2102   15.3   13.6     89  12.41    280      1  307.9  345.7  310.2
  768.0   2407   13.3   12.1     92  11.69    305      3  308.9  344.7  311.1
  766.0   2429   13.2   12.0     92  11.63    305      3  309.0  344.6  311.2
  715.0   3008   10.9    7.7     80   9.28    295      4  312.7  341.7  314.4
  712.0   3043   10.8    7.4     80   9.15    295      4  312.9  341.5  314.6
  700.0   3185   10.2    5.8     74   8.33    295      6  313.8  340.0  315.3
  690.0   3304    9.2    6.2     81   8.70    315      3  314.0  341.4  315.6
  671.0   3536    7.4    7.0     97   9.45     65      2  314.4  344.1  316.2
  666.0   3597    7.1    6.6     97   9.29     95      2  314.8  344.0  316.5
  642.0   3896    5.6    4.9     95   8.52    355      4  316.3  343.4  317.9
  619.0   4193    4.0    3.1     94   7.81     35      4  317.9  342.9  319.4
  596.0   4502    2.5    1.3     92   7.11    180      1  319.5  342.6  320.9
  575.0   4794    0.9   -0.4     91   6.51    275      5  321.1  342.3  322.3
  562.0   4980    0.0   -1.5     90   6.14    273      5  322.0  342.2  323.2
  533.0   5402   -2.2   -3.6     90   5.54    270      6  324.3  342.8  325.4
  513.0   5706   -3.8   -5.1     91   5.14    240      5  325.9  343.2  326.9
  500.0   5910   -4.9   -6.1     91   4.88    240      5  327.0  343.5  328.0
  494.0   6004   -5.5   -6.6     92   4.75    245      5  327.4  343.5  328.3
  476.0   6294   -7.3   -8.1     94   4.39    350      1  328.6  343.6  329.5
  461.0   6544   -8.9   -9.4     96   4.09      2      5  329.7  343.8  330.5
  458.0   6594   -9.1   -9.9     94   3.95      5      6  330.0  343.7  330.8
  434.0   7009  -11.1  -14.2     78   2.95     19      7  332.6  343.1  333.2
  420.0   7259  -12.7  -16.8     71   2.46     27      7  333.7  342.5  334.2
  417.0   7314  -13.1  -16.1     78   2.63     29      7  333.9  343.3  334.4
  415.0   7350  -13.3  -14.9     88   2.92     30      7  334.1  344.5  334.7
  414.0   7369  -13.3  -17.6     70   2.33     31      7  334.3  342.7  334.8
  413.0   7387  -13.5  -18.4     67   2.18     32      8  334.3  342.2  334.7
  412.0   7406  -13.5  -14.6     91   3.01     32      8  334.5  345.2  335.1
  411.0   7424  -13.5  -15.2     87   2.87     33      8  334.8  345.0  335.3
  410.0   7443  -13.3  -20.3     56   1.87     34      8  335.2  342.1  335.6
  407.0   7498  -13.5  -16.9     76   2.52     36      8  335.7  344.8  336.2
  400.0   7630  -14.5  -17.0     81   2.54     40      8  336.1  345.2  336.6
  391.0   7802  -15.6  -18.0     82   2.39     55      7  336.8  345.5  337.3
  376.0   8097  -17.6  -19.6     84   2.16     40      9  338.0  345.9  338.4
  369.0   8239  -18.5  -20.4     85   2.06     44     10  338.6  346.2  339.0
  354.0   8549  -20.1  -26.1     59   1.29     51     14  340.5  345.4  340.7
  347.0   8698  -21.5  -26.1     66   1.32     55     15  340.5  345.5  340.8
  346.0   8719  -21.7  -26.1     68   1.32     53     15  340.5  345.6  340.8
  340.0   8848  -22.3  -23.9     87   1.64     43     16  341.4  347.6  341.8
  334.0   8979  -23.5  -24.3     93   1.61     32     16  341.5  347.6  341.8
  333.0   9001  -23.7  -24.5     93   1.59     30     16  341.6  347.6  341.9
  329.0   9090  -24.3  -25.2     92   1.51     31     15  341.9  347.6  342.2
  324.0   9202  -24.9  -27.1     82   1.29     33     14  342.6  347.5  342.8
  322.0   9247  -24.7  -30.7     57   0.93     33     13  343.4  347.1  343.6
  300.0   9760  -28.7  -34.7     56   0.67     40      8  344.8  347.5  344.9
  294.0   9904  -30.1  -34.5     65   0.70     25      7  344.9  347.7  345.0
  293.0   9929  -30.3  -34.5     67   0.70     23      7  344.9  347.7  345.0
  291.0   9978  -30.3  -35.1     63   0.67     19      8  345.6  348.2  345.7
  282.0  10199  -32.1  -36.0     68   0.63      0     12  346.0  348.6  346.2
  270.0  10506  -34.7  -37.3     77   0.58      0     15  346.6  349.0  346.8
  269.0  10532  -34.9  -37.4     78   0.57      0     15  346.7  349.0  346.8
  262.0  10716  -36.3  -39.3     74   0.49      0     15  347.3  349.3  347.4
  255.0  10904  -37.7  -42.1     63   0.37      0     15  347.9  349.5  348.0
  250.0  11040  -38.9  -45.9     47   0.25      0     15  348.1  349.2  348.1
  244.0  11206  -40.1  -56.1     16   0.08      0     17  348.7  349.1  348.7
  217.0  11987  -47.2                           0     26  349.6         349.6
  207.0  12301  -50.0                           0     26  349.9         349.9
  200.0  12530  -52.1                           5     25  350.1         350.1
  172.0  13484  -60.7                          11     21  351.3         351.3
  156.0  14080  -65.3                          15     18  353.5         353.5
  150.0  14320  -67.1                           5     19  354.3         354.3
  148.0  14400  -67.7                           0     19  354.6         354.6
  135.0  14946  -71.7                         330     19  357.0         357.0
  127.0  15297  -73.5                         310     19  360.0         360.0
  103.0  16500  -79.6                         350     17  370.5         370.5
  100.0  16670  -80.5                           5     12  371.9         371.9
   98.0  16784  -81.2                          10      9  372.7         372.7
   93.0  17078  -83.1                         350      9  374.6         374.6
   89.9  17269  -84.3                           0     11  375.9         375.9
   88.0  17388  -84.4                           0      8  378.0         378.0
   83.0  17713  -84.6                         145      5  384.0         384.0
   80.0  17918  -84.7                         126      9  387.8         387.8
   79.0  17988  -84.5                         120     11  389.5         389.5
   78.8  18002  -84.5                         121     12  389.9         389.9
   77.7  18081  -80.5                         125     15  399.8         399.8
   75.0  18284  -78.5                         135     23  408.0         408.0
   73.7  18384  -77.5                         132     24  412.1         412.1
   70.0  18680  -78.7                         125     25  415.7         415.7
   68.4  18812  -79.1                         114     23  417.6         417.6
   67.0  18929  -79.0                         105     22  420.2         420.2
   65.1  19093  -78.9                          85     22  424.0         424.0
   61.4  19431  -73.9                          45     23  442.2         442.2
   61.0  19469  -73.8                          40     23  443.4         443.4
   58.0  19766  -72.6                         355     20  452.4         452.4
   53.7  20219  -70.9                         351     22  466.4         466.4
   52.0  20409  -72.0                         350     23  468.2         468.2
   50.0  20640  -73.3                           0     24  470.4         470.4
   49.9  20652  -73.5                           1     24  470.1         470.1
   49.0  20758  -72.7                           5     22  474.5         474.5
   47.0  21002  -70.9                          95     12  484.5         484.5
   45.0  21257  -71.6                         135     26  488.8         488.8
   43.8  21415  -72.1                         127     28  491.4         491.4
   38.9  22114  -69.3                          92     37  515.4         515.4
   38.0  22255  -66.6                          85     39  525.7         525.7
   37.5  22334  -65.1                          84     38  531.6         531.6
   35.0  22752  -64.9                          76     34  542.7         542.7
   33.6  23000  -63.7                          72     32  552.2         552.2
   33.0  23112  -61.7                          70     31  560.4         560.4
   32.0  23303  -58.3                          40     22  574.5         574.5
   31.1  23481  -55.1                          11     19  587.8         587.8
   30.0  23710  -53.9                         335     15  597.1         597.1
   29.9  23731  -53.9                         332     15  597.7         597.7
   29.0  23925  -54.9                         300     13  600.2         600.2
   27.0  24378  -57.2                         285      9  606.0         606.0
   25.5  24740  -59.1                         174     10  610.6         610.6
   25.0  24864  -59.0                         135     10  614.4         614.4
   23.3  25306  -58.7                         107     12  627.8         627.8
   21.0  25967  -53.5                          65     14  662.5         662.5
   20.6  26089  -52.5                          43     12  669.0         669.0
   20.0  26280  -52.5                          10      8  674.7         674.7
   19.0  26611  -52.9                         295     14  683.6         683.6
   18.3  26853  -53.1                                     690.2         690.2
</PRE><H3>Station information and sounding indices</H3><PRE>
                         Station identifier: WAAA
                             Station number: 97180
                           Observation time: 160406/0000
                           Station latitude: -5.06
                          Station longitude: 119.55
                          Station elevation: 14.0
                            Showalter index: -1.01
                               Lifted index: -1.94
    LIFT computed using virtual temperature: -2.16
                                SWEAT index: 207.40
                                    K index: 35.70
                         Cross totals index: 21.10
                      Vertical totals index: 23.90
                        Totals totals index: 45.00
      Convective Available Potential Energy: 405.22
             CAPE using virtual temperature: 469.01
                      Convective Inhibition: -79.36
             CINS using virtual temperature: -69.34
                           Equilibrum Level: 255.84
 Equilibrum Level using virtual temperature: 249.16
                   Level of Free Convection: 794.76
             LFCT using virtual temperature: 805.59
                     Bulk Richardson Number: 357.82
          Bulk Richardson Number using CAPV: 414.15
  Temp [K] of the Lifted Condensation Level: 293.93
Pres [hPa] of the Lifted Condensation Level: 927.34
     Mean mixed layer potential temperature: 300.35
              Mean mixed layer mixing ratio: 17.23
              1000 hPa to 500 hPa thickness: 5794.00
Precipitable water [mm] for entire sounding: 64.27
</PRE>
<P>Description of the 
<A HREF="/upperair/columns.html">data columns</A>
or <A HREF="/upperair/indices.html">sounding indices</A>.

<P>
<FORM>
<INPUT CLASS="button" TYPE="button" VALUE=" Close this window " 
 onClick="window.close();">
<INPUT CLASS="button" TYPE="button" VALUE=" Select another map " 
 onClick="window.blur();">
</FORM>
<HR SIZE="1">
<I>Interested in graduate studies in atmospheric science?
Check out our program at the
<a href="http://www.uwyo.edu/atsc/howtoapply/"
target=_top>University of Wyoming
</a></I>
<HR SIZE="1"><FONT SIZE="-1">
Questions about the weather data provided by this site can be
addressed to <A HREF="mailto:ldoolman@uwyo.edu">
Larry Oolman (ldoolman@uwyo.edu)</A></FONT>
<HR SIZE="1">
<SCRIPT TYPE="text/javascript">
<!--
window.focus();
// -->
</SCRIPT>
</BODY>
</HTML>
