2018-11-24 00
<HTML>
<TITLE>University of Wyoming - Radiosonde Data</TITLE>
<LINK REL="StyleSheet" HREF="/resources/select.css" TYPE="text/css">
<BODY BGCOLOR="white">
<H2>97180 WAAA Ujung Pandang Observations at 00Z 24 Nov 2018</H2>
<PRE>
-----------------------------------------------------------------------------
   PRES   HGHT   TEMP   DWPT   RELH   MIXR   DRCT   SKNT   THTA   THTE   THTV
    hPa     m      C      C      %    g/kg    deg   knot     K      K      K 
-----------------------------------------------------------------------------
 1012.0     14   26.2   22.8     82  17.61      0      0  298.3  349.8  301.5
 1000.0    114   25.6   21.2     77  16.13     35      2  298.8  345.9  301.6
  979.0    301   25.6   19.4     69  14.75     35      3  300.6  344.1  303.2
  969.0    392   25.6   18.6     65  14.12     36      4  301.4  343.3  304.0
  925.0    799   23.0   17.0     69  13.35     40      9  302.8  342.6  305.2
  914.0    903   22.4   16.1     68  12.77     40     10  303.2  341.4  305.6
  853.0   1501   19.0   11.1     60   9.79     85      6  305.7  335.4  307.5
  850.0   1531   18.8   10.8     60   9.66     80      6  305.8  335.2  307.6
  824.0   1798   16.5   10.2     66   9.54     70      8  306.2  335.2  307.9
  818.0   1860   16.0   10.0     68   9.51     75      7  306.2  335.2  308.0
  784.0   2222   15.0    5.0     51   7.02    105      4  308.9  330.7  310.2
  776.0   2309   14.6    7.6     63   8.51    113      4  309.4  335.7  311.0
  768.0   2397   14.4    5.8     56   7.57    120      3  310.0  333.6  311.4
  756.0   2530   14.0    3.0     47   6.32    153      3  311.0  330.9  312.2
  741.0   2700   12.9    2.5     49   6.23    195      3  311.7  331.4  312.8
  731.0   2814   12.2    2.2     50   6.17    153      3  312.1  331.6  313.2
  721.0   2930   11.0    6.0     71   8.20    111      3  312.0  337.6  313.5
  715.0   3000   10.6    5.3     70   7.88     85      3  312.3  337.0  313.8
  700.0   3177    9.6    3.6     66   7.13     70      6  313.1  335.6  314.4
  596.0   4492    2.3   -1.4     76   5.83     45     10  319.4  338.4  320.5
  566.0   4914    0.0   -3.0     80   5.45     48     11  321.4  339.4  322.4
  553.0   5099   -0.9   -4.3     78   5.07     50     11  322.4  339.3  323.4
  500.0   5900   -4.9   -9.7     69   3.68     35     10  327.0  339.6  327.7
  494.0   5994   -5.5  -10.2     69   3.58     30      9  327.4  339.8  328.1
  475.0   6298   -7.3  -11.8     70   3.27      5      8  328.9  340.2  329.5
  463.0   6497   -8.5  -12.9     71   3.08      9      8  329.8  340.6  330.4
  422.0   7203  -12.7  -18.1     64   2.19     25      7  333.3  341.2  333.7
  400.0   7610  -15.1  -21.1     60   1.79     60      7  335.3  341.8  335.6
  389.0   7820  -16.5  -23.5     55   1.49     75      6  336.1  341.7  336.4
  375.0   8092  -18.4  -24.9     57   1.36     95      4  337.1  342.2  337.4
  362.0   8355  -20.3  -26.3     59   1.24     80      5  338.0  342.7  338.3
  346.0   8685  -23.3  -26.6     74   1.26     60      7  338.3  343.1  338.6
  334.0   8943  -25.7  -26.9     90   1.27     73      8  338.5  343.3  338.8
  332.0   8986  -26.0  -27.2     89   1.24     75      8  338.6  343.4  338.9
  318.0   9294  -28.3  -29.7     88   1.03    120      4  339.7  343.7  339.9
  305.0   9592  -30.4  -32.1     86   0.86     95      5  340.8  344.1  340.9
  300.0   9710  -31.3  -33.0     85   0.80     95      7  341.1  344.3  341.3
  297.0   9781  -31.9  -33.9     82   0.74     97      7  341.3  344.2  341.4
  280.0  10192  -34.9  -39.2     65   0.46    110     10  342.7  344.6  342.8
  257.0  10790  -39.3  -46.9     45   0.22     75     18  344.8  345.7  344.8
  254.0  10871  -39.9  -47.9     42   0.20     75     21  345.0  345.9  345.1
  250.0  10980  -40.9                          75     24  345.1         345.1
  200.0  12450  -54.1                          80     36  346.9         346.9
  195.0  12607  -55.4                          80     38  347.4         347.4
  150.0  14230  -69.1                          75     50  350.9         350.9
  143.0  14514  -71.3                          73     51  351.9         351.9
  132.0  14986  -71.2                          70     53  360.2         360.2
  122.0  15451  -71.1                          62     34  368.6         368.6
  119.0  15595  -72.2                          60     28  369.2         369.2
  113.0  15894  -74.5                          40     19  370.4         370.4
  107.0  16209  -76.9                           0     14  371.6         371.6
  100.0  16600  -79.9                         345     12  373.1         373.1
   97.0  16770  -81.0                         345      8  374.2         374.2
   92.0  17065  -83.0                         110      5  376.0         376.0
   83.2  17626  -86.7                         115      7  379.4         379.4
   82.0  17706  -86.0                         120      6  382.3         382.3
   79.6  17869  -84.7                         135     11  388.4         388.4
   78.0  17981  -85.4                         145     15  389.2         389.2
   75.3  18175  -86.5                         125     18  390.8         390.8
   70.9  18508  -83.1                          92     23  404.8         404.8
   70.0  18580  -81.1                          85     24  410.6         410.6
   69.4  18629  -79.3                          86     24  415.4         415.4
   63.0  19180  -77.8                          95     24  430.5         430.5
   60.0  19458  -77.0                          65     29  438.3         438.3
   59.0  19554  -76.7                          72     32  441.0         441.0
   57.0  19751  -77.8                          85     38  443.0         443.0
   56.0  19852  -78.3                          86     41  444.0         444.0
   54.3  20028  -77.5                          89     47  449.7         449.7
   50.0  20510  -68.9                          95     62  480.7         480.7
   49.9  20522  -68.3                          95     62  482.4         482.4
   48.4  20705  -67.8                          95     66  487.9         487.9
   48.0  20755  -67.6                          95     66  489.4         489.4
   46.5  20946  -67.1                          96     60  495.1         495.1
   44.3  21242  -61.7                          98     50  515.2         515.2
   42.0  21574  -59.4                         100     40  528.9         528.9
   41.0  21724  -58.3                          90     30  535.2         535.2
   40.0  21879  -58.5                          80     20  538.5         538.5
   38.0  22201  -58.9                          95      6  545.4         545.4
   37.0  22368  -59.1                         125      9  549.0         549.0
   36.0  22541  -56.5                         155     12  560.2         560.2
   35.5  22629  -55.1                         148     13  566.0         566.0
   35.0  22720  -55.2                         140     14  568.0         568.0
   33.0  23094  -55.6                         165      7  576.5         576.5
   32.0  23290  -55.9                         295      6  581.0         581.0
   30.9  23512  -56.1                         292      9  586.1         586.1
   30.0  23700  -55.3                         290     12  593.3         593.3
   29.2  23874  -52.3                                     606.1         606.1
</PRE><H3>Station information and sounding indices</H3><PRE>
                         Station identifier: WAAA
                             Station number: 97180
                           Observation time: 181124/0000
                           Station latitude: -5.06
                          Station longitude: 119.55
                          Station elevation: 14.0
                            Showalter index: 4.06
                               Lifted index: 0.09
    LIFT computed using virtual temperature: -0.17
                                SWEAT index: 151.61
                                    K index: 28.50
                         Cross totals index: 15.70
                      Vertical totals index: 23.70
                        Totals totals index: 39.40
      Convective Available Potential Energy: 22.29
             CAPE using virtual temperature: 53.34
                      Convective Inhibition: -185.77
             CINS using virtual temperature: -119.58
                           Equilibrum Level: 301.82
 Equilibrum Level using virtual temperature: 296.84
                   Level of Free Convection: 626.15
             LFCT using virtual temperature: 689.27
                     Bulk Richardson Number: 12.29
          Bulk Richardson Number using CAPV: 29.40
  Temp [K] of the Lifted Condensation Level: 291.81
Pres [hPa] of the Lifted Condensation Level: 906.42
     Mean mixed layer potential temperature: 300.14
              Mean mixed layer mixing ratio: 15.22
              1000 hPa to 500 hPa thickness: 5786.00
Precipitable water [mm] for entire sounding: 49.86
</PRE>
<P>Description of the 
<A HREF="/upperair/columns.html">data columns</A>
or <A HREF="/upperair/indices.html">sounding indices</A>.

<P>
<FORM>
<INPUT CLASS="button" TYPE="button" VALUE=" Close this window " 
 onClick="window.close();">
<INPUT CLASS="button" TYPE="button" VALUE=" Select another map " 
 onClick="window.blur();">
</FORM>
<HR SIZE="1">
<I>Interested in graduate studies in atmospheric science?
Check out our program at the
<a href="http://www.uwyo.edu/atsc/howtoapply/"
target=_top>University of Wyoming
</a></I>
<HR SIZE="1"><FONT SIZE="-1">
Questions about the weather data provided by this site can be
addressed to <A HREF="mailto:ldoolman@uwyo.edu">
Larry Oolman (ldoolman@uwyo.edu)</A></FONT>
<HR SIZE="1">
<SCRIPT TYPE="text/javascript">
<!--
window.focus();
// -->
</SCRIPT>
</BODY>
</HTML>
