2016-07-30 00
<HTML>
<TITLE>University of Wyoming - Radiosonde Data</TITLE>
<LINK REL="StyleSheet" HREF="/resources/select.css" TYPE="text/css">
<BODY BGCOLOR="white">
<H2>97180 WAAA Ujung Pandang Observations at 00Z 30 Jul 2016</H2>
<PRE>
-----------------------------------------------------------------------------
   PRES   HGHT   TEMP   DWPT   RELH   MIXR   DRCT   SKNT   THTA   THTE   THTV
    hPa     m      C      C      %    g/kg    deg   knot     K      K      K 
-----------------------------------------------------------------------------
 1009.0     14   28.6   25.7     84  21.14    145      2  301.0  363.6  304.8
 1008.0     23   25.0   19.0     69  13.91    142      3  297.5  338.0  299.9
 1005.0     48   24.6   18.6     69  13.60    132      5  297.3  336.9  299.8
 1000.0     91   26.2   19.2     65  14.21    115      8  299.4  341.0  301.9
  977.0    295   25.1   17.8     64  13.27    115      8  300.2  339.3  302.6
  944.0    597   23.4   15.7     62  11.98    170      7  301.5  337.0  303.6
  925.0    775   22.4   14.4     61  11.27    150      7  302.2  335.8  304.2
  883.0   1178   19.4   11.4     60   9.67     83     12  303.1  332.2  304.9
  881.0   1198   19.4   11.2     59   9.56     80     12  303.3  332.1  305.1
  855.0   1456   19.4    8.4     49   8.15     80      8  305.9  330.9  307.4
  850.0   1507   19.4    8.4     49   8.20     80      7  306.4  331.6  308.0
  822.0   1793   17.4    8.1     54   8.29     70      4  307.3  332.8  308.8
  793.0   2100   15.3    7.7     61   8.39     85      1  308.2  334.0  309.8
  784.0   2198   14.6    7.6     63   8.42    118      2  308.5  334.4  310.0
  770.0   2350   14.0    3.0     47   6.20    171      4  309.4  328.9  310.6
  765.0   2405   13.6    3.7     51   6.55    190      5  309.5  330.0  310.7
  748.0   2594   12.0    6.0     67   7.90    197      4  309.8  334.4  311.3
  739.0   2695   11.6    3.9     59   6.90    200      3  310.4  332.0  311.7
  713.0   2995   10.2   -2.3     42   4.57    125      2  312.1  326.8  313.0
  705.0   3089    9.8   -4.2     37   3.99     97      1  312.7  325.6  313.4
  700.0   3148    9.4   -2.6     43   4.54     80      1  312.9  327.5  313.7
  687.0   3303    8.2   -1.8     49   4.91    355      1  313.2  329.0  314.1
  675.0   3448    7.2   -3.8     45   4.30    334      2  313.7  327.6  314.5
  662.0   3608    7.3  -11.6     25   2.39    310      3  315.6  323.6  316.0
  657.0   3670    7.4  -14.6     19   1.89    282      3  316.3  322.8  316.7
  639.0   3896    6.1  -19.4     14   1.30    180      4  317.4  321.9  317.6
  616.0   4195    4.4  -25.6      9   0.78    105     10  318.7  321.6  318.9
  611.0   4262    4.0  -27.0      8   0.69    102      9  319.0  321.6  319.2
  593.0   4503    3.0  -28.5      8   0.62     90      5  320.6  322.9  320.8
  578.0   4710    2.2  -29.8      7   0.56     51      7  322.0  324.1  322.1
  572.0   4794    1.6  -26.2     11   0.79     35      8  322.3  325.2  322.5
  555.0   5036    0.0  -16.0     29   1.99     46     11  323.2  330.1  323.6
  546.0   5166   -1.5  -11.5     46   2.92     52     13  322.9  332.9  323.5
  500.0   5860   -5.5  -33.5      9   0.46     85     21  326.3  328.0  326.4
  499.0   5876   -5.7  -32.7     10   0.49     85     21  326.2  328.1  326.3
  491.0   6002   -5.9  -34.6      8   0.42     85     21  327.5  329.1  327.6
  463.0   6462   -6.5  -41.5      4   0.22     97     19  332.3  333.2  332.3
  455.0   6597   -7.4  -42.2      4   0.21    100     18  332.8  333.6  332.8
  438.0   6890   -9.4  -43.6      4   0.18    115     20  333.9  334.7  334.0
  400.0   7590  -14.1  -47.1      4   0.14    100     19  336.6  337.2  336.6
  389.0   7797  -15.6  -47.8      4   0.13     95     19  337.3  337.9  337.3
  344.0   8711  -22.2  -50.7      6   0.11    115     14  340.5  340.9  340.5
  338.0   8841  -23.1  -51.1      6   0.10    110     12  340.9  341.4  340.9
  331.0   8992  -24.3  -49.5      8   0.13    105     10  341.3  341.9  341.3
  305.0   9581  -29.0  -43.2     24   0.28    140     12  342.8  344.0  342.9
  300.0   9700  -29.9  -41.9     30   0.32    140     12  343.1  344.5  343.2
  257.0  10781  -39.9  -43.9     65   0.31     75     20  344.0  345.2  344.0
  256.0  10808  -40.1  -43.9     67   0.31     75     21  344.0  345.2  344.0
  250.0  10970  -41.5                          75     24  344.2         344.2
  214.0  12001  -49.3                          85     35  347.7         347.7
  200.0  12450  -52.7                          60     36  349.1         349.1
  186.0  12902  -56.7                          55     41  349.9         349.9
  150.0  14240  -68.7                          45     61  351.6         351.6
  139.0  14676  -71.7                          45     61  354.0         354.0
  107.0  16173  -82.0                         100     32  361.9         361.9
  100.0  16560  -84.7                         105     35  363.8         363.8
   96.7  16744  -86.1                          95     38  364.6         364.6
   96.0  16784  -85.6                          95     38  366.4         366.4
   93.1  16953  -83.3                          81     25  374.1         374.1
   91.0  17082  -77.9                          70     16  387.3         387.3
   90.4  17120  -74.5                          82     15  394.8         394.8
   88.2  17264  -72.7                         125     10  401.1         401.1
   86.0  17410  -73.5                         170      5  402.4         402.4
   82.0  17685  -75.0                         205     12  404.8         404.8
   78.0  17975  -76.6                         195     16  407.3         407.3
   75.0  18202  -77.9                         160     17  409.3         409.3
   74.0  18279  -77.0                         145     19  412.6         412.6
   70.0  18600  -73.5                         115     26  426.8         426.8
   68.1  18762  -70.5                         102     30  436.6         436.6
   67.0  18858  -70.7                          95     32  438.2         438.2
   62.3  19289  -71.7                          84     34  445.2         445.2
   57.0  19819  -69.0                          70     36  462.9         462.9
   53.7  20175  -67.1                          86     37  475.2         475.2
   52.0  20371  -65.5                          95     37  483.3         483.3
   50.0  20610  -63.5                          90     32  493.4         493.4
   46.9  21008  -58.5                          84     21  514.5         514.5
   45.0  21266  -59.1                          80     14  519.2         519.2
   43.0  21550  -59.8                         330      6  524.3         524.3
   41.0  21848  -60.5                         290      7  529.8         529.8
   39.8  22034  -60.9                         293      9  533.2         533.2
   37.0  22487  -60.9                         300     15  544.4         544.4
   35.0  22833  -60.9                         290     20  553.1         553.1
   34.4  22940  -60.9                         272     15  555.9         555.9
   34.0  23014  -60.5                         260     11  558.7         558.7
   30.0  23800  -56.5                         295     13  590.0         590.0
   29.0  24015  -56.0                         305     12  597.3         597.3
   28.9  24037  -55.9                         305     12  598.0         598.0
   28.0  24240  -53.0                         305     15  611.6         611.6
   27.8  24286  -52.3                         302     15  614.7         614.7
   24.0  25235  -52.8                         245     20  639.7         639.7
   23.1  25482  -52.9                                     646.3         646.3
</PRE><H3>Station information and sounding indices</H3><PRE>
                         Station identifier: WAAA
                             Station number: 97180
                           Observation time: 160730/0000
                           Station latitude: -5.06
                          Station longitude: 119.55
                          Station elevation: 14.0
                            Showalter index: 5.09
                               Lifted index: 1.69
    LIFT computed using virtual temperature: 1.04
                                SWEAT index: 135.78
                                    K index: 21.30
                         Cross totals index: 13.90
                      Vertical totals index: 24.90
                        Totals totals index: 38.80
      Convective Available Potential Energy: 0.00
             CAPE using virtual temperature: 0.00
                      Convective Inhibition: 0.00
             CINS using virtual temperature: 0.00
                     Bulk Richardson Number: 0.00
          Bulk Richardson Number using CAPV: 0.00
  Temp [K] of the Lifted Condensation Level: 289.46
Pres [hPa] of the Lifted Condensation Level: 883.65
     Mean mixed layer potential temperature: 299.89
              Mean mixed layer mixing ratio: 13.42
              1000 hPa to 500 hPa thickness: 5769.00
Precipitable water [mm] for entire sounding: 33.82
</PRE>
<P>Description of the 
<A HREF="/upperair/columns.html">data columns</A>
or <A HREF="/upperair/indices.html">sounding indices</A>.

<P>
<FORM>
<INPUT CLASS="button" TYPE="button" VALUE=" Close this window " 
 onClick="window.close();">
<INPUT CLASS="button" TYPE="button" VALUE=" Select another map " 
 onClick="window.blur();">
</FORM>
<HR SIZE="1">
<I>Interested in graduate studies in atmospheric science?
Check out our program at the
<a href="http://www.uwyo.edu/atsc/howtoapply/"
target=_top>University of Wyoming
</a></I>
<HR SIZE="1"><FONT SIZE="-1">
Questions about the weather data provided by this site can be
addressed to <A HREF="mailto:ldoolman@uwyo.edu">
Larry Oolman (ldoolman@uwyo.edu)</A></FONT>
<HR SIZE="1">
<SCRIPT TYPE="text/javascript">
<!--
window.focus();
// -->
</SCRIPT>
</BODY>
</HTML>
