2016-08-13 00
<HTML>
<TITLE>University of Wyoming - Radiosonde Data</TITLE>
<LINK REL="StyleSheet" HREF="/resources/select.css" TYPE="text/css">
<BODY BGCOLOR="white">
<H2>97180 WAAA Ujung Pandang Observations at 00Z 13 Aug 2016</H2>
<PRE>
-----------------------------------------------------------------------------
   PRES   HGHT   TEMP   DWPT   RELH   MIXR   DRCT   SKNT   THTA   THTE   THTV
    hPa     m      C      C      %    g/kg    deg   knot     K      K      K 
-----------------------------------------------------------------------------
 1020.0     14   24.0   20.1     79  14.74      0      0  295.5  338.0  298.1
 1019.0     22   24.8   18.8     69  13.59      4      1  296.4  335.7  298.8
 1015.0     56   26.6   19.6     65  14.36     21      2  298.5  340.4  301.0
 1010.0     98   27.0   20.0     66  14.80     42      5  299.3  342.7  301.9
 1000.0    183   26.4   18.4     61  13.50     85     10  299.6  339.2  302.0
  987.0    298   25.6   18.0     63  13.30     75     13  299.9  339.1  302.3
  925.0    869   21.8   15.8     69  12.35     85     10  301.6  338.2  303.8
  850.0   1602   17.8   12.8     73  11.04     85     13  304.8  338.1  306.8
  830.0   1806   16.5   12.4     77  11.04     90      7  305.5  338.8  307.5
  823.0   1878   16.0   12.3     79  11.04     53      6  305.7  339.1  307.7
  802.0   2098   15.4    9.2     67   9.17    300      2  307.3  335.3  309.0
  774.0   2400   14.5    4.9     52   7.05      0      1  309.5  331.5  310.8
  771.0   2433   14.4    4.4     51   6.85      4      1  309.7  331.1  311.0
  752.0   2643   12.6    6.6     67   8.19     28      2  310.0  335.4  311.5
  747.0   2699   12.4    5.6     63   7.70     35      2  310.3  334.3  311.8
  721.0   2996   11.1    0.4     48   5.51    175      3  312.1  329.6  313.1
  712.0   3101   10.6   -1.4     43   4.87    158      4  312.7  328.3  313.6
  700.0   3243    9.4    2.4     62   6.54    135      5  312.9  333.6  314.1
  695.0   3302    8.8    2.6     65   6.71    125      5  312.9  334.1  314.1
  684.0   3434    7.6    3.2     74   7.09    127      5  312.9  335.3  314.3
  683.0   3446    7.6    4.8     82   7.96    127      5  313.1  338.1  314.6
  678.0   3507    8.2    1.2     61   6.19    128      5  314.4  334.2  315.6
  670.0   3605    7.7   -0.7     55   5.46    130      5  314.9  332.5  316.0
  646.0   3905    6.3   -6.5     39   3.64    160      2  316.6  328.6  317.3
  645.0   3918    6.2   -6.8     39   3.58    155      2  316.6  328.5  317.3
  623.0   4199    4.2   -6.2     46   3.87     45      2  317.6  330.3  318.3
  600.0   4504    2.1   -5.6     57   4.22    125      1  318.5  332.4  319.3
  578.0   4807    0.0   -5.0     69   4.59     80      8  319.5  334.6  320.4
  572.0   4890   -1.1   -2.8     88   5.47     80      8  319.1  337.0  320.2
  567.0   4960   -0.5   -0.7     99   6.46     80      8  320.6  341.7  321.9
  559.0   5074   -0.3   -3.6     78   5.28     80      8  322.2  339.6  323.2
  549.0   5219   -1.1   -3.4     84   5.45     80      9  322.9  341.0  324.0
  542.0   5321   -1.9   -6.2     72   4.46     80      9  323.1  338.1  324.0
  541.0   5336   -2.1   -6.2     73   4.47     80      9  323.1  338.0  323.9
  540.0   5350   -1.7  -10.7     50   3.15     80      9  323.7  334.5  324.3
  539.0   5365   -1.7  -12.7     43   2.69     80      9  323.9  333.1  324.4
  538.0   5380   -1.7  -10.7     50   3.16     80      9  324.1  334.9  324.7
  537.0   5395   -1.9   -5.3     78   4.83     80      9  324.0  340.1  324.9
  536.0   5409   -1.9   -5.9     74   4.62     80      9  324.1  339.7  325.1
  535.0   5424   -1.9   -5.8     75   4.66     80      9  324.3  340.0  325.2
  534.0   5439   -1.7  -14.7     36   2.30     80      9  324.7  332.8  325.2
  533.0   5454   -1.3  -23.3     17   1.10     80      9  325.4  329.4  325.6
  532.0   5469   -1.7  -12.7     43   2.72     80      9  325.1  334.5  325.6
  531.0   5484   -1.9   -8.9     59   3.69     80      9  325.0  337.6  325.8
  530.0   5499   -2.1   -6.6     71   4.43     80      9  325.0  339.9  325.8
  522.0   5620   -1.9  -24.9     15   0.98     80      9  326.6  330.2  326.8
  520.0   5650   -2.3  -24.3     17   1.04     80      9  326.5  330.3  326.7
  519.0   5666   -2.5  -23.5     18   1.11     80      9  326.4  330.5  326.6
  518.0   5681   -2.5  -25.5     15   0.93     80     10  326.6  330.1  326.8
  517.0   5696   -2.9  -11.9     50   2.99     80     10  326.3  336.6  326.9
  512.0   5773   -3.9   -8.9     68   3.83     80     10  326.0  339.1  326.8
  500.0   5960   -5.3   -7.9     82   4.24     80     10  326.5  340.9  327.4
  498.0   5992   -5.5   -9.3     75   3.82     79     10  326.6  339.7  327.4
  495.0   6039   -5.7   -8.0     84   4.25     78     10  327.0  341.4  327.8
  493.0   6071   -4.9   -7.8     80   4.34     77     11  328.3  343.2  329.2
  489.0   6135   -4.5  -17.5     36   1.99     75     11  329.6  336.7  330.0
  488.0   6152   -4.3  -21.3     25   1.44     74     11  330.0  335.3  330.3
  479.0   6296   -5.3  -22.5     25   1.32     70     12  330.5  335.4  330.8
  400.0   7690  -15.3  -34.3     18   0.53    105     27  335.0  337.1  335.1
  387.0   7938  -16.9  -36.9     16   0.42    108     30  336.1  337.8  336.2
  363.0   8408  -20.9  -39.0     18   0.36    115     36  337.0  338.5  337.1
  327.0   9175  -27.3  -42.3     23   0.28    112     38  338.4  339.5  338.4
  300.0   9790  -30.9  -50.9     12   0.12    110     39  341.7  342.2  341.7
  295.0   9909  -31.3  -51.3     12   0.12    105     40  342.8  343.3  342.8
  286.0  10128  -32.1  -52.1     12   0.11    101     41  344.7  345.2  344.7
  252.0  11006  -39.9  -52.9     24   0.11     86     43  345.8  346.3  345.8
  250.0  11060  -40.3                          85     43  346.0         346.0
  249.0  11087  -40.4                          85     44  346.2         346.2
  232.0  11567  -42.9                          82     47  349.5         349.5
  200.0  12550  -51.5                          75     52  351.1         351.1
  150.0  14350  -68.9                          60     57  351.2         351.2
  141.0  14713  -72.2                          65     61  351.7         351.7
  137.0  14882  -73.7                          67     62  351.9         351.9
  125.0  15408  -77.9                          74     65  353.7         353.7
  115.0  15878  -80.5                          80     68  357.4         357.4
  103.0  16495  -80.8                         115     59  368.2         368.2
  100.0  16660  -80.9                         120     61  371.2         371.2
   98.0  16774  -81.0                         115     62  373.1         373.1
   96.8  16844  -81.1                         109     58  374.2         374.2
   92.6  17099  -74.3                          89     45  392.4         392.4
   88.0  17395  -75.9                          65     29  394.9         394.9
   83.8  17679  -77.5                          75     22  397.3         397.3
   83.7  17686  -77.5                          75     22  397.4         397.4
   77.4  18136  -77.5                          89     24  406.4         406.4
   75.0  18319  -76.6                          95     25  411.9         411.9
   72.5  18515  -75.7                          97     33  417.9         417.9
   70.0  18720  -73.3                         100     42  427.2         427.2
   69.4  18771  -71.5                          99     43  432.1         432.1
   65.0  19165  -68.7                          95     48  446.4         446.4
   61.0  19548  -66.0                         105     53  460.5         460.5
   57.7  19883  -63.7                          79     37  473.2         473.2
   56.0  20066  -64.0                          65     29  476.6         476.6
   53.0  20403  -64.5                          20     13  482.9         482.9
   51.0  20639  -64.9                         310      9  487.4         487.4
   50.0  20760  -65.1                         290      9  489.7         489.7
   49.4  20833  -65.3                         272      9  490.9         490.9
   48.0  21010  -64.9                         230     10  495.9         495.9
   46.0  21271  -64.3                         115     10  503.4         503.4
   44.0  21543  -63.7                          80      8  511.3         511.3
   42.0  21828  -63.0                         145      7  519.8         519.8
   40.0  22127  -62.4                         165     14  528.8         528.8
   39.3  22236  -62.1                         163     13  532.1         532.1
   37.6  22509  -61.5                         159      9  540.4         540.4
   36.9  22626  -59.1                         157      7  549.5         549.5
   36.0  22781  -59.4                         155      5  552.7         552.7
   35.5  22868  -59.5                         115      5  554.5         554.5
   34.0  23141  -56.5                         350      5  569.2         569.2
   33.4  23253  -55.3                         341      7  575.4         575.4
   30.0  23940  -53.9                         285     20  597.1         597.1
   24.1  25346  -52.7                         264     36  639.1         639.1
   23.0  25646  -53.5                         260     40  645.5         645.5
   20.8  26290  -55.1                         260     32  659.3         659.3
   20.0  26540  -54.1                         260     29  669.8         669.8
   17.0  27594  -51.9                         285     22  708.8         708.8
   14.0  28853  -49.2                         260     20  758.3         758.3
   13.9  28900  -49.1                                     760.2         760.2
</PRE><H3>Station information and sounding indices</H3><PRE>
                         Station identifier: WAAA
                             Station number: 97180
                           Observation time: 160813/0000
                           Station latitude: -5.06
                          Station longitude: 119.55
                          Station elevation: 14.0
                            Showalter index: 2.41
                               Lifted index: 1.84
    LIFT computed using virtual temperature: 1.80
                                SWEAT index: 189.59
                                    K index: 28.90
                         Cross totals index: 18.10
                      Vertical totals index: 23.10
                        Totals totals index: 41.20
      Convective Available Potential Energy: 0.00
             CAPE using virtual temperature: 0.00
                      Convective Inhibition: -329.30
             CINS using virtual temperature: -264.48
                           Equilibrum Level: 571.97
 Equilibrum Level using virtual temperature: 571.46
                   Level of Free Convection: 572.05
             LFCT using virtual temperature: 573.66
                     Bulk Richardson Number: 0.00
          Bulk Richardson Number using CAPV: 0.00
  Temp [K] of the Lifted Condensation Level: 289.77
Pres [hPa] of the Lifted Condensation Level: 890.17
     Mean mixed layer potential temperature: 299.58
              Mean mixed layer mixing ratio: 13.57
              1000 hPa to 500 hPa thickness: 5777.00
Precipitable water [mm] for entire sounding: 45.26
</PRE>
<P>Description of the 
<A HREF="/upperair/columns.html">data columns</A>
or <A HREF="/upperair/indices.html">sounding indices</A>.

<P>
<FORM>
<INPUT CLASS="button" TYPE="button" VALUE=" Close this window " 
 onClick="window.close();">
<INPUT CLASS="button" TYPE="button" VALUE=" Select another map " 
 onClick="window.blur();">
</FORM>
<HR SIZE="1">
<I>Interested in graduate studies in atmospheric science?
Check out our program at the
<a href="http://www.uwyo.edu/atsc/howtoapply/"
target=_top>University of Wyoming
</a></I>
<HR SIZE="1"><FONT SIZE="-1">
Questions about the weather data provided by this site can be
addressed to <A HREF="mailto:ldoolman@uwyo.edu">
Larry Oolman (ldoolman@uwyo.edu)</A></FONT>
<HR SIZE="1">
<SCRIPT TYPE="text/javascript">
<!--
window.focus();
// -->
</SCRIPT>
</BODY>
</HTML>
