2017-04-28 00
<HTML>
<TITLE>University of Wyoming - Radiosonde Data</TITLE>
<LINK REL="StyleSheet" HREF="/resources/select.css" TYPE="text/css">
<BODY BGCOLOR="white">
<H2>97180 WAAA Ujung Pandang Observations at 00Z 28 Apr 2017</H2>
<PRE>
-----------------------------------------------------------------------------
   PRES   HGHT   TEMP   DWPT   RELH   MIXR   DRCT   SKNT   THTA   THTE   THTV
    hPa     m      C      C      %    g/kg    deg   knot     K      K      K 
-----------------------------------------------------------------------------
 1011.0     14   26.4   22.8     81  17.63     75      2  298.6  350.1  301.8
 1000.0    105   27.0   22.4     76  17.39     85      5  300.1  351.3  303.3
  978.0    300   25.7   21.1     76  16.44     30      3  300.8  349.3  303.8
  945.0    600   23.8   19.2     75  15.06    355      4  301.8  346.4  304.5
  925.0    787   22.6   18.0     75  14.24    345      3  302.4  344.7  305.0
  913.0    902   22.0   16.6     71  13.22    335      1  303.0  342.4  305.4
  904.0    988   21.6   15.6     69  12.48    311      1  303.4  340.7  305.6
  881.0   1213   19.6   16.9     84  13.94    247      3  303.5  345.2  306.1
  852.0   1504   17.7   15.6     87  13.25    165      4  304.5  344.2  306.9
  850.0   1524   17.6   15.5     87  13.20    160      4  304.6  344.2  307.0
  794.0   2102   13.8   11.8     88  11.06    240      2  306.5  340.1  308.6
  774.0   2318   12.4   10.4     88  10.33    304      2  307.2  338.7  309.1
  766.0   2405   11.6   10.2     91  10.32    330      2  307.3  338.8  309.2
  760.0   2471   11.0   10.1     94  10.31    332      3  307.3  338.8  309.2
  755.0   2526    9.8    7.2     84   8.51    334      3  306.6  332.6  308.2
  750.0   2581   11.2    5.2     67   7.45    336      4  308.7  331.8  310.1
  742.0   2670   11.4    3.4     58   6.63    339      5  309.9  330.6  311.1
  739.0   2704   11.0    5.3     68   7.64    340      5  309.8  333.6  311.2
  736.0   2738   10.6    7.3     80   8.79    338      5  309.7  336.9  311.4
  730.0   2806   10.0    8.3     89   9.50    334      6  309.8  339.1  311.6
  724.0   2875    9.8    7.8     87   9.25    331      7  310.3  338.9  312.0
  723.0   2886    9.6    7.5     87   9.08    330      7  310.2  338.3  311.9
  720.0   2921   10.0    4.0     66   7.13    328      7  311.0  333.4  312.4
  718.0   2944   10.0    0.0     50   5.36    327      7  311.3  328.3  312.3
  717.0   2955   10.2   -0.8     46   5.06    326      7  311.6  327.7  312.6
  714.0   2990   10.0    3.0     62   6.69    324      8  311.8  332.9  313.0
  713.0   3002    9.8    5.4     74   7.95    323      8  311.7  336.5  313.2
  706.0   3084   11.2    0.2     47   5.53    319      8  314.1  331.8  315.1
  703.0   3119   11.6   -3.4     35   4.25    317      9  314.9  328.8  315.7
  700.0   3155   11.8   -5.2     30   3.73    315      9  315.5  327.8  316.2
  688.0   3299   11.0   -2.8     38   4.54    305      7  316.2  331.0  317.1
  685.0   3335   10.8   -2.2     40   4.78    297      7  316.4  331.9  317.3
  678.0   3421   10.2   -4.8     34   3.97    279      6  316.6  329.7  317.4
  675.0   3458    9.8   -2.2     43   4.85    272      6  316.6  332.4  317.5
  663.0   3605    9.0   -4.1     39   4.28    240      5  317.3  331.3  318.1
  632.0   4000    6.8   -9.2     31   3.03    223      6  319.2  329.4  319.8
  625.0   4091    6.0   -2.0     56   5.32    219      6  319.3  336.7  320.3
  617.0   4196    5.3   -2.7     56   5.10    215      6  319.6  336.4  320.6
  603.0   4383    4.0   -4.0     56   4.74    257      4  320.2  335.9  321.2
  594.0   4505    3.4   -5.1     54   4.43    285      2  320.9  335.6  321.7
  573.0   4795    1.8   -7.8     49   3.74      0      0  322.4  335.0  323.1
  565.0   4909    1.2   -8.8     47   3.50     51      2  323.0  334.8  323.6
  552.0   5095    0.3  -14.3     33   2.30    135      5  324.0  332.1  324.5
  548.0   5154    0.0  -16.0     29   2.01    140      5  324.4  331.4  324.8
  531.0   5404   -1.8  -14.9     36   2.27    160      5  325.2  333.1  325.6
  524.0   5510   -2.5  -14.5     39   2.39    133      5  325.5  333.9  326.0
  519.0   5586   -2.7  -12.7     46   2.79    113      5  326.2  335.9  326.7
  514.0   5662   -3.1  -13.1     46   2.73     93      5  326.6  336.1  327.1
  513.0   5678   -3.1  -10.1     58   3.48     89      5  326.8  338.8  327.5
  512.0   5693   -3.1  -13.6     44   2.63     85      5  327.0  336.2  327.5
  511.0   5708   -3.1  -17.1     33   1.97     85      5  327.1  334.1  327.6
  506.0   5786   -3.5  -17.5     33   1.92     83      5  327.6  334.4  328.0
  500.0   5880   -4.1  -14.1     46   2.58     80      6  328.0  337.0  328.5
  499.0   5896   -4.5  -13.5     49   2.72     79      6  327.7  337.2  328.2
  496.0   5943   -4.9  -10.9     63   3.38     78      6  327.8  339.4  328.4
  492.0   6007   -5.1  -13.1     53   2.85     76      6  328.3  338.2  328.8
  457.0   6582   -8.9  -13.9     67   2.87     56      8  330.5  340.6  331.1
  456.0   6599   -9.0  -14.1     67   2.85     55      8  330.6  340.6  331.1
  429.0   7068  -12.1  -18.1     61   2.16     81      6  332.5  340.2  332.9
  400.0   7600  -14.9  -26.9     35   1.06    110      4  335.5  339.6  335.8
  397.0   7657  -14.7  -29.7     27   0.83    107      5  336.5  339.7  336.7
  390.0   7791  -15.5  -32.0     23   0.67    100      6  337.2  339.9  337.4
  363.0   8330  -18.5  -41.5     11   0.28    115      8  340.2  341.3  340.2
  345.0   8701  -21.5  -41.6     15   0.29    125      9  341.0  342.2  341.1
  318.0   9295  -26.4  -41.8     22   0.31     80     19  342.3  343.6  342.4
  300.0   9720  -29.9  -41.9     30   0.32     65     16  343.1  344.5  343.2
  294.0   9864  -31.1  -40.1     41   0.40     62     15  343.4  345.0  343.5
  280.0  10203  -34.0  -43.7     37   0.29     55     13  344.0  345.2  344.1
  269.0  10482  -36.4  -46.6     34   0.22     35     13  344.5  345.4  344.5
  253.0  10909  -40.1  -51.1     30   0.14     43     13  345.1  345.7  345.2
  250.0  10990  -40.7                          45     13  345.4         345.4
  225.0  11689  -46.7                          60     20  346.7         346.7
  205.0  12306  -52.1                          50     21  347.7         347.7
  200.0  12470  -53.5                          60     20  347.9         347.9
  178.0  13203  -59.7                          75     28  349.5         349.5
  167.0  13605  -63.1                          77     26  350.3         350.3
  154.0  14099  -65.7                          80     23  354.1         354.1
  150.0  14260  -66.5                          95     20  355.3         355.3
  126.0  15266  -73.1                         115     16  361.5         361.5
  108.0  16156  -79.0                         140     12  366.7         366.7
  100.0  16600  -81.9                         120     14  369.2         369.2
   97.0  16771  -82.6                         115     14  371.1         371.1
   93.1  17000  -83.5                         120     13  373.7         373.7
   85.0  17507  -83.9                         124     11  382.8         382.8
   82.0  17708  -82.6                         125     10  389.4         389.4
   80.5  17812  -81.9                         121      9  392.9         392.9
   78.0  17993  -78.9                         115      8  402.6         402.6
   74.3  18271  -74.3                         341      5  417.9         417.9
   74.0  18295  -74.3                         330      5  418.4         418.4
   70.2  18603  -74.3                         287     23  424.8         424.8
   70.0  18620  -74.3                         285     24  425.1         425.1
   68.9  18713  -71.5                         284     25  433.1         433.1
   58.1  19720  -71.7                         271     34  454.2         454.2
   57.0  19834  -70.8                         270     35  458.8         458.8
   53.4  20223  -67.7                         259     25  474.5         474.5
   52.0  20384  -67.5                         255     21  478.5         478.5
   50.0  20620  -67.3                         270     22  484.5         484.5
   46.8  21018  -66.5                         272     23  495.6         495.6
   42.7  21579  -61.1                         274     24  522.1         522.1
   41.0  21831  -61.0                         275     24  528.4         528.4
   33.0  23178  -60.5                         220     10  563.6         563.6
   30.3  23708  -60.3                         265     14  578.0         578.0
   30.0  23770  -60.3                         270     14  579.7         579.7
   29.2  23939  -58.3                         264     14  589.6         589.6
   26.0  24662  -60.2                         240     13  604.2         604.2
   25.8  24710  -60.3                         233     13  605.2         605.2
   25.0  24906  -60.3                         205     12  610.7         610.7
   24.8  24956  -60.3                         209     12  612.1         612.1
   23.3  25348  -54.9                         243     12  638.9         638.9
   23.0  25431  -54.5                         250     12  642.4         642.4
   22.0  25717  -53.2                         230     18  654.5         654.5
   21.0  26016  -51.8                         185     12  667.5         667.5
   20.1  26298  -50.5                         122     14  679.9         679.9
   20.0  26330  -50.1                         115     14  682.1         682.1
   19.0  26667  -49.4                          70     25  694.3         694.3
   18.0  27022  -48.7                          60     31  707.5         707.5
   17.0  27398  -47.9                          90     40  721.6         721.6
   16.3  27674  -47.3                                     732.2         732.2
</PRE><H3>Station information and sounding indices</H3><PRE>
                         Station identifier: WAAA
                             Station number: 97180
                           Observation time: 170428/0000
                           Station latitude: -5.06
                          Station longitude: 119.55
                          Station elevation: 14.0
                            Showalter index: 1.13
                               Lifted index: -0.84
    LIFT computed using virtual temperature: -1.41
                                SWEAT index: 200.01
                                    K index: 20.20
                         Cross totals index: 19.60
                      Vertical totals index: 21.70
                        Totals totals index: 41.30
      Convective Available Potential Energy: 400.62
             CAPE using virtual temperature: 539.57
                      Convective Inhibition: -41.04
             CINS using virtual temperature: -28.14
                           Equilibrum Level: 184.62
 Equilibrum Level using virtual temperature: 184.33
                   Level of Free Convection: 844.86
             LFCT using virtual temperature: 858.50
                     Bulk Richardson Number: 243.37
          Bulk Richardson Number using CAPV: 327.77
  Temp [K] of the Lifted Condensation Level: 293.46
Pres [hPa] of the Lifted Condensation Level: 920.00
     Mean mixed layer potential temperature: 300.55
              Mean mixed layer mixing ratio: 16.63
              1000 hPa to 500 hPa thickness: 5775.00
Precipitable water [mm] for entire sounding: 49.90
</PRE>
<P>Description of the 
<A HREF="/upperair/columns.html">data columns</A>
or <A HREF="/upperair/indices.html">sounding indices</A>.

<P>
<FORM>
<INPUT CLASS="button" TYPE="button" VALUE=" Close this window " 
 onClick="window.close();">
<INPUT CLASS="button" TYPE="button" VALUE=" Select another map " 
 onClick="window.blur();">
</FORM>
<HR SIZE="1">
<I>Interested in graduate studies in atmospheric science?
Check out our program at the
<a href="http://www.uwyo.edu/atsc/howtoapply/"
target=_top>University of Wyoming
</a></I>
<HR SIZE="1"><FONT SIZE="-1">
Questions about the weather data provided by this site can be
addressed to <A HREF="mailto:ldoolman@uwyo.edu">
Larry Oolman (ldoolman@uwyo.edu)</A></FONT>
<HR SIZE="1">
<SCRIPT TYPE="text/javascript">
<!--
window.focus();
// -->
</SCRIPT>
</BODY>
</HTML>
