2016-01-31 00
<HTML>
<TITLE>University of Wyoming - Radiosonde Data</TITLE>
<LINK REL="StyleSheet" HREF="/resources/select.css" TYPE="text/css">
<BODY BGCOLOR="white">
<H2>97180 WAAA Ujung Pandang Observations at 00Z 31 Jan 2016</H2>
<PRE>
-----------------------------------------------------------------------------
   PRES   HGHT   TEMP   DWPT   RELH   MIXR   DRCT   SKNT   THTA   THTE   THTV
    hPa     m      C      C      %    g/kg    deg   knot     K      K      K 
-----------------------------------------------------------------------------
 1008.0     14   24.4   23.2     93  18.13     90      6  296.9  349.5  300.1
 1002.0     67   25.0   21.5     81  16.40    105      5  298.0  345.8  300.9
 1000.0     85   26.6   22.2     77  17.17    110      4  299.8  350.2  302.8
  998.0    103   28.0   23.0     74  18.09    115      4  301.3  354.8  304.6
  976.0    300   26.6   22.6     79  18.07    175      2  301.9  355.5  305.1
  944.0    595   24.6   22.1     86  18.05    280      8  302.7  356.4  306.0
  925.0    775   23.4   21.7     90  18.03    290      8  303.2  357.0  306.5
  912.0    898   22.6   20.9     90  17.34    300      8  303.7  355.4  306.8
  881.0   1199   20.8   18.8     88  15.74    315     12  304.8  352.0  307.7
  858.0   1429   19.4   17.2     87  14.61    311     15  305.6  349.6  308.3
  850.0   1510   19.0   16.2     84  13.82    310     16  306.0  347.7  308.6
  794.0   2091   15.7   11.8     77  11.07    310     17  308.6  342.4  310.6
  766.0   2396   14.0    9.5     74   9.81    290     16  309.9  340.1  311.7
  744.0   2645   12.6    7.6     72   8.88    298     14  310.9  338.5  312.6
  740.0   2690   12.3    7.4     72   8.82    300     14  311.1  338.5  312.7
  700.0   3154    9.0    5.6     79   8.21    265      8  312.4  338.2  314.0
  688.0   3297    8.4    5.0     79   7.99    250      8  313.2  338.4  314.8
  674.0   3467    7.6    4.2     79   7.73    254      9  314.2  338.7  315.7
  602.0   4393    4.4   -5.6     48   4.21    276     15  320.9  334.9  321.7
  573.0   4792    1.3   -4.5     66   4.83    285     17  321.7  337.8  322.7
  567.0   4878    0.6   -4.2     70   4.97    296     15  321.9  338.4  322.9
  552.0   5093    0.2   -9.8     47   3.31    325     10  323.9  335.2  324.6
  550.0   5122    0.0   -6.0     64   4.47    326     10  324.0  339.1  324.9
  532.0   5387   -1.2   -9.4     54   3.55    340      8  325.7  337.8  326.4
  525.0   5493   -1.7  -10.7     50   3.24    326      8  326.3  337.5  327.0
  512.0   5692   -2.7  -10.7     54   3.32    300      8  327.4  338.9  328.1
  500.0   5880   -3.7  -10.7     58   3.40    320      6  328.5  340.2  329.1
  499.0   5896   -3.5  -11.5     54   3.20    321      6  328.9  340.0  329.5
  475.0   6284   -6.8  -14.1     56   2.71    340      6  329.5  339.0  330.0
  463.0   6485   -8.5  -15.5     57   2.49    342      8  329.8  338.6  330.3
  453.0   6655   -9.5  -12.2     81   3.33    344      9  330.6  342.2  331.2
  422.0   7200  -12.7  -15.2     82   2.80    350     14  333.2  343.2  333.8
  413.0   7366  -13.7  -16.1     82   2.65    338     13  334.0  343.5  334.6
  400.0   7610  -14.9  -22.9     51   1.52    320     12  335.5  341.2  335.9
  397.0   7667  -15.1  -23.1     50   1.51    314     13  336.0  341.6  336.3
  390.0   7800  -16.1  -23.5     53   1.48    300     14  336.3  341.9  336.6
  376.0   8074  -18.3  -24.3     59   1.43    305     14  337.0  342.4  337.3
  375.0   8094  -18.4  -24.2     60   1.45    305     14  337.1  342.5  337.4
  360.0   8397  -20.4  -22.6     82   1.74      0      6  338.5  344.9  338.8
  356.0   8479  -20.9  -22.2     89   1.82     37      5  338.8  345.6  339.2
  345.0   8707  -22.5  -23.7     90   1.65    140      2  339.8  345.9  340.1
  332.0   8985  -24.4  -25.5     91   1.46    170      4  340.9  346.4  341.1
  305.0   9600  -28.7  -29.5     92   1.09     75     10  343.2  347.5  343.5
  300.0   9720  -29.5  -30.3     93   1.03     75     14  343.7  347.7  343.9
  286.0  10061  -32.3  -33.2     92   0.82     82     15  344.4  347.6  344.6
  281.0  10184  -33.2  -34.1     92   0.77     85     16  344.8  347.9  345.0
  257.0  10807  -37.9  -38.5     93   0.54    125     17  346.9  349.1  347.0
  250.0  11000  -39.3  -39.9     94   0.48    125     17  347.5  349.5  347.6
  247.0  11082  -40.1  -40.7     94   0.44    126     17  347.5  349.4  347.6
  236.0  11384  -42.7                         130     16  348.1         348.1
  215.0  12001  -48.1                         160     21  349.1         349.1
  200.0  12480  -52.3                         140     21  349.8         349.8
  187.0  12898  -56.2                         125     25  350.3         350.3
  150.0  14270  -68.9                         110     37  351.2         351.2
  134.0  14935  -74.7                          96     50  352.4         352.4
  133.0  14979  -74.7                          95     51  353.2         353.2
  126.0  15294  -74.6                          85     66  358.8         358.8
  114.0  15876  -74.5                          60     41  369.4         369.4
  112.0  15979  -74.5                          65     39  371.3         371.3
  102.0  16516  -78.6                          90     31  373.4         373.4
  100.0  16630  -79.5                          95     33  373.9         373.9
   97.0  16801  -80.8                         105     35  374.6         374.6
   92.0  17098  -83.2                         100     35  375.7         375.7
   91.7  17116  -83.3                         100     35  375.7         375.7
   87.0  17414  -80.1                          75     23  387.9         387.9
   83.0  17680  -77.2                         355     10  398.9         398.9
   82.0  17749  -76.5                         339     13  401.8         401.8
   79.0  17963  -76.7                         290     21  405.8         405.8
   75.0  18262  -76.9                         265     25  411.3         411.3
   72.3  18473  -77.1                         270     25  415.3         415.3
   70.8  18594  -74.1                         273     25  424.1         424.1
   70.0  18660  -74.3                         275     25  425.1         425.1
   64.0  19179  -74.6                         290     31  435.4         435.4
   52.0  20383  -75.4                         235     21  460.3         460.3
   50.0  20610  -75.5                         240     14  465.2         465.2
   49.0  20727  -75.0                         240     10  469.2         469.2
   48.9  20739  -74.9                         238     10  469.6         469.6
   46.4  21047  -70.9                         192     15  486.3         486.3
   43.5  21429  -71.5                         136     22  493.9         493.9
   42.0  21639  -69.7                         105     25  503.3         503.3
   40.0  21931  -67.2                          95     17  516.6         516.6
   39.6  21992  -66.7                          97     17  519.4         519.4
   35.0  22751  -63.7                         115     17  545.9         545.9
   33.0  23113  -62.2                         160     14  559.0         559.0
   31.0  23498  -60.7                         155     12  573.2         573.2
   30.0  23700  -59.9                         115      6  580.8         580.8
   29.4  23826  -58.9                          83      6  586.9         586.9
   27.0  24362  -58.2                         310      8  603.1         603.1
   26.0  24600  -58.0                         275      8  610.5         610.5
   25.0  24846  -57.7                         315      4  618.3         618.3
   24.5  24974  -57.5                                     622.3         622.3
</PRE><H3>Station information and sounding indices</H3><PRE>
                         Station identifier: WAAA
                             Station number: 97180
                           Observation time: 160131/0000
                           Station latitude: -5.06
                          Station longitude: 119.55
                          Station elevation: 14.0
                            Showalter index: 0.19
                               Lifted index: -2.09
    LIFT computed using virtual temperature: -2.65
                                SWEAT index: 232.41
                                    K index: 35.50
                         Cross totals index: 19.90
                      Vertical totals index: 22.70
                        Totals totals index: 42.60
      Convective Available Potential Energy: 1291.30
             CAPE using virtual temperature: 1446.56
                      Convective Inhibition: -41.66
             CINS using virtual temperature: -35.96
                           Equilibrum Level: 131.83
 Equilibrum Level using virtual temperature: 131.77
                   Level of Free Convection: 823.10
             LFCT using virtual temperature: 850.24
                     Bulk Richardson Number: 82.27
          Bulk Richardson Number using CAPV: 92.16
  Temp [K] of the Lifted Condensation Level: 294.78
Pres [hPa] of the Lifted Condensation Level: 926.84
     Mean mixed layer potential temperature: 301.26
              Mean mixed layer mixing ratio: 17.92
              1000 hPa to 500 hPa thickness: 5795.00
Precipitable water [mm] for entire sounding: 58.93
</PRE>
<P>Description of the 
<A HREF="/upperair/columns.html">data columns</A>
or <A HREF="/upperair/indices.html">sounding indices</A>.

<P>
<FORM>
<INPUT CLASS="button" TYPE="button" VALUE=" Close this window " 
 onClick="window.close();">
<INPUT CLASS="button" TYPE="button" VALUE=" Select another map " 
 onClick="window.blur();">
</FORM>
<HR SIZE="1">
<I>Interested in graduate studies in atmospheric science?
Check out our program at the
<a href="http://www.uwyo.edu/atsc/howtoapply/"
target=_top>University of Wyoming
</a></I>
<HR SIZE="1"><FONT SIZE="-1">
Questions about the weather data provided by this site can be
addressed to <A HREF="mailto:ldoolman@uwyo.edu">
Larry Oolman (ldoolman@uwyo.edu)</A></FONT>
<HR SIZE="1">
<SCRIPT TYPE="text/javascript">
<!--
window.focus();
// -->
</SCRIPT>
</BODY>
</HTML>
