2017-07-17 12
<HTML>
<TITLE>University of Wyoming - Radiosonde Data</TITLE>
<LINK REL="StyleSheet" HREF="/resources/select.css" TYPE="text/css">
<BODY BGCOLOR="white">
<H2>97180 WAAA Ujung Pandang Observations at 00Z 17 Jul 2017</H2>
<PRE>
-----------------------------------------------------------------------------
   PRES   HGHT   TEMP   DWPT   RELH   MIXR   DRCT   SKNT   THTA   THTE   THTV
    hPa     m      C      C      %    g/kg    deg   knot     K      K      K 
-----------------------------------------------------------------------------
 1010.0     14   24.0   20.1     79  14.89      0      0  296.3  339.4  298.9
 1009.0     23   23.4   19.8     80  14.63     13      1  295.8  338.0  298.4
 1003.0     75   25.2   20.2     74  15.09     94      3  298.1  342.1  300.8
 1000.0    101   26.0   20.0     70  14.95    135      5  299.1  343.0  301.8
  989.0    198   25.6   17.6     61  12.97    137      4  299.7  337.9  302.0
  977.0    305   24.7   17.3     64  12.92    140      2  299.9  337.9  302.2
  945.0    595   22.3   16.6     70  12.77    225      3  300.3  338.0  302.6
  925.0    782   20.8   16.2     75  12.68    220      3  300.6  338.0  302.9
  912.0    904   19.8   15.6     77  12.38    205      2  300.7  337.3  303.0
  905.0    971   19.2   15.3     78  12.22    176      3  300.8  337.0  303.0
  881.0   1202   18.0   14.3     79  11.77     75      6  301.9  336.9  304.0
  851.0   1499   16.4   13.0     80  11.21     45      6  303.3  336.8  305.3
  850.0   1509   16.4   13.0     80  11.19     45      6  303.3  336.8  305.4
  844.0   1569   16.2   13.2     82  11.42     46      6  303.7  337.9  305.8
  822.0   1794   16.8    2.8     39   5.73     50      7  306.6  324.5  307.7
  811.0   1908   16.4   -5.6     22   3.12     52      7  307.4  317.4  308.0
  793.0   2097   15.2   -2.9     29   3.93     55      8  308.1  320.6  308.8
  771.0   2335   13.6    0.6     41   5.21     35     11  308.9  325.3  309.8
  765.0   2400   13.1    3.5     52   6.47     30     12  309.0  329.2  310.2
  757.0   2488   12.4    7.4     72   8.60     28     12  309.2  335.8  310.8
  728.0   2814    9.8    7.6     86   9.07     22     10  309.8  337.9  311.5
  700.0   3139    8.4    7.0     91   9.06     15      9  311.8  340.0  313.5
  638.0   3902    5.2    2.8     84   7.38      5     10  316.5  340.1  317.9
  630.0   4006    4.8    2.2     83   7.17      2     10  317.2  340.2  318.6
  615.0   4202    3.4    1.1     85   6.81    355     10  317.7  339.6  319.0
  595.0   4471    1.4   -0.3     88   6.33     45     10  318.4  339.0  319.7
  593.0   4498    1.3   -0.6     87   6.23     50     10  318.7  338.9  319.9
  550.0   5103    0.1   -6.7     60   4.23     55     11  324.1  338.4  324.9
  548.0   5133    0.0   -7.0     59   4.15     58     11  324.4  338.4  325.2
  530.0   5398   -2.0   -7.6     66   4.09     85      6  325.0  338.9  325.8
  510.0   5703   -4.4   -8.4     74   4.01     50      5  325.8  339.4  326.5
  501.0   5844   -5.5   -8.7     78   3.98     59      8  326.1  339.6  326.9
  500.0   5860   -5.5   -8.5     79   4.05     60      8  326.3  340.1  327.1
  491.0   6002   -6.4  -10.0     76   3.67     50      9  326.9  339.5  327.6
  473.0   6293   -8.2  -13.0     68   2.99     35      9  328.1  338.6  328.8
  470.0   6343   -8.5  -13.5     67   2.89     39      9  328.4  338.4  328.9
  437.0   6899  -12.8  -15.2     83   2.71     85      6  329.8  339.3  330.3
  418.0   7239  -15.5  -16.2     94   2.60     65     13  330.6  339.8  331.1
  404.0   7495  -17.2  -17.4     98   2.42     50     18  331.6  340.2  332.1
  400.0   7570  -17.7  -17.8     99   2.37     55     19  331.9  340.4  332.4
  396.0   7645  -17.9  -19.6     87   2.06     57     19  332.6  340.0  333.0
  395.0   7664  -17.9  -21.0     77   1.82     57     19  332.8  339.5  333.2
  394.0   7683  -17.7  -23.7     59   1.44     58     19  333.3  338.7  333.6
  380.0   7955  -17.1  -35.1     19   0.51     64     19  337.6  339.6  337.7
  370.0   8155  -18.5  -30.5     34   0.82     68     19  338.3  341.5  338.5
  364.0   8277  -19.3  -36.3     21   0.47     71     19  338.8  340.7  338.9
  350.0   8568  -21.5  -38.5     20   0.39     78     18  339.7  341.3  339.8
  343.0   8717  -22.5  -34.5     33   0.60     81     18  340.3  342.7  340.4
  340.0   8782  -22.1  -48.1      8   0.14     83     18  341.7  342.3  341.7
  317.0   9290  -26.4  -46.8     13   0.18     95     18  342.7  343.5  342.7
  300.0   9690  -29.7  -45.7     20   0.21     90     22  343.4  344.3  343.4
  255.0  10816  -40.1  -46.1     53   0.24     63     33  344.4  345.4  344.4
  250.0  10950  -41.3                          60     34  344.5         344.5
  204.0  12299  -52.6                          35     40  347.3         347.3
  200.0  12430  -53.7                          35     40  347.6         347.6
  181.0  13063  -59.1                          42     43  348.8         348.8
  161.0  13787  -63.2                          50     47  353.8         353.8
  156.0  13982  -64.3                          59     43  355.1         355.1
  150.0  14220  -66.5                          70     38  355.3         355.3
  123.0  15386  -77.5                         107     31  356.1         356.1
  118.0  15621  -78.8                         115     29  358.0         358.0
  107.0  16174  -81.7                          80     26  362.6         362.6
  106.0  16228  -80.7                          75     24  365.5         365.5
  101.0  16503  -75.4                         185      4  380.7         380.7
  100.0  16560  -74.3                         225      7  383.9         383.9
   96.0  16794  -75.6                         260     19  385.8         385.8
   91.0  17101  -77.4                         275     26  388.3         388.3
   83.1  17621  -80.3                         265     28  392.6         392.6
   79.3  17887  -77.9                         269     23  402.8         402.8
   78.0  17983  -75.2                         270     21  410.2         410.2
   76.2  18119  -71.5                         267     24  420.8         420.8
   70.0  18620  -71.1                         255     34  431.9         431.9
   67.3  18853  -71.7                         258     33  435.5         435.5
   60.1  19526  -69.5                         265     30  454.8         454.8
   54.9  20074  -64.3                         271     28  478.6         478.6
   52.0  20408  -63.3                         275     27  488.5         488.5
   50.0  20650  -62.5                         270     21  495.8         495.8
   45.3  21257  -62.9                         270     24  509.0         509.0
   43.0  21579  -62.1                         270     25  518.6         518.6
   41.0  21873  -61.4                         275     21  527.5         527.5
   39.8  22057  -60.9                         245     12  533.2         533.2
   39.0  22184  -59.3                         225      6  540.3         540.3
   38.1  22330  -57.5                         192     10  548.5         548.5
   37.0  22513  -58.2                         150     14  551.3         551.3
   35.0  22860  -59.5                         120     23  556.7         556.7
   32.5  23323  -61.3                         110     31  563.9         563.9
   30.0  23820  -60.3                         100     40  579.7         579.7
   28.3  24182  -61.7                         100     43  585.5         585.5
   28.0  24249  -61.1                         100     43  588.9         588.9
   25.9  24736  -57.1                          97     44  613.6         613.6
   22.0  25765  -57.9                          92     46  640.5         640.5
   21.0  26061  -56.3                          90     46  653.8         653.8
   20.0  26370  -54.7                          95     47  668.0         668.0
   14.0  28691  -48.6                          95     50  760.4         760.4
   13.0  29174  -47.3                          95     58  781.1         781.1
   12.7  29326  -46.9                                     787.7         787.7
</PRE><H3>Station information and sounding indices</H3><PRE>
                         Station identifier: WAAA
                             Station number: 97180
                           Observation time: 170717/0000
                           Station latitude: -5.06
                          Station longitude: 119.55
                          Station elevation: 14.0
                            Showalter index: 2.74
                               Lifted index: 1.89
    LIFT computed using virtual temperature: 1.84
                                SWEAT index: 176.01
                                    K index: 33.50
                         Cross totals index: 18.50
                      Vertical totals index: 21.90
                        Totals totals index: 40.40
      Convective Available Potential Energy: 0.00
             CAPE using virtual temperature: 0.00
                      Convective Inhibition: 0.00
             CINS using virtual temperature: 0.00
                     Bulk Richardson Number: 0.00
          Bulk Richardson Number using CAPV: 0.00
  Temp [K] of the Lifted Condensation Level: 289.64
Pres [hPa] of the Lifted Condensation Level: 890.82
     Mean mixed layer potential temperature: 299.38
              Mean mixed layer mixing ratio: 13.46
              1000 hPa to 500 hPa thickness: 5759.00
Precipitable water [mm] for entire sounding: 47.84
</PRE>
<P>Description of the 
<A HREF="/upperair/columns.html">data columns</A>
or <A HREF="/upperair/indices.html">sounding indices</A>.

<P>
<FORM>
<INPUT CLASS="button" TYPE="button" VALUE=" Close this window " 
 onClick="window.close();">
<INPUT CLASS="button" TYPE="button" VALUE=" Select another map " 
 onClick="window.blur();">
</FORM>
<HR SIZE="1">
<I>Interested in graduate studies in atmospheric science?
Check out our program at the
<a href="http://www.uwyo.edu/atsc/howtoapply/"
target=_top>University of Wyoming
</a></I>
<HR SIZE="1"><FONT SIZE="-1">
Questions about the weather data provided by this site can be
addressed to <A HREF="mailto:ldoolman@uwyo.edu">
Larry Oolman (ldoolman@uwyo.edu)</A></FONT>
<HR SIZE="1">
<SCRIPT TYPE="text/javascript">
<!--
window.focus();
// -->
</SCRIPT>
</BODY>
</HTML>
