2016-09-21 12
<HTML>
<TITLE>University of Wyoming - Radiosonde Data</TITLE>
<LINK REL="StyleSheet" HREF="/resources/select.css" TYPE="text/css">
<BODY BGCOLOR="white">
<H2>97180 WAAA Ujung Pandang Observations at 00Z 21 Sep 2016</H2>
<PRE>
-----------------------------------------------------------------------------
   PRES   HGHT   TEMP   DWPT   RELH   MIXR   DRCT   SKNT   THTA   THTE   THTV
    hPa     m      C      C      %    g/kg    deg   knot     K      K      K 
-----------------------------------------------------------------------------
 1010.0     14   27.8   23.8     79  18.78      0      0  300.1  355.4  303.5
 1000.0     99   27.4   20.4     66  15.33     40      1  300.6  345.8  303.3
  979.0    288   26.8   18.8     62  14.15     48      2  301.8  343.7  304.3
  945.0    599   24.7   17.9     66  13.87     60      4  302.7  344.0  305.2
  925.0    788   23.4   17.4     69  13.70     70      1  303.2  344.1  305.7
  913.0    901   22.8   16.5     68  13.10      0      1  303.8  343.0  306.1
  882.0   1201   21.3   14.1     64  11.60     65      5  305.2  340.2  307.3
  853.0   1492   19.8   11.8     60  10.29     88      3  306.6  337.9  308.5
  850.0   1522   19.6   11.6     60  10.19     90      3  306.7  337.7  308.5
  823.0   1798   17.4   11.8     69  10.65    115      2  307.2  339.7  309.2
  803.0   2009   15.8   11.9     78  11.02     50      3  307.6  341.2  309.7
  794.0   2104   15.4   11.1     75  10.52     20      4  308.2  340.4  310.2
  767.0   2396   14.2    8.4     68   9.12     20      7  310.0  338.2  311.7
  740.0   2699   12.9    5.7     62   7.84    335      6  311.8  336.3  313.2
  725.0   2872   12.2    4.2     58   7.18    281      4  312.8  335.5  314.2
  714.0   3000   11.2    4.5     63   7.43    240      2  313.0  336.5  314.4
  700.0   3165    9.8    4.8     71   7.76    200      3  313.3  337.8  314.8
  689.0   3296    8.8    4.3     74   7.63    190      4  313.6  337.6  315.0
  664.0   3601    6.3    3.2     81   7.31    175      5  314.1  337.3  315.5
  655.0   3713    5.4    2.8     83   7.20    162      4  314.3  337.2  315.7
  640.0   3902    4.2    2.0     86   6.96    140      3  315.1  337.2  316.4
  617.0   4199    2.3    0.8     90   6.60     85      5  316.1  337.3  317.4
  614.0   4239    2.0    0.6     90   6.55     82      5  316.3  337.3  317.6
  594.0   4506    1.8   -2.3     74   5.47     60      8  319.0  336.9  320.1
  580.0   4699    1.6   -4.4     64   4.78     73     11  321.0  336.9  321.9
  573.0   4796    1.0   -5.0     64   4.62     80     13  321.4  336.8  322.3
  562.0   4952    0.0   -6.0     64   4.37     75     12  322.0  336.6  322.9
  552.0   5095   -0.6   -8.8     54   3.58     70     12  323.0  335.1  323.7
  544.0   5212   -1.1  -11.1     47   3.03     77     13  323.7  334.1  324.3
  500.0   5880   -4.7  -12.7     54   2.90    120     21  327.2  337.3  327.8
  493.0   5991   -5.5  -13.7     52   2.70    120     22  327.6  337.0  328.1
  471.0   6349   -8.1  -17.1     48   2.14    108     21  328.7  336.3  329.1
  467.0   6416   -8.5  -14.5     62   2.68    106     21  329.0  338.4  329.5
  465.0   6449   -8.7  -14.7     62   2.64    105     20  329.1  338.4  329.6
  462.0   6500   -8.7  -18.7     44   1.90    103     20  329.7  336.6  330.1
  461.0   6517   -8.7  -22.7     31   1.35    103     20  329.9  334.9  330.2
  459.0   6550   -9.1  -19.1     44   1.85    102     20  329.9  336.5  330.2
  458.0   6567   -9.1  -16.1     57   2.39    101     20  330.1  338.5  330.5
  456.0   6601   -9.1  -20.1     41   1.71    100     20  330.5  336.7  330.8
  453.0   6653   -9.1  -24.1     29   1.21     98     20  331.1  335.6  331.3
  451.0   6687   -9.1  -31.1     15   0.64     97     20  331.5  334.0  331.6
  447.0   6756   -9.9  -22.9     34   1.36     95     19  331.4  336.4  331.6
  446.0   6774   -9.7  -28.7     20   0.81     94     19  331.8  334.9  332.0
  445.0   6791   -9.9  -24.9     28   1.15     94     19  331.8  336.0  332.0
  444.0   6808   -9.9  -19.9     44   1.79     93     19  332.0  338.5  332.3
  439.0   6896  -10.0  -24.3     30   1.22     90     19  332.9  337.4  333.1
  437.0   6932  -10.1  -26.1     26   1.05     92     19  333.2  337.2  333.4
  422.0   7199  -12.0  -28.8     23   0.85    105     16  334.2  337.4  334.3
  400.0   7610  -14.9  -32.9     20   0.60     95     17  335.5  337.9  335.7
  392.0   7763  -15.9  -29.9     29   0.82     92     17  336.2  339.3  336.3
  375.0   8096  -18.3  -27.3     45   1.09     86     18  337.3  341.4  337.5
  369.0   8217  -18.3  -30.3     34   0.84     84     18  338.8  342.1  339.0
  360.0   8401  -19.3  -28.3     45   1.04     81     18  339.9  343.9  340.1
  330.0   9043  -24.5  -42.5     17   0.28     69     19  341.3  342.5  341.4
  322.0   9221  -26.1  -48.1     11   0.15     66     19  341.5  342.2  341.5
  319.0   9289  -26.6  -43.6     18   0.25     65     19  341.7  342.8  341.8
  316.0   9357  -27.1  -39.1     31   0.41     69     18  342.0  343.6  342.0
  305.0   9612  -29.3  -36.3     51   0.57     83     15  342.4  344.6  342.5
  300.0   9730  -29.9  -37.9     46   0.49     90     13  343.1  345.1  343.2
  293.0   9897  -31.3  -39.3     45   0.44     90     14  343.5  345.3  343.6
  279.0  10242  -34.1  -42.1     44   0.34     71     15  344.3  345.7  344.3
  271.0  10445  -35.9  -43.9     44   0.29     60     16  344.5  345.7  344.6
  268.0  10522  -36.3  -49.3     25   0.16     56     16  345.0  345.7  345.1
  266.0  10574  -36.7  -51.7     20   0.12     53     16  345.2  345.7  345.2
  262.0  10679  -37.7  -45.7     43   0.25     48     17  345.2  346.3  345.3
  251.0  10973  -40.1  -46.1     53   0.24     32     18  345.9  347.0  346.0
  250.0  11000  -40.3                          30     18  346.0         346.0
  246.0  11106  -41.2                          30     17  346.2         346.2
  200.0  12470  -53.1                          45     20  348.5         348.5
  170.0  13489  -61.6                          65     23  351.0         351.0
  153.0  14150  -67.1                          82     22  352.3         352.3
  150.0  14270  -68.3                          85     22  352.2         352.2
  147.0  14386  -69.1                          85     22  352.9         352.9
  132.0  15005  -73.3                          85     23  356.4         356.4
  119.0  15600  -77.4                          85     19  359.5         359.5
  108.0  16158  -81.3                          35     16  362.4         362.4
  100.0  16600  -84.3                          45     15  364.6         364.6
   97.0  16768  -85.1                          55     16  366.3         366.3
   93.0  17001  -86.1                          85     17  368.7         368.7
   91.0  17122  -84.8                          90     20  373.5         373.5
   87.0  17374  -82.3                          90     29  383.5         383.5
   83.8  17583  -80.1                         112     29  392.0         392.0
   82.0  17706  -79.9                         125     29  394.8         394.8
   78.0  17991  -79.6                         135     27  401.2         401.2
   77.3  18042  -79.5                         133     27  402.4         402.4
   72.0  18454  -72.5                         113     25  425.5         425.5
   70.0  18620  -71.9                         105     24  430.2         430.2
   67.0  18879  -71.1                          90     33  437.4         437.4
   64.2  19132  -70.3                          83     40  444.5         444.5
   63.0  19246  -67.5                          80     43  453.1         453.1
   61.4  19401  -63.7                          83     36  464.9         464.9
   58.0  19753  -62.8                          90     19  474.5         474.5
   55.0  20081  -62.0                           5      2  483.6         483.6
   52.0  20427  -61.1                         305      7  493.4         493.4
   50.6  20596  -60.7                         295     15  498.3         498.3
   50.0  20670  -60.5                         290     19  500.5         500.5
   46.6  21104  -63.5                         263     21  503.4         503.4
   45.0  21318  -63.5                         250     22  508.6         508.6
   43.0  21597  -63.4                         250     18  515.3         515.3
   39.0  22195  -63.4                         285     23  530.1         530.1
   37.0  22517  -63.3                         282     23  538.3         538.3
   33.2  23188  -59.5                         277     24  565.2         565.2
   32.0  23417  -59.5                         275     24  571.2         571.2
   30.0  23820  -59.5                         270     22  581.9         581.9
   29.8  23862  -59.7                         269     22  582.4         582.4
   28.0  24254  -57.8                         260     25  598.2         598.2
   25.8  24769  -55.3                         252     20  619.4         619.4
   24.0  25229  -55.1                         245     15  632.8         632.8
   21.0  26079  -54.8                         285     22  658.4         658.4
   20.0  26390  -54.7                         280     22  668.0         668.0
   19.0  26719  -54.1                         270     25  679.8         679.8
   18.7  26821  -53.9                                     683.4         683.4
</PRE><H3>Station information and sounding indices</H3><PRE>
                         Station identifier: WAAA
                             Station number: 97180
                           Observation time: 160921/0000
                           Station latitude: -5.06
                          Station longitude: 119.55
                          Station elevation: 14.0
                            Showalter index: 3.16
                               Lifted index: 0.13
    LIFT computed using virtual temperature: -0.27
                                SWEAT index: 166.18
                                    K index: 30.90
                         Cross totals index: 16.30
                      Vertical totals index: 24.30
                        Totals totals index: 40.60
      Convective Available Potential Energy: 57.52
             CAPE using virtual temperature: 104.73
                      Convective Inhibition: -185.61
             CINS using virtual temperature: -141.64
                           Equilibrum Level: 455.79
 Equilibrum Level using virtual temperature: 444.41
                   Level of Free Convection: 682.38
             LFCT using virtual temperature: 693.84
                     Bulk Richardson Number: 62.88
          Bulk Richardson Number using CAPV: 114.49
  Temp [K] of the Lifted Condensation Level: 291.02
Pres [hPa] of the Lifted Condensation Level: 884.40
     Mean mixed layer potential temperature: 301.43
              Mean mixed layer mixing ratio: 14.85
              1000 hPa to 500 hPa thickness: 5781.00
Precipitable water [mm] for entire sounding: 49.40
</PRE>
<P>Description of the 
<A HREF="/upperair/columns.html">data columns</A>
or <A HREF="/upperair/indices.html">sounding indices</A>.

<P>
<FORM>
<INPUT CLASS="button" TYPE="button" VALUE=" Close this window " 
 onClick="window.close();">
<INPUT CLASS="button" TYPE="button" VALUE=" Select another map " 
 onClick="window.blur();">
</FORM>
<HR SIZE="1">
<I>Interested in graduate studies in atmospheric science?
Check out our program at the
<a href="http://www.uwyo.edu/atsc/howtoapply/"
target=_top>University of Wyoming
</a></I>
<HR SIZE="1"><FONT SIZE="-1">
Questions about the weather data provided by this site can be
addressed to <A HREF="mailto:ldoolman@uwyo.edu">
Larry Oolman (ldoolman@uwyo.edu)</A></FONT>
<HR SIZE="1">
<SCRIPT TYPE="text/javascript">
<!--
window.focus();
// -->
</SCRIPT>
</BODY>
</HTML>
