2018-06-20 00
<HTML>
<TITLE>University of Wyoming - Radiosonde Data</TITLE>
<LINK REL="StyleSheet" HREF="/resources/select.css" TYPE="text/css">
<BODY BGCOLOR="white">
<H2>97180 WAAA Ujung Pandang Observations at 00Z 20 Jun 2018</H2>
<PRE>
-----------------------------------------------------------------------------
   PRES   HGHT   TEMP   DWPT   RELH   MIXR   DRCT   SKNT   THTA   THTE   THTV
    hPa     m      C      C      %    g/kg    deg   knot     K      K      K 
-----------------------------------------------------------------------------
 1012.0     14   25.2   23.5     90  18.40      0      0  297.3  350.8  300.6
 1011.0     23   24.0   22.2     90  16.98     12      1  296.2  345.3  299.2
 1000.0    122   24.2   21.4     84  16.33    145      8  297.4  344.8  300.2
  989.0    219   23.8   20.5     82  15.61    142     12  297.9  343.4  300.7
  980.0    299   24.0   20.1     79  15.41    140     15  298.9  343.9  301.6
  961.0    470   24.4   19.4     74  14.99    126     13  300.9  345.2  303.6
  947.0    597   23.6   18.6     74  14.41    115     11  301.4  344.0  304.0
  925.0    802   22.2   17.2     73  13.53    120     14  302.0  342.2  304.4
  883.0   1206   20.0   15.5     75  12.70    115     15  303.8  341.8  306.1
  853.0   1507   18.4   14.2     77  12.10     95     13  305.1  341.5  307.3
  850.0   1538   18.2   14.1     77  12.04     95     13  305.2  341.5  307.4
  751.0   2586   12.8    8.0     73   9.04     72      9  310.3  338.3  312.0
  741.0   2698   12.2    7.5     73   8.82     70      9  310.8  338.2  312.5
  700.0   3172    9.4    5.1     75   7.93     90     19  312.9  337.8  314.4
  689.0   3301    8.6    4.5     76   7.73     90     21  313.4  337.7  314.8
  586.0   4623    0.0   -1.4     90   5.93     80     23  318.2  337.4  319.4
  513.0   5679   -5.7   -6.8     92   4.50     72     24  323.6  338.8  324.5
  500.0   5880   -6.1   -9.0     80   3.89     70     24  325.5  338.8  326.3
  492.0   6006   -6.7  -10.2     77   3.61     65     24  326.3  338.6  327.0
  480.0   6199   -7.7  -11.9     72   3.22     66     23  327.4  338.5  328.0
  446.0   6769  -10.7  -15.7     67   2.54     70     20  330.6  339.6  331.1
  440.0   6873  -11.5  -14.6     78   2.82     71     20  330.8  340.8  331.4
  427.0   7103  -12.9  -15.3     82   2.74     72     19  331.9  341.6  332.4
  414.0   7339  -13.5  -21.5     51   1.67     74     18  334.1  340.2  334.4
  405.0   7506  -14.5  -23.8     45   1.39     75     17  334.8  340.0  335.1
  400.0   7600  -15.1  -25.1     42   1.25     75     18  335.3  340.0  335.5
  395.0   7695  -15.7  -27.7     35   1.00     75     18  335.7  339.5  335.9
  384.0   7907  -17.1  -30.1     31   0.82     76     17  336.6  339.8  336.8
  373.0   8124  -18.5  -24.5     59   1.42     77     17  337.5  342.9  337.8
  372.0   8144  -18.5  -31.5     31   0.74     78     16  337.8  340.7  337.9
  366.0   8264  -19.5  -29.5     41   0.91     78     16  338.0  341.6  338.2
  365.0   8285  -19.5  -30.5     37   0.83     78     16  338.3  341.5  338.5
  364.0   8305  -19.9  -25.9     59   1.28     78     16  338.0  342.9  338.3
  363.0   8325  -19.9  -32.9     30   0.66     78     16  338.3  340.9  338.4
  356.0   8469  -20.9  -36.9     22   0.46     79     16  338.8  340.7  338.9
  354.0   8511  -20.7  -30.7     40   0.84     79     15  339.6  342.9  339.8
  352.0   8552  -21.1  -27.1     58   1.19     79     15  339.7  344.2  339.9
  346.0   8679  -21.7  -31.7     40   0.78     80     15  340.5  343.6  340.7
  324.0   9158  -25.5  -34.5     43   0.64     82     14  341.7  344.3  341.9
  321.0   9225  -26.1  -32.1     57   0.81     83     13  341.8  345.0  342.0
  300.0   9710  -29.9  -33.6     70   0.75     85     12  343.1  346.1  343.3
  297.0   9781  -30.7  -34.0     73   0.73     87     12  343.0  345.9  343.1
  280.0  10194  -34.0  -37.9     68   0.53    100     12  344.1  346.2  344.2
  261.0  10685  -37.9  -42.5     62   0.35     75     11  345.3  346.8  345.4
  250.0  10980  -40.1  -49.1     38   0.18     60     10  346.3  347.1  346.4
  246.0  11087  -41.0                          55      9  346.5         346.5
  215.0  11980  -48.9                          40     14  347.9         347.9
  200.0  12460  -53.1                          65     18  348.5         348.5
  187.0  12878  -56.5                          80     19  349.8         349.8
  170.0  13471  -61.4                          75     21  351.4         351.4
  154.0  14086  -66.4                         130     16  352.9         352.9
  150.0  14250  -67.7                         140     18  353.3         353.3
  139.0  14689  -71.0                         130     18  355.2         355.2
  119.0  15586  -77.8                          75     15  358.8         358.8
  105.0  16308  -83.3                          80     18  361.5         361.5
  101.0  16524  -80.9                          70     22  370.1         370.1
  100.0  16580  -80.3                          65     23  372.3         372.3
   92.8  17001  -80.9                          29     19  379.2         379.2
   91.0  17112  -77.8                          20     18  387.5         387.5
   90.6  17137  -77.1                           7     17  389.3         389.3
   87.0  17366  -78.1                         245      4  391.8         391.8
   82.0  17701  -79.7                         200     16  395.4         395.4
   74.5  18244  -82.1                         205      9  401.2         401.2
   74.0  18282  -81.1                         200      6  404.1         404.1
   70.9  18526  -74.7                         292      9  422.7         422.7
   70.0  18600  -74.5                         320     10  424.7         424.7
   67.0  18859  -72.7                         305      9  433.8         433.8
   63.0  19222  -70.3                         325      9  447.0         447.0
   60.0  19510  -68.3                         295      3  457.6         457.6
   58.2  19690  -67.1                         200      6  464.4         464.4
   57.0  19815  -67.9                         135      8  465.4         465.4
   54.5  20083  -69.5                         115     14  467.6         467.6
   52.4  20318  -66.3                          98     20  480.4         480.4
   52.0  20364  -66.6                          95     21  480.7         480.7
   50.0  20600  -68.1                          95     23  482.6         482.6
   49.5  20660  -68.7                          96     24  482.6         482.6
   47.8  20871  -64.9                          99     29  496.5         496.5
   43.0  21523  -63.1                         110     42  516.2         516.2
   37.9  22300  -60.9                          98     50  540.7         540.7
   33.0  23158  -62.0                          85     58  559.6         559.6
   32.6  23233  -62.1                          85     58  561.3         561.3
   30.0  23750  -59.7                          85     60  581.3         581.3
   27.3  24335  -58.9                          87     63  599.4         599.4
   21.2  25948  -47.7                          94     73  678.0         678.0
   20.0  26330  -47.3                          95     75  690.6         690.6
   19.0  26668  -47.9                          90     72  699.0         699.0
   18.0  27025  -48.5                          90     65  708.0         708.0
   16.5  27597  -48.5                          90     54  725.8         725.8
   16.0  27799  -48.9                          90     50  730.9         730.9
   15.5  28008  -48.3                          85     39  739.5         739.5
   15.3  28094  -45.3                          83     35  752.2         752.2
   14.0  28690  -43.5                          70      4  777.7         777.7
   13.1  29136  -42.1                         291     40  797.3         797.3
   13.0  29188  -42.2                         275     44  798.9         798.9
   12.4  29507  -42.5                                     808.5         808.5
   12.0  29730  -39.7                                     826.0         826.0
</PRE><H3>Station information and sounding indices</H3><PRE>
                         Station identifier: WAAA
                             Station number: 97180
                           Observation time: 180620/0000
                           Station latitude: -5.06
                          Station longitude: 119.55
                          Station elevation: 14.0
                            Showalter index: 0.19
                               Lifted index: -0.99
    LIFT computed using virtual temperature: -1.21
                                SWEAT index: 219.20
                                    K index: 34.10
                         Cross totals index: 20.20
                      Vertical totals index: 24.30
                        Totals totals index: 44.50
      Convective Available Potential Energy: 139.75
             CAPE using virtual temperature: 173.71
                      Convective Inhibition: -161.49
             CINS using virtual temperature: -126.84
                           Equilibrum Level: 421.75
 Equilibrum Level using virtual temperature: 419.20
                   Level of Free Convection: 674.71
             LFCT using virtual temperature: 695.17
                     Bulk Richardson Number: 8.54
          Bulk Richardson Number using CAPV: 10.62
  Temp [K] of the Lifted Condensation Level: 292.80
Pres [hPa] of the Lifted Condensation Level: 933.38
     Mean mixed layer potential temperature: 298.64
              Mean mixed layer mixing ratio: 15.70
              1000 hPa to 500 hPa thickness: 5758.00
Precipitable water [mm] for entire sounding: 54.62
</PRE>
<P>Description of the 
<A HREF="/upperair/columns.html">data columns</A>
or <A HREF="/upperair/indices.html">sounding indices</A>.

<P>
<FORM>
<INPUT CLASS="button" TYPE="button" VALUE=" Close this window " 
 onClick="window.close();">
<INPUT CLASS="button" TYPE="button" VALUE=" Select another map " 
 onClick="window.blur();">
</FORM>
<HR SIZE="1">
<I>Interested in graduate studies in atmospheric science?
Check out our program at the
<a href="http://www.uwyo.edu/atsc/howtoapply/"
target=_top>University of Wyoming
</a></I>
<HR SIZE="1"><FONT SIZE="-1">
Questions about the weather data provided by this site can be
addressed to <A HREF="mailto:ldoolman@uwyo.edu">
Larry Oolman (ldoolman@uwyo.edu)</A></FONT>
<HR SIZE="1">
<SCRIPT TYPE="text/javascript">
<!--
window.focus();
// -->
</SCRIPT>
</BODY>
</HTML>
