2016-12-31 12
<HTML>
<TITLE>University of Wyoming - Radiosonde Data</TITLE>
<LINK REL="StyleSheet" HREF="/resources/select.css" TYPE="text/css">
<BODY BGCOLOR="white">
<H2>97180 WAAA Ujung Pandang Observations at 00Z 31 Dec 2016</H2>
<PRE>
-----------------------------------------------------------------------------
   PRES   HGHT   TEMP   DWPT   RELH   MIXR   DRCT   SKNT   THTA   THTE   THTV
    hPa     m      C      C      %    g/kg    deg   knot     K      K      K 
-----------------------------------------------------------------------------
 1009.0     14   24.6   23.5     94  18.45    145      4  297.0  350.5  300.3
 1000.0     88   24.4   22.3     88  17.28    110      8  297.6  347.8  300.6
  994.0    141   25.2   22.7     86  17.83     85      7  298.9  351.0  302.1
  976.0    303   24.3   22.0     87  17.37     10      3  299.6  350.5  302.7
  944.0    597   22.8   20.7     88  16.57    310     12  300.8  349.7  303.8
  925.0    776   21.8   19.9     89  16.09    305     14  301.6  349.2  304.5
  850.0   1502   16.8   16.1     96  13.73    295     17  303.7  344.8  306.2
  826.0   1745   15.6   15.0     96  13.15    293     17  305.0  344.5  307.4
  734.0   2740   12.6    7.6     72   9.00    287     16  312.1  340.2  313.8
  711.0   3005   10.6    6.1     74   8.35    285     16  312.8  339.0  314.4
  700.0   3135    9.6    5.3     75   8.04    270     15  313.1  338.4  314.6
  694.0   3207    9.4    7.8     90   9.66    266     15  313.6  343.9  315.5
  686.0   3303    8.8    7.4     90   9.48    260     16  314.1  343.8  315.9
  617.0   4178    3.8    3.3     97   7.93    265     14  317.9  343.3  319.4
  603.0   4365    3.8    1.4     84   7.07    266     14  320.0  343.0  321.4
  573.0   4779    0.6   -1.0     89   6.25    268     13  321.0  341.4  322.2
  551.0   5095    0.1   -3.5     77   5.37    270     12  323.9  341.9  325.0
  548.0   5139    0.0   -3.9     75   5.26    272     12  324.4  341.9  325.4
  500.0   5870   -4.3   -6.9     82   4.59    300     10  327.7  343.4  328.6
  492.0   5997   -5.1   -7.3     85   4.53    300      8  328.3  343.7  329.2
  473.0   6306   -7.0   -8.2     91   4.38    325      7  329.6  344.6  330.4
  463.0   6474   -8.1   -8.7     95   4.31    304      6  330.3  345.1  331.1
  438.0   6904  -11.0  -11.6     95   3.61    250      5  331.9  344.5  332.6
  434.0   6975  -11.5  -12.1     95   3.50    236      5  332.1  344.4  332.8
  430.0   7047  -12.1  -12.2     99   3.51    222      4  332.2  344.5  332.9
  428.0   7082  -12.1  -13.2     92   3.25    215      4  332.7  344.1  333.3
  427.0   7100  -11.3  -13.5     84   3.18    211      4  333.9  345.2  334.6
  421.0   7209  -12.0  -14.4     82   2.99    190      3  334.3  345.0  334.9
  405.0   7505  -14.1  -16.9     79   2.53    115      3  335.4  344.6  336.0
  400.0   7600  -14.7  -17.7     78   2.39    105      3  335.8  344.5  336.3
  389.0   7810  -16.2  -18.5     83   2.30      0      0  336.5  344.9  337.0
  374.0   8106  -18.4  -19.6     90   2.17      0      1  337.5  345.4  337.9
  373.0   8126  -18.5  -19.7     90   2.16    351      1  337.5  345.5  338.0
  359.0   8410  -20.3  -21.7     89   1.90    215      2  338.8  345.8  339.2
  337.0   8878  -23.3  -24.9     87   1.51    199      1  340.9  346.6  341.2
  331.0   9009  -24.2  -27.0     77   1.27    195      1  341.4  346.3  341.7
  321.0   9233  -25.7  -30.7     63   0.93    310      1  342.4  346.0  342.6
  318.0   9300  -26.3  -31.1     64   0.91    345      1  342.5  346.1  342.7
  305.0   9601  -28.7  -32.7     69   0.81     45      6  343.2  346.4  343.3
  300.0   9720  -29.7  -33.3     71   0.77     55      7  343.4  346.5  343.6
  280.0  10206  -33.5  -36.7     73   0.59     90      8  344.8  347.2  344.9
  277.0  10282  -34.1  -37.2     73   0.57     84      9  345.0  347.3  345.1
  268.0  10510  -36.0  -40.0     66   0.44     65     10  345.5  347.3  345.6
  257.0  10799  -38.3  -43.6     58   0.32     25      6  346.2  347.5  346.2
  250.0  10990  -39.9  -45.9     53   0.25    355      6  346.6  347.7  346.7
  249.0  11017  -39.9  -46.9     47   0.23    354      6  347.0  348.0  347.1
  246.0  11098  -40.6                         350      7  347.2         347.2
  235.0  11401  -43.1                          30     11  347.9         347.9
  205.0  12306  -50.7                          75     24  349.8         349.8
  200.0  12470  -52.1                          75     23  350.1         350.1
  166.0  13645  -62.9                          75     28  351.2         351.2
  150.0  14260  -68.5                          75     30  351.9         351.9
  147.0  14377  -69.6                          75     33  352.0         352.0
  117.0  15700  -82.5                          92     49  351.9         351.9
  113.0  15893  -83.3                          95     51  354.0         354.0
  100.0  16570  -86.1                          80     54  361.1         361.1
   96.0  16793  -86.7                          80     53  364.3         364.3
   93.1  16961  -87.1                          76     40  366.6         366.6
   90.7  17104  -85.3                          72     29  372.9         372.9
   88.9  17215  -80.7                          70     21  384.3         384.3
   86.0  17401  -81.2                          65      7  387.0         387.0
   82.0  17669  -81.8                         195      5  391.0         391.0
   80.1  17800  -82.1                         167     11  393.0         393.0
   77.0  18023  -81.3                         120     22  399.2         399.2
   70.7  18503  -79.5                         111     32  412.8         412.8
   70.0  18560  -78.7                         110     33  415.7         415.7
   67.0  18810  -76.9                          88     23  424.8         424.8
   66.0  18897  -74.9                          80     19  431.0         431.0
   65.2  18969  -70.3                          79     17  442.6         442.6
   63.0  19173  -69.8                          75     10  447.9         447.9
   60.0  19464  -69.2                         135      8  455.6         455.6
   57.0  19770  -68.5                         135      8  463.9         463.9
   56.8  19790  -68.5                         138      8  464.4         464.4
   55.2  19962  -67.5                         159      5  470.5         470.5
   54.0  20095  -64.1                         175      3  481.3         481.3
   51.9  20339  -61.3                         251     10  493.3         493.3
   51.0  20448  -61.7                         285     13  494.9         494.9
   50.0  20570  -62.1                         275     19  496.7         496.7
   47.0  20953  -61.8                         270     26  506.3         506.3
   42.6  21561  -61.3                         267     31  522.0         522.0
   40.0  21950  -63.6                         265     34  525.6         525.6
   39.9  21965  -63.7                         265     34  525.8         525.8
   36.0  22602  -59.3                         281     36  552.8         552.8
   35.0  22779  -59.2                         285     36  557.6         557.6
   33.0  23148  -58.9                         285     37  567.8         567.8
   32.0  23341  -58.8                         265     36  573.2         573.2
   31.6  23419  -58.7                                     575.4         575.4
</PRE><H3>Station information and sounding indices</H3><PRE>
                         Station identifier: WAAA
                             Station number: 97180
                           Observation time: 161231/0000
                           Station latitude: -5.06
                          Station longitude: 119.55
                          Station elevation: 14.0
                            Showalter index: 0.71
                               Lifted index: -1.27
    LIFT computed using virtual temperature: -1.53
                                SWEAT index: 237.20
                                    K index: 32.90
                         Cross totals index: 20.40
                      Vertical totals index: 21.10
                        Totals totals index: 41.50
      Convective Available Potential Energy: 449.14
             CAPE using virtual temperature: 526.41
                      Convective Inhibition: -19.15
             CINS using virtual temperature: -15.94
                           Equilibrum Level: 217.51
 Equilibrum Level using virtual temperature: 217.67
                   Level of Free Convection: 881.21
             LFCT using virtual temperature: 888.27
                     Bulk Richardson Number: 18.48
          Bulk Richardson Number using CAPV: 21.66
  Temp [K] of the Lifted Condensation Level: 294.73
Pres [hPa] of the Lifted Condensation Level: 949.71
     Mean mixed layer potential temperature: 299.12
              Mean mixed layer mixing ratio: 17.43
              1000 hPa to 500 hPa thickness: 5782.00
Precipitable water [mm] for entire sounding: 62.90
</PRE>
<P>Description of the 
<A HREF="/upperair/columns.html">data columns</A>
or <A HREF="/upperair/indices.html">sounding indices</A>.

<P>
<FORM>
<INPUT CLASS="button" TYPE="button" VALUE=" Close this window " 
 onClick="window.close();">
<INPUT CLASS="button" TYPE="button" VALUE=" Select another map " 
 onClick="window.blur();">
</FORM>
<HR SIZE="1">
<I>Interested in graduate studies in atmospheric science?
Check out our program at the
<a href="http://www.uwyo.edu/atsc/howtoapply/"
target=_top>University of Wyoming
</a></I>
<HR SIZE="1"><FONT SIZE="-1">
Questions about the weather data provided by this site can be
addressed to <A HREF="mailto:ldoolman@uwyo.edu">
Larry Oolman (ldoolman@uwyo.edu)</A></FONT>
<HR SIZE="1">
<SCRIPT TYPE="text/javascript">
<!--
window.focus();
// -->
</SCRIPT>
</BODY>
</HTML>
