2016-02-29 00
<HTML>
<TITLE>University of Wyoming - Radiosonde Data</TITLE>
<LINK REL="StyleSheet" HREF="/resources/select.css" TYPE="text/css">
<BODY BGCOLOR="white">
<H2>97180 WAAA Ujung Pandang Observations at 00Z 29 Feb 2016</H2>
<PRE>
-----------------------------------------------------------------------------
   PRES   HGHT   TEMP   DWPT   RELH   MIXR   DRCT   SKNT   THTA   THTE   THTV
    hPa     m      C      C      %    g/kg    deg   knot     K      K      K 
-----------------------------------------------------------------------------
 1013.0     14   24.8   24.1     96  19.08     80      4  296.9  352.2  300.2
 1000.0    127   25.0   23.6     92  18.74     85      4  298.1  352.8  301.5
  980.0    304   24.1   22.8     92  18.17     95      2  299.0  352.2  302.2
  947.0    604   22.6   21.4     93  17.23    290      6  300.4  351.1  303.5
  925.0    810   21.6   20.4     93  16.61    290      8  301.4  350.5  304.4
  915.0    904   21.2   19.8     92  16.20    295      8  301.9  349.9  304.8
  884.0   1203   19.9   18.0     89  14.96    310     10  303.5  348.2  306.3
  850.0   1543   18.4   16.0     86  13.64    300     10  305.4  346.5  307.9
  797.0   2094   15.5   12.2     81  11.31    305     10  308.0  342.5  310.1
  792.0   2147   15.2   11.8     80  11.10    299     10  308.2  342.1  310.3
  769.0   2396   13.8   10.7     81  10.64    270      8  309.4  342.1  311.4
  713.0   3033   10.4    8.0     85   9.53    258      6  312.3  342.0  314.1
  700.0   3186    9.8    6.1     78   8.51    255      6  313.3  340.0  314.9
  666.0   3598    7.6    4.8     82   8.14    240      4  315.3  341.1  316.8
  643.0   3889    6.0    3.8     86   7.88    288      2  316.7  341.8  318.2
  642.0   3902    5.9    3.7     86   7.86    290      2  316.7  341.8  318.2
  619.0   4199    4.0    2.5     89   7.43     20      4  317.9  341.8  319.3
  597.0   4493    2.1    1.2     93   7.02    195      2  319.0  341.7  320.4
  573.0   4827    0.0   -0.3     98   6.58    211      3  320.3  341.7  321.5
  554.0   5095   -1.5   -1.9     97   6.04    225      4  321.6  341.4  322.8
  533.0   5402   -3.2   -3.8     96   5.47    150      4  323.1  341.2  324.1
  500.0   5910   -6.1   -6.8     95   4.62    145     10  325.5  341.1  326.4
  434.0   7008  -11.3  -13.2     86   3.21    145     10  332.4  343.7  333.0
  410.0   7443  -13.5  -17.8     70   2.31    145     10  335.0  343.4  335.4
  400.0   7630  -14.7  -18.3     74   2.27    145     10  335.8  344.1  336.3
  392.0   7783  -15.5  -20.4     66   1.94    145      8  336.7  343.8  337.1
  391.0   7802  -15.6  -20.8     64   1.88    145      8  336.8  343.8  337.2
  378.0   8057  -16.7  -25.7     46   1.26    158      8  338.6  343.4  338.9
  377.0   8076  -16.7  -30.7     29   0.79    159      8  338.9  342.0  339.0
  375.0   8116  -17.1  -25.1     50   1.34    161      8  338.9  343.9  339.1
  361.0   8400  -19.2  -23.4     70   1.62    175      8  339.8  345.9  340.1
  359.0   8442  -19.5  -23.1     73   1.67    175      8  339.9  346.2  340.2
  349.0   8651  -21.1  -25.8     66   1.35    177      6  340.5  345.6  340.8
  336.0   8930  -23.3  -25.9     79   1.39    179      4  341.2  346.5  341.5
  335.0   8952  -23.5  -23.7     98   1.70    180      4  341.2  347.6  341.6
  333.0   8996  -23.8  -23.9     99   1.68    180      4  341.5  347.8  341.8
  327.0   9128  -24.5  -24.5    100   1.62    159      6  342.2  348.3  342.5
  321.0   9263  -25.3  -29.5     68   1.04    137      7  342.9  347.0  343.1
  319.0   9308  -25.7  -29.6     70   1.04    130      8  343.0  347.1  343.2
  306.0   9607  -28.1  -30.1     83   1.03    130     10  343.7  347.7  343.9
  300.0   9750  -29.3  -30.3     91   1.03    140     10  344.0  348.0  344.2
  294.0   9894  -30.0  -31.3     88   0.96    155     10  345.0  348.8  345.2
  291.0   9967  -30.3  -31.8     87   0.92    153     10  345.6  349.2  345.7
  270.0  10496  -34.5  -36.6     81   0.62    140      8  346.9  349.4  347.1
  268.0  10548  -34.9  -37.1     80   0.59    139      8  347.1  349.5  347.2
  250.0  11030  -39.1  -42.1     73   0.38    125      8  347.8  349.4  347.9
  247.0  11112  -39.9  -42.5     75   0.37    125      8  347.9  349.4  348.0
  246.0  11140  -40.1  -42.7     76   0.36    125      8  347.9  349.4  348.0
  216.0  12001  -47.8                         125     12  349.2         349.2
  200.0  12510  -52.3                         115     10  349.8         349.8
  197.0  12605  -53.1                         120     10  350.1         350.1
  163.0  13790  -62.8                         115     10  353.2         353.2
  150.0  14310  -67.1                         130     17  354.3         354.3
  148.0  14389  -67.7                         130     19  354.6         354.6
  133.0  15020  -72.5                         105     16  357.0         357.0
  124.0  15433  -75.7                          98     14  358.5         358.5
  114.0  15910  -78.9                          90     12  361.3         361.3
  103.0  16486  -82.7                         115     16  364.6         364.6
  100.0  16650  -83.3                         115     21  366.5         366.5
   97.0  16820  -83.9                         120     25  368.5         368.5
   95.2  16924  -84.3                         115     33  369.8         369.8
   87.0  17423  -85.0                          95     37  378.0         378.0
   83.6  17644  -85.3                          86     34  381.7         381.7
   78.0  18037  -81.7                          70     29  396.9         396.9
   74.0  18335  -78.9                          80     31  408.8         408.8
   71.0  18569  -76.7                          20     14  418.3         418.3
   70.2  18633  -76.1                          12     14  420.9         420.9
   70.0  18650  -75.1                          10     14  423.4         423.4
   69.4  18700  -72.1                           0     15  430.9         430.9
   67.0  18906  -72.3                         320     19  434.8         434.8
   64.0  19174  -72.5                         290     16  440.1         440.1
   60.0  19551  -72.8                         230     16  447.5         447.5
   59.2  19629  -72.9                         225     16  449.1         449.1
   57.0  19851  -72.4                         210     17  455.2         455.2
   55.0  20061  -71.9                         230     25  461.0         461.0
   51.2  20480  -70.9                         215     27  472.8         472.8
   50.0  20620  -71.3                         210     27  475.1         475.1
   49.0  20739  -71.8                         205     27  476.6         476.6
   47.3  20947  -72.7                         168     22  479.3         479.3
   45.0  21245  -70.8                         115     16  490.8         490.8
   38.8  22130  -65.1                          71     19  526.5         526.5
   38.0  22259  -63.8                          65     19  532.9         532.9
   35.5  22679  -59.5                          57     12  554.5         554.5
   35.0  22767  -59.9                          55     10  555.8         555.8
   33.0  23131  -61.5                         100     10  561.1         561.1
   30.1  23700  -63.9                         330     12  569.3         569.3
   30.0  23720  -63.9                         330     12  569.9         569.9
   29.0  23930  -63.2                         300     10  577.3         577.3
   26.0  24608  -61.0                          10     14  601.9         601.9
   25.0  24851  -60.2                         335     21  611.0         611.0
   24.0  25105  -59.4                         340     17  620.5         620.5
   23.0  25369  -58.5                         305     10  630.7         630.7
   22.0  25651  -55.5                         235     19  647.6         647.6
   21.6  25768  -54.3                         225     18  654.7         654.7
   20.0  26260  -54.9                         185     16  667.4         667.4
   17.0  27293  -55.8                         125     10  696.1         696.1
   16.0  27679  -56.2                         135     10  707.2         707.2
   14.1  28483  -56.9                          92     32  730.7         730.7
   14.0  28529  -56.7                          90     33  732.9         732.9
   13.0  29006  -54.6                          70     43  755.7         755.7
   12.0  29521  -52.4                          70     31  781.0         781.0
   11.0  30081  -50.0                          90     33  809.4         809.4
   10.8  30200  -49.5                                     815.5         815.5
</PRE><H3>Station information and sounding indices</H3><PRE>
                         Station identifier: WAAA
                             Station number: 97180
                           Observation time: 160229/0000
                           Station latitude: -5.06
                          Station longitude: 119.55
                          Station elevation: 14.0
                            Showalter index: -1.74
                               Lifted index: -3.80
    LIFT computed using virtual temperature: -4.11
                                SWEAT index: 222.01
                                    K index: 36.80
                         Cross totals index: 22.10
                      Vertical totals index: 24.50
                        Totals totals index: 46.60
      Convective Available Potential Energy: 815.88
             CAPE using virtual temperature: 914.80
                      Convective Inhibition: -16.24
             CINS using virtual temperature: -8.27
                           Equilibrum Level: 178.39
 Equilibrum Level using virtual temperature: 177.56
                   Level of Free Convection: 826.71
             LFCT using virtual temperature: 866.58
                     Bulk Richardson Number: 205.00
          Bulk Richardson Number using CAPV: 229.85
  Temp [K] of the Lifted Condensation Level: 295.81
Pres [hPa] of the Lifted Condensation Level: 966.64
     Mean mixed layer potential temperature: 298.70
              Mean mixed layer mixing ratio: 18.31
              1000 hPa to 500 hPa thickness: 5783.00
Precipitable water [mm] for entire sounding: 63.85
</PRE>
<P>Description of the 
<A HREF="/upperair/columns.html">data columns</A>
or <A HREF="/upperair/indices.html">sounding indices</A>.

<P>
<FORM>
<INPUT CLASS="button" TYPE="button" VALUE=" Close this window " 
 onClick="window.close();">
<INPUT CLASS="button" TYPE="button" VALUE=" Select another map " 
 onClick="window.blur();">
</FORM>
<HR SIZE="1">
<I>Interested in graduate studies in atmospheric science?
Check out our program at the
<a href="http://www.uwyo.edu/atsc/howtoapply/"
target=_top>University of Wyoming
</a></I>
<HR SIZE="1"><FONT SIZE="-1">
Questions about the weather data provided by this site can be
addressed to <A HREF="mailto:ldoolman@uwyo.edu">
Larry Oolman (ldoolman@uwyo.edu)</A></FONT>
<HR SIZE="1">
<SCRIPT TYPE="text/javascript">
<!--
window.focus();
// -->
</SCRIPT>
</BODY>
</HTML>
