2018-04-27 00
<HTML>
<TITLE>University of Wyoming - Radiosonde Data</TITLE>
<LINK REL="StyleSheet" HREF="/resources/select.css" TYPE="text/css">
<BODY BGCOLOR="white">
<H2>97180 WAAA Ujung Pandang Observations at 00Z 27 Apr 2018</H2>
<PRE>
-----------------------------------------------------------------------------
   PRES   HGHT   TEMP   DWPT   RELH   MIXR   DRCT   SKNT   THTA   THTE   THTV
    hPa     m      C      C      %    g/kg    deg   knot     K      K      K 
-----------------------------------------------------------------------------
 1011.0     14   25.0   22.1     84  16.88    110      5  297.2  346.2  300.2
 1005.0     61   24.4   20.6     79  15.45    126      4  297.1  342.0  299.9
 1000.0    101   25.2   20.9     77  15.83    140      4  298.4  344.6  301.2
  996.0    136   25.8   21.6     78  16.61    157      4  299.3  348.0  302.3
  978.0    297   25.2   20.7     76  15.96    235      5  300.2  347.2  303.1
  950.0    553   24.2   19.2     74  14.97    286      2  301.7  346.1  304.4
  945.0    600   23.8   18.9     74  14.75    295      2  301.8  345.5  304.4
  925.0    787   22.0   17.6     76  13.88     40      4  301.8  342.9  304.3
  913.0    900   20.9   17.3     80  13.82     55      7  301.8  342.8  304.3
  903.0    995   20.0   17.1     83  13.77     59      7  301.8  342.7  304.3
  878.0   1237   20.4   15.4     73  12.69     69      7  304.7  342.8  307.0
  852.0   1496   18.7   12.8     68  11.02     80      7  305.6  338.9  307.6
  850.0   1516   18.6   12.6     68  10.90     90      7  305.6  338.6  307.6
  840.0   1618   18.0   13.0     73  11.33     67      6  306.0  340.3  308.1
  822.0   1804   18.0   10.3     61   9.66     25      4  307.9  337.5  309.7
  820.0   1825   18.0   10.0     60   9.49     21      4  308.1  337.2  309.9
  794.0   2100   15.9    9.3     65   9.33    335     10  308.8  337.5  310.5
  756.0   2518   12.8    8.2     74   9.10    347      9  309.7  337.9  311.4
  714.0   2999   11.0    4.2     63   7.29      0      7  312.8  335.8  314.2
  710.0   3046   10.8    3.8     62   7.13      6      7  313.1  335.7  314.5
  700.0   3165   10.0    4.0     66   7.33     20      6  313.5  336.7  314.9
  694.0   3237    9.6    5.0     73   7.94     25      6  313.9  338.9  315.4
  689.0   3297    9.5    3.0     64   6.95     30      6  314.4  336.5  315.7
  680.0   3406    9.4   -0.6     50   5.42     39      6  315.5  332.9  316.5
  664.0   3604    8.3    0.2     57   5.87     55      6  316.3  335.2  317.4
  655.0   3717    7.6    0.6     61   6.14     77      6  316.8  336.6  318.0
  649.0   3793    8.6   -7.4     31   3.40     92      7  318.8  330.1  319.4
  640.0   3908    8.0   -5.6     38   3.95    115      7  319.4  332.5  320.1
  623.0   4130    6.8   -2.2     53   5.25    119      8  320.5  337.8  321.5
  551.0   5128    0.0  -10.0     47   3.26    135     11  323.9  335.0  324.5
  532.0   5408   -1.9  -10.4     52   3.26    140     12  324.8  336.0  325.5
  513.0   5698   -3.9  -10.9     58   3.26    119     14  325.8  337.0  326.5
  500.0   5900   -5.7  -10.3     70   3.51    105     15  326.0  338.1  326.7
  496.0   5963   -6.5  -10.2     75   3.57    108     16  325.8  338.0  326.5
  493.0   6010   -6.7   -9.2     82   3.89    110     17  326.1  339.4  326.9
  492.0   6026   -6.7   -9.1     83   3.93    110     17  326.3  339.7  327.1
  490.0   6057   -6.7  -12.7     62   2.96    110     17  326.7  336.9  327.3
  484.0   6153   -5.7  -23.7     23   1.17    111     16  329.1  333.4  329.3
  445.0   6802  -10.3  -29.3     19   0.76    117     12  331.3  334.2  331.4
  440.0   6888  -10.9  -27.9     23   0.88    117     12  331.6  334.9  331.8
  434.0   6993  -11.7  -18.7     56   2.03    118     11  331.9  339.2  332.3
  429.0   7081  -12.3  -16.8     69   2.41    119     11  332.2  340.8  332.7
  422.0   7205  -13.1  -18.4     64   2.14    120     10  332.8  340.5  333.2
  400.0   7610  -15.5  -23.5     50   1.45    110      4  334.8  340.1  335.1
  391.0   7781  -16.5  -24.5     50   1.35    102      5  335.6  340.7  335.9
  386.0   7878  -16.9  -27.9     38   1.00     98      6  336.3  340.2  336.6
  382.0   7956  -17.3  -26.3     45   1.18     95      6  336.8  341.3  337.1
  376.0   8074  -18.3  -29.3     37   0.90     89      7  337.0  340.5  337.2
  373.0   8134  -18.5  -36.5     19   0.45     87      7  337.5  339.3  337.6
  367.0   8255  -19.3  -30.3     37   0.84     81      8  338.0  341.3  338.2
  366.0   8275  -19.5  -26.5     54   1.21     80      8  338.0  342.6  338.3
  360.0   8397  -20.4  -30.6     40   0.84     75      9  338.4  341.6  338.5
  351.0   8584  -21.9  -36.9     24   0.46     78     11  338.9  340.7  338.9
  347.0   8668  -22.5  -43.5     13   0.24     80     12  339.2  340.1  339.2
  346.0   8689  -22.6  -41.3     17   0.30     80     12  339.3  340.5  339.3
  344.0   8732  -22.9  -36.9     27   0.47     78     12  339.5  341.4  339.6
  341.0   8796  -23.3  -35.3     32   0.56     74     12  339.8  342.0  339.9
  340.0   8817  -23.5  -37.5     26   0.45     73     12  339.8  341.6  339.9
  339.0   8839  -23.5  -39.5     22   0.37     72     12  340.1  341.6  340.1
  338.0   8860  -23.7  -29.7     58   0.97     70     12  340.1  343.8  340.3
  327.0   9101  -25.5  -29.9     67   0.98     57     12  340.8  344.6  341.0
  320.0   9258  -26.3  -34.3     47   0.66     48     12  341.8  344.4  342.0
  318.0   9303  -26.8  -35.2     45   0.61     45     12  341.8  344.2  341.9
  315.0   9371  -27.5  -36.5     42   0.54     46     12  341.7  343.9  341.8
  310.0   9486  -28.3  -38.3     38   0.45     47     11  342.2  344.0  342.2
  307.0   9555  -28.7  -36.7     46   0.54     48     11  342.6  344.7  342.7
  300.0   9720  -29.7  -38.7     41   0.45     50     10  343.4  345.2  343.5
  298.0   9768  -30.1  -41.1     33   0.35     54     10  343.5  345.0  343.6
  293.0   9888  -31.1  -40.6     39   0.38     65      9  343.8  345.3  343.8
  285.0  10086  -32.7  -39.7     50   0.43     61     10  344.2  345.9  344.3
  280.0  10211  -33.7  -38.7     61   0.48     58     11  344.5  346.4  344.6
  277.0  10287  -34.3  -37.4     73   0.56     56     11  344.7  346.9  344.8
  270.0  10466  -35.7  -37.8     81   0.55     52     12  345.2  347.4  345.3
  264.0  10623  -36.7  -41.5     61   0.38     49     13  345.9  347.5  346.0
  256.0  10837  -38.5  -42.2     68   0.37     44     14  346.3  347.9  346.4
  250.0  11000  -39.7  -46.7     47   0.23     40     15  346.9  347.9  346.9
  248.0  11055  -40.1  -48.1     42   0.20     39     15  347.1  348.0  347.1
  225.0  11700  -45.8                          30     14  348.2         348.2
  200.0  12480  -52.7                          60     19  349.1         349.1
  196.0  12606  -53.7                          65     17  349.5         349.5
  170.0  13497  -61.1                         110     17  351.9         351.9
  150.0  14280  -67.5                         115     19  353.6         353.6
  147.0  14399  -68.5                         110     19  354.0         354.0
  130.0  15125  -74.3                          98     17  356.2         356.2
  126.0  15305  -75.9                          95     17  356.5         356.5
  118.0  15681  -79.3                         107     16  357.0         357.0
  102.0  16499  -82.1                         135     14  366.8         366.8
  100.0  16610  -82.5                         175     11  368.1         368.1
   97.0  16779  -83.1                         215     21  370.1         370.1
   88.5  17287  -84.9                         194     27  376.4         376.4
   87.0  17381  -85.7                         190     28  376.7         376.7
   86.5  17413  -85.9                         188     26  376.8         376.8
   84.9  17516  -85.3                         182     21  380.1         380.1
   84.2  17562  -82.1                         179     19  387.4         387.4
   82.0  17710  -81.2                         170     11  392.2         392.2
   80.8  17793  -80.7                         204     11  394.9         394.9
   79.8  17864  -77.3                         233     10  403.3         403.3
   78.0  17995  -75.4                         285     10  409.8         409.8
   77.3  18047  -74.7                                     412.4         412.4
</PRE><H3>Station information and sounding indices</H3><PRE>
                         Station identifier: WAAA
                             Station number: 97180
                           Observation time: 180427/0000
                           Station latitude: -5.06
                          Station longitude: 119.55
                          Station elevation: 14.0
                            Showalter index: 1.78
                               Lifted index: -1.30
    LIFT computed using virtual temperature: -1.63
                                SWEAT index: 180.18
                                    K index: 30.90
                         Cross totals index: 18.30
                      Vertical totals index: 24.30
                        Totals totals index: 42.60
      Convective Available Potential Energy: 57.08
             CAPE using virtual temperature: 108.89
                      Convective Inhibition: -216.65
             CINS using virtual temperature: -89.76
                           Equilibrum Level: 339.55
 Equilibrum Level using virtual temperature: 328.25
                   Level of Free Convection: 541.26
             LFCT using virtual temperature: 758.64
                     Bulk Richardson Number: 14.20
          Bulk Richardson Number using CAPV: 27.09
  Temp [K] of the Lifted Condensation Level: 292.79
Pres [hPa] of the Lifted Condensation Level: 921.71
     Mean mixed layer potential temperature: 299.71
              Mean mixed layer mixing ratio: 15.90
              1000 hPa to 500 hPa thickness: 5799.00
Precipitable water [mm] for entire sounding: 49.12
</PRE>
<P>Description of the 
<A HREF="/upperair/columns.html">data columns</A>
or <A HREF="/upperair/indices.html">sounding indices</A>.

<P>
<FORM>
<INPUT CLASS="button" TYPE="button" VALUE=" Close this window " 
 onClick="window.close();">
<INPUT CLASS="button" TYPE="button" VALUE=" Select another map " 
 onClick="window.blur();">
</FORM>
<HR SIZE="1">
<I>Interested in graduate studies in atmospheric science?
Check out our program at the
<a href="http://www.uwyo.edu/atsc/howtoapply/"
target=_top>University of Wyoming
</a></I>
<HR SIZE="1"><FONT SIZE="-1">
Questions about the weather data provided by this site can be
addressed to <A HREF="mailto:ldoolman@uwyo.edu">
Larry Oolman (ldoolman@uwyo.edu)</A></FONT>
<HR SIZE="1">
<SCRIPT TYPE="text/javascript">
<!--
window.focus();
// -->
</SCRIPT>
</BODY>
</HTML>
