2016-06-26 12
<HTML>
<TITLE>University of Wyoming - Radiosonde Data</TITLE>
<LINK REL="StyleSheet" HREF="/resources/select.css" TYPE="text/css">
<BODY BGCOLOR="white">
<H2>97180 WAAA Ujung Pandang Observations at 00Z 26 Jun 2016</H2>
<PRE>
-----------------------------------------------------------------------------
   PRES   HGHT   TEMP   DWPT   RELH   MIXR   DRCT   SKNT   THTA   THTE   THTV
    hPa     m      C      C      %    g/kg    deg   knot     K      K      K 
-----------------------------------------------------------------------------
 1010.0     14   24.4   23.3     94  18.21    125      3  296.7  349.5  299.9
 1003.0     77   24.4   21.2     82  16.08    108      4  297.3  344.0  300.1
 1000.0    104   25.4   21.2     78  16.13    100      4  298.6  345.7  301.4
  999.0    113   25.6   21.3     77  16.25     98      4  298.8  346.4  301.7
  981.0    273   25.4   20.9     76  16.14     61      4  300.2  347.7  303.1
  978.0    300   25.2   20.7     76  15.99     55      4  300.3  347.4  303.2
  945.0    601   23.4   18.6     74  14.44    345      3  301.4  344.1  303.9
  925.0    789   22.2   17.2     73  13.53    290      6  302.0  342.2  304.4
  913.0    902   21.6   16.8     74  13.32    275      6  302.5  342.1  304.9
  882.0   1201   19.8   15.6     76  12.77     85      1  303.7  341.9  306.0
  852.0   1500   18.1   14.4     79  12.23     70      4  304.9  341.7  307.1
  850.0   1520   18.0   14.3     79  12.20     70      5  305.0  341.7  307.2
  823.0   1794   16.3   13.0     81  11.58     95      7  306.1  341.1  308.2
  795.0   2088   14.6   11.6     83  10.94     55      5  307.2  340.5  309.2
  742.0   2674   11.0    8.9     87   9.74     41      1  309.4  339.4  311.2
  740.0   2697   11.0    8.8     86   9.68     40      1  309.7  339.5  311.5
  714.0   2996   10.8    7.1     78   8.94     75      4  312.7  340.6  314.3
  711.0   3032   10.8    6.9     77   8.85     72      5  313.0  340.8  314.7
  700.0   3162   10.2    5.2     71   7.98     60      7  313.8  338.9  315.3
  669.0   3538    9.2    4.4     72   7.90     69     11  316.7  341.9  318.2
  664.0   3599    8.8    4.0     72   7.76     70     12  317.0  341.8  318.4
  573.0   4797    1.2   -3.0     74   5.38     65      6  321.6  339.4  322.7
  560.0   4984    0.0   -4.1     74   5.07     75      7  322.4  339.2  323.4
  518.0   5602   -4.1   -5.4     91   4.97    110     10  324.7  341.3  325.6
  512.0   5694   -4.6   -5.7     92   4.92    115     11  325.2  341.7  326.1
  503.0   5833   -5.3   -6.1     94   4.85    104     12  326.0  342.3  326.9
  500.0   5880   -5.5   -6.7     91   4.66    100     13  326.3  342.0  327.2
  493.0   5991   -5.6   -8.7     79   4.03     90     14  327.4  341.2  328.2
  489.0   6056   -5.7   -9.9     72   3.71     90     14  328.1  340.9  328.8
  476.0   6268   -7.1  -10.8     75   3.55     89     15  328.9  341.2  329.6
  469.0   6384   -7.9  -13.9     62   2.80     89     15  329.3  339.1  329.9
  462.0   6501   -8.7  -16.7     52   2.25     88     16  329.7  337.8  330.2
  455.0   6620   -9.7  -13.2     76   3.06     88     16  329.9  340.6  330.5
  439.0   6897  -11.5  -14.0     82   2.97     87     17  331.0  341.5  331.6
  408.0   7459  -13.7  -22.7     47   1.52     85     19  335.2  340.8  335.5
  400.0   7610  -14.7  -22.7     51   1.55     85     20  335.8  341.6  336.1
  375.0   8091  -18.1  -26.1     50   1.22     90     20  337.5  342.1  337.8
  352.0   8563  -21.5  -29.5     48   0.95     92     18  339.1  342.8  339.3
  338.0   8860  -22.9  -33.9     36   0.65     93     16  341.2  343.7  341.3
  318.0   9302  -26.5  -32.3     58   0.80     95     14  342.1  345.3  342.3
  315.0   9371  -27.1  -32.1     62   0.83     91     14  342.3  345.5  342.4
  313.0   9417  -27.3  -34.3     51   0.67     88     15  342.6  345.3  342.8
  312.0   9440  -27.3  -38.3     34   0.45     87     15  342.9  344.8  343.0
  300.0   9720  -29.7  -38.7     41   0.45     70     16  343.4  345.2  343.5
  294.0   9863  -30.7  -40.7     37   0.37     66     15  344.0  345.5  344.1
  293.0   9888  -30.9  -41.1     36   0.36     65     15  344.0  345.5  344.1
  286.0  10058  -32.3  -44.3     29   0.26     64     17  344.4  345.5  344.5
  274.0  10358  -34.7  -49.7     20   0.15     63     20  345.2  345.8  345.2
  250.0  10990  -40.1  -45.1     59   0.27     60     27  346.3  347.5  346.4
  246.0  11097  -41.0                          60     27  346.6         346.6
  225.0  11689  -46.0                          60     35  347.8         347.8
  200.0  12470  -52.7                          80     37  349.1         349.1
  178.0  13195  -59.3                          85     42  350.1         350.1
  150.0  14260  -69.1                          75     53  350.9         350.9
  142.0  14584  -71.9                          77     54  351.5         351.5
  126.0  15271  -77.2                          80     57  354.2         354.2
  118.0  15648  -80.1                          88     56  355.5         355.5
  109.0  16091  -82.7                          98     55  358.8         358.8
  107.0  16194  -83.1                         100     55  359.9         359.9
  105.0  16298  -83.5                          97     52  361.1         361.1
  104.0  16351  -83.7                          96     50  361.7         361.7
  103.0  16405  -83.5                          94     49  363.1         363.1
  102.0  16459  -83.1                          93     47  364.9         364.9
  100.0  16570  -77.7                          90     44  377.4         377.4
   99.0  16628  -75.3                          88     40  383.1         383.1
   96.0  16808  -74.7                          80     29  387.6         387.6
   94.1  16925  -74.3                          65     25  390.6         390.6
   91.0  17118  -75.5                          40     17  392.1         392.1
   87.0  17377  -77.0                          35     10  394.1         394.1
   82.0  17719  -79.0                          85     12  396.7         396.7
   79.0  17934  -80.3                          90     11  398.3         398.3
   78.0  18007  -78.7                          85     12  403.0         403.0
   76.6  18111  -76.5                          68     14  409.7         409.7
   75.3  18212  -70.7                          52     17  423.9         423.9
   74.0  18316  -69.9                          35     19  427.7         427.7
   71.5  18522  -68.3                          31     12  435.3         435.3
   71.0  18565  -68.5                          30     11  435.7         435.7
   70.0  18650  -68.9                          25     11  436.6         436.6
   67.0  18908  -70.9                           5     11  437.9         437.9
   65.5  19042  -71.9                          30     11  438.5         438.5
   64.0  19178  -71.6                          55     10  442.0         442.0
   61.0  19460  -71.1                         135     14  449.3         449.3
   55.0  20070  -69.9                          90     26  465.4         465.4
   53.9  20188  -69.7                          97     28  468.7         468.7
   52.0  20400  -71.3                         110     31  469.7         469.7
   51.6  20445  -71.7                         108     31  469.9         469.9
   50.0  20630  -70.9                         100     32  476.0         476.0
   49.0  20750  -70.3                          94     32  480.2         480.2
   45.0  21266  -63.2                          70     30  509.2         509.2
   44.3  21361  -61.9                          78     28  514.7         514.7
   39.0  22154  -60.2                         140     13  538.1         538.1
   38.2  22283  -59.9                         138     12  542.0         542.0
   37.0  22485  -58.3                         135     11  551.2         551.2
   35.0  22836  -55.4                          80      2  567.5         567.5
   34.4  22945  -54.5                         351      9  572.6         572.6
   34.0  23020  -54.6                         290     13  574.3         574.3
   30.0  23820  -55.5                         270     31  592.7         592.7
   27.0  24483  -57.2                         260     38  606.1         606.1
   24.9  24993  -58.5                         258     33  616.5         616.5
   23.7  25302  -58.5                         257     30  625.3         625.3
   22.0  25775  -53.4                         255     26  653.9         653.9
   21.4  25951  -51.5                         259     25  664.8         664.8
   20.0  26390  -49.3                         270     22  684.5         684.5
   17.0  27462  -46.7                         280     30  725.4         725.4
   16.8  27540  -46.5                         280     30  728.5         728.5
   13.0  29227  -50.0                         270     30  771.8         771.8
   12.9  29278  -50.1                                     773.1         773.1
</PRE><H3>Station information and sounding indices</H3><PRE>
                         Station identifier: WAAA
                             Station number: 97180
                           Observation time: 160626/0000
                           Station latitude: -5.06
                          Station longitude: 119.55
                          Station elevation: 14.0
                            Showalter index: 0.70
                               Lifted index: -1.14
    LIFT computed using virtual temperature: -1.29
                                SWEAT index: 194.58
                                    K index: 32.80
                         Cross totals index: 19.80
                      Vertical totals index: 23.50
                        Totals totals index: 43.30
      Convective Available Potential Energy: 82.62
             CAPE using virtual temperature: 124.78
                      Convective Inhibition: -77.09
             CINS using virtual temperature: -57.19
                           Equilibrum Level: 351.89
 Equilibrum Level using virtual temperature: 349.16
                   Level of Free Convection: 779.90
             LFCT using virtual temperature: 799.84
                     Bulk Richardson Number: 184.71
          Bulk Richardson Number using CAPV: 278.97
  Temp [K] of the Lifted Condensation Level: 292.90
Pres [hPa] of the Lifted Condensation Level: 923.84
     Mean mixed layer potential temperature: 299.62
              Mean mixed layer mixing ratio: 15.98
              1000 hPa to 500 hPa thickness: 5776.00
Precipitable water [mm] for entire sounding: 55.83
</PRE>
<P>Description of the 
<A HREF="/upperair/columns.html">data columns</A>
or <A HREF="/upperair/indices.html">sounding indices</A>.

<P>
<FORM>
<INPUT CLASS="button" TYPE="button" VALUE=" Close this window " 
 onClick="window.close();">
<INPUT CLASS="button" TYPE="button" VALUE=" Select another map " 
 onClick="window.blur();">
</FORM>
<HR SIZE="1">
<I>Interested in graduate studies in atmospheric science?
Check out our program at the
<a href="http://www.uwyo.edu/atsc/howtoapply/"
target=_top>University of Wyoming
</a></I>
<HR SIZE="1"><FONT SIZE="-1">
Questions about the weather data provided by this site can be
addressed to <A HREF="mailto:ldoolman@uwyo.edu">
Larry Oolman (ldoolman@uwyo.edu)</A></FONT>
<HR SIZE="1">
<SCRIPT TYPE="text/javascript">
<!--
window.focus();
// -->
</SCRIPT>
</BODY>
</HTML>
