2016-03-08 00
<HTML>
<TITLE>University of Wyoming - Radiosonde Data</TITLE>
<LINK REL="StyleSheet" HREF="/resources/select.css" TYPE="text/css">
<BODY BGCOLOR="white">
<H2>97180 WAAA Ujung Pandang Observations at 00Z 08 Mar 2016</H2>
<PRE>
-----------------------------------------------------------------------------
   PRES   HGHT   TEMP   DWPT   RELH   MIXR   DRCT   SKNT   THTA   THTE   THTV
    hPa     m      C      C      %    g/kg    deg   knot     K      K      K 
-----------------------------------------------------------------------------
 1010.0     14   25.8   24.2     91  19.25      0      0  298.1  354.3  301.5
 1000.0     97   27.8   24.9     84  20.31      0      0  300.9  361.0  304.6
  978.0    294   26.5   23.3     83  18.86     75      2  301.6  357.4  304.9
  945.0    597   24.5   20.9     81  16.78    300      4  302.5  352.3  305.5
  925.0    786   23.2   19.4     79  15.58    295      4  303.0  349.4  305.9
  913.0    899   22.6   18.6     78  15.03    295      4  303.6  348.4  306.3
  852.0   1500   19.5   14.5     73  12.36    255      8  306.4  343.8  308.6
  850.0   1520   19.4   14.4     73  12.28    255      8  306.4  343.6  308.7
  794.0   2099   16.0   10.1     68   9.89    170      4  308.9  339.3  310.7
  767.0   2394   14.3    8.0     66   8.84    175      4  310.1  337.5  311.8
  740.0   2698   12.5    5.7     63   7.84    210      2  311.4  335.9  312.8
  729.0   2826   11.8    4.8     62   7.45    210      3  311.9  335.3  313.3
  719.0   2941   11.4    5.4     67   7.88    210      4  312.7  337.4  314.2
  700.0   3165   10.6    3.6     62   7.13    210      6  314.2  336.8  315.5
  698.0   3189   10.6    4.6     66   7.68    209      6  314.4  338.8  315.9
  690.0   3285   10.2    5.2     71   8.10    205      6  315.0  340.7  316.6
  689.0   3297   10.1    5.1     71   8.06    205      6  315.1  340.6  316.6
  664.0   3604    8.5    2.7     67   7.05    230      6  316.6  339.2  317.9
  657.0   3692    8.0    2.0     66   6.78    213      6  317.0  338.8  318.3
  641.0   3895    7.0   -1.0     57   5.59    175      6  318.1  336.3  319.2
  618.0   4196    5.6   -5.4     45   4.16    205      2  319.8  333.7  320.6
  617.0   4209    6.0  -16.0     19   1.79    212      2  320.4  326.7  320.8
  607.0   4343    5.2  -15.8     20   1.85    278      2  321.0  327.5  321.4
  598.0   4465    4.4   -4.6     52   4.57    339      2  321.5  336.7  322.4
  595.0   4506    4.1   -4.9     52   4.48      0      2  321.6  336.5  322.4
  580.0   4713    2.4   -6.6     51   4.04    324      2  321.9  335.5  322.7
  577.0   4755    2.6  -18.4     20   1.56    317      2  322.7  328.2  323.0
  574.0   4797    2.3  -16.9     23   1.79    310      2  322.8  329.1  323.1
  556.0   5054    0.4   -7.6     55   3.90     53      5  323.5  336.7  324.3
  553.0   5097    0.0   -9.0     51   3.52     70      6  323.5  335.5  324.2
  527.0   5483   -1.5  -15.5     34   2.18    102     11  326.2  333.9  326.6
  513.0   5696   -2.7  -13.7     43   2.61    120     14  327.2  336.4  327.8
  500.0   5900   -3.9  -11.9     54   3.09    115     16  328.2  339.0  328.8
  494.0   5995   -4.5  -12.5     54   2.97    115     17  328.6  339.0  329.2
  481.0   6205   -5.9  -13.9     53   2.73    132     17  329.4  339.0  329.9
  475.0   6304   -6.4  -16.0     46   2.32    140     17  330.0  338.3  330.5
  463.0   6504   -7.3  -20.3     35   1.65    130     17  331.3  337.3  331.6
  435.0   6987  -11.1  -20.1     47   1.79    106     16  332.4  338.9  332.8
  407.0   7497  -12.7  -32.8     17   0.60     80     16  336.7  339.1  336.9
  400.0   7630  -13.1  -36.1     13   0.44     85     17  337.9  339.6  338.0
  394.0   7745  -13.5  -42.5      7   0.23     91     17  338.8  339.8  338.9
  376.0   8091  -16.4  -41.3     10   0.27    110     17  339.6  340.7  339.6
  333.0   8991  -23.9  -38.3     25   0.42    115     14  341.3  343.1  341.4
  320.0   9286  -26.3  -37.3     35   0.49    101     16  341.8  343.8  341.9
  319.0   9309  -26.4  -37.1     36   0.50    100     16  342.0  344.0  342.1
  306.0   9608  -28.2  -34.0     58   0.71     55     12  343.5  346.4  343.7
  304.0   9655  -28.5  -33.5     62   0.75     52     12  343.8  346.8  343.9
  300.0   9750  -29.1  -36.1     51   0.59     45     12  344.2  346.6  344.4
  282.0  10185  -32.3  -41.0     42   0.38     35     16  345.8  347.4  345.9
  269.0  10516  -34.7  -44.7     35   0.27     35     18  347.0  348.1  347.1
  250.0  11020  -39.3  -47.3     42   0.22     35     21  347.5  348.4  347.6
  247.0  11103  -40.1  -48.1     42   0.20     36     21  347.5  348.4  347.6
  226.0  11695  -45.0                          45     23  349.0         349.0
  207.0  12281  -49.8                          30     23  350.3         350.3
  200.0  12510  -51.7                          25     21  350.7         350.7
  188.0  12899  -54.5                          15     17  352.6         352.6
  171.0  13496  -58.7                         340     10  355.2         355.2
  163.0  13797  -60.8                         340     10  356.6         356.6
  150.0  14320  -64.5                         255     10  358.8         358.8
  148.0  14399  -65.1                         245     10  359.1         359.1
  134.0  14981  -69.6                         240     12  361.5         361.5
  127.0  15295  -72.0                         250      8  362.8         362.8
  121.0  15579  -74.2                         325      4  363.8         363.8
  115.0  15877  -76.4                         345      8  364.9         364.9
  109.0  16191  -78.8                         170      2  366.0         366.0
  106.0  16354  -80.1                         170      5  366.6         366.6
  100.0  16680  -82.9                         170     10  367.3         367.3
   98.0  16792  -83.8                         170     10  367.6         367.6
   92.9  17089  -86.3                         150     10  368.4         368.4
   88.0  17390  -85.7                         130     10  375.5         375.5
   83.0  17714  -85.0                         185      4  383.2         383.2
   79.0  17989  -84.3                         275     12  389.9         389.9
   75.0  18277  -83.7                         305     17  397.0         397.0
   71.0  18581  -83.1                         285     23  404.7         404.7
   70.0  18660  -82.9                         285     21  406.7         406.7
   67.3  18878  -82.9                         291     20  411.3         411.3
   64.3  19135  -77.7                         299     19  428.1         428.1
   60.0  19531  -76.8                         310     17  438.6         438.6
   57.0  19825  -76.2                         290      8  446.5         446.5
   55.7  19957  -75.9                         296     11  450.1         450.1
   54.0  20136  -75.4                         305     14  455.2         455.2
   52.0  20354  -74.9                         280     12  461.4         461.4
   50.0  20580  -74.3                         220     16  468.0         468.0
   49.0  20698  -74.4                         185     17  470.4         470.4
   45.0  21195  -74.9                         130     27  480.9         480.9
   44.0  21330  -71.4                         115     29  492.5         492.5
   42.3  21565  -65.3                         105     35  513.1         513.1
   40.0  21912  -64.2                          90     43  524.2         524.2
   35.0  22740  -61.5                          60     17  551.5         551.5
   33.0  23105  -60.4                           5     10  564.0         564.0
   31.3  23433  -59.3                         268      8  575.4         575.4
   31.0  23494  -59.4                         250      8  576.8         576.8
   30.0  23700  -59.5                         250     14  581.9         581.9
   26.0  24595  -59.0                         245     16  607.4         607.4
   25.0  24841  -58.9                         255     10  614.6         614.6
   24.9  24866  -58.9                         258      9  615.4         615.4
   24.0  25098  -58.3                         290      2  623.5         623.5
   23.0  25367  -57.7                         300      4  633.1         633.1
   21.0  25942  -56.3                         265      8  654.0         654.0
   20.0  26250  -55.5                         255      6  665.5         665.5
   19.7  26346  -55.3                                     669.0         669.0
</PRE><H3>Station information and sounding indices</H3><PRE>
                         Station identifier: WAAA
                             Station number: 97180
                           Observation time: 160308/0000
                           Station latitude: -5.06
                          Station longitude: 119.55
                          Station elevation: 14.0
                            Showalter index: 1.54
                               Lifted index: -3.28
    LIFT computed using virtual temperature: -3.99
                                SWEAT index: 204.81
                                    K index: 30.70
                         Cross totals index: 18.30
                      Vertical totals index: 23.30
                        Totals totals index: 41.60
      Convective Available Potential Energy: 1449.74
             CAPE using virtual temperature: 1691.14
                      Convective Inhibition: -24.25
             CINS using virtual temperature: -9.13
                           Equilibrum Level: 160.98
 Equilibrum Level using virtual temperature: 160.91
                   Level of Free Convection: 842.77
             LFCT using virtual temperature: 894.75
                     Bulk Richardson Number: 1795.41
          Bulk Richardson Number using CAPV: 2094.37
  Temp [K] of the Lifted Condensation Level: 295.90
Pres [hPa] of the Lifted Condensation Level: 939.79
     Mean mixed layer potential temperature: 301.21
              Mean mixed layer mixing ratio: 18.98
              1000 hPa to 500 hPa thickness: 5803.00
Precipitable water [mm] for entire sounding: 52.07
</PRE>
<P>Description of the 
<A HREF="/upperair/columns.html">data columns</A>
or <A HREF="/upperair/indices.html">sounding indices</A>.

<P>
<FORM>
<INPUT CLASS="button" TYPE="button" VALUE=" Close this window " 
 onClick="window.close();">
<INPUT CLASS="button" TYPE="button" VALUE=" Select another map " 
 onClick="window.blur();">
</FORM>
<HR SIZE="1">
<I>Interested in graduate studies in atmospheric science?
Check out our program at the
<a href="http://www.uwyo.edu/atsc/howtoapply/"
target=_top>University of Wyoming
</a></I>
<HR SIZE="1"><FONT SIZE="-1">
Questions about the weather data provided by this site can be
addressed to <A HREF="mailto:ldoolman@uwyo.edu">
Larry Oolman (ldoolman@uwyo.edu)</A></FONT>
<HR SIZE="1">
<SCRIPT TYPE="text/javascript">
<!--
window.focus();
// -->
</SCRIPT>
</BODY>
</HTML>
