2017-12-28 00
<HTML>
<TITLE>University of Wyoming - Radiosonde Data</TITLE>
<LINK REL="StyleSheet" HREF="/resources/select.css" TYPE="text/css">
<BODY BGCOLOR="white">
<H2>97180 WAAA Ujung Pandang Observations at 00Z 28 Dec 2017</H2>
<PRE>
-----------------------------------------------------------------------------
   PRES   HGHT   TEMP   DWPT   RELH   MIXR   DRCT   SKNT   THTA   THTE   THTV
    hPa     m      C      C      %    g/kg    deg   knot     K      K      K 
-----------------------------------------------------------------------------
 1009.0     14   25.4   23.5     89  18.45      0      0  297.8  351.5  301.1
 1000.0     94   25.6   22.1     81  17.07     60      4  298.8  348.6  301.8
  996.0    129   26.8   23.3     81  18.47     53      4  300.3  354.7  303.6
  977.0    299   25.6   22.4     83  17.83     20      5  300.7  353.3  303.9
  944.0    601   23.5   20.8     85  16.72    320     10  301.5  351.0  304.6
  925.0    780   22.2   19.9     87  16.09    300     12  302.0  349.7  304.9
  912.0    903   21.5   19.2     87  15.57    295     14  302.5  348.7  305.3
  850.0   1515   17.8   15.5     86  13.20    300     18  304.8  344.4  307.2
  840.0   1617   17.0   14.5     85  12.51    299     18  305.0  342.6  307.3
  794.0   2092   14.5   12.0     85  11.22    295     18  307.2  341.3  309.3
  739.0   2698   11.2    8.8     85   9.71    295     19  310.1  340.1  311.9
  700.0   3156    8.8    6.4     85   8.69    300     22  312.2  339.3  313.8
  668.0   3543    6.8    4.6     86   8.02    300     15  314.2  339.5  315.7
  663.0   3605    6.6    3.8     83   7.65    300     14  314.6  338.8  316.0
  634.0   3972    5.2   -0.8     65   5.73    321     12  317.1  335.6  318.1
  616.0   4207    3.1   -0.7     76   5.93    335     10  317.2  336.4  318.4
  612.0   4260    2.6   -0.7     79   5.98    331     10  317.3  336.6  318.4
  577.0   4736    1.4   -2.9     73   5.39    295      7  321.3  339.0  322.3
  572.0   4807    1.1   -4.4     67   4.85    290      7  321.7  337.9  322.7
  566.0   4892    0.8   -6.2     59   4.27    292      8  322.3  336.6  323.2
  557.0   5020    0.0   -5.0     69   4.76    295      8  322.9  338.8  323.8
  531.0   5401   -1.9   -6.9     69   4.32    305     11  325.0  339.6  325.9
  500.0   5880   -4.3   -9.3     68   3.80    290     15  327.7  340.8  328.5
  499.0   5896   -4.3   -9.3     68   3.81    290     15  327.9  341.0  328.7
  492.0   6006   -5.0   -9.8     69   3.70    290     12  328.3  341.1  329.1
  474.0   6296   -7.0  -11.3     72   3.43    305      7  329.4  341.3  330.1
  456.0   6598   -9.1  -12.7     75   3.17    290      3  330.5  341.6  331.2
  447.0   6753  -10.1  -13.5     76   3.04    208      5  331.1  341.8  331.7
  446.0   6770  -10.1  -16.1     61   2.45    199      5  331.3  340.1  331.8
  438.0   6909  -11.2  -15.5     70   2.62    125      7  331.7  341.0  332.2
  425.0   7140  -12.9  -14.6     87   2.92     93      8  332.3  342.7  332.9
  422.0   7194  -13.0  -15.0     85   2.84     85      8  332.8  342.9  333.4
  412.0   7376  -13.5  -16.5     78   2.57     76      9  334.5  343.8  335.0
  400.0   7600  -15.3  -17.2     85   2.50     65     11  335.0  344.0  335.5
  390.0   7789  -16.4  -18.7     83   2.25     55     11  335.9  344.1  336.4
  374.0   8102  -18.4  -21.2     78   1.89     80      6  337.5  344.4  337.8
  360.0   8387  -20.1  -23.5     74   1.61     85      2  338.8  344.8  339.2
  343.0   8748  -22.3  -26.4     69   1.30     71      9  340.6  345.5  340.8
  331.0   9006  -24.2  -28.2     70   1.14     60     14  341.4  345.8  341.6
  300.0   9720  -29.5  -33.1     71   0.79     85     25  343.7  346.8  343.9
  292.0   9908  -31.1  -34.4     73   0.72     85     26  344.1  347.0  344.3
  250.0  10990  -40.1  -41.5     86   0.40     90     35  346.3  348.0  346.4
  225.0  11689  -45.7                         105     36  348.4         348.4
  200.0  12470  -51.9                         120     35  350.4         350.4
  178.0  13199  -58.5                         130     39  351.5         351.5
  150.0  14270  -68.1                         110     54  352.6         352.6
  126.0  15263  -75.9                         105     64  356.4         356.4
  100.0  16580  -86.3                         105     61  360.8         360.8
   96.0  16803  -88.1                         110     67  361.4         361.4
   91.8  17047  -90.1                         105     67  362.2         362.2
   89.8  17166  -87.7                         105     67  369.2         369.2
   88.0  17279  -81.7                         105     68  383.4         383.4
   86.0  17410  -80.8                         105     68  387.7         387.7
   82.2  17666  -79.1                          58     17  396.2         396.2
   82.0  17680  -79.2                          55     14  396.4         396.4
   78.6  17922  -80.3                         360     12  398.9         398.9
   78.0  17966  -79.1                         350     12  402.3         402.3
   76.0  18116  -74.9                         335     10  414.0         414.0
   74.0  18273  -74.0                         320      7  419.0         419.0
   70.2  18583  -72.3                         344     13  429.0         429.0
   70.0  18600  -72.3                         345     13  429.4         429.4
   61.3  19375  -73.1                         328     17  444.2         444.2
   60.0  19501  -72.2                         325     18  449.0         449.0
   54.7  20046  -68.1                         281     18  470.4         470.4
   54.0  20123  -68.4                         275     18  471.4         471.4
   50.0  20580  -70.1                         265     27  477.9         477.9
   47.7  20858  -72.3                         260     26  479.1         479.1
   47.0  20947  -71.9                         245     22  482.1         482.1
   44.0  21344  -70.1                         215     12  495.7         495.7
   40.0  21918  -67.5                          95     14  515.9         515.9
   31.9  23281  -61.3                          95     44  566.9         566.9
   30.0  23660  -61.7                          95     52  575.9         575.9
   28.3  24022  -62.5                          87     51  583.3         583.3
   28.0  24088  -62.4                          85     51  585.4         585.4
   25.1  24766  -61.3                          87     53  607.1         607.1
   20.0  26200  -54.9                          90     58  667.4         667.4
   19.2  26462  -52.3                          90     60  683.2         683.2
   17.2  27173  -52.3                          90     64  705.1         705.1
   15.0  28074  -46.5                          90     69  752.4         752.4
   14.7  28207  -45.7                          90     69  759.6         759.6
   14.3  28388  -44.5                                     769.5         769.5
</PRE><H3>Station information and sounding indices</H3><PRE>
                         Station identifier: WAAA
                             Station number: 97180
                           Observation time: 171228/0000
                           Station latitude: -5.06
                          Station longitude: 119.55
                          Station elevation: 14.0
                            Showalter index: 0.83
                               Lifted index: -2.11
    LIFT computed using virtual temperature: -2.57
                                SWEAT index: 237.01
                                    K index: 35.20
                         Cross totals index: 19.80
                      Vertical totals index: 22.10
                        Totals totals index: 41.90
      Convective Available Potential Energy: 981.80
             CAPE using virtual temperature: 1113.20
                      Convective Inhibition: -19.11
             CINS using virtual temperature: -13.13
                           Equilibrum Level: 159.96
 Equilibrum Level using virtual temperature: 157.71
                   Level of Free Convection: 871.13
             LFCT using virtual temperature: 888.93
                     Bulk Richardson Number: 49.15
          Bulk Richardson Number using CAPV: 55.73
  Temp [K] of the Lifted Condensation Level: 294.81
Pres [hPa] of the Lifted Condensation Level: 937.68
     Mean mixed layer potential temperature: 300.30
              Mean mixed layer mixing ratio: 17.75
              1000 hPa to 500 hPa thickness: 5786.00
Precipitable water [mm] for entire sounding: 59.31
</PRE>
<P>Description of the 
<A HREF="/upperair/columns.html">data columns</A>
or <A HREF="/upperair/indices.html">sounding indices</A>.

<P>
<FORM>
<INPUT CLASS="button" TYPE="button" VALUE=" Close this window " 
 onClick="window.close();">
<INPUT CLASS="button" TYPE="button" VALUE=" Select another map " 
 onClick="window.blur();">
</FORM>
<HR SIZE="1">
<I>Interested in graduate studies in atmospheric science?
Check out our program at the
<a href="http://www.uwyo.edu/atsc/howtoapply/"
target=_top>University of Wyoming
</a></I>
<HR SIZE="1"><FONT SIZE="-1">
Questions about the weather data provided by this site can be
addressed to <A HREF="mailto:ldoolman@uwyo.edu">
Larry Oolman (ldoolman@uwyo.edu)</A></FONT>
<HR SIZE="1">
<SCRIPT TYPE="text/javascript">
<!--
window.focus();
// -->
</SCRIPT>
</BODY>
</HTML>
