2016-07-03 00
<HTML>
<TITLE>University of Wyoming - Radiosonde Data</TITLE>
<LINK REL="StyleSheet" HREF="/resources/select.css" TYPE="text/css">
<BODY BGCOLOR="white">
<H2>97180 WAAA Ujung Pandang Observations at 00Z 03 Jul 2016</H2>
<PRE>
-----------------------------------------------------------------------------
   PRES   HGHT   TEMP   DWPT   RELH   MIXR   DRCT   SKNT   THTA   THTE   THTV
    hPa     m      C      C      %    g/kg    deg   knot     K      K      K 
-----------------------------------------------------------------------------
 1011.0     14   25.4   23.9     91  18.88      0      0  297.6  352.6  301.0
 1010.0     23   27.6   20.6     66  15.37     10      1  299.9  345.1  302.7
 1000.0    111   27.8   18.8     58  13.85    105      6  300.9  341.9  303.4
  979.0    297   26.3   17.9     60  13.34    105      8  301.3  340.8  303.7
  925.0    793   22.4   15.4     65  12.03     90     13  302.2  338.0  304.4
  913.0    907   21.6   15.6     69  12.35     89     12  302.5  339.3  304.8
  853.0   1497   18.9   12.0     64  10.42     85      8  305.7  337.2  307.6
  850.0   1528   18.8   11.8     64  10.33     90      8  305.8  337.1  307.7
  829.0   1742   17.6   10.6     64   9.77     98      6  306.8  336.5  308.6
  823.0   1804   17.4    9.6     60   9.17    100      5  307.2  335.2  308.9
  795.0   2099   16.5    4.6     45   6.72    150      4  309.3  330.2  310.5
  768.0   2393   15.6   -0.4     34   4.86    155      7  311.4  326.9  312.3
  767.0   2404   15.5   -0.3     34   4.89    155      7  311.4  327.0  312.3
  741.0   2695   13.4    1.1     43   5.62     85      6  312.1  330.0  313.2
  739.0   2718   13.2    1.2     44   5.68     86      6  312.2  330.3  313.3
  726.0   2867   12.8  -10.2     19   2.44     91      9  313.3  321.5  313.8
  714.0   3006   11.8  -12.8     17   2.01     95     11  313.7  320.5  314.1
  703.0   3135   10.8  -15.2     15   1.68     95      9  314.0  319.8  314.4
  700.0   3171   10.4  -13.6     17   1.92     95      9  314.0  320.5  314.3
  689.0   3302    9.4   -9.2     26   2.78     80      7  314.3  323.5  314.8
  670.0   3534    7.6   -1.4     53   5.18    106      6  314.8  331.5  315.8
  664.0   3608    7.1   -1.6     54   5.16    115      6  315.0  331.7  316.0
  651.0   3770    6.0   -2.0     56   5.10    117      8  315.6  332.1  316.6
  644.0   3859    6.0   -9.0     33   3.02    118      9  316.6  326.6  317.1
  573.0   4804    0.8  -17.7     24   1.67    130     20  321.2  327.0  321.5
  563.0   4947    0.0  -19.0     22   1.52    142     19  321.9  327.2  322.2
  557.0   5033   -0.3  -23.3     16   1.06    149     18  322.5  326.3  322.7
  552.0   5105   -0.3  -14.3     34   2.30    155     17  323.3  331.3  323.8
  545.0   5207   -0.7  -22.7     17   1.14    152     17  324.0  328.2  324.3
  539.0   5295   -1.3  -19.3     24   1.55    149     17  324.4  329.9  324.7
  536.0   5340   -1.5  -23.5     17   1.08    148     17  324.6  328.6  324.8
  522.0   5550   -2.3  -33.3      7   0.44    141     17  326.1  327.9  326.2
  509.0   5749   -3.5  -36.5      6   0.33    135     17  327.0  328.3  327.1
  505.0   5812   -4.1  -37.1      6   0.32    133     17  327.0  328.3  327.1
  500.0   5890   -4.7  -20.7     27   1.48    130     17  327.2  332.6  327.5
  495.0   5969   -5.7  -15.7     45   2.29    126     17  327.0  335.0  327.4
  493.0   6000   -6.0  -15.1     49   2.41    125     17  327.0  335.4  327.4
  486.0   6112   -7.1  -13.1     62   2.88    124     17  327.0  337.0  327.5
  472.0   6338   -8.5  -12.4     73   3.14    122     16  328.0  338.9  328.6
  463.0   6487   -8.3  -16.3     53   2.33    121     16  330.0  338.3  330.5
  422.0   7193  -13.6  -20.4     57   1.81    115     14  332.1  338.6  332.4
  406.0   7487  -15.8  -22.1     59   1.62    130     14  332.9  338.8  333.2
  400.0   7600  -16.7  -22.7     60   1.55    120     13  333.2  338.9  333.5
  359.0   8405  -21.0  -36.5     23   0.47     85     19  337.9  339.7  337.9
  353.0   8530  -21.7  -38.7     20   0.38     87     19  338.6  340.1  338.7
  312.0   9429  -27.3  -48.3     12   0.15    101     21  342.9  343.6  343.0
  300.0   9710  -29.5  -45.5     20   0.22    105     22  343.7  344.6  343.7
  292.0   9899  -31.2  -45.4     23   0.23    105     21  343.9  344.9  343.9
  254.0  10872  -40.1  -44.8     61   0.28     87     22  344.7  345.9  344.8
  250.0  10980  -40.9                          85     22  345.1         345.1
  235.0  11390  -44.2                          70     29  346.3         346.3
  200.0  12460  -52.7                          80     31  349.1         349.1
  154.0  14095  -65.8                          95     34  353.9         353.9
  150.0  14260  -67.1                          90     36  354.3         354.3
  134.0  14925  -73.9                          77     35  353.8         353.8
  126.0  15276  -75.7                          70     35  356.9         356.9
  110.0  16052  -79.5                         107     39  363.8         363.8
  107.0  16208  -79.2                         115     40  367.3         367.3
  100.0  16590  -78.5                          80     35  375.8         375.8
   97.0  16764  -79.8                          75     27  376.6         376.6
   96.3  16806  -80.1                          65     23  376.8         376.8
   92.2  17055  -77.3                           3      2  387.0         387.0
   92.0  17068  -77.3                           0      1  387.2         387.2
   87.0  17390  -77.9                         235     14  392.3         392.3
   85.4  17497  -78.1                         221     13  393.9         393.9
   83.0  17663  -76.8                         200     12  399.8         399.8
   78.2  18009  -74.1                         200      6  412.3         412.3
   78.0  18024  -74.1                         200      6  412.6         412.6
   74.0  18333  -74.0                         130      9  419.0         419.0
   71.0  18577  -73.9                         130      8  424.2         424.2
   70.0  18660  -73.9                         115      7  426.0         426.0
   67.0  18917  -73.5                          75     16  432.2         432.2
   64.0  19186  -73.0                          85     20  438.9         438.9
   63.1  19270  -72.9                          79     22  441.0         441.0
   61.0  19471  -72.1                          65     28  447.0         447.0
   54.8  20107  -69.7                          87     29  466.4         466.4
   50.3  20624  -66.5                         104     30  485.5         485.5
   50.0  20660  -65.1                         105     30  489.7         489.7
   49.0  20783  -62.9                         102     32  497.7         497.7
   46.9  21051  -64.3                          96     35  500.6         500.6
   45.0  21304  -63.6                          90     39  508.1         508.1
   44.0  21441  -63.3                          87     34  512.3         512.3
   41.7  21773  -59.1                          79     22  530.6         530.6
   39.0  22194  -57.9                          70      7  543.8         543.8
   37.0  22525  -57.0                         255      5  554.4         554.4
   35.1  22857  -56.1                         236      8  565.2         565.2
   34.0  23058  -57.0                         225     10  568.0         568.0
   33.6  23133  -57.3                         231     12  569.1         569.1
   33.1  23228  -55.7                         238     14  575.8         575.8
   31.3  23581  -57.1                         265     21  581.3         581.3
   30.0  23850  -55.1                         285     27  593.8         593.8
   29.9  23871  -54.5                         286     28  596.0         596.0
   29.0  24067  -54.5                         295     33  601.3         601.3
   26.0  24766  -54.5                         286     33  620.3         620.3
   23.0  25548  -55.8                         275     32  638.6         638.6
   22.8  25604  -55.9                                     639.9         639.9
</PRE><H3>Station information and sounding indices</H3><PRE>
                         Station identifier: WAAA
                             Station number: 97180
                           Observation time: 160703/0000
                           Station latitude: -5.06
                          Station longitude: 119.55
                          Station elevation: 14.0
                            Showalter index: 3.39
                               Lifted index: 1.67
    LIFT computed using virtual temperature: 1.14
                                SWEAT index: 174.60
                                    K index: 11.30
                         Cross totals index: 16.50
                      Vertical totals index: 23.50
                        Totals totals index: 40.00
      Convective Available Potential Energy: 0.00
             CAPE using virtual temperature: 0.00
                      Convective Inhibition: 0.00
             CINS using virtual temperature: 0.00
                     Bulk Richardson Number: 0.00
          Bulk Richardson Number using CAPV: 0.00
  Temp [K] of the Lifted Condensation Level: 289.45
Pres [hPa] of the Lifted Condensation Level: 870.92
     Mean mixed layer potential temperature: 301.12
              Mean mixed layer mixing ratio: 13.60
              1000 hPa to 500 hPa thickness: 5779.00
Precipitable water [mm] for entire sounding: 37.33
</PRE>
<P>Description of the 
<A HREF="/upperair/columns.html">data columns</A>
or <A HREF="/upperair/indices.html">sounding indices</A>.

<P>
<FORM>
<INPUT CLASS="button" TYPE="button" VALUE=" Close this window " 
 onClick="window.close();">
<INPUT CLASS="button" TYPE="button" VALUE=" Select another map " 
 onClick="window.blur();">
</FORM>
<HR SIZE="1">
<I>Interested in graduate studies in atmospheric science?
Check out our program at the
<a href="http://www.uwyo.edu/atsc/howtoapply/"
target=_top>University of Wyoming
</a></I>
<HR SIZE="1"><FONT SIZE="-1">
Questions about the weather data provided by this site can be
addressed to <A HREF="mailto:ldoolman@uwyo.edu">
Larry Oolman (ldoolman@uwyo.edu)</A></FONT>
<HR SIZE="1">
<SCRIPT TYPE="text/javascript">
<!--
window.focus();
// -->
</SCRIPT>
</BODY>
</HTML>
