2016-07-11 00
<HTML>
<TITLE>University of Wyoming - Radiosonde Data</TITLE>
<LINK REL="StyleSheet" HREF="/resources/select.css" TYPE="text/css">
<BODY BGCOLOR="white">
<H2>97180 WAAA Ujung Pandang Observations at 00Z 11 Jul 2016</H2>
<PRE>
-----------------------------------------------------------------------------
   PRES   HGHT   TEMP   DWPT   RELH   MIXR   DRCT   SKNT   THTA   THTE   THTV
    hPa     m      C      C      %    g/kg    deg   knot     K      K      K 
-----------------------------------------------------------------------------
 1010.0     14   24.8   22.6     88  17.43    125      2  297.1  347.7  300.2
 1000.0    101   26.4   20.4     70  15.33    105      6  299.6  344.6  302.3
  945.0    598   23.8   18.7     73  14.61    130      7  301.8  345.1  304.4
  925.0    786   22.8   18.1     75  14.34    115      6  302.6  345.3  305.2
  913.0    900   22.4   17.2     73  13.75    110      6  303.4  344.4  305.9
  893.0   1094   21.8   15.8     69  12.80    102      7  304.6  343.1  307.0
  850.0   1522   18.6   13.6     73  11.65     85      9  305.6  340.8  307.8
  823.0   1795   17.1   11.9     72  10.74     75      4  306.8  339.5  308.8
  795.0   2089   15.5   10.1     70   9.83     20      4  308.2  338.3  310.0
  740.0   2696   12.1    6.3     68   8.14     25      4  310.9  336.2  312.4
  717.0   2963   10.6    4.6     66   7.47     43      3  312.0  335.5  313.4
  714.0   2998   10.4    3.9     64   7.14     45      3  312.2  334.7  313.6
  700.0   3163    9.6    0.6     53   5.74     35      4  313.1  331.4  314.2
  692.0   3258    8.8   -0.2     53   5.48     17      5  313.2  330.7  314.3
  689.0   3294    8.6   -0.3     53   5.45     10      5  313.4  330.8  314.4
  664.0   3596    6.9   -1.6     55   5.16    355      8  314.8  331.4  315.8
  640.0   3897    5.2   -2.8     56   4.88    355      6  316.2  332.1  317.1
  617.0   4196    3.5   -4.0     58   4.62     25      2  317.6  332.8  318.5
  594.0   4507    1.8   -5.3     59   4.36     80      7  319.1  333.4  319.9
  589.0   4576    1.4   -5.6     60   4.30     86      8  319.4  333.6  320.2
  581.0   4686    0.4   -3.5     75   5.11     95      9  319.5  336.2  320.4
  573.0   4798    0.1   -5.8     64   4.34    105     10  320.4  334.8  321.3
  569.0   4854    0.0   -7.0     59   4.00     98     10  320.9  334.2  321.7
  551.0   5110   -1.8   -7.8     64   3.89     65     11  321.8  334.8  322.5
  534.0   5360   -3.5   -8.5     68   3.79     90     10  322.6  335.4  323.3
  531.0   5404   -3.5   -8.7     67   3.76     95     10  323.1  335.8  323.8
  518.0   5601   -3.5   -9.5     63   3.61     89     12  325.4  337.7  326.1
  500.0   5880   -4.9  -11.9     58   3.09     80     16  327.0  337.7  327.6
  492.0   6006   -5.7  -12.5     59   2.98     90     15  327.5  337.9  328.1
  463.0   6480   -8.9  -14.9     62   2.61    103     11  329.3  338.5  329.8
  438.0   6908  -11.1  -21.4     42   1.58    115      7  331.8  337.6  332.1
  429.0   7068  -11.9  -23.9     36   1.30     95      9  332.7  337.5  333.0
  422.0   7193  -12.8  -24.3     37   1.27     80     11  333.1  337.9  333.4
  400.0   7600  -15.7  -25.7     42   1.19     70     18  334.5  338.9  334.7
  388.0   7828  -17.3  -29.3     34   0.88     66     18  335.3  338.7  335.5
  357.0   8445  -21.3  -39.3     18   0.36     55     17  338.0  339.5  338.1
  350.0   8590  -22.5  -35.5     30   0.53     52     17  338.3  340.4  338.4
  345.0   8695  -23.2  -41.2     18   0.30     50     17  338.8  340.0  338.8
  343.0   8738  -23.5  -43.5     14   0.24     50     17  338.9  339.9  339.0
  317.0   9307  -27.5  -44.5     18   0.23     50     19  341.1  342.1  341.1
  306.0   9559  -29.5  -37.5     46   0.50     50     20  341.8  343.8  341.9
  304.0   9606  -29.8  -37.2     49   0.52     50     20  341.9  344.0  342.0
  300.0   9700  -30.5  -36.5     56   0.56     40     19  342.3  344.5  342.4
  298.0   9748  -31.1  -37.1     56   0.53     39     19  342.1  344.2  342.2
  289.0   9965  -32.7  -37.7     61   0.52     35     19  342.8  344.9  342.9
  281.0  10162  -34.3  -41.3     49   0.37     31     20  343.3  344.8  343.4
  278.0  10237  -34.9  -44.9     35   0.25     30     20  343.5  344.5  343.5
  268.0  10492  -37.1  -46.1     39   0.23     25     20  343.9  344.8  343.9
  254.0  10862  -39.9  -51.9     27   0.13     29     22  345.0  345.6  345.1
  250.0  10970  -40.9                          30     23  345.1         345.1
  205.0  12277  -51.8                          35     31  348.2         348.2
  200.0  12440  -53.1                          40     30  348.5         348.5
  154.0  14084  -65.1                          85     24  355.1         355.1
  150.0  14250  -66.3                          95     20  355.7         355.7
  139.0  14700  -69.8                         160     16  357.3         357.3
  125.0  15328  -74.7                         153      8  359.5         359.5
  119.0  15608  -76.1                         150      5  362.1         362.1
  113.0  15903  -77.5                         185      5  364.8         364.8
  100.0  16600  -80.9                         155     22  371.2         371.2
   92.0  17068  -81.8                         145     24  378.3         378.3
   84.8  17526  -82.7                         145     22  385.4         385.4
   78.1  17988  -81.1                         145     20  397.9         397.9
   78.0  17996  -81.0                         145     20  398.4         398.4
   74.5  18258  -75.5                          97     16  415.1         415.1
   74.0  18297  -75.5                          90     15  416.0         416.0
   70.0  18620  -75.1                          75     22  423.4         423.4
   67.0  18874  -75.7                          75     26  427.5         427.5
   65.9  18971  -75.9                          77     27  429.0         429.0
   63.2  19217  -69.7                          82     28  447.8         447.8
   57.6  19768  -71.9                          94     31  454.9         454.9
   57.0  19830  -71.9                          95     31  456.2         456.2
   56.5  19882  -71.9                          95     33  457.4         457.4
   55.5  19989  -67.9                          94     36  468.9         468.9
   52.0  20388  -63.1                          90     48  488.8         488.8
   51.0  20507  -61.7                          90     44  494.9         494.9
   50.0  20630  -61.1                          90     40  499.1         499.1
   49.0  20756  -60.8                          95     36  502.7         502.7
   45.0  21286  -59.5                          70     17  518.1         518.1
   43.7  21468  -59.1                          84     13  523.5         523.5
   41.0  21865  -60.4                         115      4  529.9         529.9
   40.4  21957  -60.7                          69      6  531.4         531.4
   39.4  22113  -60.5                         352      9  535.7         535.7
   39.0  22177  -58.8                         320     10  541.5         541.5
   38.4  22274  -56.3                         316     13  550.4         550.4
   34.0  23032  -60.2                         285     39  559.5         559.5
   31.0  23608  -63.2                         285     37  566.5         566.5
   30.7  23668  -63.5                         285     38  567.2         567.2
   30.0  23810  -62.1                         285     35  574.8         574.8
   26.4  24606  -57.3                         263     22  609.7         609.7
   26.0  24703  -57.2                         260     21  612.7         612.7
   24.2  25155  -56.7                         260     26  626.8         626.8
   21.8  25824  -50.9                         260     33  663.1         663.1
   20.0  26380  -52.9                         260     39  673.5         673.5
   19.4  26576  -54.3                         263     41  675.1         675.1
   17.0  27428  -51.5                         275     48  710.1         710.1
   16.7  27543  -51.1                         275     48  714.9         714.9
   15.4  28068  -52.1                         272     46  728.4         728.4
   14.6  28415  -49.7                         271     46  747.6         747.6
   14.0  28689  -50.4                         270     45  754.4         754.4
   13.7  28831  -50.7                                     757.9         757.9
</PRE><H3>Station information and sounding indices</H3><PRE>
                         Station identifier: WAAA
                             Station number: 97180
                           Observation time: 160711/0000
                           Station latitude: -5.06
                          Station longitude: 119.55
                          Station elevation: 14.0
                            Showalter index: 1.67
                               Lifted index: 0.03
    LIFT computed using virtual temperature: -0.33
                                SWEAT index: 197.19
                                    K index: 28.10
                         Cross totals index: 18.50
                      Vertical totals index: 23.50
                        Totals totals index: 42.00
      Convective Available Potential Energy: 59.89
             CAPE using virtual temperature: 138.25
                      Convective Inhibition: -168.49
             CINS using virtual temperature: -128.23
                           Equilibrum Level: 371.79
 Equilibrum Level using virtual temperature: 341.08
                   Level of Free Convection: 669.73
             LFCT using virtual temperature: 713.15
                     Bulk Richardson Number: 31.27
          Bulk Richardson Number using CAPV: 72.19
  Temp [K] of the Lifted Condensation Level: 291.92
Pres [hPa] of the Lifted Condensation Level: 908.12
     Mean mixed layer potential temperature: 300.09
              Mean mixed layer mixing ratio: 15.27
              1000 hPa to 500 hPa thickness: 5779.00
Precipitable water [mm] for entire sounding: 48.76
</PRE>
<P>Description of the 
<A HREF="/upperair/columns.html">data columns</A>
or <A HREF="/upperair/indices.html">sounding indices</A>.

<P>
<FORM>
<INPUT CLASS="button" TYPE="button" VALUE=" Close this window " 
 onClick="window.close();">
<INPUT CLASS="button" TYPE="button" VALUE=" Select another map " 
 onClick="window.blur();">
</FORM>
<HR SIZE="1">
<I>Interested in graduate studies in atmospheric science?
Check out our program at the
<a href="http://www.uwyo.edu/atsc/howtoapply/"
target=_top>University of Wyoming
</a></I>
<HR SIZE="1"><FONT SIZE="-1">
Questions about the weather data provided by this site can be
addressed to <A HREF="mailto:ldoolman@uwyo.edu">
Larry Oolman (ldoolman@uwyo.edu)</A></FONT>
<HR SIZE="1">
<SCRIPT TYPE="text/javascript">
<!--
window.focus();
// -->
</SCRIPT>
</BODY>
</HTML>
