2018-07-23 12
<HTML>
<TITLE>University of Wyoming - Radiosonde Data</TITLE>
<LINK REL="StyleSheet" HREF="/resources/select.css" TYPE="text/css">
<BODY BGCOLOR="white">
<H2>97180 WAAA Ujung Pandang Observations at 00Z 23 Jul 2018</H2>
<PRE>
-----------------------------------------------------------------------------
   PRES   HGHT   TEMP   DWPT   RELH   MIXR   DRCT   SKNT   THTA   THTE   THTV
    hPa     m      C      C      %    g/kg    deg   knot     K      K      K 
-----------------------------------------------------------------------------
 1010.0     14   26.0   24.5     91  19.61      0      0  298.3  355.6  301.8
 1009.0     23   25.8   19.8     69  14.63      7      0  298.2  340.9  300.8
 1000.0    104   26.4   17.4     58  12.66     70      4  299.6  336.8  301.8
  993.0    166   27.0   18.0     58  13.25     75      5  300.8  339.9  303.1
  978.0    300   26.4   17.1     57  12.70     85      8  301.4  339.1  303.7
  945.0    603   25.0   15.1     54  11.51    145      7  303.0  337.4  305.1
  941.0    641   24.8   14.8     54  11.37    150      7  303.2  337.2  305.2
  925.0    791   23.4   13.4     53  10.55    170      8  303.2  334.9  305.1
  913.0    904   22.5   13.3     56  10.60    165      8  303.4  335.3  305.4
  882.0   1203   20.1   12.9     63  10.74    160      8  304.0  336.3  306.0
  852.0   1503   17.8   12.6     72  10.89    105      8  304.5  337.3  306.5
  850.0   1523   17.6   12.6     72  10.90    100      8  304.6  337.4  306.6
  848.0   1543   17.4   12.4     72  10.78     99      8  304.6  337.0  306.5
  823.0   1798   16.7   10.3     66   9.66     90      7  306.4  335.9  308.2
  812.0   1912   16.4    9.4     63   9.20     73      5  307.3  335.4  309.0
  794.0   2101   15.1    9.2     68   9.27     45      3  307.9  336.3  309.6
  766.0   2402   12.9    8.8     76   9.39    100      5  308.7  337.6  310.5
  739.0   2704   10.8    8.5     86   9.51     60      8  309.6  338.9  311.4
  719.0   2932    9.6    7.2     85   8.94     65     10  310.7  338.4  312.4
  700.0   3154    9.8    4.8     71   7.76     70     11  313.3  337.8  314.8
  687.0   3310    9.0    2.0     62   6.48     73     11  314.1  334.7  315.3
  678.0   3419    8.6   -3.4     43   4.41     75     12  314.8  329.2  315.7
  651.0   3753    7.0  -15.0     19   1.84     82     13  316.7  323.0  317.1
  640.0   3892    6.5  -13.1     23   2.19     85     13  317.6  325.1  318.1
  611.0   4271    5.0   -8.0     38   3.44    129     10  320.2  331.8  320.9
  594.0   4499    3.1   -8.0     44   3.54    155      8  320.5  332.4  321.2
  568.0   4861    0.0   -8.0     55   3.70    170      6  321.1  333.5  321.8
  552.0   5088   -1.4   -7.9     61   3.85    180      5  322.1  335.0  322.8
  531.0   5396   -3.2   -7.7     71   4.06    170      4  323.5  337.1  324.3
  521.0   5547   -4.1   -7.6     77   4.17     86      2  324.1  338.2  325.0
  511.0   5699   -5.0   -8.7     75   3.89      0      0  324.9  338.1  325.7
  500.0   5870   -5.9  -10.0     73   3.60    310      2  325.8  338.1  326.5
  492.0   5995   -6.8  -10.5     75   3.50    330      3  326.2  338.2  326.9
  473.0   6301   -8.9  -11.8     79   3.28     40      5  327.3  338.6  327.9
  455.0   6603  -11.0  -13.1     84   3.07     20     10  328.3  339.0  328.9
  446.0   6758  -12.1  -13.8     87   2.97     29     12  328.8  339.1  329.4
  426.0   7109  -12.7  -16.8     71   2.42     51     16  332.4  341.0  332.9
  408.0   7439  -13.5  -26.5     33   1.08     71     20  335.4  339.5  335.7
  400.0   7590  -14.5  -26.5     35   1.10     80     22  336.1  340.2  336.3
  389.0   7799  -16.0  -27.2     37   1.06     90     23  336.8  340.8  337.0
  358.0   8421  -20.5  -29.5     44   0.93     93     28  338.8  342.4  339.0
  331.0   8988  -25.4  -33.0     49   0.72     95     33  339.8  342.6  340.0
  304.0   9604  -30.7  -36.9     54   0.53     80     33  340.7  342.9  340.9
  300.0   9700  -31.5  -37.5     55   0.51     80     34  340.9  342.9  341.0
  260.0  10693  -40.1  -42.7     76   0.34     60     42  342.4  343.9  342.5
  250.0  10960  -41.1                          55     44  344.8         344.8
  234.0  11402  -44.0                          50     47  347.0         347.0
  215.0  11968  -47.7                          55     45  349.8         349.8
  200.0  12440  -51.5                          60     43  351.1         351.1
  195.0  12599  -52.9                          65     40  351.4         351.4
  153.0  14120  -66.3                          79     31  353.7         353.7
  150.0  14240  -67.3                          80     30  354.0         354.0
  132.0  14981  -72.0                          90     26  358.7         358.7
  113.0  15882  -77.8                          55     32  364.3         364.3
  100.0  16590  -82.3                          70     40  368.5         368.5
   96.0  16818  -83.5                          70     41  370.4         370.4
   91.4  17094  -78.1                         111     27  386.4         386.4
   91.0  17120  -77.9                         115     26  387.3         387.3
   87.0  17380  -75.6                         130     32  396.9         396.9
   83.2  17638  -73.3                         138     12  406.7         406.7
   82.0  17723  -73.4                         140      5  408.1         408.1
   78.0  18015  -73.8                         265     17  413.3         413.3
   74.6  18276  -74.1                         269     14  417.9         417.9
   74.0  18323  -73.7                         270     13  419.7         419.7
   71.0  18567  -71.5                         335      8  429.4         429.4
   70.0  18650  -70.7                         340      7  432.8         432.8
   67.0  18912  -69.0                         100      6  442.0         442.0
   65.9  19010  -68.3                          93     10  445.6         445.6
   61.0  19475  -68.3                          60     26  455.5         455.5
   55.0  20097  -68.3                          95     29  469.2         469.2
   54.0  20207  -68.3                          94     31  471.6         471.6
   50.0  20670  -67.5                          90     41  484.0         484.0
   45.5  21237  -66.1                          90     45  500.6         500.6
   41.7  21767  -63.7                          90     48  519.2         519.2
   38.8  22212  -58.5                          90     51  543.1         543.1
   35.0  22862  -55.3                          90     55  567.8         567.8
   34.8  22898  -55.1                          90     55  569.2         569.2
   30.0  23840  -55.9                          90     61  591.6         591.6
   28.3  24210  -56.7                          90     60  599.4         599.4
   25.5  24875  -53.1                          90     59  627.8         627.8
   24.2  25213  -52.3                          90     59  639.4         639.4
   24.0  25266  -52.2                          90     59  641.3         641.3
   23.5  25402  -51.9                          91     56  646.1         646.1
   22.0  25827  -54.1                          93     48  651.8         651.8
   21.0  26126  -53.3                          95     42  662.9         662.9
   20.0  26440  -52.5                         105     23  674.7         674.7
   19.9  26472  -52.7                         107     23  675.1         675.1
   18.0  27115  -55.9                         145     23  684.6         684.6
   17.9  27151  -56.1                         142     24  685.1         685.1
   17.5  27294  -56.7                         130     29  687.6         687.6
   17.0  27483  -54.9                         115     36  699.3         699.3
   16.0  27877  -51.0                          95     26  724.1         724.1
   15.0  28298  -46.9                         145      8  751.2         751.2
   14.5  28518  -44.7                         197      8  765.8         765.8
   14.1  28706  -42.9                         239      9  778.0         778.0
   14.0  28754  -43.0                         250      9  779.2         779.2
   13.0  29250  -44.2                         275     17  791.7         791.7
   12.0  29786  -45.5                         215     13  805.4         805.4
   11.6  30013  -46.1                                     811.2         811.2
</PRE><H3>Station information and sounding indices</H3><PRE>
                         Station identifier: WAAA
                             Station number: 97180
                           Observation time: 180723/0000
                           Station latitude: -5.06
                          Station longitude: 119.55
                          Station elevation: 14.0
                            Showalter index: 2.09
                               Lifted index: 1.46
    LIFT computed using virtual temperature: 1.33
                                SWEAT index: 169.21
                                    K index: 31.10
                         Cross totals index: 18.50
                      Vertical totals index: 23.50
                        Totals totals index: 42.00
      Convective Available Potential Energy: 0.00
             CAPE using virtual temperature: 0.00
                      Convective Inhibition: 0.00
             CINS using virtual temperature: 0.00
                     Bulk Richardson Number: 0.00
          Bulk Richardson Number using CAPV: 0.00
  Temp [K] of the Lifted Condensation Level: 288.42
Pres [hPa] of the Lifted Condensation Level: 861.96
     Mean mixed layer potential temperature: 300.94
              Mean mixed layer mixing ratio: 12.86
              1000 hPa to 500 hPa thickness: 5766.00
Precipitable water [mm] for entire sounding: 44.65
</PRE>
<P>Description of the 
<A HREF="/upperair/columns.html">data columns</A>
or <A HREF="/upperair/indices.html">sounding indices</A>.

<P>
<FORM>
<INPUT CLASS="button" TYPE="button" VALUE=" Close this window " 
 onClick="window.close();">
<INPUT CLASS="button" TYPE="button" VALUE=" Select another map " 
 onClick="window.blur();">
</FORM>
<HR SIZE="1">
<I>Interested in graduate studies in atmospheric science?
Check out our program at the
<a href="http://www.uwyo.edu/atsc/howtoapply/"
target=_top>University of Wyoming
</a></I>
<HR SIZE="1"><FONT SIZE="-1">
Questions about the weather data provided by this site can be
addressed to <A HREF="mailto:ldoolman@uwyo.edu">
Larry Oolman (ldoolman@uwyo.edu)</A></FONT>
<HR SIZE="1">
<SCRIPT TYPE="text/javascript">
<!--
window.focus();
// -->
</SCRIPT>
</BODY>
</HTML>
