2018-10-06 00
<HTML>
<TITLE>University of Wyoming - Radiosonde Data</TITLE>
<LINK REL="StyleSheet" HREF="/resources/select.css" TYPE="text/css">
<BODY BGCOLOR="white">
<H2>97180 WAAA Ujung Pandang Observations at 00Z 06 Oct 2018</H2>
<PRE>
-----------------------------------------------------------------------------
   PRES   HGHT   TEMP   DWPT   RELH   MIXR   DRCT   SKNT   THTA   THTE   THTV
    hPa     m      C      C      %    g/kg    deg   knot     K      K      K 
-----------------------------------------------------------------------------
 1011.0     14   26.8   20.8     70  15.55      0      0  299.0  344.6  301.8
 1010.0     23   28.0   17.0     51  12.21      0      0  300.3  336.4  302.5
 1000.0    113   26.4   18.4     61  13.50      0      1  299.6  339.2  302.0
  997.0    139   26.2   19.2     65  14.25    342      1  299.6  341.5  302.2
  979.0    299   25.6   18.6     65  13.92    230      3  300.5  341.6  303.0
  946.0    599   24.3   17.3     65  13.32    205      2  302.2  341.8  304.6
  943.0    627   24.2   17.2     65  13.27    191      2  302.4  341.8  304.8
  925.0    795   22.8   14.8     61  11.57    105      3  302.6  337.1  304.7
  914.0    899   21.8   14.4     63  11.43     90      4  302.6  336.8  304.7
  907.0    965   21.2   14.2     64  11.35     89      5  302.7  336.6  304.7
  900.0   1032   20.8   13.8     64  11.14     88      7  302.9  336.2  305.0
  882.0   1207   21.2    7.2     40   7.27     85     10  305.1  327.4  306.4
  850.0   1524   19.2    3.2     35   5.70     80     16  306.2  323.9  307.3
  823.0   1799   17.4    1.4     34   5.16     65     14  307.2  323.3  308.1
  806.0   1977   16.2    0.2     34   4.84     69     15  307.7  323.0  308.6
  788.0   2168   15.6   -7.4     20   2.80     73     16  309.1  318.2  309.6
  749.0   2595   14.0  -21.0      7   0.96     82     18  311.9  315.2  312.1
  717.0   2959   11.4   -3.6     35   4.11     91     20  312.9  326.2  313.7
  700.0   3159   11.4  -10.6     20   2.45     95     21  315.1  323.3  315.5
  694.0   3231   11.2  -12.8     17   2.07    100     19  315.6  322.7  316.0
  688.0   3302   10.7  -12.7     18   2.11    105     17  315.9  323.1  316.3
  664.0   3595    8.8  -12.1     22   2.29    125     11  316.9  324.7  317.4
  640.0   3899    6.8  -11.5     26   2.49    110     13  318.0  326.4  318.4
  629.0   4042    5.8  -11.2     28   2.60    119     13  318.5  327.3  319.0
  617.0   4198    4.8  -13.8     24   2.14    130     13  319.1  326.5  319.5
  560.0   4982    0.0  -27.0     11   0.75     94     16  322.4  325.1  322.5
  550.0   5126   -1.1  -26.1     13   0.83     88     17  322.7  325.8  322.9
  544.0   5213   -1.7  -15.7     34   2.08     84     17  323.0  330.3  323.4
  541.0   5257   -1.9  -11.9     46   2.85     82     17  323.3  333.1  323.9
  531.0   5405   -3.1  -11.1     54   3.10     75     18  323.6  334.2  324.2
  520.0   5571   -2.9  -15.9     36   2.14     77     19  325.8  333.3  326.2
  509.0   5740   -4.1  -16.1     39   2.15     79     19  326.3  333.9  326.7
  508.0   5755   -4.3  -12.3     54   2.94     79     19  326.2  336.4  326.8
  500.0   5880   -5.1  -15.1     45   2.38     80     20  326.8  335.1  327.2
  491.0   6023   -5.9  -19.9     32   1.61     78     20  327.5  333.3  327.8
  474.0   6298   -7.7  -19.0     40   1.81     75     20  328.6  335.1  328.9
  472.0   6331   -7.9  -18.9     41   1.83     78     19  328.7  335.3  329.1
  451.0   6684   -9.7  -27.7     22   0.88    111     14  330.8  334.1  330.9
  439.0   6890  -11.2  -28.3     23   0.85    130     10  331.4  334.6  331.6
  422.0   7191  -13.5  -29.2     25   0.81    135     12  332.3  335.4  332.4
  405.0   7505  -15.8  -30.2     28   0.77     85     10  333.2  336.1  333.3
  400.0   7600  -16.5  -30.5     29   0.76     70     11  333.5  336.4  333.6
  389.0   7809  -18.1  -32.1     28   0.67     55     11  334.0  336.6  334.1
  384.0   7905  -18.9  -32.9     28   0.63     57     11  334.2  336.6  334.3
  374.0   8101  -19.6  -38.9     16   0.35     60     12  335.8  337.3  335.9
  353.0   8529  -21.1  -52.1      4   0.09     92      8  339.4  339.8  339.4
  345.0   8697  -22.2  -52.1      5   0.09    105      7  340.1  340.5  340.1
  331.0   8999  -24.2  -52.2      6   0.09     90      6  341.4  341.8  341.4
  317.0   9314  -26.3  -52.3      7   0.10     15      2  342.8  343.2  342.8
  304.0   9615  -28.9  -51.1     10   0.11    290      2  343.2  343.8  343.3
  300.0   9710  -29.7  -50.7     11   0.12    275      3  343.4  343.9  343.4
  292.0   9898  -31.3  -51.5     12   0.11    260      5  343.8  344.3  343.8
  268.0  10496  -36.3  -54.1     14   0.09    255      1  345.0  345.4  345.1
  257.0  10789  -38.8  -55.3     16   0.08    220      7  345.6  345.9  345.6
  252.0  10926  -39.9  -55.9     16   0.08    224      8  345.8  346.2  345.8
  250.0  10980  -40.5                         225      9  345.7         345.7
  205.0  12287  -51.9                         275      7  348.0         348.0
  200.0  12450  -53.3                         270      8  348.2         348.2
  186.0  12907  -57.2                         280     11  349.2         349.2
  178.0  13185  -59.5                         300     13  349.8         349.8
  167.0  13587  -62.9                         278     13  350.6         350.6
  154.0  14080  -66.8                         250     13  352.1         352.1
  150.0  14240  -68.1                         225     16  352.6         352.6
  146.0  14399  -69.3                         220     20  353.2         353.2
  125.0  15312  -76.2                         190      9  356.7         356.7
  122.0  15455  -77.3                         178      8  357.2         357.2
  119.0  15596  -78.1                         165      6  358.4         358.4
  113.0  15889  -79.7                         100      7  360.7         360.7
  107.0  16197  -81.4                          55      9  363.1         363.1
  100.0  16580  -83.5                          50     12  366.2         366.2
   96.0  16805  -85.3                          60     13  366.8         366.8
   94.0  16921  -86.3                          70     14  367.2         367.2
   91.0  17100  -85.0                         100     17  373.1         373.1
   86.5  17380  -83.1                         112     18  382.4         382.4
   84.2  17530  -82.1                         119     19  387.4         387.4
   83.2  17598  -78.5                         122     20  396.1         396.1
   82.0  17682  -77.0                         125     20  400.8         400.8
   79.2  17882  -73.5                         128     22  412.0         412.0
   78.0  17972  -73.0                         130     23  414.8         414.8
   72.8  18378  -70.9                         101     24  427.6         427.6
   70.0  18610  -72.1                          85     25  429.8         429.8
   67.4  18833  -72.7                          94     26  433.2         433.2
   63.0  19233  -71.5                         110     27  444.2         444.2
   52.9  20270  -68.5                          91     47  474.0         474.0
   50.0  20610  -65.5                          85     54  488.7         488.7
   49.0  20733  -63.7                          85     54  495.8         495.8
   48.9  20746  -63.5                          85     54  496.6         496.6
   44.8  21287  -60.9                          88     55  515.5         515.5
   40.6  21897  -62.1                          91     56  527.2         527.2
   35.0  22826  -59.6                          95     58  556.4         556.4
   30.0  23790  -57.1                         100     23  588.4         588.4
   29.9  23811  -57.1                         100     23  589.0         589.0
   28.0  24231  -54.3                         100     15  607.8         607.8
   27.2  24416  -53.1                          43     10  616.3         616.3
   26.0  24709  -51.9                         315      3  627.8         627.8
   24.9  24989  -50.7                         301      4  638.9         638.9
   23.0  25504  -51.8                         275      7  650.3         650.3
   21.3  26003  -52.9                         279     22  661.5         661.5
   21.0  26095  -52.8                         280     25  664.6         664.6
   20.0  26410  -52.3                         265     23  675.3         675.3
   19.5  26574  -52.3                         275     22  680.2         680.2
   19.0  26743  -50.8                         285     20  690.1         690.1
   18.3  26988  -48.5                         284     22  704.6         704.6
   16.0  27866  -50.7                         280     29  725.0         725.0
   15.6  28031  -51.1                                     729.0         729.0
</PRE><H3>Station information and sounding indices</H3><PRE>
                         Station identifier: WAAA
                             Station number: 97180
                           Observation time: 181006/0000
                           Station latitude: -5.06
                          Station longitude: 119.55
                          Station elevation: 14.0
                            Showalter index: 9.26
                               Lifted index: 1.48
    LIFT computed using virtual temperature: 1.10
                                SWEAT index: 90.42
                                    K index: 5.50
                         Cross totals index: 8.30
                      Vertical totals index: 24.30
                        Totals totals index: 32.60
      Convective Available Potential Energy: 0.00
             CAPE using virtual temperature: 0.00
                      Convective Inhibition: 0.00
             CINS using virtual temperature: 0.00
                     Bulk Richardson Number: 0.00
          Bulk Richardson Number using CAPV: 0.00
  Temp [K] of the Lifted Condensation Level: 289.73
Pres [hPa] of the Lifted Condensation Level: 880.72
     Mean mixed layer potential temperature: 300.45
              Mean mixed layer mixing ratio: 13.69
              1000 hPa to 500 hPa thickness: 5767.00
Precipitable water [mm] for entire sounding: 29.33
</PRE>
<P>Description of the 
<A HREF="/upperair/columns.html">data columns</A>
or <A HREF="/upperair/indices.html">sounding indices</A>.

<P>
<FORM>
<INPUT CLASS="button" TYPE="button" VALUE=" Close this window " 
 onClick="window.close();">
<INPUT CLASS="button" TYPE="button" VALUE=" Select another map " 
 onClick="window.blur();">
</FORM>
<HR SIZE="1">
<I>Interested in graduate studies in atmospheric science?
Check out our program at the
<a href="http://www.uwyo.edu/atsc/howtoapply/"
target=_top>University of Wyoming
</a></I>
<HR SIZE="1"><FONT SIZE="-1">
Questions about the weather data provided by this site can be
addressed to <A HREF="mailto:ldoolman@uwyo.edu">
Larry Oolman (ldoolman@uwyo.edu)</A></FONT>
<HR SIZE="1">
<SCRIPT TYPE="text/javascript">
<!--
window.focus();
// -->
</SCRIPT>
</BODY>
</HTML>
