2018-02-25 12
<HTML>
<TITLE>University of Wyoming - Radiosonde Data</TITLE>
<LINK REL="StyleSheet" HREF="/resources/select.css" TYPE="text/css">
<BODY BGCOLOR="white">
<H2>97180 WAAA Ujung Pandang Observations at 00Z 25 Feb 2018</H2>
<PRE>
-----------------------------------------------------------------------------
   PRES   HGHT   TEMP   DWPT   RELH   MIXR   DRCT   SKNT   THTA   THTE   THTV
    hPa     m      C      C      %    g/kg    deg   knot     K      K      K 
-----------------------------------------------------------------------------
 1010.0     14   24.8   23.3     91  18.21      0      0  297.1  350.0  300.3
 1000.0    101   24.4   20.8     80  15.73    130      2  297.6  343.3  300.4
  978.0    296   23.7   19.8     79  15.10    175      2  298.8  342.9  301.5
  945.0    597   22.7   18.3     76  14.17    265      5  300.6  342.4  303.2
  925.0    784   22.0   17.3     75  13.62    285      9  301.8  342.2  304.3
  922.0    812   22.0   17.0     73  13.40    285      9  302.1  341.9  304.5
  913.0    897   21.4   16.5     73  13.11    285     11  302.4  341.3  304.7
  850.0   1514   17.4   12.9     75  11.12    260     13  304.4  337.8  306.4
  845.0   1565   17.0   12.5     75  10.89    257     13  304.4  337.2  306.4
  822.0   1798   15.9   11.6     75  10.51    245     14  305.8  337.6  307.7
  766.0   2395   13.3    9.1     76   9.57    270      9  309.1  338.6  310.9
  739.0   2699   11.9    7.9     76   9.12    295      6  310.8  339.1  312.5
  714.0   2990   10.6    6.7     77   8.69    233      3  312.4  339.6  314.1
  713.0   3001   10.5    6.6     77   8.65    230      3  312.5  339.6  314.1
  700.0   3155    9.6    5.5     76   8.16    255      4  313.1  338.7  314.6
  688.0   3296    8.7    4.9     77   7.93    285      6  313.6  338.6  315.1
  640.0   3888    4.8    2.2     83   7.05    275      7  315.8  338.3  317.1
  616.0   4200    2.8    0.8     86   6.61    290      4  316.9  338.2  318.2
  594.0   4498    0.9   -0.6     90   6.22    175      5  318.0  338.1  319.2
  584.0   4636    0.0   -1.2     92   6.04    168      5  318.5  338.1  319.7
  551.0   5101   -1.8   -3.7     87   5.31    145      3  321.7  339.2  322.7
  536.0   5321   -2.7   -4.9     85   4.99    149      4  323.2  339.8  324.2
  531.0   5395   -3.2   -5.3     85   4.87    150      5  323.5  339.7  324.4
  500.0   5870   -6.3   -8.2     86   4.15    120      3  325.3  339.3  326.1
  492.0   5995   -7.1   -8.8     87   4.02    105      2  325.9  339.6  326.7
  473.0   6301   -8.9  -10.2     90   3.73    100      2  327.3  340.1  328.0
  471.0   6334   -9.1  -10.4     90   3.70     89      2  327.4  340.1  328.2
  455.0   6599  -10.2  -13.8     75   2.91      0      0  329.3  339.5  329.9
  439.0   6874  -11.3  -17.3     61   2.25    136      3  331.3  339.4  331.7
  438.0   6892  -11.4  -17.3     62   2.26    145      3  331.4  339.5  331.8
  421.0   7193  -13.4  -16.9     75   2.43    160      3  332.6  341.3  333.1
  420.0   7211  -13.5  -16.9     76   2.44    159      3  332.7  341.4  333.2
  406.0   7468  -14.5  -21.5     55   1.70    151      4  334.6  340.9  335.0
  405.0   7486  -14.6  -21.8     54   1.66    150      4  334.7  340.9  335.1
  400.0   7580  -15.1  -23.1     50   1.50    165      6  335.3  340.8  335.6
  398.0   7618  -15.3  -24.3     46   1.35    168      6  335.5  340.6  335.8
  394.0   7695  -15.9  -24.9     46   1.29    174      7  335.7  340.5  335.9
  391.0   7752  -16.5  -21.1     68   1.83    179      7  335.6  342.4  336.0
  374.0   8086  -18.8  -23.7     65   1.52    205      9  336.9  342.5  337.2
  369.0   8187  -19.5  -24.5     65   1.43    198      9  337.2  342.6  337.5
  361.0   8351  -20.3  -29.3     44   0.94    188     10  338.3  341.9  338.5
  359.0   8392  -20.6  -29.4     45   0.94    185     10  338.4  342.1  338.6
  353.0   8517  -21.5  -29.5     48   0.95    187     10  338.9  342.5  339.0
  351.0   8559  -21.9  -30.9     44   0.83    187      9  338.9  342.1  339.0
  347.0   8644  -22.5  -30.5     48   0.88    188      9  339.2  342.6  339.3
  345.0   8686  -22.9  -30.9     48   0.85    189      9  339.2  342.5  339.4
  343.0   8729  -23.3  -29.3     58   0.99    189      9  339.2  343.0  339.4
  342.0   8750  -23.3  -25.6     81   1.40    189      9  339.5  344.8  339.8
  338.0   8837  -23.9  -28.0     69   1.14    190      9  339.8  344.2  340.0
  335.0   8902  -24.5  -27.3     78   1.22    191      8  339.9  344.5  340.1
  328.0   9056  -25.5  -29.0     72   1.07    193      8  340.5  344.6  340.8
  323.0   9168  -26.3  -32.3     57   0.79    195      7  340.9  344.0  341.1
  304.0   9605  -29.8  -35.8     56   0.60    200      6  342.0  344.4  342.2
  300.0   9700  -30.5  -36.5     56   0.56    205      5  342.3  344.5  342.4
  294.0   9843  -31.7  -35.3     70   0.65    213      5  342.6  345.1  342.7
  279.0  10208  -34.5  -38.0     70   0.52    235      4  343.7  345.8  343.8
  256.0  10806  -39.1  -42.6     69   0.35    290      5  345.5  347.0  345.6
  252.0  10916  -39.9  -43.4     69   0.33    297      5  345.8  347.2  345.9
  250.0  10970  -40.5                         300      5  345.7         345.7
  235.0  11380  -44.1                         325      5  346.4         346.4
  224.0  11698  -46.9                          10      4  346.9         346.9
  214.0  12001  -49.6                          15      3  347.4         347.4
  205.0  12286  -52.1                          55      6  347.7         347.7
  200.0  12450  -53.5                          65      8  347.9         347.9
  174.0  13328  -61.7                          77     15  348.5         348.5
  169.0  13505  -63.1                          80     16  349.1         349.1
  150.0  14230  -68.7                          70     29  351.6         351.6
  139.0  14664  -72.0                          75     35  353.5         353.5
  101.0  16483  -85.9                          75     47  360.6         360.6
  100.0  16540  -86.3                          80     45  360.8         360.8
   99.9  16545  -86.5                          80     45  360.5         360.5
   95.0  16823  -82.5                          80     38  373.5         373.5
   86.0  17376  -83.4                          60     22  382.4         382.4
   77.0  17989  -84.5                         120     24  392.5         392.5
   76.7  18011  -84.5                         120     24  392.9         392.9
   73.0  18286  -82.8                         115     24  402.1         402.1
   70.7  18464  -81.7                          96     19  408.1         408.1
   70.0  18520  -81.5                          90     17  409.7         409.7
   69.9  18528  -81.3                          88     17  410.3         410.3
   69.0  18602  -76.5                          70     16  422.1         422.1
   66.0  18859  -75.5                         340     13  429.7         429.7
   62.5  19175  -74.3                         292     21  439.1         439.1
   62.0  19221  -74.5                         285     22  439.8         439.8
   59.0  19509  -75.5                         285     23  443.8         443.8
   57.1  19699  -76.1                         298     17  446.5         446.5
   56.0  19812  -75.7                         305     14  449.9         449.9
   53.0  20132  -74.6                         295     13  459.5         459.5
   51.0  20355  -73.9                         310     10  466.3         466.3
   50.0  20470  -73.5                         315     10  469.9         469.9
   48.0  20710  -71.1                         305      6  481.1         481.1
   46.0  20962  -71.7                         120      6  485.5         485.5
   43.5  21292  -72.5                         105     15  491.4         491.4
   41.1  21629  -68.9                          89     24  508.4         508.4
   39.0  21941  -70.1                          75     32  513.1         513.1
   37.0  22255  -71.2                          70     27  517.9         517.9
   36.9  22271  -71.3                          71     28  518.1         518.1
   35.8  22449  -72.1                          80     34  520.6         520.6
   35.2  22550  -69.5                          85     38  529.9         529.9
   34.0  22757  -69.2                          95     45  535.8         535.8
   31.5  23214  -68.7                          89     54  549.1         549.1
   30.4  23429  -65.5                          86     58  563.4         563.4
   30.0  23510  -64.7                          85     60  567.7         567.7
   26.0  24388  -63.0                          85     58  596.2         596.2
   24.5  24753  -62.3                          89     59  608.4         608.4
   22.0  25425  -58.0                          95     61  640.2         640.2
   21.7  25511  -57.5                          95     61  644.3         644.3
   21.5  25569  -57.1                                     647.1         647.1
</PRE><H3>Station information and sounding indices</H3><PRE>
                         Station identifier: WAAA
                             Station number: 97180
                           Observation time: 180225/0000
                           Station latitude: -5.06
                          Station longitude: 119.55
                          Station elevation: 14.0
                            Showalter index: 1.52
                               Lifted index: -0.80
    LIFT computed using virtual temperature: -0.96
                                SWEAT index: 183.78
                                    K index: 32.50
                         Cross totals index: 19.20
                      Vertical totals index: 23.70
                        Totals totals index: 42.90
      Convective Available Potential Energy: 70.40
             CAPE using virtual temperature: 91.17
                      Convective Inhibition: -153.54
             CINS using virtual temperature: -116.26
                           Equilibrum Level: 447.18
 Equilibrum Level using virtual temperature: 441.84
                   Level of Free Convection: 649.52
             LFCT using virtual temperature: 664.05
                     Bulk Richardson Number: 21.95
          Bulk Richardson Number using CAPV: 28.43
  Temp [K] of the Lifted Condensation Level: 292.43
Pres [hPa] of the Lifted Condensation Level: 930.21
     Mean mixed layer potential temperature: 298.56
              Mean mixed layer mixing ratio: 15.41
              1000 hPa to 500 hPa thickness: 5769.00
Precipitable water [mm] for entire sounding: 54.33
</PRE>
<P>Description of the 
<A HREF="/upperair/columns.html">data columns</A>
or <A HREF="/upperair/indices.html">sounding indices</A>.

<P>
<FORM>
<INPUT CLASS="button" TYPE="button" VALUE=" Close this window " 
 onClick="window.close();">
<INPUT CLASS="button" TYPE="button" VALUE=" Select another map " 
 onClick="window.blur();">
</FORM>
<HR SIZE="1">
<I>Interested in graduate studies in atmospheric science?
Check out our program at the
<a href="http://www.uwyo.edu/atsc/howtoapply/"
target=_top>University of Wyoming
</a></I>
<HR SIZE="1"><FONT SIZE="-1">
Questions about the weather data provided by this site can be
addressed to <A HREF="mailto:ldoolman@uwyo.edu">
Larry Oolman (ldoolman@uwyo.edu)</A></FONT>
<HR SIZE="1">
<SCRIPT TYPE="text/javascript">
<!--
window.focus();
// -->
</SCRIPT>
</BODY>
</HTML>
