2018-03-20 00
<HTML>
<TITLE>University of Wyoming - Radiosonde Data</TITLE>
<LINK REL="StyleSheet" HREF="/resources/select.css" TYPE="text/css">
<BODY BGCOLOR="white">
<H2>97180 WAAA Ujung Pandang Observations at 00Z 20 Mar 2018</H2>
<PRE>
-----------------------------------------------------------------------------
   PRES   HGHT   TEMP   DWPT   RELH   MIXR   DRCT   SKNT   THTA   THTE   THTV
    hPa     m      C      C      %    g/kg    deg   knot     K      K      K 
-----------------------------------------------------------------------------
 1009.0     14   24.2   23.1     94  18.00      0      0  296.6  348.7  299.8
 1008.0     22   25.4   20.8     76  15.60      7      1  297.9  343.3  300.6
 1000.0     90   26.4   21.7     75  16.64     60      5  299.6  348.4  302.5
  996.0    126   26.6   22.1     76  17.14     55      5  300.1  350.5  303.2
  977.0    295   25.2   21.3     79  16.64     30      6  300.4  349.4  303.4
  944.0    596   22.8   19.9     84  15.78    345      6  300.9  347.4  303.7
  925.0    775   21.4   19.1     87  15.29    320      7  301.2  346.3  303.9
  907.0    946   20.2   18.3     89  14.82    306      9  301.6  345.5  304.3
  851.0   1496   18.4   13.5     73  11.55    260     14  305.3  340.2  307.5
  850.0   1506   18.4   13.4     73  11.49    260     14  305.4  340.1  307.5
  800.0   2024   17.0    5.0     45   6.88    258     17  309.2  330.7  310.5
  723.0   2877   10.6    4.6     66   7.41    256     21  311.3  334.5  312.7
  700.0   3146    9.4    3.4     66   7.03    255     22  312.9  335.1  314.2
  638.0   3913    6.6   -0.4     61   5.86    257     20  318.1  337.1  319.2
  572.0   4799    1.0   -6.0     60   4.29    260     18  321.6  335.9  322.4
  561.0   4957    0.0   -7.0     59   4.05    260     17  322.2  335.8  323.0
  555.0   5043   -0.5  -10.5     47   3.11    260     16  322.6  333.2  323.2
  549.0   5130   -1.1   -8.1     59   3.80    260     16  322.9  335.7  323.6
  536.0   5321   -2.1  -12.1     46   2.84    260     15  323.9  333.7  324.5
  531.0   5395   -2.8  -11.1     53   3.10    260     14  324.0  334.6  324.6
  524.0   5501   -3.7   -9.7     63   3.51    256     15  324.1  336.1  324.8
  500.0   5870   -5.7  -12.7     58   2.90    240     19  326.0  336.1  326.6
  471.0   6336   -8.5  -20.5     37   1.60    224     15  328.2  333.9  328.5
  462.0   6485   -9.7  -17.7     52   2.07    219     14  328.5  335.9  328.9
  438.0   6892  -13.0  -19.1     60   1.93    205     11  329.4  336.3  329.8
  423.0   7158  -15.1  -20.1     66   1.84    187     11  330.0  336.6  330.3
  421.0   7194  -15.2  -19.2     71   1.99    185     11  330.3  337.4  330.7
  419.0   7230  -15.3  -18.4     77   2.15    187     12  330.6  338.3  331.0
  417.0   7266  -15.3  -18.0     80   2.24    188     12  331.1  339.1  331.5
  410.0   7394  -15.3  -22.3     55   1.57    195     14  332.7  338.4  333.0
  404.0   7505  -15.9  -23.5     52   1.43    200     16  333.3  338.6  333.6
  400.0   7580  -16.3  -24.3     50   1.35    195     17  333.7  338.7  334.0
  373.0   8099  -20.0  -29.2     44   0.92    185     13  335.5  339.0  335.7
  359.0   8383  -22.1  -31.9     41   0.74    155     13  336.5  339.4  336.6
  344.0   8699  -24.3  -34.8     37   0.58    150     10  337.5  339.8  337.6
  334.0   8918  -25.9  -36.9     35   0.49    134     11  338.2  340.2  338.3
  311.0   9433  -30.1  -38.1     46   0.46     97     13  339.3  341.2  339.4
  304.0   9596  -30.9  -38.9     45   0.43     85     14  340.4  342.1  340.5
  301.0   9666  -31.3  -39.3     45   0.42     81     16  340.8  342.5  340.9
  300.0   9690  -31.3  -41.3     37   0.34     80     17  341.1  342.6  341.2
  295.0   9808  -31.5  -36.5     61   0.57     77     18  342.5  344.8  342.6
  256.0  10787  -39.0  -43.0     66   0.34     55     27  345.5  346.9  345.6
  251.0  10923  -40.1  -43.9     67   0.31     59     29  345.9  347.2  346.0
  250.0  10950  -40.5                          60     29  345.7         345.7
  200.0  12430  -53.1                          70     45  348.5         348.5
  169.0  13478  -61.6                          90     50  351.5         351.5
  150.0  14220  -67.7                         115     53  353.3         353.3
  132.0  14966  -73.4                         125     57  356.3         356.3
  117.0  15670  -78.7                         120     57  359.0         359.0
  101.0  16485  -87.3                         115     56  357.8         357.8
  100.0  16540  -87.9                         115     53  357.7         357.7
   96.0  16765  -85.7                         130     35  366.1         366.1
   92.1  16993  -83.5                         136     32  374.9         374.9
   88.2  17233  -84.9                         142     28  376.7         376.7
   86.1  17367  -84.1                         145     26  380.9         380.9
   86.0  17373  -83.9                         145     26  381.5         381.5
   82.6  17602  -76.7                         196     13  400.6         400.6
   81.0  17716  -75.8                         220      7  404.8         404.8
   77.0  18011  -73.3                         300      7  415.7         415.7
   75.4  18134  -72.3                         322      9  420.4         420.4
   73.0  18324  -73.2                         355     11  422.4         422.4
   70.0  18570  -74.3                         330     17  425.1         425.1
   57.9  19661  -78.1                         240     27  440.2         440.2
   57.0  19750  -78.1                         230     25  442.2         442.2
   54.2  20037  -78.1                         207     18  448.6         448.6
   54.0  20058  -77.9                         205     17  449.5         449.5
   50.0  20500  -74.5                         135     15  467.5         467.5
   48.0  20740  -73.1                         105     17  476.2         476.2
   44.0  21253  -70.2                          65     17  495.3         495.3
   43.8  21280  -70.1                          66     17  496.3         496.3
   36.8  22318  -69.5                          87     27  523.2         523.2
   36.0  22450  -68.3                          90     28  529.5         529.5
   35.3  22567  -67.3                          93     33  535.1         535.1
   34.6  22689  -66.3                          97     38  540.8         540.8
   34.0  22796  -62.1                         100     43  554.6         554.6
   32.0  23170  -62.8                         110     59  562.3         562.3
   31.8  23209  -62.9                         109     59  563.1         563.1
   30.0  23570  -60.5                          95     61  579.1         579.1
   25.0  24715  -56.5                          95     73  621.7         621.7
   23.5  25104  -55.1                          94     75  636.7         636.7
   20.8  25880  -55.1                          91     79  659.3         659.3
   20.0  26130  -53.7                          90     80  671.0         671.0
   19.6  26260  -52.7                          90     80  678.0         678.0
   17.8  26881  -52.9                          87     82  696.3         696.3
   13.3  28810  -42.4                          80     87  792.8         792.8
   13.0  28961  -41.6                          80     87  800.9         800.9
   12.9  29012  -41.3                                     803.6         803.6
</PRE><H3>Station information and sounding indices</H3><PRE>
                         Station identifier: WAAA
                             Station number: 97180
                           Observation time: 180320/0000
                           Station latitude: -5.06
                          Station longitude: 119.55
                          Station elevation: 14.0
                            Showalter index: 1.15
                               Lifted index: -2.15
    LIFT computed using virtual temperature: -2.65
                                SWEAT index: 207.81
                                    K index: 31.50
                         Cross totals index: 19.10
                      Vertical totals index: 24.10
                        Totals totals index: 43.20
      Convective Available Potential Energy: 573.77
             CAPE using virtual temperature: 699.29
                      Convective Inhibition: -74.64
             CINS using virtual temperature: -32.57
                           Equilibrum Level: 215.06
 Equilibrum Level using virtual temperature: 215.30
                   Level of Free Convection: 743.56
             LFCT using virtual temperature: 773.48
                     Bulk Richardson Number: 14.88
          Bulk Richardson Number using CAPV: 18.14
  Temp [K] of the Lifted Condensation Level: 293.47
Pres [hPa] of the Lifted Condensation Level: 925.17
     Mean mixed layer potential temperature: 300.08
              Mean mixed layer mixing ratio: 16.54
              1000 hPa to 500 hPa thickness: 5780.00
Precipitable water [mm] for entire sounding: 49.30
</PRE>
<P>Description of the 
<A HREF="/upperair/columns.html">data columns</A>
or <A HREF="/upperair/indices.html">sounding indices</A>.

<P>
<FORM>
<INPUT CLASS="button" TYPE="button" VALUE=" Close this window " 
 onClick="window.close();">
<INPUT CLASS="button" TYPE="button" VALUE=" Select another map " 
 onClick="window.blur();">
</FORM>
<HR SIZE="1">
<I>Interested in graduate studies in atmospheric science?
Check out our program at the
<a href="http://www.uwyo.edu/atsc/howtoapply/"
target=_top>University of Wyoming
</a></I>
<HR SIZE="1"><FONT SIZE="-1">
Questions about the weather data provided by this site can be
addressed to <A HREF="mailto:ldoolman@uwyo.edu">
Larry Oolman (ldoolman@uwyo.edu)</A></FONT>
<HR SIZE="1">
<SCRIPT TYPE="text/javascript">
<!--
window.focus();
// -->
</SCRIPT>
</BODY>
</HTML>
