2018-07-26 12
<HTML>
<TITLE>University of Wyoming - Radiosonde Data</TITLE>
<LINK REL="StyleSheet" HREF="/resources/select.css" TYPE="text/css">
<BODY BGCOLOR="white">
<H2>97180 WAAA Ujung Pandang Observations at 00Z 26 Jul 2018</H2>
<PRE>
-----------------------------------------------------------------------------
   PRES   HGHT   TEMP   DWPT   RELH   MIXR   DRCT   SKNT   THTA   THTE   THTV
    hPa     m      C      C      %    g/kg    deg   knot     K      K      K 
-----------------------------------------------------------------------------
 1011.0     14   24.8   21.3     81  16.05      0      0  297.0  343.6  299.9
 1006.0     56   25.8   19.8     69  14.67     54      3  298.4  341.3  301.1
 1000.0    107   26.6   19.6     65  14.57    120      6  299.8  342.6  302.4
  999.0    116   26.6   19.6     65  14.59    120      6  299.8  342.7  302.5
  978.0    304   25.1   18.5     67  13.93    130      5  300.1  341.1  302.6
  956.0    506   23.4   17.4     69  13.25    116      5  300.4  339.5  302.8
  925.0    796   22.2   16.2     69  12.68     95      6  302.0  339.7  304.3
  914.0    900   21.8   16.1     70  12.74     85      7  302.6  340.6  305.0
  885.0   1181   20.8   15.8     73  12.92     74      7  304.4  343.1  306.8
  850.0   1530   18.4   13.6     74  11.65     60      6  305.4  340.6  307.5
  824.0   1793   17.0   12.3     74  11.03     35      2  306.7  340.2  308.7
  795.0   2096   15.4   10.8     74  10.34    150      2  308.1  339.8  310.1
  768.0   2388   13.9    9.4     74   9.71     10      1  309.5  339.5  311.4
  741.0   2691   12.3    7.9     74   9.08     20      3  311.0  339.2  312.7
  714.0   3005   10.7    6.3     74   8.47    315      6  312.5  339.0  314.1
  700.0   3172    9.8    5.5     75   8.16    325      5  313.3  339.0  314.9
  694.0   3244    9.2    4.9     74   7.89    352      4  313.4  338.3  314.9
  689.0   3303    9.0    4.3     72   7.59     15      3  313.9  337.9  315.3
  665.0   3596    8.1    1.1     62   6.30     50      5  316.0  336.2  317.2
  643.0   3874    7.2   -1.8     53   5.24    105      5  318.1  335.2  319.1
  641.0   3900    7.0   -1.9     53   5.22    110      5  318.1  335.2  319.1
  618.0   4197    4.6   -3.0     58   4.99    135      5  318.7  335.1  319.7
  590.0   4575    1.6   -4.4     64   4.70    107      9  319.4  335.0  320.4
  580.0   4712    0.6   -4.2     70   4.86     96     10  319.9  335.9  320.8
  579.0   4726    0.6   -4.1     71   4.90     95     10  320.0  336.2  321.0
  574.0   4796    0.8   -6.5     58   4.11     90     11  321.1  334.8  321.9
  571.0   4838    1.0   -8.0     51   3.68     90     11  321.8  334.2  322.5
  559.0   5008    0.0   -9.0     51   3.48     89     11  322.5  334.3  323.2
  541.0   5269   -2.1   -7.1     69   4.17     87     10  323.1  337.1  323.9
  513.0   5688   -5.3   -9.3     74   3.70     85      9  324.1  336.6  324.8
  500.0   5890   -6.9  -10.4     76   3.48     65      9  324.6  336.4  325.2
  493.0   6000   -7.6  -11.1     76   3.34     60     10  325.0  336.5  325.7
  488.0   6080   -8.1  -11.6     76   3.24     64     11  325.4  336.5  326.0
  474.0   6305   -9.5  -13.3     74   2.91     75     15  326.4  336.4  326.9
  456.0   6604  -11.3  -15.6     71   2.50     70     17  327.7  336.5  328.2
  435.0   6965  -13.7  -24.7     39   1.19     64     20  329.1  333.5  329.4
  434.0   6983  -13.7  -27.7     30   0.91     64     21  329.3  332.7  329.5
  429.0   7071  -14.3  -23.3     46   1.37     62     21  329.7  334.7  329.9
  428.0   7088  -14.3  -19.3     66   1.95     62     21  329.9  336.9  330.3
  424.0   7160  -14.7  -21.7     55   1.60     61     22  330.2  336.1  330.6
  421.0   7213  -15.1  -24.1     46   1.30     60     23  330.4  335.2  330.7
  410.0   7414  -15.7  -18.4     80   2.20     57     24  332.1  340.0  332.6
  406.0   7488  -16.1  -17.8     87   2.34     55     25  332.6  340.9  333.0
  405.0   7506  -16.3  -17.9     87   2.32     55     25  332.5  340.9  333.0
  404.0   7525  -16.5  -18.4     85   2.23     56     25  332.5  340.5  333.0
  402.0   7562  -16.3  -21.2     66   1.76     58     25  333.2  339.7  333.6
  400.0   7600  -16.3  -27.3     38   1.02     60     25  333.7  337.6  333.9
  399.0   7619  -16.1  -35.1     18   0.49     60     25  334.2  336.1  334.3
  397.0   7656  -15.9  -39.9     11   0.30     61     25  335.0  336.2  335.0
  355.0   8485  -20.1  -50.1      5   0.11     81     30  340.2  340.7  340.2
  300.0   9700  -29.7  -54.7      7   0.08    110     36  343.4  343.7  343.4
  280.0  10185  -33.9  -56.9      8   0.06    120     35  344.2  344.4  344.2
  254.0  10871  -39.9  -59.9     10   0.05    120     31  345.0  345.3  345.1
  250.0  10980  -41.1                         120     30  344.8         344.8
  205.0  12287  -52.1                         115     16  347.6         347.6
  200.0  12450  -53.5                         125     17  347.9         347.9
  186.0  12902  -57.3                         140     13  349.0         349.0
  161.0  13800  -65.0                          80     16  350.8         350.8
  150.0  14240  -68.7                          75     20  351.6         351.6
  146.0  14401  -69.9                          76     21  352.2         352.2
  125.0  15308  -76.0                          80     30  357.2         357.2
  122.0  15449  -76.9                          82     31  358.0         358.0
  113.0  15885  -78.2                          90     36  363.4         363.4
  102.0  16467  -80.0                          40     28  370.9         370.9
  100.0  16580  -80.3                          35     27  372.3         372.3
   96.0  16810  -81.9                          30     24  373.6         373.6
   93.0  16989  -83.1                          30     15  374.6         374.6
   91.0  17113  -78.5                          55      5  386.1         386.1
   87.0  17370  -79.2                         150     18  389.6         389.6
   83.2  17625  -79.9                         127     20  393.2         393.2
   82.0  17709  -78.6                         120     21  397.5         397.5
   78.0  18000  -74.2                         120     10  412.4         412.4
   76.0  18151  -71.9                         155     13  420.2         420.2
   74.0  18309  -71.5                         190     16  424.3         424.3
   71.0  18556  -70.9                         170     14  430.6         430.6
   70.0  18640  -70.7                         165     13  432.8         432.8
   69.3  18700  -70.1                         151     12  435.3         435.3
   67.0  18899  -70.7                         105      7  438.3         438.3
   64.0  19170  -71.5                          80      8  442.3         442.3
   61.0  19454  -72.3                         110     13  446.5         446.5
   59.1  19641  -72.9                          99     16  449.3         449.3
   55.0  20068  -70.0                          75     22  465.2         465.2
   52.4  20355  -68.1                          78     31  476.2         476.2
   50.0  20640  -63.7                          80     40  492.9         492.9
   49.5  20701  -62.7                          82     40  496.7         496.7
   45.5  21217  -63.7                          98     43  506.4         506.4
   45.0  21284  -63.6                         100     43  508.4         508.4
   42.8  21591  -62.9                          95     44  517.3         517.3
   40.5  21933  -58.5                          89     45  536.5         536.5
   34.0  23025  -59.2                          70     47  562.3         562.3
   32.8  23249  -59.3                          76     46  567.7         567.7
   30.4  23726  -56.1                          88     43  588.9         588.9
   30.0  23810  -56.1                          90     43  591.1         591.1
   28.0  24246  -56.1                         105     47  602.9         602.9
   26.7  24546  -56.1                         103     46  611.1         611.1
   24.3  25148  -51.1                          98     44  642.2         642.2
   23.0  25503  -51.1                          95     43  652.4         652.4
   21.6  25908  -51.1                          88     30  664.2         664.2
   20.5  26248  -48.3                          83     20  682.7         682.7
   20.0  26410  -47.7                          80     15  689.4         689.4
   19.0  26747  -48.4                         120      4  697.6         697.6
   18.0  27102  -49.0                         205      6  706.3         706.3
   16.8  27555  -49.9                         146      9  717.5         717.5
   16.0  27878  -48.6                         105     11  731.8         731.8
   15.0  28306  -46.9                         270     14  751.1         751.1
   13.3  29103  -43.7                         270     32  788.4         788.4
   13.0                                       270     36                     
</PRE><H3>Station information and sounding indices</H3><PRE>
                         Station identifier: WAAA
                             Station number: 97180
                           Observation time: 180726/0000
                           Station latitude: -5.06
                          Station longitude: 119.55
                          Station elevation: 14.0
                            Showalter index: -0.23
                               Lifted index: -0.52
    LIFT computed using virtual temperature: -0.73
                                SWEAT index: 184.20
                                    K index: 34.60
                         Cross totals index: 20.50
                      Vertical totals index: 25.30
                        Totals totals index: 45.80
      Convective Available Potential Energy: 29.87
             CAPE using virtual temperature: 44.60
                      Convective Inhibition: -353.45
             CINS using virtual temperature: -299.51
                           Equilibrum Level: 415.20
 Equilibrum Level using virtual temperature: 413.32
                   Level of Free Convection: 516.38
             LFCT using virtual temperature: 523.93
                     Bulk Richardson Number: 27.44
          Bulk Richardson Number using CAPV: 40.98
  Temp [K] of the Lifted Condensation Level: 290.48
Pres [hPa] of the Lifted Condensation Level: 895.64
     Mean mixed layer potential temperature: 299.79
              Mean mixed layer mixing ratio: 14.12
              1000 hPa to 500 hPa thickness: 5783.00
Precipitable water [mm] for entire sounding: 49.48
</PRE>
<P>Description of the 
<A HREF="/upperair/columns.html">data columns</A>
or <A HREF="/upperair/indices.html">sounding indices</A>.

<P>
<FORM>
<INPUT CLASS="button" TYPE="button" VALUE=" Close this window " 
 onClick="window.close();">
<INPUT CLASS="button" TYPE="button" VALUE=" Select another map " 
 onClick="window.blur();">
</FORM>
<HR SIZE="1">
<I>Interested in graduate studies in atmospheric science?
Check out our program at the
<a href="http://www.uwyo.edu/atsc/howtoapply/"
target=_top>University of Wyoming
</a></I>
<HR SIZE="1"><FONT SIZE="-1">
Questions about the weather data provided by this site can be
addressed to <A HREF="mailto:ldoolman@uwyo.edu">
Larry Oolman (ldoolman@uwyo.edu)</A></FONT>
<HR SIZE="1">
<SCRIPT TYPE="text/javascript">
<!--
window.focus();
// -->
</SCRIPT>
</BODY>
</HTML>
