2016-08-26 12
<HTML>
<TITLE>University of Wyoming - Radiosonde Data</TITLE>
<LINK REL="StyleSheet" HREF="/resources/select.css" TYPE="text/css">
<BODY BGCOLOR="white">
<H2>97180 WAAA Ujung Pandang Observations at 00Z 26 Aug 2016</H2>
<PRE>
-----------------------------------------------------------------------------
   PRES   HGHT   TEMP   DWPT   RELH   MIXR   DRCT   SKNT   THTA   THTE   THTV
    hPa     m      C      C      %    g/kg    deg   knot     K      K      K 
-----------------------------------------------------------------------------
 1011.0     14   26.4   23.0     82  17.85      0      0  298.6  350.8  301.8
 1005.0     62   25.4   21.2     78  16.05     82      2  298.1  344.9  301.0
 1001.0     95   26.4   21.5     74  16.42    136      3  299.5  347.6  302.4
 1000.0    103   26.6   21.8     75  16.75    150      3  299.8  348.9  302.8
  978.0    299   25.3   20.7     76  15.97    130      5  300.3  347.4  303.2
  945.0    602   23.3   19.0     77  14.83     65      7  301.2  345.1  303.9
  925.0    790   22.0   17.9     78  14.15     70     12  301.8  343.8  304.4
  852.0   1506   17.9   14.2     79  12.09     70      8  304.7  341.1  306.9
  850.0   1526   17.8   14.1     79  12.04     70      8  304.8  341.0  307.0
  823.0   1801   15.8   13.0     83  11.56     55      5  305.5  340.4  307.6
  794.0   2102   14.2   11.7     85  10.96      0      4  306.9  340.2  308.9
  739.0   2703   10.9    8.9     88   9.80    300      8  309.7  339.9  311.5
  713.0   3003    9.2    7.6     89   9.26    285      8  311.1  339.8  312.8
  700.0   3157    8.4    6.9     90   8.99    305      4  311.8  339.8  313.4
  688.0   3300    7.6    5.8     89   8.51     50      3  312.4  339.0  314.0
  651.0   3756    5.0    2.5     84   7.09     20      9  314.4  336.9  315.8
  639.0   3908    4.7    1.9     82   6.93     10     11  315.7  337.9  317.1
  616.0   4208    4.0    0.8     80   6.63     30     10  318.3  339.7  319.6
  594.0   4503    2.3   -2.1     73   5.57     50      9  319.7  337.9  320.8
  565.0   4908    0.0   -6.0     64   4.35     52      9  321.6  336.1  322.4
  553.0   5080   -0.7  -10.7     47   3.07     52      9  322.7  333.2  323.3
  533.0   5374   -2.5  -14.5     39   2.34     54     10  324.0  332.1  324.4
  526.0   5480   -2.9  -11.9     50   2.94     54     10  324.7  334.8  325.3
  511.0   5708   -4.6  -13.6     49   2.64     55     10  325.4  334.5  325.9
  503.0   5833   -5.5  -14.5     49   2.48     59     13  325.7  334.4  326.2
  500.0   5880   -5.7  -15.7     45   2.26     60     14  326.0  334.0  326.5
  498.0   5911   -5.9  -15.9     45   2.23     60     14  326.1  334.0  326.6
  489.0   6053   -7.1  -10.4     77   3.56     61     15  326.4  338.6  327.1
  478.0   6230   -7.9  -11.8     74   3.26     62     15  327.5  338.8  328.2
  467.0   6410   -9.1  -11.0     86   3.56     63     16  328.2  340.5  328.9
  444.0   6799  -10.9  -14.7     74   2.77     65     18  330.7  340.5  331.3
  413.0   7349  -14.7  -19.7     66   1.95     69     20  332.7  339.8  333.1
  406.0   7478  -15.3  -18.5     76   2.20     69     21  333.6  341.6  334.0
  400.0   7590  -16.1  -21.1     65   1.79     70     21  334.0  340.5  334.3
  390.0   7779  -17.5  -27.5     41   1.03     72     22  334.6  338.5  334.8
  384.0   7895  -18.3  -28.3     41   0.97     74     23  335.0  338.7  335.2
  383.0   7914  -18.5  -27.5     45   1.05     74     23  335.0  339.0  335.2
  382.0   7934  -18.5  -27.5     45   1.05     74     23  335.2  339.2  335.4
  380.0   7972  -18.7  -29.7     37   0.86     75     23  335.5  338.8  335.6
  379.0   7992  -18.5  -36.5     19   0.45     75     23  336.0  337.8  336.1
  371.0   8150  -19.9  -40.9     14   0.29     77     24  336.2  337.4  336.2
  368.0   8210  -20.1  -44.1     10   0.21     78     24  336.7  337.6  336.8
  364.0   8291  -20.1  -32.1     34   0.72     79     24  337.8  340.6  337.9
  359.0   8392  -20.9  -33.8     31   0.62     80     25  338.0  340.4  338.1
  358.0   8413  -21.1  -34.1     30   0.60     81     25  338.0  340.4  338.1
  353.0   8516  -22.1  -35.1     30   0.55     84     24  338.0  340.2  338.1
  348.0   8620  -22.7  -27.7     64   1.13     87     24  338.6  342.9  338.8
  313.0   9387  -27.3  -33.3     57   0.74    109     19  342.6  345.6  342.8
  304.0   9596  -28.9  -34.3     60   0.69    115     18  343.2  345.9  343.3
  300.0   9690  -29.7  -34.7     62   0.67    110     18  343.4  346.1  343.5
  272.0  10385  -35.9  -38.4     78   0.51    113     22  344.2  346.2  344.3
  251.0  10943  -40.1  -43.8     68   0.31    115     25  345.9  347.2  346.0
  250.0  10970  -40.3                         115     25  346.0         346.0
  234.0  11409  -43.9                         115     29  347.2         347.2
  200.0  12450  -52.3                          95     43  349.8         349.8
  180.0  13120  -59.1                          86     47  349.4         349.4
  169.0  13508  -61.9                          80     49  351.0         351.0
  150.0  14240  -67.3                          80     41  354.0         354.0
  139.0  14688  -71.1                          85     38  355.1         355.1
  125.0  15312  -76.3                         100     33  356.6         356.6
  107.0  16195  -79.2                          45     24  367.2         367.2
  102.0  16467  -80.1                          50     20  370.6         370.6
  100.0  16580  -80.5                          70     23  371.9         371.9
   97.9  16701  -79.9                          80     27  375.4         375.4
   96.8  16765  -76.7                          86     29  382.8         382.8
   96.0  16813  -77.1                          90     31  382.9         382.9
   84.1  17565  -83.7                          65     29  384.3         384.3
   82.3  17686  -82.3                          69     30  389.6         389.6
   82.0  17707  -81.0                          70     30  392.6         392.6
   81.1  17770  -77.1                          75     29  401.9         401.9
   75.1  18212  -78.7                         109     23  407.4         407.4
   74.0  18297  -77.2                         115     22  412.3         412.3
   72.5  18415  -75.1                         108     21  419.2         419.2
   70.0  18620  -74.9                          95     19  423.8         423.8
   69.5  18661  -75.1                          96     19  424.3         424.3
   63.6  19184  -68.3                         114     25  450.1         450.1
   60.0  19536  -67.1                         125     29  460.2         460.2
   55.0  20063  -65.4                          70     14  475.8         475.8
   52.0  20403  -64.3                         350     10  486.1         486.1
   50.0  20640  -63.5                         335      7  493.4         493.4
   47.0  21019  -63.5                         270     13  502.2         502.2
   46.3  21111  -63.5                         258     11  504.4         504.4
   45.0  21287  -61.8                         235      8  512.6         512.6
   44.0  21425  -60.5                         247     10  519.1         519.1
   41.8  21743  -61.7                         275     14  523.8         523.8
   41.0  21864  -61.2                         285     15  528.0         528.0
   35.0  22853  -56.8                         260     27  563.9         563.9
   34.9  22871  -56.7                         260     27  564.5         564.5
   31.5  23515  -59.9                         243     24  572.7         572.7
   31.0  23615  -59.4                         240     23  576.6         576.6
   30.0  23820  -58.5                         240     19  584.6         584.6
   26.9  24513  -53.9                         255     21  616.0         616.0
   24.0  25246  -53.0                         270     24  639.0         639.0
   23.7  25327  -52.9                                     641.6         641.6
</PRE><H3>Station information and sounding indices</H3><PRE>
                         Station identifier: WAAA
                             Station number: 97180
                           Observation time: 160826/0000
                           Station latitude: -5.06
                          Station longitude: 119.55
                          Station elevation: 14.0
                            Showalter index: 0.79
                               Lifted index: -1.64
    LIFT computed using virtual temperature: -2.20
                                SWEAT index: 199.21
                                    K index: 36.10
                         Cross totals index: 19.80
                      Vertical totals index: 23.50
                        Totals totals index: 43.30
      Convective Available Potential Energy: 329.97
             CAPE using virtual temperature: 424.42
                      Convective Inhibition: -51.36
             CINS using virtual temperature: -36.56
                           Equilibrum Level: 263.18
 Equilibrum Level using virtual temperature: 262.83
                   Level of Free Convection: 819.85
             LFCT using virtual temperature: 835.48
                     Bulk Richardson Number: 76.90
          Bulk Richardson Number using CAPV: 98.91
  Temp [K] of the Lifted Condensation Level: 292.94
Pres [hPa] of the Lifted Condensation Level: 919.88
     Mean mixed layer potential temperature: 300.03
              Mean mixed layer mixing ratio: 16.09
              1000 hPa to 500 hPa thickness: 5777.00
Precipitable water [mm] for entire sounding: 54.98
</PRE>
<P>Description of the 
<A HREF="/upperair/columns.html">data columns</A>
or <A HREF="/upperair/indices.html">sounding indices</A>.

<P>
<FORM>
<INPUT CLASS="button" TYPE="button" VALUE=" Close this window " 
 onClick="window.close();">
<INPUT CLASS="button" TYPE="button" VALUE=" Select another map " 
 onClick="window.blur();">
</FORM>
<HR SIZE="1">
<I>Interested in graduate studies in atmospheric science?
Check out our program at the
<a href="http://www.uwyo.edu/atsc/howtoapply/"
target=_top>University of Wyoming
</a></I>
<HR SIZE="1"><FONT SIZE="-1">
Questions about the weather data provided by this site can be
addressed to <A HREF="mailto:ldoolman@uwyo.edu">
Larry Oolman (ldoolman@uwyo.edu)</A></FONT>
<HR SIZE="1">
<SCRIPT TYPE="text/javascript">
<!--
window.focus();
// -->
</SCRIPT>
</BODY>
</HTML>
