2018-11-06 00
<HTML>
<TITLE>University of Wyoming - Radiosonde Data</TITLE>
<LINK REL="StyleSheet" HREF="/resources/select.css" TYPE="text/css">
<BODY BGCOLOR="white">
<H2>97180 WAAA Ujung Pandang Observations at 00Z 06 Nov 2018</H2>
<PRE>
-----------------------------------------------------------------------------
   PRES   HGHT   TEMP   DWPT   RELH   MIXR   DRCT   SKNT   THTA   THTE   THTV
    hPa     m      C      C      %    g/kg    deg   knot     K      K      K 
-----------------------------------------------------------------------------
 1009.0     14   27.6   24.0     81  19.04    125      6  300.0  356.0  303.4
 1008.0     23   28.6   20.6     62  15.40    122      6  301.1  346.6  303.8
 1000.0     92   27.0   22.0     74  16.96    100      2  300.1  350.1  303.2
  978.0    288   25.6   22.8     85  18.24     19      2  300.6  354.4  303.9
  977.0    297   25.6   22.7     84  18.18     15      2  300.7  354.3  304.0
  944.0    599   23.9   20.4     81  16.32     25      1  302.0  350.4  305.0
  925.0    777   23.0   19.1     79  15.29      0      0  302.8  348.3  305.6
  912.0    901   22.5   17.6     74  14.05    115      1  303.5  345.5  306.1
  899.0   1027   22.0   16.0     69  12.88    120      2  304.3  342.9  306.6
  852.0   1496   18.7   16.2     85  13.78    140      4  305.6  347.1  308.1
  850.0   1516   18.6   16.2     86  13.82    140      5  305.6  347.2  308.1
  836.0   1659   17.6   15.4     87  13.34    125      5  306.0  346.3  308.5
  822.0   1802   16.9   14.6     86  12.85    110      4  306.7  345.6  309.1
  794.0   2095   15.3   12.9     85  11.89    140      4  308.1  344.4  310.3
  766.0   2399   13.8   11.1     84  10.96     80      1  309.6  343.3  311.6
  700.0   3161    9.8    6.7     81   8.87     80      3  313.3  341.1  315.0
  692.0   3256    9.0    6.3     83   8.73     93      5  313.4  340.9  315.1
  688.0   3304    8.8    5.8     82   8.47    100      6  313.7  340.4  315.3
  664.0   3594    7.4    2.7     72   7.05     75      8  315.4  337.9  316.7
  617.0   4195    4.6   -3.7     55   4.75    115      7  318.8  334.4  319.7
  595.0   4492    3.2   -6.8     48   3.87     85      8  320.5  333.5  321.3
  583.0   4659    2.4   -8.6     44   3.44     93      8  321.5  333.1  322.1
  561.0   4968    0.0   -6.0     64   4.38    109      9  322.2  336.8  323.1
  552.0   5097   -0.7   -6.7     64   4.22    115      9  322.9  337.0  323.7
  545.0   5199   -0.9  -11.9     43   2.83    108      9  323.8  333.6  324.4
  532.0   5391   -2.5  -15.5     36   2.16     95      8  324.1  331.7  324.6
  524.0   5511   -3.1  -12.1     50   2.90     99      8  324.8  334.8  325.4
  523.0   5526   -3.1   -9.1     63   3.69     99      8  325.0  337.6  325.7
  520.0   5571   -3.3  -15.3     39   2.25    101      8  325.3  333.2  325.7
  510.0   5724   -4.5  -11.5     58   3.13    105      9  325.6  336.4  326.3
  500.0   5880   -5.3  -13.3     53   2.76    110      9  326.5  336.1  327.1
  495.0   5959   -5.9  -13.9     53   2.65    110      9  326.7  336.0  327.2
  490.0   6038   -6.3  -17.3     41   2.02    110      9  327.2  334.3  327.6
  471.0   6347   -7.9  -17.9     45   2.00    110     10  328.9  336.0  329.3
  465.0   6447   -8.7  -14.7     62   2.64    110     11  329.1  338.4  329.6
  456.0   6598   -9.7  -15.1     65   2.62    110     11  329.8  339.0  330.3
  450.0   6700  -10.3  -15.3     67   2.60    103     11  330.2  339.4  330.7
  439.0   6890  -11.4  -17.0     63   2.31     90     12  331.2  339.4  331.6
  432.0   7014  -12.1  -18.1     61   2.14     90     13  331.8  339.5  332.2
  420.0   7229  -13.1  -22.1     47   1.56     90     13  333.2  338.9  333.5
  417.0   7284  -12.7  -26.7     30   1.04     90     14  334.4  338.3  334.6
  400.0   7600  -14.9  -31.9     22   0.66     90     15  335.5  338.1  335.7
  392.0   7753  -15.9  -31.9     24   0.68     82     13  336.2  338.8  336.3
  390.0   7791  -16.2  -29.8     30   0.83     80     13  336.2  339.4  336.4
  383.0   7928  -17.5  -22.5     65   1.65     69     13  336.3  342.4  336.6
  377.0   8046  -18.3  -21.4     77   1.85     60     14  336.8  343.6  337.1
  374.0   8105  -18.7  -21.8     77   1.81     55     14  337.0  343.7  337.4
  348.0   8640  -22.1  -24.9     78   1.47     57     18  339.4  344.9  339.7
  341.0   8790  -22.5  -30.5     48   0.89     57     19  340.9  344.3  341.0
  330.0   9030  -24.3  -36.3     32   0.52     58     20  341.6  343.7  341.7
  319.0   9277  -25.5  -34.5     43   0.65     59     22  343.2  345.8  343.4
  314.0   9392  -26.3  -41.3     23   0.33     59     23  343.7  345.1  343.8
  312.0   9438  -26.7  -48.7     11   0.15     59     23  343.8  344.4  343.8
  311.0   9461  -26.7  -52.7      7   0.09     59     23  344.1  344.5  344.1
  309.0   9508  -27.1  -41.1     25   0.34     59     24  344.1  345.6  344.2
  305.0   9601  -28.1  -38.1     38   0.47     60     24  344.0  346.0  344.1
  300.0   9720  -28.9  -38.9     38   0.44     60     25  344.5  346.3  344.6
  293.0   9889  -30.5  -41.7     33   0.34     65     24  344.6  346.0  344.6
  288.0  10012  -31.7  -43.7     30   0.28     63     24  344.6  345.8  344.6
  275.0  10338  -34.1  -40.1     55   0.43     57     22  345.7  347.4  345.8
  250.0  11000  -39.7  -49.7     34   0.16     45     20  346.9  347.6  346.9
  247.0  11082  -39.9  -51.9     27   0.13     44     20  347.8  348.4  347.8
  225.0  11700  -45.4                          40     19  348.8         348.8
  200.0  12480  -52.3                          70     21  349.8         349.8
  196.0  12606  -53.4                          75     21  350.1         350.1
  150.0  14280  -67.9                          70     22  352.9         352.9
  114.0  15850  -79.5                          55     19  360.1         360.1
  102.0  16487  -84.3                          35     21  362.6         362.6
  100.0  16600  -85.1                          35     19  363.1         363.1
   97.0  16767  -86.2                          40     14  364.1         364.1
   91.0  17116  -88.6                          75     19  366.1         366.1
   90.7  17134  -88.7                          80     21  366.2         366.2
   86.0  17426  -86.1                          85     30  377.0         377.0
   82.0  17688  -83.8                          80     27  386.9         386.9
   81.2  17741  -83.3                          82     26  389.0         389.0
   77.8  17983  -77.5                          93     22  405.8         405.8
   74.0  18271  -77.5                         105     17  411.7         411.7
   70.0  18590  -77.5                         100     10  418.3         418.3
   67.0  18839  -78.3                          98     15  421.8         421.8
   63.0  19191  -75.8                          95     21  434.8         434.8
   60.7  19404  -74.3                          97     27  442.8         442.8
   55.3  19942  -74.9                         101     41  453.4         453.4
   51.0  20414  -71.0                         105     54  473.0         473.0
   50.0  20530  -70.1                         100     58  477.9         477.9
   48.0  20774  -68.9                          95     62  486.4         486.4
   44.0  21306  -62.5                          85     71  514.3         514.3
   42.6  21503  -60.1                          85     57  524.9         524.9
   41.4  21684  -54.9                          85     45  542.1         542.1
   40.0  21906  -53.2                          85     30  551.7         551.7
   38.8  22102  -51.7                         103     27  560.4         560.4
   38.0  22236  -52.4                         115     25  562.0         562.0
   35.1  22748  -54.9                         115     25  568.3         568.3
   35.0  22766  -54.7                         115     25  569.3         569.3
   33.0  23148  -50.8                          85      9  589.4         589.4
   32.1  23327  -48.9                         328     12  599.0         599.0
   32.0  23348  -49.0                         315     12  599.3         599.3
   30.0  23770  -50.7                         295     21  605.8         605.8
   28.0  24218  -51.8                         255     20  614.9         614.9
   27.1  24430  -52.3                         237     17  619.2         619.2
   26.0  24698  -52.0                         215     13  627.5         627.5
   24.0  25217  -51.4                         275     15  643.8         643.8
   23.2  25437  -51.1                                     650.8         650.8
</PRE><H3>Station information and sounding indices</H3><PRE>
                         Station identifier: WAAA
                             Station number: 97180
                           Observation time: 181106/0000
                           Station latitude: -5.06
                          Station longitude: 119.55
                          Station elevation: 14.0
                            Showalter index: -1.23
                               Lifted index: -2.90
    LIFT computed using virtual temperature: -3.51
                                SWEAT index: 213.38
                                    K index: 37.00
                         Cross totals index: 21.50
                      Vertical totals index: 23.90
                        Totals totals index: 45.40
      Convective Available Potential Energy: 764.72
             CAPE using virtual temperature: 914.08
                      Convective Inhibition: -50.94
             CINS using virtual temperature: -35.29
                           Equilibrum Level: 174.28
 Equilibrum Level using virtual temperature: 171.44
                   Level of Free Convection: 822.29
             LFCT using virtual temperature: 842.51
                     Bulk Richardson Number: 558.94
          Bulk Richardson Number using CAPV: 668.11
  Temp [K] of the Lifted Condensation Level: 294.25
Pres [hPa] of the Lifted Condensation Level: 926.28
     Mean mixed layer potential temperature: 300.77
              Mean mixed layer mixing ratio: 17.36
              1000 hPa to 500 hPa thickness: 5788.00
Precipitable water [mm] for entire sounding: 55.41
</PRE>
<P>Description of the 
<A HREF="/upperair/columns.html">data columns</A>
or <A HREF="/upperair/indices.html">sounding indices</A>.

<P>
<FORM>
<INPUT CLASS="button" TYPE="button" VALUE=" Close this window " 
 onClick="window.close();">
<INPUT CLASS="button" TYPE="button" VALUE=" Select another map " 
 onClick="window.blur();">
</FORM>
<HR SIZE="1">
<I>Interested in graduate studies in atmospheric science?
Check out our program at the
<a href="http://www.uwyo.edu/atsc/howtoapply/"
target=_top>University of Wyoming
</a></I>
<HR SIZE="1"><FONT SIZE="-1">
Questions about the weather data provided by this site can be
addressed to <A HREF="mailto:ldoolman@uwyo.edu">
Larry Oolman (ldoolman@uwyo.edu)</A></FONT>
<HR SIZE="1">
<SCRIPT TYPE="text/javascript">
<!--
window.focus();
// -->
</SCRIPT>
</BODY>
</HTML>
