2016-01-21 00
<HTML>
<TITLE>University of Wyoming - Radiosonde Data</TITLE>
<LINK REL="StyleSheet" HREF="/resources/select.css" TYPE="text/css">
<BODY BGCOLOR="white">
<H2>97180 WAAA Ujung Pandang Observations at 00Z 21 Jan 2016</H2>
<PRE>
-----------------------------------------------------------------------------
   PRES   HGHT   TEMP   DWPT   RELH   MIXR   DRCT   SKNT   THTA   THTE   THTV
    hPa     m      C      C      %    g/kg    deg   knot     K      K      K 
-----------------------------------------------------------------------------
 1010.0     14   25.6   23.8     90  18.78      0      0  297.9  352.6  301.2
 1000.0    100   25.4   22.9     86  17.94     25      2  298.6  351.0  301.8
  978.0    296   24.9   22.1     85  17.50     25      4  299.9  351.3  303.0
  960.0    460   24.4   21.5     84  17.14     39      3  301.0  351.6  304.1
  945.0    598   23.4   21.0     86  16.87     50      2  301.4  351.2  304.4
  925.0    786   22.0   20.3     90  16.50      0      0  301.8  350.7  304.8
  882.0   1198   19.9   17.8     88  14.73    170      4  303.7  347.7  306.4
  850.0   1517   18.2   15.8     86  13.46    140      4  305.2  345.7  307.7
  822.0   1804   16.6   14.5     88  12.82    115      6  306.4  345.2  308.8
  802.0   2015   15.4   13.6     89  12.35    108      5  307.3  344.9  309.6
  794.0   2099   15.0   13.2     89  12.11    105      4  307.8  344.6  310.0
  700.0   3161    9.6    7.5     87   9.38     80      8  313.1  342.4  314.9
  689.0   3290    9.0    6.8     86   9.07     85      8  313.8  342.3  315.5
  664.0   3593    7.5    5.2     85   8.40     90      8  315.5  342.1  317.1
  617.0   4193    4.6    1.9     83   7.17     65     10  318.8  342.0  320.2
  595.0   4489    3.1    0.3     82   6.61     90     17  320.5  342.0  321.7
  553.0   5088    0.2   -3.0     79   5.60     75     17  323.8  342.4  324.9
  550.0   5132    0.0   -3.2     79   5.53     76     17  324.0  342.4  325.1
  513.0   5686   -3.6   -5.3     88   5.05     85     16  326.2  343.2  327.2
  500.0   5890   -4.9   -6.1     91   4.88     80     16  327.0  343.5  328.0
  478.0   6244   -6.9   -8.6     88   4.20     80     17  328.8  343.2  329.6
  468.0   6409   -7.9   -9.7     87   3.94     80     18  329.5  343.1  330.3
  466.0   6443   -7.7  -14.7     57   2.64     80     18  330.2  339.5  330.7
  447.0   6766   -9.7  -10.8     92   3.78     80     20  331.6  344.8  332.4
  437.0   6941  -10.7  -14.3     75   2.91     80     20  332.5  342.8  333.1
  435.0   6977  -10.5  -21.5     40   1.59     80     20  333.2  339.0  333.5
  432.0   7030  -10.9  -21.9     40   1.54     80     21  333.3  339.0  333.6
  400.0   7620  -13.5  -32.5     19   0.63     80     23  337.4  339.8  337.5
  393.0   7754  -14.5  -32.5     20   0.64     79     22  337.8  340.3  337.9
  372.0   8168  -17.5  -29.5     34   0.90     77     21  339.1  342.6  339.3
  369.0   8229  -17.5  -36.5     17   0.46     76     21  339.9  341.8  340.0
  326.0   9142  -25.5  -34.5     43   0.63     71     17  341.1  343.6  341.3
  319.0   9299  -26.7  -31.9     61   0.83     70     16  341.5  344.8  341.7
  317.0   9345  -27.1  -31.2     68   0.90     72     16  341.6  345.1  341.8
  300.0   9740  -29.7  -41.7     30   0.33     90     17  343.4  344.8  343.5
  294.0   9883  -30.8  -43.4     28   0.28     95     14  343.9  345.1  343.9
  291.0   9956  -31.3  -44.3     27   0.26     93     14  344.1  345.2  344.2
  285.0  10102  -32.1  -38.1     55   0.50     88     15  345.0  347.1  345.1
  281.0  10202  -32.7  -42.7     36   0.32     85     16  345.5  346.8  345.6
  280.0  10227  -32.9  -43.9     32   0.28     86     16  345.6  346.8  345.7
  253.0  10929  -38.9  -44.9     53   0.28    116     20  346.9  348.1  347.0
  250.0  11010  -39.5  -43.4     66   0.33    120     21  347.2  348.6  347.3
  248.0  11065  -40.1  -44.3     64   0.30    123     21  347.1  348.4  347.2
  247.0  11092  -40.3                         125     21  347.2         347.2
  226.0  11685  -45.0                         120     14  348.9         348.9
  207.0  12271  -49.7                         140     16  350.5         350.5
  200.0  12500  -51.5                         135     16  351.1         351.1
  180.0  13159  -57.1                         140     17  352.6         352.6
  171.0  13480  -59.9                         130     14  353.2         353.2
  155.0  14095  -65.1                         165     14  354.3         354.3
  150.0  14300  -66.9                         170     16  354.6         354.6
  141.0  14666  -69.8                         165     14  355.9         355.9
  134.0  14967  -72.2                         155     12  356.8         356.8
  124.0  15425  -75.9                         109     16  358.1         358.1
  120.0  15614  -76.3                          90     17  360.8         360.8
  114.0  15909  -76.9                          85     14  365.0         365.0
  109.0  16167  -77.5                         180      8  368.6         368.6
  105.0  16382  -77.9                         193     11  371.8         371.8
  103.0  16492  -78.5                         200     12  372.6         372.6
  100.0  16660  -79.5                         190     10  373.9         373.9
   93.0  17062  -81.6                         145     14  377.6         377.6
   83.0  17692  -84.8                         170     23  383.5         383.5
   79.0  17965  -86.2                         160     25  386.0         386.0
   75.6  18208  -87.5                         125     23  388.3         388.3
   75.0  18253  -86.2                         110     19  391.9         391.9
   71.0  18560  -76.9                          35     14  417.8         417.8
   70.4  18607  -75.5                          29     14  421.9         421.9
   70.0  18640  -75.5                          25     14  422.5         422.5
   64.1  19158  -70.5                         297     19  444.3         444.3
   64.0  19167  -70.5                         295     19  444.4         444.4
   55.0  20065  -71.5                         250     41  461.9         461.9
   50.0  20630  -72.1                         230     23  473.2         473.2
   44.1  21370  -71.1                         172      9  492.9         492.9
   43.0  21522  -69.6                         160      6  500.1         500.1
   40.1  21940  -65.5                         141      8  520.5         520.5
   37.0  22429  -65.0                         120     10  534.0         534.0
   36.7  22479  -64.9                         115      9  535.4         535.4
   35.0  22771  -62.2                          85      2  549.8         549.8
   33.3  23079  -59.3                         148      7  565.3         565.3
   33.0  23135  -59.4                         160      8  566.5         566.5
   30.0  23730  -60.3                         245      8  579.7         579.7
   29.0  23942  -60.2                         250      4  585.6         585.6
   27.0  24389  -59.9                         295     10  598.4         598.4
   24.0  25125  -59.5                         275     19  620.1         620.1
   23.0  25391  -59.4                         260     19  628.1         628.1
   21.0  25960  -59.0                         315     10  645.6         645.6
   20.1  26233  -58.9                                     654.2         654.2
</PRE><H3>Station information and sounding indices</H3><PRE>
                         Station identifier: WAAA
                             Station number: 97180
                           Observation time: 160121/0000
                           Station latitude: -5.06
                          Station longitude: 119.55
                          Station elevation: 14.0
                            Showalter index: -0.25
                               Lifted index: -2.32
    LIFT computed using virtual temperature: -2.57
                                SWEAT index: 213.61
                                    K index: 36.80
                         Cross totals index: 20.70
                      Vertical totals index: 23.10
                        Totals totals index: 43.80
      Convective Available Potential Energy: 559.57
             CAPE using virtual temperature: 667.01
                      Convective Inhibition: -29.76
             CINS using virtual temperature: -22.22
                           Equilibrum Level: 206.99
 Equilibrum Level using virtual temperature: 207.00
                   Level of Free Convection: 832.54
             LFCT using virtual temperature: 856.98
                     Bulk Richardson Number: 118.52
          Bulk Richardson Number using CAPV: 141.27
  Temp [K] of the Lifted Condensation Level: 294.85
Pres [hPa] of the Lifted Condensation Level: 945.21
     Mean mixed layer potential temperature: 299.65
              Mean mixed layer mixing ratio: 17.64
              1000 hPa to 500 hPa thickness: 5790.00
Precipitable water [mm] for entire sounding: 61.79
</PRE>
<P>Description of the 
<A HREF="/upperair/columns.html">data columns</A>
or <A HREF="/upperair/indices.html">sounding indices</A>.

<P>
<FORM>
<INPUT CLASS="button" TYPE="button" VALUE=" Close this window " 
 onClick="window.close();">
<INPUT CLASS="button" TYPE="button" VALUE=" Select another map " 
 onClick="window.blur();">
</FORM>
<HR SIZE="1">
<I>Interested in graduate studies in atmospheric science?
Check out our program at the
<a href="http://www.uwyo.edu/atsc/howtoapply/"
target=_top>University of Wyoming
</a></I>
<HR SIZE="1"><FONT SIZE="-1">
Questions about the weather data provided by this site can be
addressed to <A HREF="mailto:ldoolman@uwyo.edu">
Larry Oolman (ldoolman@uwyo.edu)</A></FONT>
<HR SIZE="1">
<SCRIPT TYPE="text/javascript">
<!--
window.focus();
// -->
</SCRIPT>
</BODY>
</HTML>
