2016-12-21 12
<HTML>
<TITLE>University of Wyoming - Radiosonde Data</TITLE>
<LINK REL="StyleSheet" HREF="/resources/select.css" TYPE="text/css">
<BODY BGCOLOR="white">
<H2>97180 WAAA Ujung Pandang Observations at 00Z 21 Dec 2016</H2>
<PRE>
-----------------------------------------------------------------------------
   PRES   HGHT   TEMP   DWPT   RELH   MIXR   DRCT   SKNT   THTA   THTE   THTV
    hPa     m      C      C      %    g/kg    deg   knot     K      K      K 
-----------------------------------------------------------------------------
 1007.0     14   27.6   25.1     86  20.42      0      0  300.1  360.3  303.8
 1000.0     73   28.0   23.1     75  18.17    335      6  301.1  354.9  304.4
  997.0    100   28.4   23.4     74  18.57    334      7  301.8  356.9  305.1
  975.0    298   26.9   21.9     74  17.31    330     16  302.2  353.6  305.4
  925.0    765   23.4   18.4     74  14.62    330     23  303.2  346.8  305.9
  871.0   1286   18.8   17.2     90  14.38    319     24  303.7  346.7  306.3
  850.0   1495   17.6   16.1     91  13.73    315     24  304.6  345.7  307.1
  789.0   2130   14.0   13.4     96  12.40    300     28  307.3  344.9  309.6
  775.0   2281   11.4    9.0     85   9.38    297     29  306.1  334.6  307.8
  755.0   2500   10.0    5.0     71   7.29    292     30  306.8  329.3  308.2
  754.0   2511   10.0    5.1     72   7.36    292     30  306.9  329.6  308.3
  736.0   2713   11.0    7.9     81   9.16    287     31  310.2  338.5  311.9
  733.0   2747   10.8    9.4     91  10.20    286     31  310.3  341.8  312.2
  719.0   2909   11.0    9.5     90  10.47    282     32  312.2  344.8  314.2
  711.0   3002   11.5    6.0     69   8.34    280     33  313.8  340.1  315.4
  710.0   3014   11.6    5.6     67   8.10    280     33  314.0  339.6  315.6
  705.0   3073   11.6    5.6     67   8.15    283     32  314.7  340.5  316.2
  700.0   3133   11.2    5.2     67   7.98    285     31  314.9  340.2  316.4
  606.0   4324    4.2   -0.8     70   5.99    279     23  320.0  339.6  321.2
  550.0   5107    0.9   -4.8     65   4.88    275     18  325.1  341.5  326.1
  535.0   5331    0.0   -6.0     64   4.59    284     15  326.6  342.2  327.5
  511.0   5697   -2.3   -8.3     63   4.02    300     10  328.1  341.9  328.9
  505.0   5791   -2.9   -8.9     63   3.88    316      9  328.5  341.9  329.3
  500.0   5870   -3.7   -9.7     63   3.68    330      9  328.5  341.2  329.2
  492.0   5996   -4.9   -9.9     68   3.68    335      9  328.5  341.2  329.2
  473.0   6304   -7.9  -10.5     82   3.65    338     10  328.5  341.1  329.2
  458.0   6554  -10.1  -11.0     93   3.63    340     10  328.8  341.3  329.5
  455.0   6604  -10.5  -11.2     94   3.60    340     10  329.0  341.4  329.7
  453.0   6638  -10.7  -11.3     95   3.58    344     10  329.1  341.5  329.8
  452.0   6655  -10.7  -11.9     91   3.42    346     10  329.3  341.2  330.0
  447.0   6741   -9.7  -13.4     74   3.06    356     10  331.6  342.4  332.2
  444.0   6793   -9.3  -14.1     68   2.91      2     10  332.7  343.1  333.3
  438.0   6896  -10.0  -14.7     68   2.80     15     10  333.2  343.1  333.7
  421.0   7199  -11.9  -16.6     69   2.51     35     10  334.4  343.5  334.9
  405.0   7495  -13.9  -18.3     69   2.24     35      6  335.7  343.8  336.1
  400.0   7590  -14.5  -18.9     69   2.16     25      5  336.1  343.9  336.5
  389.0   7799  -15.9  -20.1     71   2.01    340      6  336.9  344.2  337.3
  374.0   8095  -18.0  -21.7     73   1.82    345     10  338.0  344.7  338.4
  363.0   8319  -19.5  -22.9     74   1.68     11     10  338.8  345.1  339.2
  359.0   8401  -19.6  -24.5     65   1.47     20     10  339.8  345.3  340.1
  356.0   8463  -19.7  -25.7     59   1.33     26     10  340.4  345.5  340.7
  345.0   8692  -21.5  -28.0     55   1.11     50     12  341.1  345.4  341.4
  318.0   9286  -26.0  -34.0     47   0.68     55     14  342.8  345.5  343.0
  300.0   9710  -29.3  -38.3     41   0.47     30      6  344.0  345.9  344.1
  292.0   9902  -30.7  -40.8     36   0.37     20      5  344.6  346.1  344.7
  272.0  10405  -34.5  -47.5     26   0.19     57      7  346.2  347.0  346.2
  268.0  10508  -35.4  -47.3     28   0.20     65      7  346.4  347.2  346.4
  250.0  10990  -39.5  -46.5     47   0.24     65     16  347.2  348.2  347.2
  248.0  11045  -39.9  -46.9     47   0.23     66     17  347.4  348.4  347.4
  235.0  11401  -42.8                          75     21  348.5         348.5
  200.0  12470  -51.3                          95     40  351.4         351.4
  196.0  12596  -52.5                         100     42  351.6         351.6
  150.0  14260  -67.9                         100     44  352.9         352.9
  147.0  14379  -69.0                          95     45  353.0         353.0
  135.0  14882  -73.9                          94     51  353.1         353.1
  107.0  16197  -82.3                          90     66  361.5         361.5
  100.0  16580  -84.7                          85     61  363.8         363.8
   91.3  17079  -87.7                          80     63  367.5         367.5
   91.0  17097  -87.4                          80     63  368.5         368.5
   86.9  17351  -82.7                          78     46  382.8         382.8
   83.8  17554  -82.5                          76     32  387.1         387.1
   82.0  17676  -78.9                          75     24  396.9         396.9
   78.0  17962  -78.5                          85     11  403.4         403.4
   74.0  18263  -78.1                         340      7  410.4         410.4
   70.0  18580  -77.7                         290      4  417.8         417.8
   66.6  18866  -77.3                         247      8  424.7         424.7
   65.0  19007  -74.9                         227     10  432.9         432.9
   63.0  19188  -75.5                         200     12  435.5         435.5
   60.3  19442  -76.3                         182      7  439.1         439.1
   60.0  19471  -76.1                         180      6  440.3         440.3
   57.1  19760  -73.9                         291      6  451.5         451.5
   57.0  19770  -73.6                         295      6  452.3         452.3
   55.8  19895  -70.5                         295      7  462.2         462.2
   54.6  20025  -70.7                         295      8  464.6         464.6
   54.0  20091  -68.9                         295      9  470.3         470.3
   52.9  20215  -65.5                         281     10  480.9         480.9
   51.0  20439  -64.8                         255     13  487.5         487.5
   50.0  20560  -64.5                         245     16  491.1         491.1
   49.0  20683  -64.9                         240     17  493.1         493.1
   46.7  20975  -65.7                         249     21  497.9         497.9
   44.0  21343  -63.5                         260     27  511.8         511.8
   42.0  21631  -61.7                         245     29  523.0         523.0
   38.0  22249  -58.0                         250     23  547.7         547.7
   37.5  22331  -57.5                         248     23  551.0         551.0
   35.0  22764  -58.2                         235     24  560.2         560.2
   32.0  23325  -59.1                         250     30  572.4         572.4
   30.0  23730  -59.7                         235     26  581.3         581.3
   29.0  23940  -61.1                         225     22  583.0         583.0
   28.9  23961  -61.3                         226     22  583.1         583.1
   25.0  24856  -61.0                         250     28  608.6         608.6
   24.0  25108  -60.9                         255     25  616.0         616.0
   23.7  25186  -60.9                         270     19  618.3         618.3
   23.0  25374  -58.7                         305      6  630.2         630.2
   22.0  25652  -55.4                          10     16  648.0         648.0
   21.8  25710  -54.7                           4     17  651.8         651.8
   21.0  25948  -53.8                         340     19  661.4         661.4
   20.0  26260  -52.7                         340     21  674.1         674.1
   19.9  26292  -52.5                         339     21  675.7         675.7
   18.0  26942  -52.2                         320     29  696.2         696.2
   14.0  28570  -51.5                         285     18  750.5         750.5
   13.1  29000  -51.3                                     765.6         765.6
</PRE><H3>Station information and sounding indices</H3><PRE>
                         Station identifier: WAAA
                             Station number: 97180
                           Observation time: 161221/0000
                           Station latitude: -5.06
                          Station longitude: 119.55
                          Station elevation: 14.0
                            Showalter index: 0.93
                               Lifted index: -2.04
    LIFT computed using virtual temperature: -2.56
                                SWEAT index: 250.21
                                    K index: 31.40
                         Cross totals index: 19.80
                      Vertical totals index: 21.30
                        Totals totals index: 41.10
      Convective Available Potential Energy: 1050.50
             CAPE using virtual temperature: 1200.52
                      Convective Inhibition: -18.46
             CINS using virtual temperature: -9.73
                           Equilibrum Level: 131.86
 Equilibrum Level using virtual temperature: 131.61
                   Level of Free Convection: 884.21
             LFCT using virtual temperature: 894.21
                     Bulk Richardson Number: 49.17
          Bulk Richardson Number using CAPV: 56.19
  Temp [K] of the Lifted Condensation Level: 294.20
Pres [hPa] of the Lifted Condensation Level: 912.57
     Mean mixed layer potential temperature: 302.01
              Mean mixed layer mixing ratio: 17.59
              1000 hPa to 500 hPa thickness: 5797.00
Precipitable water [mm] for entire sounding: 58.18
</PRE>
<P>Description of the 
<A HREF="/upperair/columns.html">data columns</A>
or <A HREF="/upperair/indices.html">sounding indices</A>.

<P>
<FORM>
<INPUT CLASS="button" TYPE="button" VALUE=" Close this window " 
 onClick="window.close();">
<INPUT CLASS="button" TYPE="button" VALUE=" Select another map " 
 onClick="window.blur();">
</FORM>
<HR SIZE="1">
<I>Interested in graduate studies in atmospheric science?
Check out our program at the
<a href="http://www.uwyo.edu/atsc/howtoapply/"
target=_top>University of Wyoming
</a></I>
<HR SIZE="1"><FONT SIZE="-1">
Questions about the weather data provided by this site can be
addressed to <A HREF="mailto:ldoolman@uwyo.edu">
Larry Oolman (ldoolman@uwyo.edu)</A></FONT>
<HR SIZE="1">
<SCRIPT TYPE="text/javascript">
<!--
window.focus();
// -->
</SCRIPT>
</BODY>
</HTML>
