2017-06-25 12
<HTML>
<TITLE>University of Wyoming - Radiosonde Data</TITLE>
<LINK REL="StyleSheet" HREF="/resources/select.css" TYPE="text/css">
<BODY BGCOLOR="white">
<H2>97180 WAAA Ujung Pandang Observations at 00Z 25 Jun 2017</H2>
<PRE>
-----------------------------------------------------------------------------
   PRES   HGHT   TEMP   DWPT   RELH   MIXR   DRCT   SKNT   THTA   THTE   THTV
    hPa     m      C      C      %    g/kg    deg   knot     K      K      K 
-----------------------------------------------------------------------------
 1010.0     14   24.2   22.7     91  17.54      0      0  296.5  347.3  299.6
 1000.0     97   25.2   21.7     81  16.64    120      3  298.4  346.9  301.3
  977.0    300   24.0   20.6     81  15.87     70      3  299.1  345.6  302.0
  944.0    599   22.2   18.9     81  14.77     15      4  300.3  343.8  302.9
  925.0    776   21.2   17.9     81  14.15     45      5  301.0  342.8  303.5
  912.0    899   20.5   17.3     82  13.84     65      5  301.4  342.4  303.9
  881.0   1198   18.7   15.9     84  13.10     90      5  302.6  341.6  304.9
  851.0   1498   16.9   14.6     86  12.38     40      5  303.7  340.8  305.9
  850.0   1508   16.8   14.5     86  12.36     40      5  303.7  340.7  306.0
  821.0   1803   15.1   13.6     91  12.07     15      5  305.0  341.3  307.2
  777.0   2270   12.4   12.2     99  11.62     23      6  306.9  342.2  309.0
  765.0   2401   11.2   10.3     94  10.37     25      6  307.0  338.5  308.9
  759.0   2467   10.6    9.3     92   9.78     23      6  307.0  336.8  308.8
  748.0   2589   11.2    8.5     83   9.40     19      5  308.9  337.9  310.7
  738.0   2701   10.6    7.9     83   9.15     15      5  309.5  337.7  311.2
  712.0   2999    9.0    6.3     84   8.50     45      5  310.9  337.3  312.5
  700.0   3141    8.2    5.6     84   8.21     60      7  311.5  337.2  313.1
  660.0   3627    7.2    2.2     71   6.84     74      9  315.7  337.6  317.0
  562.0   4934    0.0   -4.9     70   4.75    110     15  322.0  337.9  323.0
  551.0   5091   -1.1   -5.4     73   4.67    115     16  322.5  338.1  323.4
  516.0   5613   -4.9   -7.0     85   4.41    107     14  324.1  338.9  324.9
  510.0   5704   -5.3   -8.3     79   4.04    105     14  324.7  338.4  325.5
  500.0   5860   -5.9  -10.4     71   3.48    115     13  325.8  337.7  326.5
  457.0   6558   -9.5  -14.3     68   2.78    128     11  329.8  339.5  330.3
  437.0   6898  -12.0  -15.5     75   2.63    135     10  330.8  340.1  331.3
  420.0   7200  -14.3  -16.6     83   2.51    155      3  331.7  340.6  332.2
  404.0   7495  -16.5  -17.6     91   2.39    350      7  332.5  341.1  333.0
  401.0   7551  -16.9  -17.8     93   2.37      5      8  332.7  341.2  333.2
  400.0   7570  -17.1  -17.8     94   2.37     10      8  332.7  341.2  333.1
  388.0   7798  -18.2  -19.7     88   2.07     50     11  334.2  341.7  334.6
  378.0   7993  -19.1  -21.4     82   1.84     56     11  335.5  342.2  335.8
  337.0   8836  -26.1  -26.4     97   1.32     80     14  337.1  342.1  337.4
  330.0   8987  -27.0  -27.8     93   1.19     85     14  337.9  342.4  338.1
  300.0   9670  -31.1  -33.9     76   0.73     60     19  341.4  344.3  341.6
  292.0   9862  -32.9  -36.6     69   0.57     53     19  341.5  343.8  341.6
  262.0  10619  -38.7  -42.5     67   0.35     23     19  343.8  345.2  343.8
  256.0  10778  -40.1  -47.1     47   0.21     16     19  344.0  344.9  344.0
  255.0  10805  -40.3                          15     19  344.1         344.1
  250.0  10940  -41.3                          15     20  344.5         344.5
  223.0  11701  -46.4                          30     23  348.1         348.1
  213.0  12007  -48.5                          50     15  349.5         349.5
  209.0  12133  -49.3                          68     15  350.1         350.1
  204.0  12291  -50.6                          90     14  350.5         350.5
  200.0  12420  -51.7                          95     15  350.7         350.7
  185.0  12909  -56.2                         115     14  351.3         351.3
  169.0  13476  -61.5                          85     13  351.7         351.7
  159.0  13858  -65.1                          82     10  351.8         351.8
  153.0  14090  -66.7                          80      8  353.0         353.0
  150.0  14210  -67.5                          85      5  353.6         353.6
  145.0  14411  -69.2                          60      6  354.0         354.0
  135.0  14834  -72.9                          71      7  354.9         354.9
  131.0  15009  -73.5                          75      8  356.8         356.8
  125.0  15281  -74.5                          25      6  359.8         359.8
  118.0  15615  -75.7                          40      8  363.5         363.5
  116.0  15714  -76.1                          66      7  364.6         364.6
  112.0  15917  -75.9                         120      5  368.7         368.7
  107.0  16180  -75.7                         135     11  374.0         374.0
  101.0  16513  -75.3                           0      1  380.8         380.8
  100.0  16570  -75.3                         255      2  382.0         382.0
   96.0  16805  -76.5                         245      9  384.2         384.2
   88.0  17306  -78.9                         272     29  389.0         389.0
   87.0  17372  -78.6                         275     32  390.8         390.8
   74.0  18308  -74.5                         255     56  418.0         418.0
   70.0  18630  -73.1                         255     58  427.7         427.7
   68.7  18739  -73.9                         255     53  428.2         428.2
   66.9  18895  -69.9                         255     46  440.2         440.2
   64.0  19162  -68.4                         255     35  449.1         449.1
   52.8  20325  -61.7                         278     36  490.0         490.0
   50.0  20660  -62.1                         285     36  496.7         496.7
   47.0  21041  -63.6                         285     33  502.0         502.0
   46.0  21173  -64.1                         284     32  503.9         503.9
   44.2  21419  -61.5                         282     31  516.0         516.0
   43.0  21590  -61.7                         280     30  519.6         519.6
   37.0  22519  -62.7                         230     17  539.9         539.9
   35.8  22723  -62.9                         201     14  544.4         544.4
   34.0  23043  -62.0                         155     10  554.9         554.9
   32.0  23419  -60.9                          55     14  567.6         567.6
   31.0  23616  -60.3                          50     25  574.3         574.3
   30.0  23820  -59.7                          65     25  581.3         581.3
   28.0  24251  -59.7                          95     28  592.9         592.9
   27.2  24432  -59.7                          91     34  597.8         597.8
   25.0  24967  -58.1                          80     51  617.0         617.0
   20.0  26380  -53.9                         100     44  670.4         670.4
   18.4  26916  -53.5                          99     46  687.9         687.9
   16.1  27784  -48.7                          97     49  730.2         730.2
   13.0  29186  -49.4                          95     53  773.8         773.8
   12.6  29391  -49.5                                     780.4         780.4
</PRE><H3>Station information and sounding indices</H3><PRE>
                         Station identifier: WAAA
                             Station number: 97180
                           Observation time: 170625/0000
                           Station latitude: -5.06
                          Station longitude: 119.55
                          Station elevation: 14.0
                            Showalter index: 0.70
                               Lifted index: -1.30
    LIFT computed using virtual temperature: -1.62
                                SWEAT index: 196.98
                                    K index: 34.60
                         Cross totals index: 20.40
                      Vertical totals index: 22.70
                        Totals totals index: 43.10
      Convective Available Potential Energy: 300.07
             CAPE using virtual temperature: 372.53
                      Convective Inhibition: -35.11
             CINS using virtual temperature: -25.21
                           Equilibrum Level: 263.97
 Equilibrum Level using virtual temperature: 263.07
                   Level of Free Convection: 835.05
             LFCT using virtual temperature: 855.13
                     Bulk Richardson Number: 137.49
          Bulk Richardson Number using CAPV: 170.69
  Temp [K] of the Lifted Condensation Level: 293.20
Pres [hPa] of the Lifted Condensation Level: 935.55
     Mean mixed layer potential temperature: 298.85
              Mean mixed layer mixing ratio: 16.08
              1000 hPa to 500 hPa thickness: 5763.00
Precipitable water [mm] for entire sounding: 56.18
</PRE>
<P>Description of the 
<A HREF="/upperair/columns.html">data columns</A>
or <A HREF="/upperair/indices.html">sounding indices</A>.

<P>
<FORM>
<INPUT CLASS="button" TYPE="button" VALUE=" Close this window " 
 onClick="window.close();">
<INPUT CLASS="button" TYPE="button" VALUE=" Select another map " 
 onClick="window.blur();">
</FORM>
<HR SIZE="1">
<I>Interested in graduate studies in atmospheric science?
Check out our program at the
<a href="http://www.uwyo.edu/atsc/howtoapply/"
target=_top>University of Wyoming
</a></I>
<HR SIZE="1"><FONT SIZE="-1">
Questions about the weather data provided by this site can be
addressed to <A HREF="mailto:ldoolman@uwyo.edu">
Larry Oolman (ldoolman@uwyo.edu)</A></FONT>
<HR SIZE="1">
<SCRIPT TYPE="text/javascript">
<!--
window.focus();
// -->
</SCRIPT>
</BODY>
</HTML>
