2018-04-16 12
<HTML>
<TITLE>University of Wyoming - Radiosonde Data</TITLE>
<LINK REL="StyleSheet" HREF="/resources/select.css" TYPE="text/css">
<BODY BGCOLOR="white">
<H2>97180 WAAA Ujung Pandang Observations at 00Z 16 Apr 2018</H2>
<PRE>
-----------------------------------------------------------------------------
   PRES   HGHT   TEMP   DWPT   RELH   MIXR   DRCT   SKNT   THTA   THTE   THTV
    hPa     m      C      C      %    g/kg    deg   knot     K      K      K 
-----------------------------------------------------------------------------
 1008.0     14   25.8   24.3     91  19.41    150      3  298.3  355.0  301.7
 1000.0     85   25.0   22.6     87  17.61    120      3  298.1  349.5  301.3
  976.0    299   24.7   21.9     85  17.34      0      4  299.9  350.8  303.0
  956.0    481   24.4   21.4     83  17.10     51      2  301.4  352.0  304.5
  943.0    601   23.8   20.6     82  16.46     85      1  302.0  350.8  305.0
  925.0    770   23.0   19.4     80  15.58    140      4  302.8  349.2  305.6
  912.0    894   22.4   17.9     76  14.39    135      5  303.4  346.4  306.1
  890.0   1108   21.4   15.4     69  12.51    109      5  304.5  342.1  306.8
  858.0   1427   18.8   16.4     86  13.87     69      5  305.0  346.7  307.5
  851.0   1498   19.0   15.7     81  13.36     60      5  305.9  346.2  308.4
  850.0   1508   19.0   15.6     81  13.29     60      5  306.0  346.1  308.5
  822.0   1794   17.3   12.5     73  11.17     90     12  307.1  341.1  309.2
  799.0   2036   15.8    9.8     68   9.61     94     14  308.1  337.5  309.9
  765.0   2402   12.9   10.7     86  10.67    100     16  308.9  341.6  310.8
  761.0   2446   12.6   10.8     89  10.80     97     16  308.9  342.1  310.9
  739.0   2691   11.6    9.6     88  10.28     80     16  310.5  342.2  312.4
  700.0   3143    9.8    7.5     86   9.38     85     15  313.3  342.7  315.1
  679.0   3396    7.8    6.2     90   8.83     93     16  313.8  341.6  315.5
  649.0   3769    7.4    3.5     76   7.64    106     18  317.4  341.9  318.9
  639.0   3897    6.7    2.0     72   6.97    110     19  318.0  340.5  319.4
  622.0   4118    5.4   -0.6     65   5.92    103     18  319.0  338.3  320.2
  616.0   4197    4.9   -0.8     67   5.90    100     17  319.4  338.6  320.5
  558.0   4998    0.0   -2.6     83   5.70    113     18  322.7  341.5  323.8
  545.0   5186   -1.3   -4.1     81   5.21    116     18  323.3  340.7  324.4
  531.0   5394   -1.8  -12.7     43   2.74    120     18  325.1  334.6  325.6
  529.0   5424   -1.9  -13.9     39   2.48    120     18  325.4  334.0  325.9
  520.0   5560   -2.7  -19.7     26   1.55    118     19  326.0  331.6  326.3
  517.0   5606   -3.1  -17.1     33   1.95    118     19  326.1  333.0  326.4
  516.0   5621   -3.1  -20.1     26   1.51    118     19  326.2  331.7  326.5
  512.0   5683   -3.7  -10.7     58   3.32    117     19  326.2  337.7  326.9
  511.0   5698   -3.7   -8.7     68   3.90    117     19  326.4  339.7  327.2
  507.0   5760   -3.5  -17.5     33   1.92    116     20  327.4  334.2  327.8
  500.0   5870   -4.3  -23.3     21   1.18    115     20  327.7  332.1  328.0
  484.0   6125   -5.5  -26.5     17   0.91    110     20  329.3  332.7  329.5
  450.0   6691   -9.3  -27.3     22   0.91     99     21  331.5  334.9  331.6
  438.0   6898  -10.5  -23.0     35   1.39     95     21  332.5  337.6  332.8
  421.0   7202  -12.3  -16.6     70   2.49     91     17  334.0  342.9  334.5
  400.0   7590  -14.9  -15.8     93   2.81     85     11  335.5  345.6  336.1
  395.0   7685  -15.7  -16.3     95   2.73     85     10  335.7  345.5  336.2
  391.0   7762  -16.3  -16.8     96   2.64     85      9  335.9  345.4  336.4
  389.0   7800  -16.3  -17.2     93   2.57     85      8  336.4  345.7  336.9
  386.0   7859  -15.5  -20.2     67   2.00     90      8  338.2  345.6  338.6
  384.0   7898  -15.3  -21.3     60   1.83     93      8  338.9  345.8  339.3
  359.0   8398  -19.2  -23.7     68   1.59    135      7  340.3  346.3  340.6
  332.0   8978  -23.7  -26.4     78   1.34    130      4  341.8  346.9  342.1
  331.0   9000  -23.9  -26.6     78   1.32    130      4  341.9  346.9  342.2
  318.0   9289  -26.0  -29.4     73   1.06    305      3  342.9  347.0  343.1
  305.0   9591  -28.2  -32.3     68   0.83    120      2  343.9  347.2  344.0
  300.0   9710  -29.1  -33.5     66   0.76    115      5  344.2  347.3  344.4
  299.0   9734  -29.3  -34.3     62   0.70    113      6  344.3  347.1  344.4
  292.0   9902  -30.7  -35.0     66   0.67    100     11  344.7  347.4  344.8
  282.0  10150  -32.7  -36.1     72   0.62    106     10  345.2  347.7  345.4
  268.0  10507  -35.1  -42.5     47   0.34    115      9  346.7  348.1  346.8
  266.0  10560  -35.5  -43.5     44   0.31    103      8  346.9  348.2  347.0
  257.0  10799  -37.2  -46.3     38   0.23     50      3  347.9  348.9  348.0
  250.0  10990  -38.5  -48.5     34   0.19     10      4  348.7  349.5  348.7
  246.0  11101  -39.6  -48.8     37   0.18    345      4  348.6  349.4  348.7
  245.0  11128  -39.9  -48.9     38   0.18    342      4  348.6  349.4  348.6
  235.0  11406  -42.3                         315      8  349.1         349.1
  225.0  11696  -44.9                         340     10  349.6         349.6
  200.0  12480  -51.7                         330     14  350.7         350.7
  196.0  12606  -52.8                         320     15  350.9         350.9
  179.0  13174  -58.0                         275     13  351.8         351.8
  156.0  14034  -65.7                         289     17  352.7         352.7
  154.0  14111  -66.3                         290     17  353.0         353.0
  150.0  14270  -67.5                         285     16  353.6         353.6
  133.0  14961  -72.7                         270      9  356.8         356.8
  126.0  15272  -75.0                         330      3  358.1         358.1
  120.0  15552  -77.1                           0      1  359.3         359.3
  114.0  15847  -79.3                         165      6  360.6         360.6
  100.0  16600  -84.9                         115      6  363.4         363.4
   91.8  17069  -86.8                          90      9  368.8         368.8
   84.7  17512  -88.5                         105     25  373.8         373.8
   82.6  17649  -87.1                         109     24  379.4         379.4
   82.2  17678  -86.0                         110     24  382.2         382.2
   80.6  17785  -81.9                         103     24  392.7         392.7
   77.8  17983  -79.7                          90     23  401.3         401.3
   76.7  18066  -78.7                          94     21  405.0         405.0
   70.8  18525  -78.5                         117     13  414.8         414.8
   70.0  18590  -77.5                         120     12  418.3         418.3
   63.1  19202  -74.9                         135     13  436.5         436.5
   60.0  19507  -73.6                         265      4  445.9         445.9
   56.9  19812  -72.3                         265     13  455.4         455.4
   54.1  20117  -71.0                         310     12  465.1         465.1
   51.4  20422  -69.8                         320     15  475.0         475.0
   50.0  20580  -69.1                         225      8  480.2         480.2
   46.4  21031  -67.9                         200      7  493.5         493.5
   44.1  21336  -67.0                          85     11  502.6         502.6
   38.0  22250  -64.6                         110     22  531.0         531.0
   34.3  22860  -62.9                          90     52  550.9         550.9
   30.0  23680  -60.7                          75     55  578.6         578.6
   28.2  24079  -58.9                          75     55  594.0         594.0
   22.2  25603  -52.1                          90     73  656.1         656.1
   20.0  26270  -49.1                          80     71  685.1         685.1
   17.1  27319  -46.8                          90     77  723.7         723.7
   16.1  27737  -45.9                          90     77  739.7         739.7
   10.2  30785  -39.4                         100     65  866.8         866.8
   10.0  30910  -39.1                          85     47  872.4         872.4
</PRE><H3>Station information and sounding indices</H3><PRE>
                         Station identifier: WAAA
                             Station number: 97180
                           Observation time: 180416/0000
                           Station latitude: -5.06
                          Station longitude: 119.55
                          Station elevation: 14.0
                            Showalter index: 0.18
                               Lifted index: -1.58
    LIFT computed using virtual temperature: -2.41
                                SWEAT index: 217.19
                                    K index: 36.60
                         Cross totals index: 19.90
                      Vertical totals index: 23.30
                        Totals totals index: 43.20
      Convective Available Potential Energy: 424.12
             CAPE using virtual temperature: 544.46
                      Convective Inhibition: -69.18
             CINS using virtual temperature: -48.40
                           Equilibrum Level: 225.81
 Equilibrum Level using virtual temperature: 225.68
                   Level of Free Convection: 794.01
             LFCT using virtual temperature: 821.79
                     Bulk Richardson Number: 27.49
          Bulk Richardson Number using CAPV: 35.29
  Temp [K] of the Lifted Condensation Level: 294.69
Pres [hPa] of the Lifted Condensation Level: 943.39
     Mean mixed layer potential temperature: 299.65
              Mean mixed layer mixing ratio: 17.50
              1000 hPa to 500 hPa thickness: 5785.00
Precipitable water [mm] for entire sounding: 56.49
</PRE>
<P>Description of the 
<A HREF="/upperair/columns.html">data columns</A>
or <A HREF="/upperair/indices.html">sounding indices</A>.

<P>
<FORM>
<INPUT CLASS="button" TYPE="button" VALUE=" Close this window " 
 onClick="window.close();">
<INPUT CLASS="button" TYPE="button" VALUE=" Select another map " 
 onClick="window.blur();">
</FORM>
<HR SIZE="1">
<I>Interested in graduate studies in atmospheric science?
Check out our program at the
<a href="http://www.uwyo.edu/atsc/howtoapply/"
target=_top>University of Wyoming
</a></I>
<HR SIZE="1"><FONT SIZE="-1">
Questions about the weather data provided by this site can be
addressed to <A HREF="mailto:ldoolman@uwyo.edu">
Larry Oolman (ldoolman@uwyo.edu)</A></FONT>
<HR SIZE="1">
<SCRIPT TYPE="text/javascript">
<!--
window.focus();
// -->
</SCRIPT>
</BODY>
</HTML>
