2018-04-07 12
<HTML>
<TITLE>University of Wyoming - Radiosonde Data</TITLE>
<LINK REL="StyleSheet" HREF="/resources/select.css" TYPE="text/css">
<BODY BGCOLOR="white">
<H2>97180 WAAA Ujung Pandang Observations at 00Z 07 Apr 2018</H2>
<PRE>
-----------------------------------------------------------------------------
   PRES   HGHT   TEMP   DWPT   RELH   MIXR   DRCT   SKNT   THTA   THTE   THTV
    hPa     m      C      C      %    g/kg    deg   knot     K      K      K 
-----------------------------------------------------------------------------
 1011.0     14   25.4   23.7     90  18.65    330      4  297.6  351.9  300.9
 1000.0    107   25.0   22.0     83  16.96    320      7  298.1  347.6  301.2
  978.0    302   23.4   21.4     89  16.69    310      9  298.4  347.2  301.4
  954.0    521   21.6   20.7     95  16.40    328      9  298.7  346.7  301.7
  925.0    790   21.0   20.2     95  16.40    350      8  300.8  349.1  303.7
  913.0    904   20.5   19.7     95  16.12    355      6  301.4  349.1  304.3
  905.0    980   20.2   19.4     95  15.93    358      5  301.8  349.0  304.7
  882.0   1202   18.7   18.0     95  14.92      5      4  302.5  346.9  305.2
  852.0   1501   16.7   16.0     96  13.63    310      1  303.5  344.1  305.9
  850.0   1521   16.6   15.9     96  13.55    285      1  303.5  344.0  306.0
  823.0   1796   15.2   14.9     98  13.12      0      0  304.9  344.3  307.3
  815.0   1879   14.8   14.6     99  12.99     35      1  305.3  344.4  307.7
  797.0   2069   13.6   13.3     98  12.19    116      4  306.0  342.8  308.2
  794.0   2100   12.8   11.9     94  11.14    130      5  305.4  339.1  307.5
  791.0   2132   12.0   10.5     91  10.18    127      5  304.9  335.6  306.8
  766.0   2401   11.0    9.8     93  10.05    100      4  306.6  337.2  308.5
  739.0   2701    9.9    9.1     95   9.92     40      4  308.6  339.0  310.4
  728.0   2826    9.4    8.8     96   9.86     25      4  309.4  339.7  311.2
  713.0   2999    8.3    7.8     96   9.39      5      5  310.1  339.1  311.8
  700.0   3151    7.4    6.9     97   8.99    330      3  310.6  338.5  312.3
  687.0   3304    6.6    6.1     97   8.68    315      3  311.4  338.4  313.0
  663.0   3593    5.0    4.7     97   8.12    330      5  312.8  338.3  314.4
  639.0   3893    3.4    3.1     98   7.56    315      5  314.3  338.2  315.8
  593.0   4501    0.1    0.0     99   6.52    235      6  317.3  338.3  318.6
  591.0   4528    0.0   -0.1     99   6.47    234      6  317.4  338.3  318.7
  571.0   4804   -1.7   -2.3     96   5.69    220      8  318.6  337.1  319.7
  555.0   5030   -2.5   -2.6     99   5.73    209      9  320.2  339.0  321.3
  552.0   5073   -3.1   -3.9     94   5.22    206      9  320.0  337.2  321.0
  551.0   5087   -3.3   -4.0     95   5.19    206      9  319.9  337.0  320.9
  549.0   5116   -3.1   -4.1     93   5.17    204      9  320.5  337.6  321.5
  548.0   5131   -1.7   -3.4     88   5.46    204      9  322.4  340.4  323.4
  546.0   5160   -2.9   -4.3     90   5.12    202      9  321.3  338.2  322.2
  535.0   5320   -4.9   -6.9     86   4.28    194     10  320.7  335.0  321.6
  511.0   5680   -6.9   -8.3     90   4.02    176     12  322.6  336.1  323.3
  510.0   5695   -6.9   -8.3     90   4.04    175     12  322.7  336.3  323.5
  500.0   5850   -7.1   -7.9     94   4.24    175     16  324.3  338.6  325.1
  489.0   6024   -8.5  -11.3     80   3.32    179     13  324.7  336.0  325.3
  480.0   6169   -7.7   -8.5     94   4.22    182     11  327.4  341.8  328.2
  472.0   6299   -8.5   -9.9     90   3.85    185      9  327.9  341.2  328.7
  454.0   6600  -10.4  -13.0     81   3.11    160      5  329.2  340.1  329.9
  442.0   6808  -11.7  -15.2     75   2.67    115      5  330.1  339.6  330.7
  420.0   7198  -13.8  -16.2     82   2.59     30      6  332.4  341.6  332.9
  404.0   7494  -15.3  -16.9     87   2.53     10     10  334.1  343.1  334.6
  400.0   7570  -15.7  -17.1     89   2.52     15     10  334.5  343.6  335.0
  378.0   7995  -18.3  -19.5     90   2.17     12     11  336.5  344.4  337.0
  358.0   8391  -21.0  -22.4     88   1.77     10     12  338.1  344.7  338.5
  343.0   8703  -23.2  -24.8     87   1.51      0     10  339.4  345.0  339.7
  300.0   9680  -29.9  -32.0     82   0.88    320     10  343.1  346.6  343.3
  291.0   9896  -31.1  -33.7     78   0.77    312     10  344.4  347.5  344.6
  279.0  10188  -33.5  -36.0     78   0.64    300     11  345.1  347.7  345.3
  250.0  10950  -39.7  -42.1     78   0.38    295     13  346.9  348.5  347.0
  248.0  11005  -40.1  -42.5     78   0.37    296     13  347.1  348.6  347.2
  224.0  11679  -46.0                         310      9  348.4         348.4
  214.0  11982  -48.6                         280     10  348.8         348.8
  200.0  12430  -52.5                         275     16  349.5         349.5
  161.0  13790  -65.5                         260     14  349.8         349.8
  159.0  13869  -66.3                         254     13  349.8         349.8
  150.0  14220  -68.9                         225     11  351.2         351.2
  146.0  14380  -70.1                         215     11  351.9         351.9
  138.0  14712  -72.6                         220     14  353.2         353.2
  137.0  14755  -72.9                         217     14  353.4         353.4
  131.0  15017  -72.9                         200     12  357.9         357.9
  128.0  15152  -72.9                         143      9  360.3         360.3
  125.0  15287  -73.8                          85      6  361.1         361.1
  119.0  15568  -75.7                          40     12  362.7         362.7
  107.0  16174  -79.9                           0     16  366.0         366.0
  101.0  16503  -82.1                          25      9  367.8         367.8
  100.0  16560  -82.5                          40      8  368.1         368.1
   91.0  17081  -84.7                         160     16  373.8         373.8
   82.9  17595  -86.9                         121     15  379.4         379.4
   79.4  17832  -84.7                         103     15  388.6         388.6
   77.0  18004  -79.3                          90     15  403.3         403.3
   74.6  18185  -76.5                          40     16  412.8         412.8
   73.0  18309  -77.1                           5     17  414.1         414.1
   70.0  18550  -78.3                         330     20  416.6         416.6
   69.0  18632  -78.2                         325     20  418.5         418.5
   68.2  18699  -78.1                                     420.1         420.1
</PRE><H3>Station information and sounding indices</H3><PRE>
                         Station identifier: WAAA
                             Station number: 97180
                           Observation time: 180407/0000
                           Station latitude: -5.06
                          Station longitude: 119.55
                          Station elevation: 14.0
                            Showalter index: -1.79
                               Lifted index: -3.17
    LIFT computed using virtual temperature: -3.42
                                SWEAT index: 208.79
                                    K index: 39.10
                         Cross totals index: 23.00
                      Vertical totals index: 23.70
                        Totals totals index: 46.70
      Convective Available Potential Energy: 605.63
             CAPE using virtual temperature: 672.68
                      Convective Inhibition: -17.32
             CINS using virtual temperature: -16.58
                           Equilibrum Level: 297.26
 Equilibrum Level using virtual temperature: 296.79
                   Level of Free Convection: 867.60
             LFCT using virtual temperature: 871.97
                     Bulk Richardson Number: 107.04
          Bulk Richardson Number using CAPV: 118.89
  Temp [K] of the Lifted Condensation Level: 294.31
Pres [hPa] of the Lifted Condensation Level: 953.76
     Mean mixed layer potential temperature: 298.33
              Mean mixed layer mixing ratio: 16.90
              1000 hPa to 500 hPa thickness: 5743.00
Precipitable water [mm] for entire sounding: 61.56
</PRE>
<P>Description of the 
<A HREF="/upperair/columns.html">data columns</A>
or <A HREF="/upperair/indices.html">sounding indices</A>.

<P>
<FORM>
<INPUT CLASS="button" TYPE="button" VALUE=" Close this window " 
 onClick="window.close();">
<INPUT CLASS="button" TYPE="button" VALUE=" Select another map " 
 onClick="window.blur();">
</FORM>
<HR SIZE="1">
<I>Interested in graduate studies in atmospheric science?
Check out our program at the
<a href="http://www.uwyo.edu/atsc/howtoapply/"
target=_top>University of Wyoming
</a></I>
<HR SIZE="1"><FONT SIZE="-1">
Questions about the weather data provided by this site can be
addressed to <A HREF="mailto:ldoolman@uwyo.edu">
Larry Oolman (ldoolman@uwyo.edu)</A></FONT>
<HR SIZE="1">
<SCRIPT TYPE="text/javascript">
<!--
window.focus();
// -->
</SCRIPT>
</BODY>
</HTML>
