2018-01-31 00
<HTML>
<TITLE>University of Wyoming - Radiosonde Data</TITLE>
<LINK REL="StyleSheet" HREF="/resources/select.css" TYPE="text/css">
<BODY BGCOLOR="white">
<H2>97180 WAAA Ujung Pandang Observations at 00Z 31 Jan 2018</H2>
<PRE>
-----------------------------------------------------------------------------
   PRES   HGHT   TEMP   DWPT   RELH   MIXR   DRCT   SKNT   THTA   THTE   THTV
    hPa     m      C      C      %    g/kg    deg   knot     K      K      K 
-----------------------------------------------------------------------------
 1009.0     14   27.0   23.4     81  18.34      0      0  299.4  353.2  302.7
 1000.0     90   26.6   20.6     70  15.53    305      5  299.8  345.4  302.5
  977.0    295   24.8   19.9     74  15.21    315      8  300.0  344.7  302.7
  964.0    413   23.8   19.5     77  15.03    308     11  300.1  344.3  302.8
  925.0    773   22.4   15.4     65  12.03    285     22  302.2  338.0  304.4
  915.0    868   22.6   14.6     61  11.54    283     23  303.4  337.9  305.5
  881.0   1198   19.9   13.0     64  10.76    275     25  303.9  336.2  305.9
  850.0   1510   17.4   11.4     68  10.05    280     28  304.4  334.7  306.2
  841.0   1601   16.8   11.8     72  10.44    281     28  304.7  336.1  306.6
  820.0   1817   17.2   10.2     63   9.61    283     28  307.3  336.7  309.1
  741.0   2672   10.4    7.0     79   8.55    290     28  308.9  335.3  310.5
  739.0   2695   10.5    6.8     78   8.47    290     28  309.3  335.5  310.9
  718.0   2936   12.0    5.0     62   7.67    287     29  313.5  337.7  314.9
  700.0   3148   10.4    3.4     62   7.03    285     29  314.0  336.3  315.3
  662.0   3609    7.2    1.2     66   6.35    287     26  315.4  335.7  316.6
  608.0   4303    4.0   -2.0     65   5.46    289     22  319.5  337.4  320.5
  594.0   4491    3.0   -3.0     65   5.20    290     21  320.5  337.6  321.5
  591.0   4532    2.8   -3.2     65   5.14    292     21  320.7  337.6  321.7
  582.0   4656    2.2   -3.8     65   4.99    298     19  321.4  337.9  322.4
  578.0   4712    2.0   -7.0     51   3.93    301     19  321.8  335.0  322.6
  577.0   4726    2.2  -10.8     38   2.92    302     18  322.2  332.2  322.8
  554.0   5051    0.0   -9.0     51   3.51    318     15  323.4  335.3  324.1
  531.0   5386   -2.9   -9.2     62   3.62    335     11  323.9  336.2  324.6
  509.0   5721   -5.7   -9.3     76   3.73    317     14  324.4  337.1  325.1
  500.0   5860   -6.3  -10.0     75   3.60    310     15  325.3  337.6  326.0
  475.0   6263   -8.1  -12.0     74   3.23    280     17  327.9  339.1  328.5
  461.0   6496   -9.5  -11.2     87   3.55    263     18  328.9  341.2  329.6
  455.0   6597   -9.8  -12.3     82   3.30    255     18  329.8  341.3  330.5
  438.0   6893  -10.6  -15.4     68   2.65    265     14  332.3  341.8  332.9
  429.0   7054  -11.1  -17.1     61   2.35    294     10  333.7  342.2  334.2
  421.0   7198  -12.3  -17.8     63   2.25    320      6  334.0  342.1  334.5
  405.0   7495  -14.7  -19.3     68   2.06    355      6  334.6  342.1  335.0
  400.0   7590  -15.5  -19.8     70   2.00    355      7  334.8  342.0  335.2
  389.0   7794  -16.9  -21.1     70   1.83    345      7  335.6  342.3  335.9
  374.0   8081  -19.0  -23.0     70   1.62     20      8  336.7  342.7  337.0
  330.0   8994  -25.4  -29.0     72   1.06     55     10  340.1  344.2  340.3
  317.0   9288  -27.5  -30.9     73   0.92     30      6  341.1  344.7  341.3
  304.0   9593  -29.6  -32.9     73   0.80    335      3  342.2  345.4  342.4
  300.0   9690  -30.3  -33.5     74   0.76    290      2  342.6  345.6  342.7
  291.0   9902  -32.0  -35.1     74   0.67    225      5  343.1  345.7  343.2
  279.0  10196  -34.5  -37.4     75   0.55    210      5  343.7  346.0  343.8
  267.0  10503  -37.0  -39.7     76   0.46    250      2  344.4  346.2  344.5
  256.0  10796  -39.4  -42.0     77   0.38    340      1  345.0  346.5  345.1
  253.0  10879  -40.1  -42.6     77   0.36     10      1  345.1  346.6  345.2
  250.0  10960  -40.7                          40      2  345.4         345.4
  245.0  11094  -41.9                          65      3  345.7         345.7
  234.0  11399  -44.5                          45      8  346.2         346.2
  214.0  11991  -49.8                          75     16  347.0         347.0
  200.0  12440  -53.7                          75     19  347.6         347.6
  177.0  13200  -59.9                          80     23  349.8         349.8
  153.0  14107  -67.3                         110     51  352.0         352.0
  150.0  14230  -68.3                         120     50  352.2         352.2
  139.0  14667  -71.6                         135     48  354.2         354.2
  102.0  16441  -85.1                          95     59  361.0         361.0
  100.0  16550  -83.7                          95     59  365.8         365.8
   99.6  16572  -81.7                          95     58  370.1         370.1
   96.0  16778  -82.8                          95     50  371.9         371.9
   91.8  17028  -84.1                          91     40  374.0         374.0
   91.0  17077  -82.6                          90     38  378.0         378.0
   88.8  17215  -78.3                          66     28  389.2         389.2
   86.0  17398  -78.2                          35     15  393.0         393.0
   82.0  17671  -78.0                         310     15  398.7         398.7
   78.6  17914  -77.9                         293      8  403.8         403.8
   78.0  17958  -77.2                         290      7  406.2         406.2
   74.5  18225  -72.9                         185      4  420.6         420.6
   74.0  18264  -73.0                         170      4  421.2         421.2
   70.0  18590  -73.7                         130     11  426.4         426.4
   66.0  18934  -74.2                         145     12  432.5         432.5
   63.0  19205  -74.6                         200      8  437.4         437.4
   62.5  19252  -74.7                         190      7  438.2         438.2
   60.0  19492  -73.4                         140      4  446.2         446.2
   57.0  19794  -71.9                         230      4  456.3         456.3
   55.6  19940  -71.1                         230      7  461.3         461.3
   54.0  20113  -71.0                         230     10  465.3         465.3
   52.0  20337  -71.0                         265     18  470.5         470.5
   50.0  20570  -70.9                         260     18  476.0         476.0
   49.0  20690  -70.9                         245     13  478.9         478.9
   45.5  21130  -70.7                         178     22  489.5         489.5
   42.0  21613  -66.2                         105     32  511.9         511.9
   40.3  21863  -63.9                          97     34  523.8         523.8
   38.0  22225  -63.7                          85     38  533.3         533.3
   30.0  23680  -62.7                          90     51  573.1         573.1
   28.2  24063  -60.5                          90     53  589.5         589.5
   25.0  24810  -61.9                          90     58  606.1         606.1
   21.3  25819  -56.0                          90     64  652.1         652.1
   21.0  25908  -55.5                          90     64  656.3         656.3
   20.2  26153  -54.1                          86     58  667.9         667.9
   20.0                                        85     56                     
</PRE><H3>Station information and sounding indices</H3><PRE>
                         Station identifier: WAAA
                             Station number: 97180
                           Observation time: 180131/0000
                           Station latitude: -5.06
                          Station longitude: 119.55
                          Station elevation: 14.0
                            Showalter index: 2.87
                               Lifted index: -1.45
    LIFT computed using virtual temperature: -1.74
                                SWEAT index: 207.78
                                    K index: 28.10
                         Cross totals index: 17.70
                      Vertical totals index: 23.70
                        Totals totals index: 41.40
      Convective Available Potential Energy: 59.42
             CAPE using virtual temperature: 92.19
                      Convective Inhibition: -103.95
             CINS using virtual temperature: -67.36
                           Equilibrum Level: 365.75
 Equilibrum Level using virtual temperature: 357.73
                   Level of Free Convection: 763.77
             LFCT using virtual temperature: 778.26
                     Bulk Richardson Number: 2.28
          Bulk Richardson Number using CAPV: 3.54
  Temp [K] of the Lifted Condensation Level: 292.11
Pres [hPa] of the Lifted Condensation Level: 911.54
     Mean mixed layer potential temperature: 299.95
              Mean mixed layer mixing ratio: 15.41
              1000 hPa to 500 hPa thickness: 5770.00
Precipitable water [mm] for entire sounding: 49.33
</PRE>
<P>Description of the 
<A HREF="/upperair/columns.html">data columns</A>
or <A HREF="/upperair/indices.html">sounding indices</A>.

<P>
<FORM>
<INPUT CLASS="button" TYPE="button" VALUE=" Close this window " 
 onClick="window.close();">
<INPUT CLASS="button" TYPE="button" VALUE=" Select another map " 
 onClick="window.blur();">
</FORM>
<HR SIZE="1">
<I>Interested in graduate studies in atmospheric science?
Check out our program at the
<a href="http://www.uwyo.edu/atsc/howtoapply/"
target=_top>University of Wyoming
</a></I>
<HR SIZE="1"><FONT SIZE="-1">
Questions about the weather data provided by this site can be
addressed to <A HREF="mailto:ldoolman@uwyo.edu">
Larry Oolman (ldoolman@uwyo.edu)</A></FONT>
<HR SIZE="1">
<SCRIPT TYPE="text/javascript">
<!--
window.focus();
// -->
</SCRIPT>
</BODY>
</HTML>
