2016-01-13 00
<HTML>
<TITLE>University of Wyoming - Radiosonde Data</TITLE>
<LINK REL="StyleSheet" HREF="/resources/select.css" TYPE="text/css">
<BODY BGCOLOR="white">
<H2>97180 WAAA Ujung Pandang Observations at 00Z 13 Jan 2016</H2>
<PRE>
-----------------------------------------------------------------------------
   PRES   HGHT   TEMP   DWPT   RELH   MIXR   DRCT   SKNT   THTA   THTE   THTV
    hPa     m      C      C      %    g/kg    deg   knot     K      K      K 
-----------------------------------------------------------------------------
 1012.0     14   25.6   23.5     88  18.40      0      0  297.7  351.3  301.0
 1002.0     98   27.6   21.6     70  16.51     87      2  300.6  349.2  303.5
 1000.0    115   27.6   21.6     70  16.54    105      2  300.8  349.5  303.7
  979.0    302   26.4   21.0     72  16.28    105      4  301.3  349.5  304.3
  947.0    596   24.4   20.1     77  15.88    345      2  302.2  349.4  305.1
  931.0    746   23.4   19.6     79  15.68     21      2  302.7  349.3  305.5
  925.0    803   23.0   18.5     76  14.71     35      2  302.8  346.6  305.5
  915.0    897   22.5   18.0     76  14.39     60      2  303.2  346.1  305.9
  884.0   1197   20.9   16.4     75  13.41    150      4  304.6  344.8  307.0
  854.0   1496   19.2   14.7     75  12.48    205      4  305.9  343.6  308.1
  850.0   1537   19.0   14.5     75  12.36    195      4  306.0  343.4  308.3
  824.0   1803   18.0    9.9     59   9.35    140      4  307.7  336.4  309.4
  804.0   2014   17.2    6.2     48   7.45    122      5  309.0  332.1  310.4
  796.0   2099   16.6    6.0     50   7.45    115      6  309.2  332.4  310.6
  742.0   2693   12.1    5.0     62   7.43    120      8  310.6  333.8  312.0
  741.0   2705   12.0    5.0     62   7.43    118      8  310.6  333.9  312.0
  715.0   3003   10.7    1.2     52   5.89     70      8  312.4  331.2  313.6
  700.0   3180   10.0   -1.0     46   5.11     65     10  313.5  329.9  314.5
  642.0   3891    5.8   -4.4     48   4.33     55     10  316.6  330.7  317.4
  632.0   4020    5.0   -5.0     48   4.19     14      7  317.1  330.9  317.9
  627.0   4085    5.0  -10.0     33   2.87    353      5  317.8  327.5  318.4
  619.0   4189    3.9   -4.8     53   4.33    320      2  317.8  332.0  318.6
  618.0   4203    3.8   -4.2     56   4.56    321      2  317.8  332.7  318.6
  612.0   4282    4.2  -10.8     33   2.76    325      3  319.1  328.4  319.6
  605.0   4375    3.8   -5.2     52   4.32    329      5  319.7  334.0  320.6
  597.0   4483    4.1   -9.8     36   3.06    335      6  321.2  331.6  321.8
  587.0   4620    4.4  -15.6     22   1.94      2      7  323.2  330.0  323.6
  575.0   4787    3.1  -16.3     23   1.87     35      8  323.6  330.2  323.9
  547.0   5189    0.0  -18.0     24   1.71     39      9  324.5  330.6  324.9
  500.0   5900   -4.9  -21.9     25   1.33     45     12  327.0  331.8  327.3
  497.0   5947   -5.1  -24.1     21   1.10     48     12  327.3  331.4  327.5
  495.0   5979   -5.0  -25.6     18   0.96     50     12  327.8  331.3  327.9
  482.0   6189   -4.7  -35.7      7   0.38     62     12  330.7  332.2  330.8
  458.0   6583   -7.4  -37.6      7   0.33     85     12  332.2  333.5  332.3
  424.0   7180  -11.4  -40.4      7   0.27     90     14  334.4  335.5  334.5
  400.0   7630  -14.5  -42.5      7   0.23    115     16  336.1  337.0  336.1
  376.0   8092  -17.7  -44.2      8   0.20    145     14  337.8  338.7  337.9
  361.0   8396  -19.8  -45.3      8   0.19    125     12  339.0  339.7  339.0
  347.0   8692  -21.9  -46.4      9   0.17    145     12  340.0  340.8  340.1
  340.0   8844  -22.9  -46.9      9   0.17    143     10  340.6  341.3  340.6
  333.0   8994  -24.1  -47.9      9   0.15    140      8  341.0  341.6  341.0
  319.0   9305  -26.6  -50.1      9   0.12     95     12  341.8  342.3  341.8
  300.0   9750  -30.1  -53.1      9   0.09     80     14  342.8  343.2  342.9
  270.0  10484  -35.6  -55.8     11   0.07     75     16  345.2  345.6  345.3
  250.0  11020  -39.7  -57.7     13   0.06    115      8  346.9  347.2  346.9
  249.0  11047  -40.1  -58.1     13   0.06    118      8  346.7  347.0  346.7
  247.0  11101  -40.5                         125      8  346.9         346.9
  237.0  11375  -42.8                         125      6  347.6         347.6
  226.0  11690  -45.4                         185      4  348.3         348.3
  216.0  11990  -47.9                         275      6  349.0         349.0
  207.0  12272  -50.2                         295      8  349.6         349.6
  200.0  12500  -52.1                         290      8  350.1         350.1
  180.0  13159  -57.4                         265      8  352.2         352.2
  171.0  13480  -59.9                         205     10  353.1         353.1
  163.0  13780  -62.3                         185     12  354.0         354.0
  150.0  14300  -66.5                         210     16  355.3         355.3
  134.0  14960  -71.3                         225     19  358.5         358.5
  127.0  15275  -73.6                         220     16  359.9         359.9
  121.0  15558  -75.6                         185     12  361.1         361.1
  111.0  16063  -79.3                         257     14  363.3         363.3
  108.0  16217  -80.1                         280     14  364.6         364.6
  103.0  16484  -81.5                         285     12  367.0         367.0
  100.0  16650  -82.3                         195      6  368.5         368.5
   97.0  16819  -83.0                         110      2  370.2         370.2
   92.0  17114  -84.3                          65     14  373.3         373.3
   87.0  17425  -85.7                          55     14  376.6         376.6
   86.3  17470  -85.9                          60     14  377.1         377.1
   83.0  17688  -84.9                          75     14  383.4         383.4
   78.0  18035  -83.2                          40      8  393.7         393.7
   74.0  18329  -81.8                         155      8  402.7         402.7
   70.0  18640  -80.3                         140     17  412.3         412.3
   69.3  18697  -80.3                         129     17  413.5         413.5
   61.7  19366  -71.5                         357     22  446.9         446.9
   60.0  19530  -71.8                         325     23  449.9         449.9
   57.1  19822  -72.3                         309     20  455.1         455.1
   52.0  20383  -65.2                         280     14  483.8         483.8
   50.4  20571  -62.9                         276     16  493.7         493.7
   50.0  20620  -63.1                         275     16  494.4         494.4
   41.0  21832  -64.9                         245     23  518.7         518.7
   39.0  22137  -65.3                         265     16  525.0         525.0
   35.1  22780  -66.3                         241     33  538.6         538.6
   35.0  22798  -66.2                         240     33  539.2         539.2
   33.0  23157  -64.8                         225     21  552.2         552.2
   30.0  23740  -62.5                         155     23  573.7         573.7
   29.3  23886  -61.9                         153     21  579.2         579.2
   26.0  24624  -61.9                         140     12  599.3         599.3
   25.6  24720  -61.9                         114      9  602.0         602.0
   25.0  24869  -61.3                          75      4  607.9         607.9
   24.0  25125  -60.2                         325      8  618.2         618.2
   23.0  25393  -59.0                         265     14  629.1         629.1
   22.0  25672  -57.9                         235     12  640.7         640.7
   21.0  25964  -56.6                         150     12  653.0         653.0
   20.0  26270  -55.3                         125     16  666.2         666.2
   19.5  26432  -54.7                         102     16  672.8         672.8
   17.0  27307  -55.2                         340     19  698.0         698.0
   16.0  27694  -55.5                                     709.4         709.4
</PRE><H3>Station information and sounding indices</H3><PRE>
                         Station identifier: WAAA
                             Station number: 97180
                           Observation time: 160113/0000
                           Station latitude: -5.06
                          Station longitude: 119.55
                          Station elevation: 14.0
                            Showalter index: 0.63
                               Lifted index: -1.68
    LIFT computed using virtual temperature: -2.45
                                SWEAT index: 194.01
                                    K index: 27.40
                         Cross totals index: 19.40
                      Vertical totals index: 23.90
                        Totals totals index: 43.30
      Convective Available Potential Energy: 271.95
             CAPE using virtual temperature: 456.95
                      Convective Inhibition: -102.69
             CINS using virtual temperature: -64.98
                           Equilibrum Level: 227.81
 Equilibrum Level using virtual temperature: 227.87
                   Level of Free Convection: 754.44
             LFCT using virtual temperature: 784.50
                     Bulk Richardson Number: 318.02
          Bulk Richardson Number using CAPV: 534.35
  Temp [K] of the Lifted Condensation Level: 293.21
Pres [hPa] of the Lifted Condensation Level: 913.09
     Mean mixed layer potential temperature: 300.94
              Mean mixed layer mixing ratio: 16.49
              1000 hPa to 500 hPa thickness: 5785.00
Precipitable water [mm] for entire sounding: 43.57
</PRE>
<P>Description of the 
<A HREF="/upperair/columns.html">data columns</A>
or <A HREF="/upperair/indices.html">sounding indices</A>.

<P>
<FORM>
<INPUT CLASS="button" TYPE="button" VALUE=" Close this window " 
 onClick="window.close();">
<INPUT CLASS="button" TYPE="button" VALUE=" Select another map " 
 onClick="window.blur();">
</FORM>
<HR SIZE="1">
<I>Interested in graduate studies in atmospheric science?
Check out our program at the
<a href="http://www.uwyo.edu/atsc/howtoapply/"
target=_top>University of Wyoming
</a></I>
<HR SIZE="1"><FONT SIZE="-1">
Questions about the weather data provided by this site can be
addressed to <A HREF="mailto:ldoolman@uwyo.edu">
Larry Oolman (ldoolman@uwyo.edu)</A></FONT>
<HR SIZE="1">
<SCRIPT TYPE="text/javascript">
<!--
window.focus();
// -->
</SCRIPT>
</BODY>
</HTML>
