2017-01-27 00
<HTML>
<TITLE>University of Wyoming - Radiosonde Data</TITLE>
<LINK REL="StyleSheet" HREF="/resources/select.css" TYPE="text/css">
<BODY BGCOLOR="white">
<H2>97180 WAAA Ujung Pandang Observations at 00Z 27 Jan 2017</H2>
<PRE>
-----------------------------------------------------------------------------
   PRES   HGHT   TEMP   DWPT   RELH   MIXR   DRCT   SKNT   THTA   THTE   THTV
    hPa     m      C      C      %    g/kg    deg   knot     K      K      K 
-----------------------------------------------------------------------------
 1009.0     14   25.0   23.3     90  18.23      0      0  297.4  350.4  300.6
 1004.0     57   24.4   22.3     88  17.21     42      4  297.2  347.2  300.3
 1000.0     92   24.6   22.3     87  17.28     75      7  297.8  348.1  300.8
  999.0    101   25.0   22.6     87  17.63     72      7  298.2  349.7  301.4
  997.0    118   25.8   23.5     87  18.68     67      7  299.2  354.0  302.5
  977.0    295   24.8   22.4     87  17.86     15      8  299.9  352.4  303.1
  944.0    595   23.0   20.7     87  16.53    335     12  301.1  349.9  304.1
  925.0    773   22.0   19.6     86  15.78    315     14  301.8  348.5  304.6
  889.0   1119   19.6   17.5     88  14.36    295     17  302.8  345.5  305.4
  881.0   1197   19.1   16.9     87  13.96    290     18  303.1  344.6  305.6
  859.0   1416   17.8   15.3     85  12.89    286     25  303.9  342.4  306.2
  857.0   1436   17.8   15.4     86  13.00    286     26  304.1  343.0  306.4
  851.0   1497   19.0   15.3     79  13.01    285     28  305.9  345.2  308.3
  850.0   1507   19.0   14.7     76  12.52    285     28  306.0  343.9  308.3
  830.0   1712   18.4   12.4     68  11.01    284     28  307.5  341.1  309.5
  739.0   2692   11.9    8.0     77   9.21    280     30  310.7  339.3  312.4
  700.0   3149    8.8    6.0     83   8.45    295     25  312.2  338.6  313.8
  693.0   3232    8.2    5.8     85   8.41    296     25  312.4  338.8  314.0
  656.0   3685    6.8    3.3     78   7.45    299     24  315.8  339.5  317.2
  639.0   3899    5.6    2.5     81   7.23    300     24  316.8  339.9  318.1
  616.0   4197    3.9    1.4     84   6.92    280     24  318.1  340.5  319.5
  567.0   4870    0.0   -1.1     92   6.27    317     16  321.2  341.8  322.4
  551.0   5098   -1.2   -2.2     93   5.94    330     13  322.5  342.1  323.6
  500.0   5870   -5.1   -6.0     93   4.92    290     17  326.8  343.4  327.7
  492.0   5996   -5.8   -6.6     94   4.76    285     17  327.4  343.6  328.3
  447.0   6747  -10.1  -10.3     98   3.93    289     10  331.1  344.7  331.9
  438.0   6903  -11.0  -11.5     96   3.65    290      9  331.9  344.6  332.6
  421.0   7207  -12.8  -13.8     92   3.14    310      7  333.4  344.5  334.0
  400.0   7600  -15.1  -16.8     87   2.58    300     11  335.3  344.6  335.8
  398.0   7638  -15.1  -16.9     86   2.57    301     10  335.8  345.0  336.3
  374.0   8101  -18.8  -19.5     94   2.20    310      4  336.9  344.9  337.3
  366.0   8262  -20.1  -20.4     97   2.08     32      3  337.2  344.8  337.6
  359.0   8404  -20.7  -21.9     90   1.86    105      2  338.3  345.2  338.6
  357.0   8445  -20.9  -22.3     88   1.80    103      3  338.6  345.3  338.9
  345.0   8694  -22.8  -23.7     92   1.64     90      7  339.4  345.5  339.7
  333.0   8952  -24.7  -25.2     96   1.49     90      5  340.2  345.8  340.5
  331.0   8996  -25.1  -25.5     96   1.46     90      5  340.2  345.8  340.6
  322.0   9195  -26.7  -27.0     97   1.31    135      4  340.7  345.7  340.9
  318.0   9284  -27.1  -28.1     91   1.20    155      3  341.4  345.9  341.6
  304.0   9606  -28.5  -32.0     72   0.87    151     10  343.8  347.2  344.0
  300.0   9700  -29.1  -34.1     62   0.72    150     12  344.2  347.1  344.4
  292.0   9892  -30.8  -35.4     64   0.64    140     14  344.4  347.0  344.6
  275.0  10318  -34.7  -38.4     69   0.51    119     14  344.8  346.9  344.9
  250.0  10980  -39.7  -46.7     47   0.23     85     14  346.9  347.9  346.9
  249.0  11007  -39.9  -45.9     53   0.25     85     14  347.0  348.1  347.1
  246.0  11088  -40.6                          85     14  347.1         347.1
  225.0  11679  -46.2                         115     16  347.6         347.6
  200.0  12460  -53.5                          95     31  347.9         347.9
  170.0  13471  -62.0                          95     47  350.4         350.4
  150.0  14250  -68.5                         105     52  351.9         351.9
  101.0  16503  -87.2                         100     56  357.9         357.9
  100.0  16560  -87.7                         100     56  358.1         358.1
   97.2  16714  -88.5                          95     55  359.4         359.4
   94.2  16883  -88.3                          85     52  363.0         363.0
   91.2  17059  -84.7                          76     49  373.5         373.5
   91.0  17072  -84.0                          75     49  375.2         375.2
   89.4  17171  -78.3                          66     42  388.4         388.4
   86.0  17395  -74.4                          45     28  400.7         400.7
   84.1  17525  -72.1                           7     21  407.9         407.9
   82.0  17674  -71.3                         325     14  412.4         412.4
   80.3  17797  -70.7                         308     17  416.2         416.2
   78.0  17967  -71.7                         285     21  417.5         417.5
   70.3  18575  -75.3                         240     13  422.4         422.4
   70.0  18600  -75.1                         235     13  423.4         423.4
   67.0  18854  -75.4                         175     17  428.0         428.0
   62.7  19238  -75.9                         128     13  435.2         435.2
   58.9  19600  -75.1                          83      9  444.8         444.8
   57.0  19792  -72.3                          60      7  455.3         455.3
   56.2  19875  -71.1                          22      8  459.9         459.9
   54.0  20113  -70.6                         275     12  466.3         466.3
   50.0  20570  -69.7                         275      9  478.8         478.8
   49.0  20693  -69.2                         260     13  482.9         482.9
   44.0  21349  -66.3                         210     20  505.0         505.0
   42.0  21633  -65.0                         175      7  514.9         514.9
   40.0  21930  -63.7                         285      2  525.4         525.4
   38.0  22242  -62.3                         285      8  536.6         536.6
   36.0  22572  -60.9                         310     15  548.8         548.8
   35.0  22744  -60.1                         310     16  555.2         555.2
   33.7  22974  -59.1                         297     12  563.9         563.9
   33.0  23105  -59.2                         290     10  567.0         567.0
   32.0  23297  -59.4                         200      4  571.6         571.6
   30.0  23700  -59.7                         325      3  581.3         581.3
   29.0  23912  -59.5                           0     11  587.5         587.5
   28.1  24110  -59.3                           9     10  593.4         593.4
   27.0  24359  -59.9                          20      9  598.6         598.6
   26.0  24594  -60.4                          55      6  603.6         603.6
   25.0  24838  -60.9                         340     14  608.8         608.8
   22.7  25439  -62.3                         318     15  621.8         621.8
   20.0  26230  -58.1                         290     16  657.6         657.6
   19.0  26557  -56.4                         315     15  672.6         672.6
   18.0  26901  -54.6                         285     13  688.7         688.7
   17.1  27228  -52.9                                     704.3         704.3
</PRE><H3>Station information and sounding indices</H3><PRE>
                         Station identifier: WAAA
                             Station number: 97180
                           Observation time: 170127/0000
                           Station latitude: -5.06
                          Station longitude: 119.55
                          Station elevation: 14.0
                            Showalter index: 0.24
                               Lifted index: -2.56
    LIFT computed using virtual temperature: -2.80
                                SWEAT index: 249.38
                                    K index: 36.00
                         Cross totals index: 19.80
                      Vertical totals index: 24.10
                        Totals totals index: 43.90
      Convective Available Potential Energy: 893.10
             CAPE using virtual temperature: 985.84
                      Convective Inhibition: -16.71
             CINS using virtual temperature: -12.05
                           Equilibrum Level: 158.23
 Equilibrum Level using virtual temperature: 157.67
                   Level of Free Convection: 887.04
             LFCT using virtual temperature: 899.34
                     Bulk Richardson Number: 17.50
          Bulk Richardson Number using CAPV: 19.32
  Temp [K] of the Lifted Condensation Level: 295.00
Pres [hPa] of the Lifted Condensation Level: 948.63
     Mean mixed layer potential temperature: 299.49
              Mean mixed layer mixing ratio: 17.74
              1000 hPa to 500 hPa thickness: 5778.00
Precipitable water [mm] for entire sounding: 60.60
</PRE>
<P>Description of the 
<A HREF="/upperair/columns.html">data columns</A>
or <A HREF="/upperair/indices.html">sounding indices</A>.

<P>
<FORM>
<INPUT CLASS="button" TYPE="button" VALUE=" Close this window " 
 onClick="window.close();">
<INPUT CLASS="button" TYPE="button" VALUE=" Select another map " 
 onClick="window.blur();">
</FORM>
<HR SIZE="1">
<I>Interested in graduate studies in atmospheric science?
Check out our program at the
<a href="http://www.uwyo.edu/atsc/howtoapply/"
target=_top>University of Wyoming
</a></I>
<HR SIZE="1"><FONT SIZE="-1">
Questions about the weather data provided by this site can be
addressed to <A HREF="mailto:ldoolman@uwyo.edu">
Larry Oolman (ldoolman@uwyo.edu)</A></FONT>
<HR SIZE="1">
<SCRIPT TYPE="text/javascript">
<!--
window.focus();
// -->
</SCRIPT>
</BODY>
</HTML>
