2017-03-15 00
<HTML>
<TITLE>University of Wyoming - Radiosonde Data</TITLE>
<LINK REL="StyleSheet" HREF="/resources/select.css" TYPE="text/css">
<BODY BGCOLOR="white">
<H2>97180 WAAA Ujung Pandang Observations at 00Z 15 Mar 2017</H2>
<PRE>
-----------------------------------------------------------------------------
   PRES   HGHT   TEMP   DWPT   RELH   MIXR   DRCT   SKNT   THTA   THTE   THTV
    hPa     m      C      C      %    g/kg    deg   knot     K      K      K 
-----------------------------------------------------------------------------
 1009.0     14   25.0   23.9     94  18.92      0      0  297.4  352.4  300.7
 1006.0     41   24.2   20.2     78  15.05     15      2  296.8  340.5  299.5
 1000.0     96   25.4   20.9     76  15.83     45      5  298.6  344.8  301.4
  977.0    299   24.1   20.1     78  15.43      0      8  299.3  344.5  302.0
  925.0    776   21.2   18.3     84  14.52    335      8  301.0  343.9  303.6
  912.0    899   20.3   18.0     87  14.44    330      8  301.2  343.9  303.9
  900.0   1015   19.4   17.7     90  14.37    330      7  301.5  344.0  304.1
  851.0   1499   17.2   14.2     82  12.08    330      5  304.1  340.3  306.3
  850.0   1509   17.2   14.1     82  12.04    330      5  304.1  340.3  306.4
  833.0   1681   16.2   14.4     89  12.53    347      6  304.9  342.5  307.1
  821.0   1805   16.2   13.3     83  11.81      0      6  306.1  341.8  308.3
  793.0   2100   16.2   10.6     69  10.21     25      8  309.2  340.6  311.1
  769.0   2362   16.2    8.2     59   8.95      7     12  311.9  339.8  313.6
  766.0   2395   15.9    8.1     60   8.91      5     13  312.0  339.8  313.6
  713.0   2998   11.4    5.8     69   8.17      5     18  313.4  339.1  314.9
  700.0   3153   10.2    5.2     71   7.98      0     17  313.8  338.9  315.3
  688.0   3295    9.3    4.6     72   7.77    355     19  314.4  338.9  315.8
  594.0   4500    2.0   -0.8     81   6.12    305     21  319.4  339.3  320.5
  572.0   4809    0.2   -2.2     84   5.74    325     19  320.6  339.4  321.7
  570.0   4838    0.0   -2.3     84   5.70    324     19  320.7  339.5  321.8
  531.0   5402   -3.3   -5.2     87   4.91    305     12  323.4  339.7  324.3
  500.0   5880   -6.1   -7.7     88   4.31    315     12  325.5  340.1  326.4
  474.0   6292   -8.4  -10.4     86   3.68    305      8  327.7  340.3  328.4
  456.0   6591  -10.1  -12.3     83   3.27    275      5  329.2  340.6  329.9
  438.0   6902  -11.8  -14.4     81   2.88      0      1  330.9  341.0  331.4
  431.0   7026  -12.5  -15.2     80   2.74     10      3  331.5  341.2  332.1
  421.0   7203  -13.8  -16.2     82   2.58     25      5  332.1  341.2  332.6
  405.0   7496  -16.0  -17.8     86   2.35    105      5  332.9  341.3  333.4
  400.0   7590  -16.7  -18.3     87   2.27    105      5  333.2  341.4  333.7
  389.0   7798  -18.4  -19.5     91   2.12    130      8  333.7  341.4  334.1
  374.0   8091  -20.7  -21.1     97   1.91    125      9  334.4  341.3  334.8
  359.0   8392  -22.1  -24.8     79   1.43    140     13  336.4  341.7  336.7
  345.0   8684  -23.5  -28.4     64   1.07    128      9  338.4  342.5  338.6
  330.0   9006  -25.8  -31.3     60   0.85    115      5  339.5  342.9  339.7
  318.0   9275  -27.7  -33.7     57   0.70    106      8  340.5  343.3  340.6
  304.0   9596  -30.5  -35.1     64   0.64     95     12  341.0  343.6  341.1
  300.0   9690  -31.3  -35.5     66   0.62     90     13  341.1  343.6  341.3
  285.0  10053  -34.5  -37.3     76   0.55     95     15  341.6  343.8  341.7
  258.0  10745  -40.1  -43.6     69   0.31    104     20  343.2  344.5  343.3
  256.0  10798  -40.5                         105     20  343.4         343.4
  250.0  10960  -41.7                         100     21  343.9         343.9
  200.0  12420  -54.3                          95     43  346.6         346.6
  160.0  13803  -65.5                         100     60  350.5         350.5
  152.0  14121  -68.1                         104     60  351.2         351.2
  150.0  14200  -68.7                         105     60  351.6         351.6
  125.0  15261  -73.2                          95     64  362.2         362.2
  112.0  15900  -75.9                          80     34  368.7         368.7
  107.0  16166  -77.0                          45     22  371.4         371.4
  101.0  16502  -78.5                         355     16  374.8         374.8
  100.0  16560  -78.7                         350     15  375.4         375.4
   96.3  16775  -80.1                         330     13  376.8         376.8
   96.0  16793  -80.1                         330     12  377.1         377.1
   85.7  17439  -79.7                         200     17  390.3         390.3
   82.0  17693  -76.6                         150     19  401.5         401.5
   80.9  17771  -75.7                         153     16  405.0         405.0
   78.0  17984  -75.5                         160      8  409.7         409.7
   75.2  18196  -75.3                         254     10  414.4         414.4
   74.0  18290  -76.4                         295     11  414.1         414.1
   72.3  18424  -77.9                         278     13  413.6         413.6
   70.0  18610  -78.3                         255     15  416.6         416.6
   67.0  18859  -79.5                         260     12  419.2         419.2
   65.1  19023  -78.7                         192      8  424.4         424.4
   63.0  19214  -74.1                         115      4  438.5         438.5
   60.7  19431  -68.9                         342      2  454.8         454.8
   60.0  19501  -68.7                         300      1  456.7         456.7
   52.0  20364  -66.3                         330     16  481.3         481.3
   50.0  20600  -65.7                         315     16  488.2         488.2
   49.9  20612  -65.5                         315     16  489.0         489.0
   49.0  20721  -66.1                         310     16  490.2         490.2
   46.5  21036  -67.7                         322     17  493.7         493.7
   45.0  21233  -66.1                         330     17  502.2         502.2
   43.7  21409  -64.7                         314     20  509.8         509.8
   40.0  21946  -64.5                         265     29  523.4         523.4
   36.3  22534  -64.3                         260     27  538.6         538.6
   35.2  22722  -61.7                         258     27  550.1         550.1
   33.0  23121  -60.6                         255     26  563.3         563.3
   31.3  23447  -59.7                         258     25  574.3         574.3
   30.0  23710  -60.7                         260     24  578.6         578.6
   27.7  24205  -61.9                         241     22  588.6         588.6
   27.0  24363  -62.1                         235     22  592.4         592.4
   26.0  24596  -62.3                         200     21  598.2         598.2
   24.0  25095  -59.9                         125     20  619.1         619.1
   23.1  25333  -58.7                         107     19  629.3         629.3
   22.0  25645  -55.0                          85     17  649.3         649.3
   20.7  26035  -50.3                          85     14  674.8         674.8
   20.0  26260  -50.3                          85     12  681.5         681.5
   19.0  26596  -48.6                          45      7  696.6         696.6
   18.8  26665  -48.3                          25      6  699.8         699.8
   18.0  26948  -49.8                         305      3  703.8         703.8
   17.0  27320  -51.8                         215      4  709.0         709.0
   16.0  27714  -53.9                         150      5  714.6         714.6
   15.0  28127  -54.8                          95     26  724.8         724.8
   14.5  28343  -55.3                          86     28  730.3         730.3
   13.8  28662  -51.7                          72     30  752.9         752.9
   13.0  29051  -50.4                          55     33  770.5         770.5
   12.5  29306  -49.5                                     782.2         782.2
</PRE><H3>Station information and sounding indices</H3><PRE>
                         Station identifier: WAAA
                             Station number: 97180
                           Observation time: 170315/0000
                           Station latitude: -5.06
                          Station longitude: 119.55
                          Station elevation: 14.0
                            Showalter index: 0.69
                               Lifted index: -0.94
    LIFT computed using virtual temperature: -1.09
                                SWEAT index: 191.19
                                    K index: 32.40
                         Cross totals index: 20.20
                      Vertical totals index: 23.30
                        Totals totals index: 43.50
      Convective Available Potential Energy: 113.01
             CAPE using virtual temperature: 136.99
                      Convective Inhibition: -192.42
             CINS using virtual temperature: -153.69
                           Equilibrum Level: 347.81
 Equilibrum Level using virtual temperature: 346.34
                   Level of Free Convection: 609.39
             LFCT using virtual temperature: 627.72
                     Bulk Richardson Number: 20.66
          Bulk Richardson Number using CAPV: 25.04
  Temp [K] of the Lifted Condensation Level: 292.47
Pres [hPa] of the Lifted Condensation Level: 925.69
     Mean mixed layer potential temperature: 299.01
              Mean mixed layer mixing ratio: 15.51
              1000 hPa to 500 hPa thickness: 5784.00
Precipitable water [mm] for entire sounding: 56.00
</PRE>
<P>Description of the 
<A HREF="/upperair/columns.html">data columns</A>
or <A HREF="/upperair/indices.html">sounding indices</A>.

<P>
<FORM>
<INPUT CLASS="button" TYPE="button" VALUE=" Close this window " 
 onClick="window.close();">
<INPUT CLASS="button" TYPE="button" VALUE=" Select another map " 
 onClick="window.blur();">
</FORM>
<HR SIZE="1">
<I>Interested in graduate studies in atmospheric science?
Check out our program at the
<a href="http://www.uwyo.edu/atsc/howtoapply/"
target=_top>University of Wyoming
</a></I>
<HR SIZE="1"><FONT SIZE="-1">
Questions about the weather data provided by this site can be
addressed to <A HREF="mailto:ldoolman@uwyo.edu">
Larry Oolman (ldoolman@uwyo.edu)</A></FONT>
<HR SIZE="1">
<SCRIPT TYPE="text/javascript">
<!--
window.focus();
// -->
</SCRIPT>
</BODY>
</HTML>
