2017-01-06 00
<HTML>
<TITLE>University of Wyoming - Radiosonde Data</TITLE>
<LINK REL="StyleSheet" HREF="/resources/select.css" TYPE="text/css">
<BODY BGCOLOR="white">
<H2>97180 WAAA Ujung Pandang Observations at 00Z 06 Jan 2017</H2>
<PRE>
-----------------------------------------------------------------------------
   PRES   HGHT   TEMP   DWPT   RELH   MIXR   DRCT   SKNT   THTA   THTE   THTV
    hPa     m      C      C      %    g/kg    deg   knot     K      K      K 
-----------------------------------------------------------------------------
 1008.0     14   24.6   23.5     94  18.47      0      0  297.1  350.7  300.4
 1007.0     22   24.2   22.9     92  17.81      5      0  296.8  348.4  299.9
 1000.0     78   25.2   23.6     91  18.74     40      3  298.4  353.1  301.7
  987.0    194   25.2   22.5     85  17.74    359      6  299.5  351.5  302.6
  975.0    301   24.5   22.1     87  17.52    320      8  299.8  351.2  302.9
  925.0    763   21.4   20.4     94  16.61    280     20  301.2  350.2  304.2
  911.0    895   20.6   19.7     95  16.13    275     22  301.6  349.4  304.6
  857.0   1425   17.2   16.9     98  14.34    288     30  303.4  346.2  306.1
  850.0   1496   17.0   16.8     99  14.37    290     31  303.9  346.9  306.6
  764.0   2396   12.7   12.3     98  11.94    290     28  308.7  345.2  310.9
  700.0   3135    9.2    8.7     97  10.19    285     31  312.6  344.4  314.6
  681.0   3363    8.2    7.8     97   9.84    284     29  314.0  344.9  315.9
  660.0   3622    7.0    6.5     97   9.28    282     26  315.5  344.8  317.2
  647.0   3785    4.4    1.9     84   6.83    281     24  314.3  336.0  315.6
  638.0   3898    3.6    1.1     83   6.53    280     23  314.7  335.5  315.9
  617.0   4170    1.8   -0.9     82   5.84    273     21  315.6  334.4  316.7
  611.0   4249    1.2   -2.2     78   5.36    271     20  315.8  333.1  316.8
  609.0   4275    1.6   -0.5     86   6.10    271     20  316.6  336.2  317.7
  571.0   4793    0.0   -1.0     93   6.27    258     15  320.6  341.1  321.8
  552.0   5063   -2.1   -4.7     82   4.92    251     13  321.2  337.5  322.2
  541.0   5223   -4.3  -10.3     63   3.25    247     11  320.4  331.4  321.1
  538.0   5267   -3.9   -7.2     78   4.16    246     11  321.4  335.3  322.2
  536.0   5296   -3.9   -7.7     75   4.02    245     11  321.8  335.2  322.6
  535.0   5311   -3.9   -7.1     78   4.22    245     11  321.9  336.0  322.8
  532.0   5355   -5.7  -12.7     58   2.72    244     10  320.3  329.6  320.8
  531.0   5370   -6.9  -17.9     41   1.77    243     10  319.0  325.2  319.4
  530.0   5384   -6.3  -13.3     58   2.60    243     10  319.9  328.8  320.4
  526.0   5443   -6.7  -16.7     45   1.98    242      9  320.1  327.0  320.5
  522.0   5503   -7.1  -18.1     41   1.77    240      9  320.4  326.5  320.7
  520.0   5533   -6.9  -16.9     45   1.97    239      9  320.9  327.8  321.3
  517.0   5578   -5.7  -12.7     58   2.80    238      8  322.9  332.5  323.5
  509.0   5700   -5.8  -11.2     66   3.21    235      7  324.2  335.2  324.9
  500.0   5840   -5.9   -9.5     76   3.74    230      6  325.8  338.6  326.5
  472.0   6289   -8.8  -11.8     78   3.29    220      7  327.6  339.0  328.3
  454.0   6591  -10.7  -13.4     80   3.01    260      8  328.9  339.4  329.5
  452.0   6626  -10.9  -13.6     80   2.98    261      8  329.0  339.4  329.6
  403.0   7503  -14.9  -16.4     88   2.65    300      8  334.8  344.3  335.4
  400.0   7560  -14.9  -16.3     89   2.69    310      9  335.5  345.2  336.1
  388.0   7790  -16.3  -18.3     85   2.35    335     12  336.7  345.2  337.2
  369.0   8168  -18.5  -21.5     77   1.87    347     13  338.6  345.5  339.0
  358.0   8393  -20.4  -23.4     77   1.63    355     14  339.0  345.1  339.3
  355.0   8456  -20.9  -23.9     77   1.57    353     13  339.1  345.0  339.4
  351.0   8540  -21.5  -23.9     81   1.59    350     13  339.4  345.4  339.7
  348.0   8603  -22.1  -23.5     88   1.66    348     12  339.4  345.6  339.8
  344.0   8687  -22.7  -24.1     88   1.59    345     11  339.7  345.7  340.1
  330.0   8988  -24.9  -26.4     88   1.35    355      4  340.8  345.9  341.1
  303.0   9608  -29.4  -31.0     86   0.96    320      7  342.9  346.6  343.1
  300.0   9680  -29.9  -31.5     86   0.92    320      8  343.1  346.7  343.3
  291.0   9894  -31.5  -33.4     84   0.79      5      6  343.8  346.9  344.0
  279.0  10189  -33.8  -36.0     81   0.64     40      7  344.7  347.3  344.8
  267.0  10498  -36.2  -38.7     78   0.51     25      8  345.6  347.7  345.7
  256.0  10794  -38.4  -41.2     75   0.41     45     11  346.4  348.1  346.5
  250.0  10960  -39.7  -42.7     73   0.36     50     12  346.9  348.4  347.0
  249.0  10988  -40.1  -43.1     73   0.34     50     12  346.7  348.1  346.8
  200.0  12450  -52.3                          45     21  349.8         349.8
  186.0  12902  -56.3                          55     23  350.6         350.6
  150.0  14240  -68.3                          70     43  352.2         352.2
  146.0  14395  -69.4                          80     44  353.0         353.0
  100.0  16560  -85.3                         100     65  362.7         362.7
   88.6  17223  -87.5                         100     69  371.1         371.1
   86.0  17386  -86.9                         100     70  375.5         375.5
   85.9  17392  -86.9                         100     70  375.6         375.6
   83.6  17541  -86.3                          95     64  379.7         379.7
   81.0  17715  -84.1                          90     57  387.6         387.6
   80.3  17763  -83.5                          90     51  389.8         389.8
   77.9  17934  -80.1                          90     32  400.3         400.3
   77.0  18000  -76.7                          90     24  408.8         408.8
   76.8  18015  -75.9                          93     23  410.7         410.7
   74.3  18209  -71.7                         130      9  423.4         423.4
   73.0  18313  -72.1                         150      2  424.6         424.6
   70.8  18493  -72.9                         194      5  426.7         426.7
   70.0  18560  -72.3                         210      6  429.4         429.4
   67.2  18803  -68.5                         248     12  442.6         442.6
   66.0  18911  -68.4                         265     15  445.0         445.0
   63.0  19191  -68.3                         270     37  451.3         451.3
   57.0  19793  -68.0                         250     21  465.1         465.1
   55.4  19964  -67.9                         255     22  469.1         469.1
   54.0  20118  -68.2                         260     22  471.8         471.8
   50.0  20580  -69.3                         235     26  479.8         479.8
   48.2  20798  -70.5                         226     20  482.0         482.0
   47.0  20950  -69.5                         220     16  487.7         487.7
   42.0  21629  -65.3                         250     24  514.2         514.2
   39.0  22077  -62.5                         238     24  532.2         532.2
   36.0  22568  -63.8                         225     24  541.2         541.2
   35.8  22602  -63.9                         224     21  541.8         541.8
   35.0  22742  -62.5                         220     11  549.0         549.0
   33.7  22975  -60.1                         245      8  561.2         561.2
   32.0  23298  -59.9                         280      5  570.1         570.1
   30.0  23700  -59.7                         265      9  581.3         581.3
   29.0  23911  -60.2                         305      9  585.6         585.6
   28.4  24041  -60.5                         305     10  588.3         588.3
   27.0  24360  -58.6                         305     11  602.3         602.3
   24.8  24895  -55.3                         281     19  626.5         626.5
   23.0  25373  -55.9                         260     26  638.4         638.4
   21.0  25950  -56.5                         270     29  653.2         653.2
   20.0  26260  -56.9                         260     30  661.3         661.3
   19.0  26586  -55.3                                     676.0         676.0
</PRE><H3>Station information and sounding indices</H3><PRE>
                         Station identifier: WAAA
                             Station number: 97180
                           Observation time: 170106/0000
                           Station latitude: -5.06
                          Station longitude: 119.55
                          Station elevation: 14.0
                            Showalter index: -1.70
                               Lifted index: -3.28
    LIFT computed using virtual temperature: -3.72
                                SWEAT index: 269.61
                                    K index: 39.20
                         Cross totals index: 22.70
                      Vertical totals index: 22.90
                        Totals totals index: 45.60
      Convective Available Potential Energy: 982.99
             CAPE using virtual temperature: 1080.90
                      Convective Inhibition: -8.36
             CINS using virtual temperature: -6.81
                           Equilibrum Level: 180.93
 Equilibrum Level using virtual temperature: 179.63
                   Level of Free Convection: 902.65
             LFCT using virtual temperature: 908.54
                     Bulk Richardson Number: 28.58
          Bulk Richardson Number using CAPV: 31.43
  Temp [K] of the Lifted Condensation Level: 295.01
Pres [hPa] of the Lifted Condensation Level: 950.21
     Mean mixed layer potential temperature: 299.36
              Mean mixed layer mixing ratio: 17.73
              1000 hPa to 500 hPa thickness: 5762.00
Precipitable water [mm] for entire sounding: 63.05
</PRE>
<P>Description of the 
<A HREF="/upperair/columns.html">data columns</A>
or <A HREF="/upperair/indices.html">sounding indices</A>.

<P>
<FORM>
<INPUT CLASS="button" TYPE="button" VALUE=" Close this window " 
 onClick="window.close();">
<INPUT CLASS="button" TYPE="button" VALUE=" Select another map " 
 onClick="window.blur();">
</FORM>
<HR SIZE="1">
<I>Interested in graduate studies in atmospheric science?
Check out our program at the
<a href="http://www.uwyo.edu/atsc/howtoapply/"
target=_top>University of Wyoming
</a></I>
<HR SIZE="1"><FONT SIZE="-1">
Questions about the weather data provided by this site can be
addressed to <A HREF="mailto:ldoolman@uwyo.edu">
Larry Oolman (ldoolman@uwyo.edu)</A></FONT>
<HR SIZE="1">
<SCRIPT TYPE="text/javascript">
<!--
window.focus();
// -->
</SCRIPT>
</BODY>
</HTML>
