2017-03-26 12
<HTML>
<TITLE>University of Wyoming - Radiosonde Data</TITLE>
<LINK REL="StyleSheet" HREF="/resources/select.css" TYPE="text/css">
<BODY BGCOLOR="white">
<H2>97180 WAAA Ujung Pandang Observations at 00Z 26 Mar 2017</H2>
<PRE>
-----------------------------------------------------------------------------
   PRES   HGHT   TEMP   DWPT   RELH   MIXR   DRCT   SKNT   THTA   THTE   THTV
    hPa     m      C      C      %    g/kg    deg   knot     K      K      K 
-----------------------------------------------------------------------------
 1011.0     14   24.4   23.8     96  18.76     90      2  296.6  351.0  299.9
 1000.0    105   23.8   22.2     91  17.17     90      8  296.9  346.8  300.0
  992.0    175   23.4   21.9     91  16.99     77      7  297.2  346.6  300.2
  978.0    299   23.9   21.2     85  16.50     55      5  298.9  347.2  301.9
  970.0    371   24.2   20.8     81  16.22     33      5  299.9  347.6  302.9
  945.0    599   23.1   19.9     82  15.70    325      6  301.1  347.4  303.9
  925.0    785   22.2   19.1     83  15.29    310      8  302.0  347.3  304.8
  882.0   1199   19.8   16.9     83  13.93    280     12  303.7  345.3  306.2
  850.0   1521   18.0   15.2     84  12.94    285     13  305.0  343.9  307.4
  823.0   1795   16.6   13.8     83  12.19    285     12  306.4  343.3  308.6
  734.0   2769   11.8    8.8     82   9.78    250     15  311.3  341.6  313.1
  700.0   3165    9.0    6.0     81   8.45    235     16  312.4  338.9  314.0
  689.0   3294    8.2    5.4     83   8.24    230     16  312.9  338.8  314.5
  589.0   4573    0.0   -0.4     97   6.35    226     11  317.8  338.3  319.0
  573.0   4792   -1.1   -1.6     96   5.98    225     10  319.0  338.4  320.1
  537.0   5309   -3.7   -4.4     95   5.17    204      6  321.8  338.9  322.8
  531.0   5397   -4.0   -5.7     88   4.75    200      5  322.5  338.3  323.4
  522.0   5532   -4.5   -7.6     79   4.16    189      5  323.5  337.5  324.3
  510.0   5715   -5.3   -8.5     78   3.97    173      4  324.7  338.1  325.4
  506.0   5777   -5.9   -6.9     93   4.53    168      4  324.7  339.9  325.6
  503.0   5823   -5.9   -7.8     86   4.25    164      4  325.2  339.6  326.1
  501.0   5854   -6.3   -6.5     98   4.72    161      4  325.1  341.0  326.0
  500.0   5870   -6.3   -6.4     99   4.77    160      4  325.3  341.3  326.2
  497.0   5917   -6.3   -8.1     87   4.20    147      4  325.9  340.1  326.7
  492.0   5996   -6.8   -8.9     85   3.98    125      4  326.2  339.8  327.0
  474.0   6288   -8.5  -11.9     76   3.26    100      4  327.6  338.9  328.2
  463.0   6470   -9.7  -10.3     95   3.79     85      3  328.3  341.3  329.0
  458.0   6554   -9.9  -12.0     85   3.35     78      3  329.1  340.7  329.7
  456.0   6588  -10.1  -12.1     85   3.33     75      3  329.2  340.8  329.9
  422.0   7184  -13.7  -14.0     98   3.09     65      6  332.0  342.9  332.6
  421.0   7202  -13.8  -14.2     97   3.05     65      6  332.1  342.8  332.7
  405.0   7496  -15.7  -17.1     89   2.48     80      6  333.3  342.2  333.8
  400.0   7590  -16.3  -18.1     86   2.31    105      4  333.7  342.1  334.2
  399.0   7609  -16.3  -18.8     81   2.18    109      4  333.9  341.9  334.4
  393.0   7723  -16.9  -17.8     93   2.42    133      4  334.6  343.3  335.1
  389.0   7800  -17.2  -19.9     79   2.03    150      4  335.2  342.7  335.7
  387.0   7839  -17.3  -21.0     73   1.86    153      4  335.6  342.4  335.9
  386.0   7858  -17.3  -23.3     60   1.53    155      4  335.8  341.5  336.1
  379.0   7995  -18.3  -25.3     54   1.30    167      5  336.3  341.1  336.5
  374.0   8094  -19.0  -23.4     68   1.56    175      5  336.7  342.5  337.0
  373.0   8114  -19.1  -23.0     71   1.62    172      5  336.7  342.8  337.1
  371.0   8154  -19.5  -21.5     84   1.86    166      6  336.7  343.6  337.1
  367.0   8235  -19.1  -22.8     73   1.68    154      7  338.3  344.6  338.6
  359.0   8399  -20.3  -23.0     79   1.69    130      9  338.8  345.1  339.1
  354.0   8503  -21.1  -23.1     84   1.69    128      8  339.1  345.4  339.5
  345.0   8693  -21.6  -26.5     64   1.27    125      7  341.0  345.9  341.3
  342.0   8757  -21.7  -27.7     58   1.15    133      7  341.6  346.1  341.9
  331.0   8996  -23.4  -28.2     65   1.14    165      5  342.5  346.9  342.7
  315.0   9359  -26.1  -28.9     77   1.12    141      7  343.7  348.0  343.9
  305.0   9591  -28.1  -30.7     78   0.98    125      9  344.1  347.9  344.3
  300.0   9710  -29.1  -31.6     79   0.91    125      9  344.2  347.8  344.4
  293.0   9878  -30.5  -32.8     80   0.83    121     11  344.6  347.9  344.8
  287.0  10024  -31.3  -35.9     64   0.63    118     13  345.5  348.0  345.6
  257.0  10789  -38.2  -41.9     68   0.38    100     22  346.4  348.0  346.5
  250.0  10980  -39.9  -43.4     69   0.33    100     24  346.6  348.0  346.7
  200.0  12470  -52.5                         110     29  349.5         349.5
  196.0  12595  -53.7                         105     28  349.6         349.6
  170.0  13476  -62.0                          90     31  350.3         350.3
  150.0  14250  -69.3                         100     34  350.5         350.5
  119.0  15584  -82.0                          95     45  351.1         351.1
  115.0  15781  -83.9                          95     41  351.1         351.1
  107.0  16183  -83.2                          85     19  359.8         359.8
  101.0  16505  -82.6                          30     12  366.9         366.9
  100.0  16560  -82.5                          30     12  368.1         368.1
   96.0  16788  -82.4                          65      8  372.6         372.6
   93.7  16924  -82.3                          60     13  375.4         375.4
   91.0  17089  -80.2                          55     20  382.6         382.6
   89.8  17164  -79.3                          44     19  385.9         385.9
   87.7  17300  -73.9                          26     16  399.4         399.4
   86.0  17413  -74.4                          10     14  400.7         400.7
   82.0  17688  -75.5                         330      9  403.8         403.8
   78.0  17976  -76.7                         235     11  407.2         407.2
   70.0  18600  -79.3                         200     18  414.4         414.4
   68.7  18706  -80.1                         190     18  414.9         414.9
   63.6  19150  -72.5                         123     19  440.9         440.9
   63.0  19206  -72.2                         115     19  442.8         442.8
   57.7  19726  -69.3                          97     13  460.5         460.5
   57.0  19800  -67.8                          95     12  465.4         465.4
   55.7  19939  -65.1                         140      9  474.8         474.8
   54.0  20126  -66.2                         200      4  476.5         476.5
   52.0  20354  -67.5                         240     14  478.5         478.5
   50.6  20519  -68.5                         237     15  480.0         480.0
   50.0  20590  -68.3                         235     16  482.1         482.1
   49.0  20711  -68.4                         230     13  484.7         484.7
   47.3  20923  -68.5                         192      9  489.4         489.4
   44.5  21293  -62.7                         127      2  512.1         512.1
   44.0  21363  -62.6                         115      1  513.9         513.9
   42.0  21650  -62.3                         155      3  521.5         521.5
   40.5  21874  -62.1                                     527.5         527.5
</PRE><H3>Station information and sounding indices</H3><PRE>
                         Station identifier: WAAA
                             Station number: 97180
                           Observation time: 170326/0000
                           Station latitude: -5.06
                          Station longitude: 119.55
                          Station elevation: 14.0
                            Showalter index: -0.97
                               Lifted index: -2.31
    LIFT computed using virtual temperature: -2.47
                                SWEAT index: 212.39
                                    K index: 36.50
                         Cross totals index: 21.50
                      Vertical totals index: 24.30
                        Totals totals index: 45.80
      Convective Available Potential Energy: 387.25
             CAPE using virtual temperature: 439.71
                      Convective Inhibition: -84.57
             CINS using virtual temperature: -64.40
                           Equilibrum Level: 349.87
 Equilibrum Level using virtual temperature: 349.11
                   Level of Free Convection: 725.92
             LFCT using virtual temperature: 749.35
                     Bulk Richardson Number: 18.02
          Bulk Richardson Number using CAPV: 20.46
  Temp [K] of the Lifted Condensation Level: 294.13
Pres [hPa] of the Lifted Condensation Level: 949.83
     Mean mixed layer potential temperature: 298.50
              Mean mixed layer mixing ratio: 16.79
              1000 hPa to 500 hPa thickness: 5765.00
Precipitable water [mm] for entire sounding: 59.96
</PRE>
<P>Description of the 
<A HREF="/upperair/columns.html">data columns</A>
or <A HREF="/upperair/indices.html">sounding indices</A>.

<P>
<FORM>
<INPUT CLASS="button" TYPE="button" VALUE=" Close this window " 
 onClick="window.close();">
<INPUT CLASS="button" TYPE="button" VALUE=" Select another map " 
 onClick="window.blur();">
</FORM>
<HR SIZE="1">
<I>Interested in graduate studies in atmospheric science?
Check out our program at the
<a href="http://www.uwyo.edu/atsc/howtoapply/"
target=_top>University of Wyoming
</a></I>
<HR SIZE="1"><FONT SIZE="-1">
Questions about the weather data provided by this site can be
addressed to <A HREF="mailto:ldoolman@uwyo.edu">
Larry Oolman (ldoolman@uwyo.edu)</A></FONT>
<HR SIZE="1">
<SCRIPT TYPE="text/javascript">
<!--
window.focus();
// -->
</SCRIPT>
</BODY>
</HTML>
