2017-10-21 12
<HTML>
<TITLE>University of Wyoming - Radiosonde Data</TITLE>
<LINK REL="StyleSheet" HREF="/resources/select.css" TYPE="text/css">
<BODY BGCOLOR="white">
<H2>97180 WAAA Ujung Pandang Observations at 00Z 21 Oct 2017</H2>
<PRE>
-----------------------------------------------------------------------------
   PRES   HGHT   TEMP   DWPT   RELH   MIXR   DRCT   SKNT   THTA   THTE   THTV
    hPa     m      C      C      %    g/kg    deg   knot     K      K      K 
-----------------------------------------------------------------------------
 1012.0     14   26.0   23.0     84  17.83      0      0  298.1  350.1  301.3
 1000.0    115   25.6   19.6     69  14.57    150      5  298.8  341.4  301.4
  980.0    293   24.7   18.4     68  13.79    180     10  299.5  340.0  302.0
  925.0    803   22.0   15.0     64  11.72    170      5  301.8  336.6  303.9
  915.0    897   21.4   14.4     64  11.39    171      5  302.1  336.1  304.2
  884.0   1195   19.5   14.5     73  11.85    175      3  303.1  338.5  305.3
  864.0   1392   18.2   14.5     79  12.16    121      3  303.8  340.2  306.0
  853.0   1502   17.6   13.9     79  11.82     90      3  304.2  339.7  306.4
  850.0   1532   17.4   13.7     79  11.72     75      4  304.4  339.6  306.5
  834.0   1694   16.6   13.1     80  11.49     78      7  305.2  339.8  307.3
  824.0   1797   16.2   10.8     71   9.98     80      9  305.8  336.0  307.6
  794.0   2112   14.8    3.8     48   6.37     80     12  307.6  327.4  308.8
  751.0   2581   12.2   -0.8     41   4.83     80     17  309.7  325.0  310.6
  740.0   2703   11.2   -0.5     45   5.03     80     18  309.9  325.8  310.8
  719.0   2943    9.2    0.2     53   5.43     96     15  310.3  327.4  311.3
  711.0   3036    8.4    2.4     66   6.44    102     14  310.4  330.6  311.6
  700.0   3165    9.4   -0.6     50   5.26    110     12  312.9  329.7  313.9
  697.0   3201    9.6   -0.4     50   5.36    112     12  313.5  330.6  314.5
  664.0   3601    6.7   -1.9     54   5.06    135      6  314.6  330.9  315.5
  652.0   3751    5.6   -2.4     56   4.94    159      6  315.0  331.0  315.9
  648.0   3802    5.4   -2.6     56   4.90    167      6  315.3  331.2  316.2
  639.0   3916    6.0  -16.0     19   1.73    185      5  317.3  323.2  317.6
  631.0   4019    5.8  -18.2     16   1.45    201      5  318.2  323.2  318.4
  617.0   4201    4.2  -15.8     22   1.81    230      5  318.4  324.7  318.8
  596.0   4482    1.8  -12.2     35   2.53    254      6  318.8  327.4  319.2
  595.0   4496    1.7  -12.7     33   2.43    255      6  318.8  327.1  319.3
  573.0   4799    0.3  -24.3     14   0.94    235      4  320.6  324.0  320.8
  568.0   4869    0.0  -27.0     11   0.74    214      5  321.1  323.8  321.2
  552.0   5096   -1.1  -29.2     10   0.62    145      7  322.4  324.7  322.5
  531.0   5404   -2.6  -32.1      8   0.49    165      4  324.1  326.0  324.2
  512.0   5693   -4.1  -34.9      7   0.39    115     10  325.8  327.3  325.9
  509.0   5740   -4.3  -35.3      7   0.37    116     11  326.1  327.5  326.1
  500.0   5880   -5.1  -35.1      7   0.39    120     13  326.8  328.3  326.8
  474.0   6292   -8.1  -34.4     10   0.44    100     14  328.1  329.8  328.2
  456.0   6590  -10.2  -34.0     12   0.48     80     14  329.1  330.9  329.2
  425.0   7133  -14.1  -33.1     18   0.56     92     19  330.8  332.9  330.9
  405.0   7496  -16.3  -39.3     12   0.31    100     22  332.5  333.8  332.6
  400.0   7590  -16.9  -40.9     11   0.27    100     25  332.9  334.0  333.0
  390.0   7779  -18.1  -41.1     11   0.27     98     26  333.8  334.9  333.8
  362.0   8329  -21.9  -41.9     15   0.27     91     29  335.9  337.0  335.9
  358.0   8410  -21.7  -42.7     13   0.25     90     30  337.2  338.2  337.3
  354.0   8493  -22.1  -34.1     33   0.61     89     30  337.8  340.1  337.9
  353.0   8514  -22.1  -32.1     40   0.74     89     30  338.0  340.9  338.2
  350.0   8576  -22.5  -32.5     40   0.72     89     31  338.3  341.1  338.5
  346.0   8660  -22.9  -38.9     22   0.38     88     31  338.9  340.4  339.0
  342.0   8745  -22.7  -48.7      7   0.13     87     32  340.3  340.9  340.3
  326.0   9093  -25.1  -35.1     39   0.60     82     34  341.7  344.1  341.8
  317.0   9294  -26.4  -37.1     36   0.50     80     35  342.6  344.6  342.7
  300.0   9690  -29.1  -41.1     30   0.35     70     34  344.2  345.7  344.3
  286.0  10031  -31.9  -46.9     21   0.20     74     35  345.0  345.8  345.0
  268.0  10485  -35.7  -47.8     28   0.19     80     36  345.9  346.8  346.0
  250.0  10970  -39.7  -48.7     38   0.18     80     37  346.9  347.7  346.9
  249.0  10997  -39.9  -49.9     34   0.16     80     37  347.0  347.7  347.0
  200.0  12460  -52.1                          65     26  350.1         350.1
  170.0  13471  -60.8                          65     29  352.3         352.3
  150.0  14250  -67.5                          60     36  353.6         353.6
  142.0  14576  -70.9                          57     45  353.3         353.3
  126.0  15259  -75.1                          50     64  357.9         357.9
  107.0  16193  -80.9                          70     63  364.1         364.1
  100.0  16580  -83.3                          80     56  366.5         366.5
   97.9  16698  -84.1                          85     54  367.2         367.2
   96.0  16808  -83.5                          85     50  370.4         370.4
   95.9  16814  -83.5                          85     49  370.6         370.6
   94.5  16897  -78.5                          78     42  381.9         381.9
   91.0  17115  -78.2                          60     24  386.7         386.7
   87.0  17374  -77.8                          80      2  392.5         392.5
   82.0  17716  -77.2                         105      3  400.3         400.3
   78.0  18004  -76.8                         290      7  407.0         407.0
   74.0  18308  -76.3                         260     10  414.1         414.1
   72.0  18466  -76.1                         176      9  417.9         417.9
   70.0  18630  -75.3                          90      7  423.0         423.0
   67.0  18888  -74.1                          40     11  431.0         431.0
   64.0  19157  -72.8                         305      8  439.5         439.5
   60.0  19536  -70.9                         260     13  451.8         451.8
   59.1  19625  -70.5                         261     13  454.7         454.7
   57.5  19790  -67.5                         264     13  465.1         465.1
   50.3  20603  -64.5                         275     15  490.2         490.2
   50.0  20640  -64.1                         275     15  492.0         492.0
   45.0  21279  -66.0                         330     17  502.3         502.3
   43.0  21554  -66.9                          15     13  506.8         506.8
   42.5  21625  -67.1                          17     13  508.0         508.0
   39.8  22021  -66.9                          31     12  518.1         518.1
   39.0  22145  -65.6                          35     12  524.5         524.5
   37.0  22466  -62.2                          95     15  541.2         541.2
   36.4  22566  -61.1                          97     18  546.5         546.5
   33.0  23176  -59.1                         111     35  567.3         567.3
   32.0  23368  -59.6                         115     40  570.9         570.9
   30.0  23770  -60.7                         105     45  578.6         578.6
   28.5  24087  -61.1                          94     48  586.0         586.0
   28.0  24197  -60.3                          90     49  591.2         591.2
   27.4  24332  -59.3                          91     51  597.7         597.7
   24.0  25155  -60.5                          94     60  617.2         617.2
   23.0  25423  -57.9                          95     63  632.5         632.5
   21.7  25789  -54.3                          91     67  653.8         653.8
   20.0  26310  -53.7                          85     73  671.0         671.0
   19.0  26643  -53.0                          85     73  683.0         683.0
   14.2  28532  -49.3                          95     79  754.9         754.9
   14.0                                        95     79                     
</PRE><H3>Station information and sounding indices</H3><PRE>
                         Station identifier: WAAA
                             Station number: 97180
                           Observation time: 171021/0000
                           Station latitude: -5.06
                          Station longitude: 119.55
                          Station elevation: 14.0
                            Showalter index: 1.97
                               Lifted index: 1.39
    LIFT computed using virtual temperature: 0.69
                                SWEAT index: 185.40
                                    K index: 26.20
                         Cross totals index: 18.80
                      Vertical totals index: 22.50
                        Totals totals index: 41.30
      Convective Available Potential Energy: 0.00
             CAPE using virtual temperature: 7.58
                      Convective Inhibition: -162.84
             CINS using virtual temperature: -114.23
                           Equilibrum Level: 710.56
 Equilibrum Level using virtual temperature: 415.28
                   Level of Free Convection: 712.42
             LFCT using virtual temperature: 733.78
                     Bulk Richardson Number: 0.00
          Bulk Richardson Number using CAPV: 1.80
  Temp [K] of the Lifted Condensation Level: 290.68
Pres [hPa] of the Lifted Condensation Level: 902.16
     Mean mixed layer potential temperature: 299.38
              Mean mixed layer mixing ratio: 14.24
              1000 hPa to 500 hPa thickness: 5765.00
Precipitable water [mm] for entire sounding: 37.41
</PRE>
<P>Description of the 
<A HREF="/upperair/columns.html">data columns</A>
or <A HREF="/upperair/indices.html">sounding indices</A>.

<P>
<FORM>
<INPUT CLASS="button" TYPE="button" VALUE=" Close this window " 
 onClick="window.close();">
<INPUT CLASS="button" TYPE="button" VALUE=" Select another map " 
 onClick="window.blur();">
</FORM>
<HR SIZE="1">
<I>Interested in graduate studies in atmospheric science?
Check out our program at the
<a href="http://www.uwyo.edu/atsc/howtoapply/"
target=_top>University of Wyoming
</a></I>
<HR SIZE="1"><FONT SIZE="-1">
Questions about the weather data provided by this site can be
addressed to <A HREF="mailto:ldoolman@uwyo.edu">
Larry Oolman (ldoolman@uwyo.edu)</A></FONT>
<HR SIZE="1">
<SCRIPT TYPE="text/javascript">
<!--
window.focus();
// -->
</SCRIPT>
</BODY>
</HTML>
