2016-06-15 00
<HTML>
<TITLE>University of Wyoming - Radiosonde Data</TITLE>
<LINK REL="StyleSheet" HREF="/resources/select.css" TYPE="text/css">
<BODY BGCOLOR="white">
<H2>97180 WAAA Ujung Pandang Observations at 00Z 15 Jun 2016</H2>
<PRE>
-----------------------------------------------------------------------------
   PRES   HGHT   TEMP   DWPT   RELH   MIXR   DRCT   SKNT   THTA   THTE   THTV
    hPa     m      C      C      %    g/kg    deg   knot     K      K      K 
-----------------------------------------------------------------------------
 1009.0     14   24.4   23.1     92  18.00      0      0  296.8  349.0  300.0
 1001.0     80   25.6   23.2     87  18.26    324      3  298.7  352.1  301.9
 1000.0     88   26.0   23.4     86  18.51    320      3  299.1  353.4  302.4
  976.0    303   25.3   21.8     81  17.12    275     10  300.5  350.9  303.6
  961.0    440   24.8   20.7     78  16.28    294      9  301.4  349.5  304.3
  944.0    597   23.9   19.5     77  15.39    315      7  301.9  347.6  304.7
  925.0    776   22.8   18.2     75  14.43    355      6  302.6  345.5  305.2
  912.0    900   21.6   17.5     77  13.98     40      6  302.7  344.2  305.2
  907.0    948   21.2   17.2     78  13.80     48      7  302.7  343.7  305.2
  900.0   1016   22.0   17.0     73  13.73     59      9  304.2  345.3  306.7
  885.0   1162   20.0   15.7     76  12.84     83     12  303.6  341.9  305.9
  881.0   1201   19.7   15.6     77  12.78     90     13  303.7  341.9  306.0
  859.0   1420   18.2   14.8     81  12.47     97     22  304.3  341.7  306.6
  850.0   1511   18.6   14.8     79  12.61    100     26  305.6  343.6  307.9
  831.0   1705   18.4   13.6     74  11.92    102     27  307.4  343.6  309.6
  793.0   2102   16.6   10.6     68  10.21    105     30  309.6  341.0  311.5
  734.0   2757   13.6    5.6     58   7.83     93     22  313.2  337.9  314.7
  700.0   3154   11.0    4.0     62   7.33     85     17  314.6  337.9  316.0
  630.0   4021    3.6    1.0     83   6.57     81     18  315.8  336.9  317.1
  616.0   4202    2.7    0.3     84   6.41     80     18  316.8  337.4  318.0
  593.0   4510    1.2   -0.8     87   6.12     82     21  318.5  338.4  319.7
  586.0   4605    0.8   -3.5     73   5.07     82     22  319.1  335.8  320.1
  575.0   4757    0.0   -3.2     79   5.28     83     24  319.9  337.3  321.0
  559.0   4983   -0.9   -5.9     69   4.43     84     27  321.5  336.2  322.3
  553.0   5069   -1.5   -4.0     83   5.17     85     28  321.8  338.9  322.8
  551.0   5098   -1.6   -4.1     83   5.15     85     28  322.0  339.0  323.0
  545.0   5185   -1.9   -4.4     83   5.09     82     26  322.6  339.5  323.6
  541.0   5243   -2.3   -4.9     82   4.94     80     25  322.8  339.3  323.8
  540.0   5258   -2.1   -4.6     83   5.06     80     25  323.2  340.1  324.2
  536.0   5317   -0.9   -8.9     55   3.66     78     23  325.4  337.8  326.1
  531.0   5392    0.2   -8.8     51   3.72     75     22  327.5  340.3  328.3
  530.0   5407    0.4   -9.6     47   3.50     75     22  328.0  340.1  328.6
  500.0   5870   -3.5  -16.5     36   2.12     60     12  328.7  336.2  329.1
  485.0   6109   -5.9  -18.9     35   1.78     57      9  328.6  335.0  329.0
  474.0   6288   -7.0  -20.6     33   1.57     55      7  329.5  335.2  329.8
  451.0   6674   -9.3  -24.3     28   1.19     53     10  331.3  335.7  331.5
  435.0   6952  -10.9  -22.9     37   1.40     52     12  332.7  337.8  332.9
  426.0   7112  -12.3  -23.3     39   1.38     52     13  332.9  338.0  333.1
  421.0   7202  -13.3  -20.3     56   1.82     51     14  332.7  339.3  333.1
  418.0   7257  -13.5  -19.5     61   1.96     51     14  333.1  340.3  333.5
  405.0   7496  -14.9  -23.9     46   1.38     50     16  334.4  339.5  334.6
  400.0   7590  -14.7  -32.7     20   0.61     50     15  335.8  338.2  335.9
  399.0   7609  -14.7  -33.7     18   0.56     49     15  336.0  338.2  336.1
  371.0   8157  -17.9  -42.9      9   0.23     29     18  338.9  339.8  338.9
  360.0   8382  -19.9  -38.9     17   0.37     21     19  339.1  340.6  339.2
  359.0   8402  -20.0  -38.6     17   0.38     20     19  339.3  340.8  339.4
  357.0   8444  -20.1  -38.1     18   0.40     20     19  339.6  341.3  339.7
  353.0   8527  -20.9  -29.9     44   0.91     20     19  339.7  343.2  339.8
  352.0   8548  -20.9  -27.9     53   1.10     21     19  339.9  344.2  340.2
  349.0   8612  -21.3  -34.3     30   0.60     21     19  340.2  342.6  340.4
  348.0   8633  -21.3  -41.3     15   0.30     21     18  340.5  341.7  340.6
  301.0   9686  -29.9  -50.9     11   0.12     25     16  342.8  343.3  342.8
  300.0   9710  -30.1  -52.1     10   0.10     25     16  342.8  343.3  342.9
  292.0   9901  -31.9  -51.2     13   0.12     20     17  343.0  343.5  343.0
  291.0   9926  -32.1  -51.1     13   0.12     21     17  343.0  343.5  343.0
  285.0  10072  -33.1  -42.1     40   0.33     29     15  343.6  345.0  343.7
  280.0  10195  -34.0  -43.0     40   0.31     35     14  344.0  345.3  344.1
  268.0  10498  -36.3  -45.3     39   0.25     90      6  345.1  346.1  345.1
  250.0  10980  -39.9  -48.9     38   0.18     80      9  346.6  347.4  346.6
  246.0  11087  -40.8                          80     10  346.9         346.9
  215.0  11980  -48.4                          50     13  348.7         348.7
  200.0  12460  -52.5                          60     12  349.5         349.5
  196.0  12586  -53.5                          65     10  349.8         349.8
  187.0  12878  -56.0                         120      2  350.6         350.6
  178.0  13185  -58.6                         220      5  351.4         351.4
  150.0  14250  -67.5                         195     10  353.6         353.6
  146.0  14410  -68.8                         180      8  354.0         354.0
  139.0  14702  -71.3                         115      6  354.7         354.7
  132.0  14998  -72.9                          75     12  357.2         357.2
  126.0  15265  -74.3                          60     15  359.4         359.4
  119.0  15593  -76.0                          20     16  362.1         362.1
  113.0  15889  -77.6                         355     21  364.6         364.6
  107.0  16202  -79.2                         335     27  367.2         367.2
  102.0  16476  -80.7                         350     23  369.5         369.5
  100.0  16590  -81.3                           0     18  370.4         370.4
   97.0  16763  -78.8                         325      5  378.4         378.4
   96.6  16786  -78.5                         330      5  379.5         379.5
   87.0  17388  -77.2                          85     10  393.8         393.8
   82.6  17686  -76.5                         106     15  401.0         401.0
   78.0  18014  -78.7                         130     20  403.1         403.1
   76.3  18141  -79.5                         125     17  403.9         403.9
   74.0  18314  -79.7                         115     11  407.0         407.0
   70.0  18630  -80.1                         125      7  412.7         412.7
   69.9  18638  -80.1                         125      7  412.9         412.9
   63.0  19233  -77.0                         120     25  432.1         432.1
   57.0  19807  -74.0                          80     31  451.4         451.4
   56.4  19867  -73.7                          82     33  453.5         453.5
   52.0  20347  -69.1                         100     45  474.9         474.9
   51.1  20450  -68.1                          96     47  479.6         479.6
   50.0  20580  -68.3                          90     50  482.1         482.1
   45.4  21158  -68.1                          87     51  496.1         496.1
   42.0  21640  -62.8                          85     51  520.3         520.3
   38.0  22258  -56.0                          95     18  552.7         552.7
   37.7  22307  -55.5                         122     15  555.3         555.3
   37.2  22393  -52.7                         167     11  564.6         564.6
   37.0  22428  -52.6                         185      9  565.7         565.7
   35.4  22713  -51.9                         229     15  574.7         574.7
   35.0  22786  -52.3                         240     16  575.5         575.5
   30.6  23645  -57.1                         280     29  585.1         585.1
   30.0  23770  -57.3                         280     32  587.8         587.8
   25.0  24931  -53.3                         286     29  630.8         630.8
   22.0  25749  -54.0                         290     27  652.2         652.2
   20.0  26360  -54.5                         260     28  668.6         668.6
   19.3  26588  -55.5                         260     25  672.4         672.4
   19.0  26689  -55.2                         260     23  676.4         676.4
   17.0  27406  -52.8                         310     25  705.8         705.8
   16.0  27796  -51.5                         310     33  722.3         722.3
   15.1  28170  -50.3                                     738.4         738.4
</PRE><H3>Station information and sounding indices</H3><PRE>
                         Station identifier: WAAA
                             Station number: 97180
                           Observation time: 160615/0000
                           Station latitude: -5.06
                          Station longitude: 119.55
                          Station elevation: 14.0
                            Showalter index: 1.94
                               Lifted index: -0.74
    LIFT computed using virtual temperature: -1.43
                                SWEAT index: 241.59
                                    K index: 29.90
                         Cross totals index: 18.30
                      Vertical totals index: 22.10
                        Totals totals index: 40.40
      Convective Available Potential Energy: 612.65
             CAPE using virtual temperature: 736.40
                      Convective Inhibition: -102.63
             CINS using virtual temperature: -27.70
                           Equilibrum Level: 190.01
 Equilibrum Level using virtual temperature: 189.98
                   Level of Free Convection: 693.65
             LFCT using virtual temperature: 879.16
                     Bulk Richardson Number: 9.66
          Bulk Richardson Number using CAPV: 11.61
  Temp [K] of the Lifted Condensation Level: 294.37
Pres [hPa] of the Lifted Condensation Level: 935.61
     Mean mixed layer potential temperature: 300.04
              Mean mixed layer mixing ratio: 17.32
              1000 hPa to 500 hPa thickness: 5782.00
Precipitable water [mm] for entire sounding: 52.42
</PRE>
<P>Description of the 
<A HREF="/upperair/columns.html">data columns</A>
or <A HREF="/upperair/indices.html">sounding indices</A>.

<P>
<FORM>
<INPUT CLASS="button" TYPE="button" VALUE=" Close this window " 
 onClick="window.close();">
<INPUT CLASS="button" TYPE="button" VALUE=" Select another map " 
 onClick="window.blur();">
</FORM>
<HR SIZE="1">
<I>Interested in graduate studies in atmospheric science?
Check out our program at the
<a href="http://www.uwyo.edu/atsc/howtoapply/"
target=_top>University of Wyoming
</a></I>
<HR SIZE="1"><FONT SIZE="-1">
Questions about the weather data provided by this site can be
addressed to <A HREF="mailto:ldoolman@uwyo.edu">
Larry Oolman (ldoolman@uwyo.edu)</A></FONT>
<HR SIZE="1">
<SCRIPT TYPE="text/javascript">
<!--
window.focus();
// -->
</SCRIPT>
</BODY>
</HTML>
