2018-02-28 12
<HTML>
<TITLE>University of Wyoming - Radiosonde Data</TITLE>
<LINK REL="StyleSheet" HREF="/resources/select.css" TYPE="text/css">
<BODY BGCOLOR="white">
<H2>97180 WAAA Ujung Pandang Observations at 00Z 28 Feb 2018</H2>
<PRE>
-----------------------------------------------------------------------------
   PRES   HGHT   TEMP   DWPT   RELH   MIXR   DRCT   SKNT   THTA   THTE   THTV
    hPa     m      C      C      %    g/kg    deg   knot     K      K      K 
-----------------------------------------------------------------------------
 1008.0     14   25.4   23.7     90  18.70      0      0  297.9  352.4  301.2
 1002.0     60   25.0   21.3     80  16.20     75      2  298.0  345.2  300.9
 1000.0     76   25.2   21.4     79  16.33    100      2  298.4  346.0  301.3
  999.0     85   26.0   22.2     80  17.19     98      2  299.2  349.6  302.3
  975.0    300   25.5   20.9     76  16.21     45      4  300.8  348.6  303.7
  972.0    328   25.4   20.7     75  16.09     36      4  301.0  348.5  303.9
  943.0    595   23.1   20.3     84  16.18    305      4  301.3  349.1  304.2
  936.0    660   22.6   20.2     86  16.20    315      4  301.4  349.3  304.3
  925.0    764   22.6   19.5     83  15.68    330      5  302.4  349.0  305.2
  911.0    897   22.0   18.1     78  14.53    340      6  303.1  346.4  305.7
  880.0   1198   20.6   14.8     70  12.19    310     10  304.7  341.3  306.9
  876.0   1237   20.4   14.4     68  11.91    310     10  304.9  340.7  307.1
  850.0   1497   18.6   14.0     75  11.96    310     11  305.6  341.7  307.8
  764.0   2406   13.4   10.1     81  10.28    305      6  309.4  341.1  311.4
  755.0   2507   12.8    9.7     81  10.10    298      6  309.9  341.0  311.7
  738.0   2698   12.1    7.9     75   9.11    285      6  311.2  339.5  312.9
  700.0   3142   10.6    3.6     62   7.13    325      4  314.2  336.8  315.5
  691.0   3250   10.2    3.2     62   7.02    332      5  314.9  337.3  316.2
  687.0   3297    9.9    2.9     62   6.91    335      5  315.1  337.2  316.4
  594.0   4486    3.3   -4.4     57   4.67    355     10  320.8  336.3  321.7
  553.0   5070    0.0   -8.0     55   3.81    341      8  323.5  336.4  324.3
  511.0   5697   -4.0  -10.4     61   3.40    325      6  326.1  337.7  326.7
  500.0   5870   -5.1  -11.1     63   3.29    330      7  326.8  338.1  327.4
  496.0   5933   -5.7  -10.3     70   3.54    331      7  326.8  338.9  327.5
  485.0   6109   -6.5  -13.5     58   2.80    333      7  327.9  337.7  328.4
  445.0   6778  -11.1  -13.9     80   2.95    343      8  330.3  340.6  330.9
  438.0   6899  -11.8  -14.9     77   2.75    345      8  330.9  340.6  331.4
  421.0   7202  -13.5  -17.6     71   2.30    340      6  332.5  340.7  332.9
  419.0   7239  -13.7  -17.9     71   2.25    347      6  332.6  340.7  333.1
  405.0   7496  -15.9  -18.5     80   2.21     40      2  333.1  341.0  333.5
  400.0   7590  -16.7  -18.7     84   2.20    105      1  333.2  341.1  333.6
  394.0   7704  -17.3  -18.9     87   2.19    134      1  333.9  341.8  334.3
  374.0   8093  -19.1  -24.7     61   1.39    235      2  336.5  341.7  336.7
  372.0   8133  -19.3  -25.3     59   1.32    237      2  336.7  341.7  337.0
  359.0   8396  -21.2  -26.3     63   1.25    250      2  337.6  342.4  337.9
  345.0   8689  -23.3  -27.4     69   1.18    340      6  338.7  343.1  338.9
  341.0   8776  -23.9  -27.7     71   1.16    341      6  338.9  343.4  339.2
  330.0   9012  -25.5  -30.4     64   0.93    345      7  339.9  343.5  340.1
  304.0   9604  -29.6  -37.2     48   0.52    310      6  342.2  344.3  342.3
  300.0   9700  -30.3  -38.3     46   0.47    325      6  342.6  344.5  342.6
  292.0   9891  -31.9  -42.1     35   0.32    345      5  343.0  344.3  343.1
  279.0  10212  -34.5  -48.6     23   0.17      5      8  343.7  344.4  343.8
  276.0  10288  -35.1  -50.1     20   0.14     11      8  343.9  344.5  343.9
  254.0  10862  -39.9  -54.9     19   0.09     56      5  345.0  345.4  345.1
  250.0  10970  -41.1                          65      5  344.8         344.8
  245.0  11103  -42.3                          65      6  345.1         345.1
  214.0  11994  -50.0                          60     15  346.6         346.6
  200.0  12440  -53.9                          90     19  347.2         347.2
  195.0  12599  -55.3                          95     20  347.5         347.5
  170.0  13462  -62.9                          98     27  348.8         348.8
  150.0  14220  -69.5                         100     33  350.2         350.2
  134.0  14885  -73.9                          98     40  353.8         353.8
  118.0  15611  -78.3                          95     48  358.8         358.8
  107.0  16171  -81.7                          95     40  362.6         362.6
  101.0  16494  -81.4                          95     35  369.2         369.2
  100.0  16550  -81.3                          95     35  370.4         370.4
   86.0  17393  -83.8                          30     14  381.6         381.6
   82.6  17618  -84.5                          35      9  384.7         384.7
   81.0  17728  -83.8                          50      8  388.3         388.3
   77.0  18012  -82.0                         110     16  397.7         397.7
   71.9  18397  -79.5                          96     15  410.8         410.8
   70.0  18550  -77.7                          90     14  417.8         417.8
   69.0  18633  -76.6                          85     11  422.0         422.0
   67.0  18804  -74.3                         204      8  430.5         430.5
   66.0  18891  -74.7                         265      7  431.5         431.5
   60.6  19386  -76.9                         196     12  437.2         437.2
   59.0  19542  -75.4                         175     13  444.0         444.0
   56.7  19773  -73.1                         129     13  454.2         454.2
   56.0  19846  -73.2                         115     13  455.6         455.6
   51.9  20291  -73.9                         112      8  464.0         464.0
   50.0  20510  -73.1                         110      6  470.8         470.8
   49.3  20592  -73.5                         113      5  471.8         471.8
   48.0  20749  -71.1                         120      3  481.2         481.2
   47.5  20811  -70.1                         111      4  484.9         484.9
   44.0  21267  -69.6                          45     13  496.9         496.9
   42.0  21544  -69.3                          25     17  504.3         504.3
   38.0  22141  -68.6                          95     22  520.6         520.6
   34.0  22803  -67.9                          85     37  539.4         539.4
   32.1  23146  -67.5                          90     42  549.3         549.3
   30.0  23550  -69.5                          95     48  554.6         554.6
   29.2  23710  -69.9                          95     51  557.8         557.8
   27.8  24005  -65.1                          95     57  579.1         579.1
   21.0  25721  -62.2                          95     88  636.1         636.1
   20.0  26020  -61.7                          95     87  646.6         646.6
   18.6  26469  -62.1                          93     92  658.9         658.9
   17.1  26994  -58.6                          90     98  686.1         686.1
   17.0  27031  -58.4                          90     98  688.1         688.1
   16.5  27218  -57.1                                     698.0         698.0
</PRE><H3>Station information and sounding indices</H3><PRE>
                         Station identifier: WAAA
                             Station number: 97180
                           Observation time: 180228/0000
                           Station latitude: -5.06
                          Station longitude: 119.55
                          Station elevation: 14.0
                            Showalter index: 1.09
                               Lifted index: -1.56
    LIFT computed using virtual temperature: -2.00
                                SWEAT index: 196.98
                                    K index: 30.70
                         Cross totals index: 19.10
                      Vertical totals index: 23.70
                        Totals totals index: 42.80
      Convective Available Potential Energy: 457.41
             CAPE using virtual temperature: 556.61
                      Convective Inhibition: -79.41
             CINS using virtual temperature: -56.22
                           Equilibrum Level: 180.29
 Equilibrum Level using virtual temperature: 179.32
                   Level of Free Convection: 764.68
             LFCT using virtual temperature: 793.81
                     Bulk Richardson Number: 97.81
          Bulk Richardson Number using CAPV: 119.03
  Temp [K] of the Lifted Condensation Level: 293.44
Pres [hPa] of the Lifted Condensation Level: 924.21
     Mean mixed layer potential temperature: 300.14
              Mean mixed layer mixing ratio: 16.53
              1000 hPa to 500 hPa thickness: 5794.00
Precipitable water [mm] for entire sounding: 53.65
</PRE>
<P>Description of the 
<A HREF="/upperair/columns.html">data columns</A>
or <A HREF="/upperair/indices.html">sounding indices</A>.

<P>
<FORM>
<INPUT CLASS="button" TYPE="button" VALUE=" Close this window " 
 onClick="window.close();">
<INPUT CLASS="button" TYPE="button" VALUE=" Select another map " 
 onClick="window.blur();">
</FORM>
<HR SIZE="1">
<I>Interested in graduate studies in atmospheric science?
Check out our program at the
<a href="http://www.uwyo.edu/atsc/howtoapply/"
target=_top>University of Wyoming
</a></I>
<HR SIZE="1"><FONT SIZE="-1">
Questions about the weather data provided by this site can be
addressed to <A HREF="mailto:ldoolman@uwyo.edu">
Larry Oolman (ldoolman@uwyo.edu)</A></FONT>
<HR SIZE="1">
<SCRIPT TYPE="text/javascript">
<!--
window.focus();
// -->
</SCRIPT>
</BODY>
</HTML>
