2016-04-08 00
<HTML>
<TITLE>University of Wyoming - Radiosonde Data</TITLE>
<LINK REL="StyleSheet" HREF="/resources/select.css" TYPE="text/css">
<BODY BGCOLOR="white">
<H2>97180 WAAA Ujung Pandang Observations at 00Z 08 Apr 2016</H2>
<PRE>
-----------------------------------------------------------------------------
   PRES   HGHT   TEMP   DWPT   RELH   MIXR   DRCT   SKNT   THTA   THTE   THTV
    hPa     m      C      C      %    g/kg    deg   knot     K      K      K 
-----------------------------------------------------------------------------
 1010.0     14   24.2   23.6     96  18.55      0      0  296.5  350.2  299.8
 1009.0     23   24.6   20.4     77  15.19     10      0  297.0  341.1  299.7
 1007.0     40   26.0   21.2     75  16.01     31      1  298.6  345.3  301.4
 1003.0     74   27.0   22.0     74  16.91     73      2  299.9  349.6  302.9
 1000.0    100   27.2   21.2     70  16.13    105      3  300.4  347.9  303.2
  978.0    296   26.7   19.9     66  15.24     70      1  301.8  347.0  304.6
  972.0    350   26.6   19.6     65  15.00     66      1  302.2  346.7  304.9
  925.0    783   24.2   18.2     69  14.43     30      4  304.1  347.2  306.7
  913.0    897   23.4   17.7     70  14.15     30      5  304.4  346.8  306.9
  882.0   1199   21.3   16.3     73  13.43    340      1  305.2  345.6  307.7
  872.0   1299   20.6   15.9     74  13.20    284      1  305.5  345.2  307.9
  863.0   1389   20.4   13.4     64  11.32    233      1  306.2  340.5  308.2
  853.0   1490   19.2   15.8     81  13.41    176      1  305.9  346.4  308.4
  852.0   1500   19.1   15.8     81  13.43    170      1  306.0  346.5  308.4
  850.0   1520   19.0   15.8     82  13.46    175      2  306.0  346.7  308.5
  844.0   1581   19.2   13.2     68  11.42    174      2  306.9  341.6  309.0
  822.0   1807   17.9   13.1     74  11.64    170      4  307.8  343.3  309.9
  794.0   2103   16.1   12.9     81  11.94    115      5  309.0  345.5  311.2
  789.0   2157   15.8   12.9     83  11.99    114      5  309.2  345.9  311.4
  766.0   2407   14.9   10.0     72  10.14    110      4  310.8  342.2  312.7
  754.0   2541   14.4    8.4     67   9.26    174      3  311.7  340.5  313.4
  740.0   2699   13.3    9.1     76   9.89    250      1  312.1  342.9  314.0
  732.0   2790   12.6    9.5     81  10.28    210      1  312.4  344.4  314.3
  714.0   2998   11.7    8.1     78   9.55    120      2  313.6  343.6  315.4
  700.0   3164   11.0    6.9     76   8.99    100      3  314.6  343.0  316.3
  689.0   3296   10.5    6.3     75   8.74     65      1  315.5  343.2  317.2
  664.0   3605    9.3    4.8     73   8.18    155      1  317.6  343.7  319.1
  661.0   3643    9.2    4.6     73   8.11    161      1  317.8  343.8  319.4
  641.0   3897    8.2    1.3     62   6.59    205      3  319.4  340.9  320.7
  618.0   4199    7.0   -2.7     50   5.11    205      3  321.4  338.3  322.4
  615.0   4240    6.8   -3.2     49   4.94    202      4  321.7  338.1  322.6
  596.0   4497    4.5   -2.4     61   5.39    180      7  321.9  339.8  323.0
  590.0   4579    3.8   -2.2     65   5.55    185      7  322.0  340.4  323.1
  573.0   4817    2.6   -4.4     60   4.84    198      5  323.3  339.5  324.2
  553.0   5104    0.9   -4.8     66   4.88    215      4  324.6  341.0  325.6
  542.0   5266    0.0   -5.0     69   4.89    198      5  325.4  341.9  326.4
  513.0   5705   -2.1   -9.2     59   3.75    150      9  328.0  340.9  328.7
  500.0   5910   -3.1  -11.1     54   3.29    140     11  329.2  340.7  329.9
  490.0   6070   -4.5  -13.5     49   2.77    134     12  329.4  339.1  329.9
  463.0   6514   -7.3  -13.3     62   2.98    119     14  331.3  341.8  331.9
  424.0   7195  -11.7  -17.7     61   2.26     95     18  334.1  342.3  334.6
  422.0   7232  -11.9  -17.9     61   2.23     95     18  334.3  342.4  334.7
  413.0   7397  -12.9  -19.9     56   1.92     97     18  335.1  342.1  335.4
  410.0   7452  -13.3  -24.3     39   1.31     98     17  335.2  340.1  335.5
  405.0   7546  -14.1  -21.1     55   1.76     99     17  335.4  341.9  335.7
  400.0   7640  -14.5  -22.5     51   1.58    100     17  336.1  341.9  336.4
  393.0   7773  -15.5  -22.5     55   1.61    104     16  336.4  342.4  336.8
  391.0   7811  -15.8  -23.1     53   1.53    105     16  336.6  342.3  336.9
  387.0   7889  -16.3  -24.3     50   1.39    103     16  336.9  342.1  337.2
  383.0   7966  -17.1  -26.1     46   1.19    100     17  336.8  341.4  337.1
  379.0   8045  -17.5  -26.5     45   1.16     98     17  337.3  341.7  337.6
  376.0   8104  -17.9  -26.9     45   1.13     96     18  337.6  341.9  337.8
  374.0   8144  -18.1  -27.1     45   1.12     95     18  337.8  342.1  338.0
  372.0   8184  -18.5  -26.5     49   1.19     94     18  337.8  342.3  338.0
  371.0   8204  -18.7  -26.7     49   1.17     93     18  337.8  342.2  338.0
  370.0   8224  -18.9  -25.9     54   1.26     93     18  337.8  342.5  338.0
  369.0   8244  -19.1  -20.8     86   1.99     92     19  337.8  345.1  338.2
  363.0   8365  -19.9  -22.5     80   1.74     88     19  338.3  344.8  338.6
  362.0   8386  -20.1  -23.0     78   1.67     88     19  338.3  344.5  338.6
  359.0   8447  -20.5  -28.5     49   1.02     86     20  338.6  342.5  338.8
  358.0   8468  -20.5  -31.5     37   0.77     85     20  338.8  341.8  339.0
  344.0   8761  -21.9  -35.9     27   0.52     76     22  340.8  342.9  340.9
  318.0   9333  -26.1  -35.1     43   0.61     59     25  342.7  345.2  342.9
  306.0   9608  -28.3  -33.5     61   0.74     50     27  343.4  346.3  343.5
  303.0   9679  -28.9  -33.1     67   0.78     48     28  343.6  346.6  343.7
  302.0   9703  -29.1  -31.6     79   0.91     47     28  343.6  347.1  343.8
  300.0   9750  -29.1  -31.6     79   0.91     45     29  344.2  347.8  344.4
  287.0  10066  -31.3  -39.3     45   0.44     52     28  345.5  347.3  345.6
  250.0  11030  -38.9  -48.9     34   0.18     75     23  348.1  348.9  348.1
  247.0  11112  -39.8  -49.8     34   0.16     70     23  348.0  348.7  348.0
  246.0  11140  -40.1  -50.1     33   0.16     69     23  347.9  348.6  347.9
  216.0  12001  -46.8                          50     18  350.8         350.8
  200.0  12510  -50.7                          10     22  352.3         352.3
  197.0  12605  -51.5                          10     24  352.5         352.5
  188.0  12899  -54.1                           5     26  353.2         353.2
  180.0  13173  -56.4                           0     26  353.8         353.8
  150.0  14320  -66.3                         355     14  355.7         355.7
  148.0  14398  -66.9                         350     14  356.0         356.0
  121.0  15565  -75.6                         295     14  361.1         361.1
  115.0  15860  -77.8                         295     13  362.3         362.3
  109.0  16171  -80.2                         340      9  363.5         363.5
  103.0  16499  -82.6                          10     10  364.8         364.8
  100.0  16670  -83.9                          30     10  365.4         365.4
   93.0  17070  -84.8                          95     12  371.2         371.2
   90.9  17196  -85.1                         105     15  373.1         373.1
   88.0  17375  -85.1                         110     22  376.6         376.6
   82.2  17750  -85.1                          91     30  384.0         384.0
   79.0  17969  -83.9                          80     34  390.9         390.9
   78.0  18039  -83.5                          82     29  393.1         393.1
   75.0  18261  -77.2                          90     14  410.8         410.8
   74.4  18306  -75.9                          72     13  414.4         414.4
   71.0  18578  -74.2                         325      5  423.6         423.6
   70.0  18660  -73.7                         305     10  426.4         426.4
   67.0  18917  -72.9                         285     27  433.4         433.4
   66.9  18926  -72.9                         285     27  433.7         433.7
   64.0  19185  -73.6                         275     41  437.6         437.6
   54.3  20144  -76.3                         267     25  452.5         452.5
   52.0  20394  -76.8                         265     21  457.1         457.1
   50.3  20586  -77.1                         261     17  460.6         460.6
   50.0  20620  -77.1                         260     16  461.4         461.4
   49.0  20736  -77.1                         245     13  464.1         464.1
   48.9  20748  -77.1                         240     13  464.4         464.4
   47.0  20979  -73.1                         145      9  479.1         479.1
   45.5  21169  -69.9                          89     19  491.4         491.4
   45.0  21234  -69.8                          70     22  493.1         493.1
   36.9  22418  -68.9                          97     36  524.3         524.3
   36.3  22516  -68.9                          99     37  526.8         526.8
   36.0  22566  -67.6                         100     38  531.3         531.3
   35.4  22667  -65.1                         101     36  540.4         540.4
   31.5  23380  -63.9                         107     21  562.0         562.0
   30.0  23680  -61.7                         110     15  575.9         575.9
   29.0  23894  -60.0                         100     12  586.3         586.3
   27.0  24345  -56.2                          70     13  608.7         608.7
   26.2  24535  -54.7                          22      3  618.4         618.4
   26.0  24584  -54.7                          10      1  619.8         619.8
   25.0  24836  -54.7                         260      7  626.9         626.9
   24.0  25098  -54.6                         275     15  634.3         634.3
   21.0  25955  -54.5                         170      9  659.3         659.3
   20.9  25986  -54.5                         166      9  660.2         660.2
   20.0  26270  -52.7                         125      7  674.1         674.1
   19.0  26604  -50.9                          90      8  689.8         689.8
   18.0  26957  -48.9                          35      7  706.7         706.7
   17.6  27104  -48.1                                     713.8         713.8
</PRE><H3>Station information and sounding indices</H3><PRE>
                         Station identifier: WAAA
                             Station number: 97180
                           Observation time: 160408/0000
                           Station latitude: -5.06
                          Station longitude: 119.55
                          Station elevation: 14.0
                            Showalter index: 1.18
                               Lifted index: 1.06
    LIFT computed using virtual temperature: 0.68
                                SWEAT index: 204.60
                                    K index: 33.80
                         Cross totals index: 18.90
                      Vertical totals index: 22.10
                        Totals totals index: 41.00
      Convective Available Potential Energy: 5.20
             CAPE using virtual temperature: 15.17
                      Convective Inhibition: -341.07
             CINS using virtual temperature: -261.05
                           Equilibrum Level: 354.66
 Equilibrum Level using virtual temperature: 350.83
                   Level of Free Convection: 406.97
             LFCT using virtual temperature: 446.62
                     Bulk Richardson Number: 7.94
          Bulk Richardson Number using CAPV: 23.17
  Temp [K] of the Lifted Condensation Level: 291.92
Pres [hPa] of the Lifted Condensation Level: 895.67
     Mean mixed layer potential temperature: 301.27
              Mean mixed layer mixing ratio: 15.49
              1000 hPa to 500 hPa thickness: 5810.00
Precipitable water [mm] for entire sounding: 55.61
</PRE>
<P>Description of the 
<A HREF="/upperair/columns.html">data columns</A>
or <A HREF="/upperair/indices.html">sounding indices</A>.

<P>
<FORM>
<INPUT CLASS="button" TYPE="button" VALUE=" Close this window " 
 onClick="window.close();">
<INPUT CLASS="button" TYPE="button" VALUE=" Select another map " 
 onClick="window.blur();">
</FORM>
<HR SIZE="1">
<I>Interested in graduate studies in atmospheric science?
Check out our program at the
<a href="http://www.uwyo.edu/atsc/howtoapply/"
target=_top>University of Wyoming
</a></I>
<HR SIZE="1"><FONT SIZE="-1">
Questions about the weather data provided by this site can be
addressed to <A HREF="mailto:ldoolman@uwyo.edu">
Larry Oolman (ldoolman@uwyo.edu)</A></FONT>
<HR SIZE="1">
<SCRIPT TYPE="text/javascript">
<!--
window.focus();
// -->
</SCRIPT>
</BODY>
</HTML>
