2017-05-11 12
<HTML>
<TITLE>University of Wyoming - Radiosonde Data</TITLE>
<LINK REL="StyleSheet" HREF="/resources/select.css" TYPE="text/css">
<BODY BGCOLOR="white">
<H2>97180 WAAA Ujung Pandang Observations at 00Z 11 May 2017</H2>
<PRE>
-----------------------------------------------------------------------------
   PRES   HGHT   TEMP   DWPT   RELH   MIXR   DRCT   SKNT   THTA   THTE   THTV
    hPa     m      C      C      %    g/kg    deg   knot     K      K      K 
-----------------------------------------------------------------------------
 1009.0     14   26.2   23.0     83  17.89      0      0  298.6  350.9  301.8
 1008.0     23   25.6   21.6     79  16.41     12      1  298.1  345.9  301.0
 1000.0     95   26.2   21.4     75  16.33    110      7  299.4  347.2  302.3
  993.0    157   27.2   21.2     70  16.24    112      8  300.9  348.9  303.9
  977.0    300   26.8   19.9     66  15.20    115     11  302.0  347.1  304.7
  976.0    309   26.8   19.8     66  15.13    115     11  302.0  346.9  304.8
  925.0    780   24.0   18.0     69  14.24    105     14  303.8  346.4  306.4
  850.0   1515   18.8   14.9     78  12.69     95     13  305.8  344.1  308.2
  844.0   1576   18.2   14.7     80  12.61     94     13  305.8  343.9  308.1
  822.0   1803   17.8   14.5     81  12.79     91     13  307.7  346.6  310.1
  764.0   2425   13.0   12.1     94  11.74     83     13  309.0  345.0  311.2
  740.0   2693   11.8   11.0     94  11.24     80     13  310.6  345.2  312.7
  700.0   3159    9.8    9.0     95  10.40     95      8  313.3  345.8  315.3
  664.0   3598    7.7    6.4     91   9.15    100      5  315.7  344.6  317.4
  659.0   3660    7.4    6.0     91   8.98     79      4  316.1  344.5  317.8
  640.0   3901    6.4    2.5     76   7.22      0      0  317.6  340.7  318.9
  633.0   3992    6.0    1.2     71   6.64     24      1  318.1  339.6  319.4
  617.0   4201    4.5    1.5     81   6.96     80      4  318.7  341.2  320.0
  600.0   4429    2.8    1.8     93   7.32     79      5  319.3  343.0  320.7
  562.0   4958    0.0   -1.4     90   6.18     77      9  322.0  342.4  323.2
  539.0   5293   -1.9   -1.9    100   6.22     76     11  323.6  344.2  324.9
  531.0   5412   -2.2   -2.6     97   5.98     75     12  324.6  344.5  325.8
  515.0   5655   -2.9   -4.1     91   5.52     90     11  326.7  345.2  327.8
  512.0   5702   -3.1   -4.5     90   5.38     93     11  327.0  345.1  328.0
  508.0   5764   -3.1   -8.0     69   4.14     97     11  327.7  341.9  328.5
  500.0   5890   -3.3  -13.3     46   2.76    105     11  328.9  338.6  329.5
  487.0   6097   -4.7  -17.7     35   1.96    113     12  329.7  336.8  330.1
  485.0   6129   -4.9  -18.9     33   1.78    114     12  329.9  336.3  330.2
  482.0   6178   -4.7  -30.7     11   0.62    116     12  330.7  333.1  330.8
  479.0   6227   -5.1  -29.1     13   0.72    118     12  330.8  333.6  330.9
  478.0   6243   -5.1  -29.1     13   0.73    118     12  331.0  333.8  331.1
  477.0   6260   -5.3  -19.3     32   1.75    119     12  330.9  337.3  331.3
  475.0   6292   -5.6  -19.5     33   1.73    120     12  331.0  337.3  331.4
  457.0   6591   -7.9  -21.1     34   1.57    155     11  331.7  337.5  332.1
  439.0   6901  -10.4  -22.7     36   1.41    150     13  332.5  337.7  332.7
  431.0   7043  -11.5  -23.5     36   1.34    162     14  332.8  337.8  333.1
  422.0   7204  -12.3  -26.3     30   1.06    175     15  333.7  337.7  333.9
  406.0   7497  -13.9  -31.5     21   0.68    175      8  335.4  338.0  335.5
  400.0   7610  -14.5  -33.5     18   0.57    160      5  336.1  338.3  336.2
  390.0   7801  -15.4  -35.9     16   0.46    130      2  337.2  339.1  337.3
  375.0   8096  -16.9  -39.6     12   0.33    215      3  339.1  340.4  339.2
  354.0   8529  -19.1  -45.1      8   0.19    183      8  341.8  342.6  341.8
  346.0   8697  -20.4  -45.7      9   0.19    170     10  342.2  343.0  342.3
  332.0   8999  -22.8  -46.8      9   0.17    175      9  343.0  343.8  343.1
  306.0   9596  -27.5  -49.0     11   0.15    210      8  344.5  345.1  344.5
  302.0   9692  -28.3  -49.3     12   0.14    203      8  344.7  345.3  344.8
  300.0   9740  -28.7  -48.7     13   0.15    200      8  344.8  345.5  344.9
  293.0   9907  -30.1  -49.1     14   0.15    205      7  345.1  345.8  345.1
  281.0  10203  -32.7  -49.7     17   0.15    250      7  345.6  346.2  345.6
  269.0  10506  -35.5  -48.8     24   0.17    265     11  345.8  346.5  345.8
  265.0  10610  -36.5  -48.5     28   0.18    262     12  345.9  346.6  345.9
  250.0  11010  -39.3  -43.7     63   0.32    250     15  347.5  348.9  347.6
  247.0  11093  -40.1  -44.1     65   0.31    249     14  347.5  348.8  347.6
  236.0  11397  -42.7                         245     12  348.1         348.1
  226.0  11685  -45.2                         265      6  348.6         348.6
  216.0  11987  -47.9                         340      1  349.1         349.1
  206.0  12303  -50.6                          55      6  349.5         349.5
  200.0  12500  -52.3                          60      9  349.8         349.8
  188.0  12887  -56.0                          35      6  350.1         350.1
  179.0  13193  -58.9                          10      4  350.4         350.4
  171.0  13479  -61.5                         345      9  350.5         350.5
  163.0  13778  -64.4                         350     14  350.6         350.6
  161.0  13855  -65.1                         356     15  350.6         350.6
  155.0  14083  -67.2                          15     18  350.8         350.8
  150.0  14280  -69.1                          30     20  350.9         350.9
  147.0  14398  -69.8                          25     16  351.6         351.6
  140.0  14684  -71.6                         320      9  353.4         353.4
  133.0  14984  -73.5                         275     14  355.3         355.3
  120.0  15586  -77.3                         273     20  358.9         358.9
  108.0  16183  -79.6                         270     26  365.5         365.5
  100.0  16620  -81.3                         250     17  370.4         370.4
   98.5  16705  -81.7                         245     15  371.2         371.2
   97.0  16792  -81.9                         250     12  372.5         372.5
   92.0  17089  -82.5                         355      5  376.9         376.9
   90.6  17175  -82.7                          11     10  378.2         378.2
   88.6  17301  -80.5                          35     17  385.0         385.0
   87.0  17404  -81.2                          55     23  385.7         385.7
   83.4  17642  -82.7                          51     24  387.3         387.3
   83.0  17669  -82.4                          50     24  388.4         388.4
   80.2  17863  -80.3                         316     14  396.6         396.6
   78.1  18015  -75.7                         244      6  409.1         409.1
   78.0  18023  -75.7                         240      6  409.2         409.2
   72.3  18463  -76.5                         260     21  416.5         416.5
   71.0  18568  -76.4                         265     25  419.0         419.0
   70.4  18617  -76.3                         268     26  420.1         420.1
   70.0  18650  -76.3                         270     26  420.8         420.8
   69.0  18734  -73.7                         268     26  428.1         428.1
   64.0  19172  -74.5                         255     29  435.6         435.6
   63.1  19255  -74.7                         254     26  437.0         437.0
   61.0  19454  -73.6                         250     20  443.8         443.8
   58.0  19750  -71.9                         275     25  454.0         454.0
   55.3  20030  -70.3                         283     25  463.9         463.9
   51.6  20447  -64.9                         295     25  485.7         485.7
   50.0  20640  -64.1                         300     25  492.0         492.0
   47.0  21020  -62.9                         284     29  503.7         503.7
   41.0  21853  -65.0                         250     37  518.5         518.5
   38.1  22301  -66.1                         238     24  526.6         526.6
   36.2  22610  -66.7                         230     14  532.9         532.9
   35.2  22780  -65.3                         226      9  540.8         540.8
   35.0  22815  -64.3                         225      8  544.2         544.2
   34.1  22976  -59.9                         154      9  559.9         559.9
   33.0  23180  -59.9                          65     11  565.2         565.2
   32.0  23372  -59.9                         350     11  570.1         570.1
   31.0  23572  -56.5                         325     18  584.5         584.5
   30.0  23780  -55.9                         300     26  591.6         591.6
   26.0  24682  -57.9                         255     16  610.8         610.8
   25.2  24879  -58.3                         214     18  615.0         615.0
   24.6  25030  -58.1                         183     19  619.8         619.8
   23.7  25265  -56.3                         134     21  631.7         631.7
   23.1  25429  -52.9                         101     22  646.3         646.3
   23.0  25456  -53.0                          95     22  646.9         646.9
   22.0  25741  -53.7                          75     22  653.1         653.1
   20.1  26318  -55.1                          99     28  665.8         665.8
   20.0  26350  -55.5                         100     28  665.5         665.5
   19.0  26678  -54.9                         100     38  677.3         677.3
   17.8  27095  -54.1                          96     39  692.5         692.5
   17.2  27316  -51.9                          94     40  706.4         706.4
   16.4  27629  -45.5                          91     41  736.7         736.7
   16.0                                        90     41                     
</PRE><H3>Station information and sounding indices</H3><PRE>
                         Station identifier: WAAA
                             Station number: 97180
                           Observation time: 170511/0000
                           Station latitude: -5.06
                          Station longitude: 119.55
                          Station elevation: 14.0
                            Showalter index: 1.94
                               Lifted index: 0.76
    LIFT computed using virtual temperature: 0.29
                                SWEAT index: 215.79
                                    K index: 36.20
                         Cross totals index: 18.20
                      Vertical totals index: 22.10
                        Totals totals index: 40.30
      Convective Available Potential Energy: 51.35
             CAPE using virtual temperature: 84.21
                      Convective Inhibition: -122.64
             CINS using virtual temperature: -108.03
                           Equilibrum Level: 400.99
 Equilibrum Level using virtual temperature: 388.77
                   Level of Free Convection: 764.14
             LFCT using virtual temperature: 767.67
                     Bulk Richardson Number: 37.36
          Bulk Richardson Number using CAPV: 61.27
  Temp [K] of the Lifted Condensation Level: 292.04
Pres [hPa] of the Lifted Condensation Level: 897.20
     Mean mixed layer potential temperature: 301.25
              Mean mixed layer mixing ratio: 15.58
              1000 hPa to 500 hPa thickness: 5795.00
Precipitable water [mm] for entire sounding: 57.85
</PRE>
<P>Description of the 
<A HREF="/upperair/columns.html">data columns</A>
or <A HREF="/upperair/indices.html">sounding indices</A>.

<P>
<FORM>
<INPUT CLASS="button" TYPE="button" VALUE=" Close this window " 
 onClick="window.close();">
<INPUT CLASS="button" TYPE="button" VALUE=" Select another map " 
 onClick="window.blur();">
</FORM>
<HR SIZE="1">
<I>Interested in graduate studies in atmospheric science?
Check out our program at the
<a href="http://www.uwyo.edu/atsc/howtoapply/"
target=_top>University of Wyoming
</a></I>
<HR SIZE="1"><FONT SIZE="-1">
Questions about the weather data provided by this site can be
addressed to <A HREF="mailto:ldoolman@uwyo.edu">
Larry Oolman (ldoolman@uwyo.edu)</A></FONT>
<HR SIZE="1">
<SCRIPT TYPE="text/javascript">
<!--
window.focus();
// -->
</SCRIPT>
</BODY>
</HTML>
