2017-10-17 12
<HTML>
<TITLE>University of Wyoming - Radiosonde Data</TITLE>
<LINK REL="StyleSheet" HREF="/resources/select.css" TYPE="text/css">
<BODY BGCOLOR="white">
<H2>97180 WAAA Ujung Pandang Observations at 00Z 17 Oct 2017</H2>
<PRE>
-----------------------------------------------------------------------------
   PRES   HGHT   TEMP   DWPT   RELH   MIXR   DRCT   SKNT   THTA   THTE   THTV
    hPa     m      C      C      %    g/kg    deg   knot     K      K      K 
-----------------------------------------------------------------------------
 1010.0     14   25.0   22.8     88  17.65      0      0  297.3  348.6  300.4
 1009.0     22   23.8   21.0     84  15.78      3      1  296.2  341.8  299.0
 1000.0     97   23.2   20.9     87  15.83     30      9  296.4  342.1  299.2
  978.0    292   22.7   19.8     84  15.09      0     15  297.8  341.7  300.4
  944.0    603   21.9   18.0     78  13.97    355     15  300.0  341.1  302.5
  938.0    659   21.8   17.7     78  13.77    357     14  300.4  341.0  302.9
  925.0    781   21.2   17.9     81  14.15      0     12  301.0  342.8  303.5
  912.0    903   20.5   17.5     83  13.99      5      9  301.4  342.9  304.0
  881.0   1199   18.7   16.5     87  13.60     45      6  302.6  343.0  305.0
  850.0   1507   16.8   15.5     92  13.20     45     10  303.7  343.2  306.1
  822.0   1793   15.2   14.1     93  12.48     40     12  304.9  342.5  307.2
  792.0   2110   13.4   12.6     95  11.71     61     11  306.3  341.7  308.4
  766.0   2390   12.1   10.6     91  10.59     80     10  307.8  340.1  309.8
  700.0   3146    8.6    5.2     79   7.98     70     13  312.0  337.0  313.5
  680.0   3386    7.8    1.8     66   6.45     75     13  313.7  334.2  314.9
  660.0   3632    6.2    2.2     76   6.84     80     13  314.6  336.3  315.9
  638.0   3909    5.1   -2.5     58   5.03     85     13  316.3  332.7  317.3
  629.0   4025    4.6   -4.4     52   4.41     93     13  317.1  331.5  317.9
  616.0   4194    3.6   -4.4     56   4.52    105     14  317.8  332.7  318.7
  572.0   4793    0.0   -4.2     73   4.93    107     12  320.4  336.7  321.4
  565.0   4892   -0.5   -6.5     64   4.18    107     12  321.0  334.9  321.8
  557.0   5006   -1.5   -3.9     84   5.18    108     11  321.1  338.2  322.1
  535.0   5326   -3.5   -4.9     90   5.00    109     10  322.4  339.0  323.4
  529.0   5415   -3.3   -6.8     77   4.37    109     10  323.7  338.4  324.6
  510.0   5704   -4.6   -7.4     81   4.33    110      9  325.5  340.2  326.4
  500.0   5860   -5.3   -7.7     83   4.31     95      8  326.5  341.2  327.4
  491.0   6002   -6.1   -8.5     83   4.12     65      8  327.2  341.3  328.0
  478.0   6213   -7.3   -9.7     83   3.85     69      9  328.3  341.5  329.0
  457.0   6561  -10.5  -10.8     98   3.69     74     12  328.5  341.2  329.2
  455.0   6595  -10.6  -11.1     97   3.63     75     12  328.8  341.3  329.5
  423.0   7155  -12.7  -15.6     79   2.70     54     11  333.0  342.6  333.6
  404.0   7504  -15.0  -16.6     88   2.60     40     11  334.4  343.8  335.0
  400.0   7580  -15.5  -16.8     90   2.58     30     10  334.8  344.0  335.3
  399.0   7599  -15.7  -16.9     90   2.57     27     10  334.7  344.0  335.3
  388.0   7808  -16.4  -18.3     86   2.34    350      9  336.4  345.0  336.9
  373.0   8104  -17.5  -20.3     79   2.06    335     10  338.9  346.4  339.3
  362.0   8328  -18.3  -21.8     74   1.86    343     12  340.7  347.6  341.1
  359.0   8390  -18.8  -22.3     74   1.79    345     12  340.9  347.6  341.3
  344.0   8706  -21.1  -24.8     72   1.50      0      8  341.8  347.5  342.1
  337.0   8858  -22.3  -26.0     72   1.37      7      9  342.3  347.5  342.6
  324.0   9145  -24.3  -33.3     43   0.72     19     10  343.4  346.2  343.5
  304.0   9604  -27.9  -36.9     42   0.53     40     12  344.6  346.7  344.7
  300.0   9700  -28.7  -37.7     42   0.50     50     13  344.8  346.9  344.9
  294.0   9845  -29.7  -43.7     24   0.27     59     14  345.4  346.5  345.4
  280.0  10191  -32.7  -41.4     41   0.36     80     18  346.0  347.5  346.1
  278.0  10242  -33.1  -41.1     45   0.38     79     18  346.1  347.6  346.1
  250.0  10980  -39.5  -49.5     34   0.17     70     17  347.2  347.9  347.2
  245.0  11118  -40.1  -47.1     47   0.22     70     17  348.3  349.3  348.4
  200.0  12470  -52.5                          65     22  349.5         349.5
  170.0  13481  -61.5                          70     35  351.1         351.1
  150.0  14260  -68.5                          80     26  351.9         351.9
  149.0  14300  -69.1                          80     26  351.5         351.5
  147.0  14377  -69.7                          80     27  351.9         351.9
  126.0  15260  -76.1                         115     44  356.2         356.2
  101.0  16525  -85.3                         100     51  361.6         361.6
  100.0  16580  -85.1                         100     50  363.1         363.1
   98.3  16675  -81.7                          95     44  371.4         371.4
   92.7  17003  -81.3                          80     25  378.5         378.5
   91.0  17108  -77.9                          75     19  387.2         387.2
   90.7  17127  -77.3                          65     18  388.8         388.8
   87.0  17368  -75.7                         300      8  396.6         396.6
   82.0  17710  -73.5                         280     18  408.0         408.0
   81.2  17767  -73.1                         280     22  409.9         409.9
   78.0  18001  -73.8                         280     36  413.2         413.2
   73.9  18315  -74.7                         278     34  417.7         417.7
   70.0  18630  -73.9                         275     32  426.0         426.0
   63.6  19195  -71.1                         259     27  443.9         443.9
   60.0  19539  -72.3                         250     24  448.7         448.7
   58.9  19648  -72.7                         254     24  450.2         450.2
   55.3  20022  -69.7                         267     23  465.2         465.2
   52.0  20387  -71.0                         280     22  470.6         470.6
   50.1  20608  -71.7                         275     20  473.9         473.9
   50.0  20620  -71.9                         275     20  473.6         473.6
   47.0  20989  -67.4                         275      7  492.8         492.8
   46.4  21065  -66.5                         244      7  496.9         496.9
   45.0  21252  -66.1                         170      7  502.1         502.1
   40.0  21970  -64.8                         115     16  522.7         522.7
   33.0  23143  -62.5                          80     44  558.1         558.1
   32.3  23273  -62.3                          81     44  562.2         562.2
   30.0  23730  -60.5                          85     46  579.1         579.1
   29.1  23920  -58.7                          86     51  589.1         589.1
   27.0  24389  -59.6                          90     63  599.4         599.4
   26.7  24459  -59.7                          90     63  601.0         601.0
   24.4  25025  -57.9                          90     64  621.9         621.9
   22.0  25690  -52.5                          90     66  656.7         656.7
   21.6  25808  -51.5                          90     66  663.1         663.1
   20.8  26050  -49.5                                     676.3         676.3
</PRE><H3>Station information and sounding indices</H3><PRE>
                         Station identifier: WAAA
                             Station number: 97180
                           Observation time: 171017/0000
                           Station latitude: -5.06
                          Station longitude: 119.55
                          Station elevation: 14.0
                            Showalter index: 0.31
                               Lifted index: 0.89
    LIFT computed using virtual temperature: 0.81
                                SWEAT index: 214.01
                                    K index: 34.20
                         Cross totals index: 20.80
                      Vertical totals index: 22.10
                        Totals totals index: 42.90
      Convective Available Potential Energy: 2.96
             CAPE using virtual temperature: 6.10
                      Convective Inhibition: -140.26
             CINS using virtual temperature: -104.00
                           Equilibrum Level: 455.39
 Equilibrum Level using virtual temperature: 454.94
                   Level of Free Convection: 559.49
             LFCT using virtual temperature: 582.07
                     Bulk Richardson Number: 0.21
          Bulk Richardson Number using CAPV: 0.44
  Temp [K] of the Lifted Condensation Level: 292.42
Pres [hPa] of the Lifted Condensation Level: 940.90
     Mean mixed layer potential temperature: 297.57
              Mean mixed layer mixing ratio: 15.20
              1000 hPa to 500 hPa thickness: 5763.00
Precipitable water [mm] for entire sounding: 55.75
</PRE>
<P>Description of the 
<A HREF="/upperair/columns.html">data columns</A>
or <A HREF="/upperair/indices.html">sounding indices</A>.

<P>
<FORM>
<INPUT CLASS="button" TYPE="button" VALUE=" Close this window " 
 onClick="window.close();">
<INPUT CLASS="button" TYPE="button" VALUE=" Select another map " 
 onClick="window.blur();">
</FORM>
<HR SIZE="1">
<I>Interested in graduate studies in atmospheric science?
Check out our program at the
<a href="http://www.uwyo.edu/atsc/howtoapply/"
target=_top>University of Wyoming
</a></I>
<HR SIZE="1"><FONT SIZE="-1">
Questions about the weather data provided by this site can be
addressed to <A HREF="mailto:ldoolman@uwyo.edu">
Larry Oolman (ldoolman@uwyo.edu)</A></FONT>
<HR SIZE="1">
<SCRIPT TYPE="text/javascript">
<!--
window.focus();
// -->
</SCRIPT>
</BODY>
</HTML>
