2016-01-09 12
<HTML>
<TITLE>University of Wyoming - Radiosonde Data</TITLE>
<LINK REL="StyleSheet" HREF="/resources/select.css" TYPE="text/css">
<BODY BGCOLOR="white">
<H2>97180 WAAA Ujung Pandang Observations at 00Z 09 Jan 2016</H2>
<PRE>
-----------------------------------------------------------------------------
   PRES   HGHT   TEMP   DWPT   RELH   MIXR   DRCT   SKNT   THTA   THTE   THTV
    hPa     m      C      C      %    g/kg    deg   knot     K      K      K 
-----------------------------------------------------------------------------
 1011.0     14   26.0   23.1     84  17.96      0      0  298.2  350.6  301.4
 1000.0    113   26.8   21.8     74  16.75      0      0  299.9  349.2  302.9
  993.0    175   27.2   22.2     74  17.30     25      1  300.9  352.0  304.1
  979.0    301   26.4   21.6     75  16.86     75      2  301.3  351.2  304.4
  925.0    801   23.0   19.0     78  15.19     90      2  302.8  348.0  305.6
  914.0    905   22.4   18.1     77  14.53     65      2  303.2  346.6  305.9
  883.0   1204   20.7   15.6     73  12.78    145      2  304.5  342.8  306.8
  853.0   1503   19.0   13.1     69  11.19    175      6  305.7  339.6  307.8
  850.0   1534   18.8   12.8     68  11.04    170      6  305.8  339.2  307.9
  795.0   2099   15.6    9.6     67   9.50    115      6  308.3  337.4  310.0
  768.0   2391   13.9    7.9     67   8.77     85     10  309.5  336.6  311.2
  700.0   3174    9.4    3.4     66   7.03     65     10  312.9  335.1  314.2
  695.0   3234    9.0    4.6     74   7.71     63     10  313.1  337.3  314.5
  690.0   3294    9.0    4.3     72   7.60     60     10  313.7  337.7  315.1
  685.0   3354    9.0    4.0     71   7.50     56     10  314.4  338.1  315.8
  665.0   3600    9.0   -8.5     28   3.03     40      8  317.0  327.2  317.6
  658.0   3687    9.0  -13.0     20   2.15     41      8  318.0  325.3  318.4
  657.0   3700    9.0  -11.0     23   2.53     42      8  318.1  326.7  318.6
  633.0   4007    7.0   -2.0     53   5.25     47      8  319.2  336.5  320.3
  618.0   4204    6.3   -8.9     33   3.16     50      8  320.6  331.3  321.2
  609.0   4324    5.8  -13.2     24   2.28     53      8  321.4  329.3  321.9
  574.0   4805    1.9   -6.4     54   4.15     65     10  322.3  336.2  323.1
  570.0   4862    1.4   -5.6     60   4.44     61     10  322.4  337.2  323.2
  556.0   5062    0.8  -12.2     37   2.71     48      9  324.0  333.3  324.5
  553.0   5106    0.6   -8.4     51   3.69     45      9  324.2  336.8  325.0
  551.0   5135    1.0  -18.0     23   1.69     43      9  325.1  331.1  325.4
  547.0   5193    1.0  -21.0     18   1.32     39      9  325.7  330.5  326.0
  536.0   5356    0.0  -18.0     24   1.74     28      9  326.4  332.6  326.8
  525.0   5522   -0.9  -15.9     31   2.12     17      8  327.3  334.8  327.7
  520.0   5599   -1.7   -8.7     59   3.83     12      8  327.2  340.4  328.0
  514.0   5691   -1.9  -13.9     39   2.55      6      8  328.1  337.0  328.6
  513.0   5706   -2.0  -14.1     39   2.52      5      8  328.1  336.9  328.6
  500.0   5910   -3.7  -16.7     36   2.08     75      6  328.5  335.9  328.9
  495.0   5989   -3.7  -25.7     16   0.96    108      4  329.4  333.0  329.6
  494.0   6005   -3.8  -25.8     16   0.96    115      4  329.5  333.1  329.7
  476.0   6293   -5.5  -26.8     17   0.90    165      6  330.9  334.3  331.0
  458.0   6592   -7.3  -27.8     18   0.85    160      6  332.3  335.5  332.4
  407.0   7507  -12.8  -31.0     20   0.71    220     14  336.5  339.3  336.7
  403.0   7583  -13.3  -31.3     20   0.70    223     13  336.9  339.6  337.0
  400.0   7640  -13.9  -31.9     20   0.66    225     12  336.8  339.4  337.0
  391.0   7812  -15.4  -30.6     26   0.77    225     10  337.1  340.1  337.2
  376.0   8107  -17.9  -28.3     40   1.00    260      2  337.5  341.3  337.7
  375.0   8127  -18.1  -28.1     41   1.01    267      2  337.5  341.4  337.8
  363.0   8370  -19.3  -45.3      8   0.18    355      5  339.1  339.9  339.1
  361.0   8411  -19.5  -36.5     21   0.47     10      6  339.4  341.2  339.5
  359.0   8452  -19.7  -27.7     49   1.10     13      6  339.6  343.9  339.9
  347.0   8703  -22.0  -31.0     44   0.84     30      4  339.9  343.1  340.1
  336.0   8940  -24.1  -34.1     39   0.64    332      6  340.1  342.6  340.2
  332.0   9028  -24.5  -42.5     17   0.27    311      6  340.7  341.9  340.8
  320.0   9294  -26.2  -46.4     13   0.19    245      8  342.0  342.8  342.1
  307.0   9593  -28.1  -50.7     10   0.12    185      4  343.4  344.0  343.5
  300.0   9760  -29.1  -53.1      8   0.09    210      2  344.2  344.7  344.3
  294.0   9901  -30.2  -53.8      8   0.09    235      2  344.7  345.1  344.7
  259.0  10784  -37.2  -57.9     10   0.06    170      6  347.1  347.4  347.2
  250.0  11030  -39.1  -59.1     10   0.05    205      6  347.8  348.0  347.8
  246.0  11141  -40.1  -59.1     11   0.05    214      8  347.9  348.2  347.9
  237.0  11389  -42.2                         235     12  348.4         348.4
  207.0  12291  -49.9                         275     21  350.1         350.1
  200.0  12520  -51.9                         270     23  350.4         350.4
  150.0  14320  -66.9                         250     27  354.6         354.6
  121.0  15580  -77.6                         240     35  357.4         357.4
  118.0  15727  -78.9                         237     33  357.7         357.7
  108.0  16228  -80.9                         225     25  363.2         363.2
  104.0  16441  -81.7                         198     20  365.5         365.5
  100.0  16660  -83.1                         170     14  366.9         366.9
   99.9  16666  -83.1                         169     14  367.0         367.0
   97.0  16830  -83.1                         145     14  370.2         370.2
   92.0  17125  -83.0                         150     17  375.9         375.9
   88.0  17373  -83.0                         110      8  380.7         380.7
   74.0  18340  -82.9                         110      8  400.2         400.2
   70.0  18650  -82.9                          50      8  406.7         406.7
   67.0  18895  -81.3                          16     11  415.3         415.3
   65.6  19016  -75.7                         359     13  430.0         430.0
   62.8  19271  -72.3                         326     16  442.9         442.9
   60.0  19541  -71.9                         290     19  449.6         449.6
   50.0  20620  -70.3                         185     17  477.4         477.4
   49.0  20740  -70.2                         175     17  480.5         480.5
   45.6  21168  -69.7                         145     13  491.6         491.6
   45.0  21248  -68.8                         140     12  495.7         495.7
   42.0  21666  -63.9                         105     14  517.5         517.5
   41.5  21738  -63.1                          89     13  521.4         521.4
   40.0  21968  -62.5                          40      8  528.4         528.4
   37.0  22453  -61.2                         325     16  543.7         543.7
   35.0  22800  -60.3                           0     16  554.8         554.8
   32.0  23358  -58.8                         275     25  573.2         573.2
   30.0  23760  -57.7                         280     21  586.8         586.8
   29.0  23974  -57.7                         300     21  592.5         592.5
   28.9  23996  -57.7                         299     21  593.0         593.0
   26.0  24658  -58.8                         255     19  608.2         608.2
   25.0  24904  -59.2                         210     14  613.9         613.9
   23.0  25426  -60.0                         260     19  626.3         626.3
   22.0  25705  -60.5                         225     10  632.9         632.9
   21.9  25733  -60.5                                     633.6         633.6
   21.1  25967  -56.9                                     651.2         651.2
</PRE><H3>Station information and sounding indices</H3><PRE>
                         Station identifier: WAAA
                             Station number: 97180
                           Observation time: 160109/0000
                           Station latitude: -5.06
                          Station longitude: 119.55
                          Station elevation: 14.0
                            Showalter index: 3.50
                               Lifted index: -0.86
    LIFT computed using virtual temperature: -1.54
                                SWEAT index: 171.61
                                    K index: 29.30
                         Cross totals index: 16.50
                      Vertical totals index: 22.50
                        Totals totals index: 39.00
      Convective Available Potential Energy: 269.54
             CAPE using virtual temperature: 444.80
                      Convective Inhibition: -66.38
             CINS using virtual temperature: -39.95
                           Equilibrum Level: 218.55
 Equilibrum Level using virtual temperature: 218.85
                   Level of Free Convection: 780.61
             LFCT using virtual temperature: 830.70
                     Bulk Richardson Number: 127.91
          Bulk Richardson Number using CAPV: 211.08
  Temp [K] of the Lifted Condensation Level: 293.69
Pres [hPa] of the Lifted Condensation Level: 919.21
     Mean mixed layer potential temperature: 300.86
              Mean mixed layer mixing ratio: 16.88
              1000 hPa to 500 hPa thickness: 5797.00
Precipitable water [mm] for entire sounding: 47.06
</PRE>
<P>Description of the 
<A HREF="/upperair/columns.html">data columns</A>
or <A HREF="/upperair/indices.html">sounding indices</A>.

<P>
<FORM>
<INPUT CLASS="button" TYPE="button" VALUE=" Close this window " 
 onClick="window.close();">
<INPUT CLASS="button" TYPE="button" VALUE=" Select another map " 
 onClick="window.blur();">
</FORM>
<HR SIZE="1">
<I>Interested in graduate studies in atmospheric science?
Check out our program at the
<a href="http://www.uwyo.edu/atsc/howtoapply/"
target=_top>University of Wyoming
</a></I>
<HR SIZE="1"><FONT SIZE="-1">
Questions about the weather data provided by this site can be
addressed to <A HREF="mailto:ldoolman@uwyo.edu">
Larry Oolman (ldoolman@uwyo.edu)</A></FONT>
<HR SIZE="1">
<SCRIPT TYPE="text/javascript">
<!--
window.focus();
// -->
</SCRIPT>
</BODY>
</HTML>
