2017-01-22 00
<HTML>
<TITLE>University of Wyoming - Radiosonde Data</TITLE>
<LINK REL="StyleSheet" HREF="/resources/select.css" TYPE="text/css">
<BODY BGCOLOR="white">
<H2>97180 WAAA Ujung Pandang Observations at 00Z 22 Jan 2017</H2>
<PRE>
-----------------------------------------------------------------------------
   PRES   HGHT   TEMP   DWPT   RELH   MIXR   DRCT   SKNT   THTA   THTE   THTV
    hPa     m      C      C      %    g/kg    deg   knot     K      K      K 
-----------------------------------------------------------------------------
 1011.0     14   25.6   24.6     94  19.72      0      0  297.8  355.3  301.3
 1001.0    101   25.4   22.0     81  16.94     18      4  298.5  347.9  301.5
 1000.0    110   25.4   21.6     80  16.54     20      4  298.6  346.9  301.5
  979.0    298   24.3   21.2     83  16.53    355      5  299.3  347.7  302.2
  946.0    601   22.6   20.7     89  16.51    310      6  300.4  349.0  303.4
  925.0    799   21.4   20.3     93  16.50    290      9  301.2  349.9  304.2
  914.0    902   20.8   19.7     93  16.03    285      9  301.6  349.0  304.5
  862.0   1405   17.8   16.5     92  13.89    297     11  303.6  345.0  306.1
  850.0   1524   17.4   14.7     84  12.52    300     11  304.4  341.9  306.6
  823.0   1799   16.5   13.7     83  12.13    295      8  306.3  343.0  308.5
  801.0   2030   15.8   12.9     83  11.81    287      7  307.9  343.8  310.1
  794.0   2104   15.5   12.4     82  11.55    285      7  308.3  343.5  310.4
  767.0   2395   14.1   10.6     80  10.59    310      6  309.9  342.5  311.8
  740.0   2696   12.7    8.7     77   9.66    255      1  311.5  341.5  313.3
  714.0   2997   11.3    6.9     74   8.79     25      2  313.2  340.8  314.8
  705.0   3104   10.8    6.2     73   8.50      9      2  313.8  340.5  315.4
  700.0   3163   10.6    6.4     75   8.69      0      2  314.2  341.6  315.8
  689.0   3294    9.8    5.8     76   8.43    355      3  314.7  341.3  316.3
  664.0   3598    7.8    4.2     78   7.86     10      6  315.8  340.8  317.3
  626.0   4084    4.6    1.8     82   7.01     31     10  317.5  340.1  318.9
  595.0   4495    2.5   -2.6     69   5.33     50     13  319.7  337.2  320.7
  583.0   4660    1.6   -4.4     64   4.76     51     12  320.6  336.3  321.5
  565.0   4912    0.0   -4.3     73   4.95     53     11  321.6  337.9  322.5
  552.0   5098   -1.2   -4.3     80   5.07     55     10  322.2  339.0  323.2
  533.0   5376   -3.1   -4.3     91   5.25     64     10  323.2  340.7  324.3
  512.0   5693   -4.6   -6.2     89   4.73     75      9  325.1  341.1  326.1
  500.0   5880   -5.5   -7.3     87   4.45     70      8  326.3  341.3  327.1
  480.0   6202   -6.9  -11.3     71   3.38     78      8  328.4  340.1  329.0
  474.0   6300   -7.7  -10.0     84   3.80     80      8  328.6  341.6  329.3
  469.0   6383   -8.1  -11.7     75   3.35     85      8  329.1  340.7  329.7
  459.0   6552   -9.1  -15.1     62   2.59     95      8  329.9  339.0  330.4
  453.0   6654   -9.7  -12.6     79   3.22    101      8  330.3  341.6  331.0
  444.0   6810  -10.7  -15.6     67   2.57    111      9  331.0  340.1  331.5
  424.0   7165  -12.5  -19.5     56   1.94    133      9  333.1  340.1  333.4
  422.0   7201  -12.8  -19.5     57   1.95    135      9  333.2  340.2  333.6
  400.0   7610  -15.9  -19.0     77   2.14    130     10  334.2  342.0  334.7
  385.0   7896  -17.7  -19.4     87   2.15    113      9  335.5  343.4  336.0
  374.0   8111  -19.2  -20.6     89   2.00    100      8  336.4  343.7  336.8
  360.0   8393  -21.1  -22.1     92   1.82     88     10  337.5  344.2  337.9
  331.0   9006  -25.1  -29.8     65   0.98     60     15  340.1  343.9  340.3
  330.0   9028  -25.3  -30.1     64   0.96     60     15  340.2  343.9  340.4
  315.0   9363  -27.9  -30.2     81   0.99     63     13  341.1  345.0  341.4
  300.0   9710  -30.5  -34.4     69   0.69     65     12  342.3  345.0  342.4
  275.0  10323  -35.7  -39.4     69   0.46     61     12  343.4  345.2  343.5
  268.0  10501  -36.8  -42.8     54   0.33     60     12  344.3  345.6  344.4
  265.0  10580  -37.3  -44.3     48   0.28     65     12  344.7  345.9  344.7
  251.0  10953  -40.1  -47.1     47   0.22     88     12  345.9  346.9  346.0
  250.0  10980  -40.3                          90     12  346.0         346.0
  246.0  11087  -41.2                          90     14  346.2         346.2
  200.0  12460  -53.3                          80     28  348.2         348.2
  187.0  12876  -57.0                          80     29  348.9         348.9
  150.0  14240  -69.3                          85     32  350.5         350.5
  146.0  14398  -70.7                          80     32  350.8         350.8
  133.0  14943  -75.5                          66     34  351.7         351.7
  132.0  14985  -75.8                          65     34  352.0         352.0
  100.0  16540  -85.7                          80     48  361.9         361.9
   96.9  16714  -86.5                          85     51  363.6         363.6
   96.0  16766  -84.8                          85     52  367.9         367.9
   93.2  16932  -79.5                          85     40  381.5         381.5
   91.0  17069  -77.1                          85     30  388.9         388.9
   86.2  17383  -76.5                         114     10  396.1         396.1
   86.0  17396  -76.6                         115      9  396.2         396.2
   82.0  17668  -78.7                         175     14  397.3         397.3
   77.0  18027  -81.5                         170     18  398.7         398.7
   76.0  18102  -82.1                         160     18  398.9         398.9
   73.0  18331  -80.1                         120     25  407.7         407.7
   70.0  18570  -78.1                         105     33  417.0         417.0
   66.8  18837  -77.3                          97     36  424.3         424.3
   66.0  18907  -75.9                          95     37  428.9         428.9
   63.0  19177  -70.5                          75     18  446.6         446.6
   62.7  19205  -69.9                          92     17  448.4         448.4
   60.0  19466  -69.8                         245      6  454.3         454.3
   57.8  19688  -69.7                         201      8  459.4         459.4
   54.0  20097  -67.0                         120     11  474.7         474.7
   51.0  20441  -64.7                         125      2  487.9         487.9
   50.0  20560  -63.9                         240      2  492.5         492.5
   49.0  20684  -62.3                         230      5  499.1         499.1
   47.0  20941  -62.8                         260     10  504.0         504.0
   44.0  21346  -63.5                         240     10  511.7         511.7
   41.1  21766  -64.3                         257     11  519.9         519.9
   36.3  22527  -63.7                         288     13  540.2         540.2
   36.0  22578  -63.1                         290     13  542.9         542.9
   35.0  22753  -61.3                         320      4  552.2         552.2
   34.5  22842  -60.3                         359      4  557.0         557.0
   33.0  23118  -60.9                         120      6  562.6         562.6
   32.0  23309  -61.3                         140      5  566.5         566.5
   30.0  23710  -62.1                         280      4  574.8         574.8
   29.0  23919  -63.1                         245      6  577.6         577.6
   27.0  24363  -60.6                         260      9  596.6         596.6
   26.0  24597  -59.2                         295     19  606.9         606.9
   25.6  24694  -58.7                                     611.1         611.1
</PRE><H3>Station information and sounding indices</H3><PRE>
                         Station identifier: WAAA
                             Station number: 97180
                           Observation time: 170122/0000
                           Station latitude: -5.06
                          Station longitude: 119.55
                          Station elevation: 14.0
                            Showalter index: 0.61
                               Lifted index: -1.85
    LIFT computed using virtual temperature: -2.08
                                SWEAT index: 206.39
                                    K index: 33.40
                         Cross totals index: 20.20
                      Vertical totals index: 22.90
                        Totals totals index: 43.10
      Convective Available Potential Energy: 401.28
             CAPE using virtual temperature: 465.98
                      Convective Inhibition: -59.45
             CINS using virtual temperature: -22.01
                           Equilibrum Level: 223.95
 Equilibrum Level using virtual temperature: 224.56
                   Level of Free Convection: 673.76
             LFCT using virtual temperature: 867.99
                     Bulk Richardson Number: 82184.28
          Bulk Richardson Number using CAPV: 95434.80
  Temp [K] of the Lifted Condensation Level: 294.06
Pres [hPa] of the Lifted Condensation Level: 942.52
     Mean mixed layer potential temperature: 299.09
              Mean mixed layer mixing ratio: 16.86
              1000 hPa to 500 hPa thickness: 5770.00
Precipitable water [mm] for entire sounding: 59.81
</PRE>
<P>Description of the 
<A HREF="/upperair/columns.html">data columns</A>
or <A HREF="/upperair/indices.html">sounding indices</A>.

<P>
<FORM>
<INPUT CLASS="button" TYPE="button" VALUE=" Close this window " 
 onClick="window.close();">
<INPUT CLASS="button" TYPE="button" VALUE=" Select another map " 
 onClick="window.blur();">
</FORM>
<HR SIZE="1">
<I>Interested in graduate studies in atmospheric science?
Check out our program at the
<a href="http://www.uwyo.edu/atsc/howtoapply/"
target=_top>University of Wyoming
</a></I>
<HR SIZE="1"><FONT SIZE="-1">
Questions about the weather data provided by this site can be
addressed to <A HREF="mailto:ldoolman@uwyo.edu">
Larry Oolman (ldoolman@uwyo.edu)</A></FONT>
<HR SIZE="1">
<SCRIPT TYPE="text/javascript">
<!--
window.focus();
// -->
</SCRIPT>
</BODY>
</HTML>
