2017-03-14 12
<HTML>
<TITLE>University of Wyoming - Radiosonde Data</TITLE>
<LINK REL="StyleSheet" HREF="/resources/select.css" TYPE="text/css">
<BODY BGCOLOR="white">
<H2>97180 WAAA Ujung Pandang Observations at 00Z 14 Mar 2017</H2>
<PRE>
-----------------------------------------------------------------------------
   PRES   HGHT   TEMP   DWPT   RELH   MIXR   DRCT   SKNT   THTA   THTE   THTV
    hPa     m      C      C      %    g/kg    deg   knot     K      K      K 
-----------------------------------------------------------------------------
 1011.0     14   25.0   23.3     90  18.19      0      0  297.2  350.1  300.4
 1010.0     22   25.0   20.4     76  15.18      6      0  297.3  341.4  300.0
 1000.0    104   25.0   20.4     76  15.33     70      1  298.1  342.9  300.9
  996.0    140   25.2   20.5     75  15.49     52      1  298.7  344.0  301.5
  978.0    300   24.2   19.9     77  15.23    330      3  299.2  343.8  301.9
  945.0    603   22.2   18.9     81  14.73    280      4  300.2  343.5  302.8
  925.0    791   21.0   18.2     84  14.43    270      6  300.8  343.3  303.4
  882.0   1202   18.6   16.0     85  13.15    220      8  302.5  341.6  304.8
  874.0   1280   18.2   15.6     85  12.92    218      8  302.8  341.2  305.1
  850.0   1519   17.6   13.7     78  11.72    210      7  304.6  339.8  306.7
  794.0   2098   14.9   10.9     77  10.43    175      2  307.7  339.6  309.7
  766.0   2402   13.6    9.5     76   9.80    340      2  309.4  339.6  311.2
  763.0   2436   13.4    9.3     76   9.73    345      2  309.6  339.6  311.4
  739.0   2703   11.8    7.8     76   9.05     30      4  310.7  338.8  312.4
  713.0   3002   10.1    6.1     76   8.33     10      4  312.0  338.1  313.6
  700.0   3156    9.2    5.2     76   7.98     50      5  312.6  337.7  314.1
  688.0   3297    8.4    4.4     76   7.70     55      6  313.3  337.6  314.8
  663.0   3599    6.8    2.8     76   7.12     50      9  314.8  337.5  316.2
  640.0   3887    5.2    1.2     75   6.59     65      8  316.3  337.4  317.5
  572.0   4802    0.3   -3.7     75   5.12     40      6  320.8  337.7  321.8
  568.0   4859    0.0   -4.0     74   5.04     41      6  321.1  337.7  322.0
  531.0   5393   -2.9   -7.2     72   4.21     55      7  323.8  338.0  324.6
  511.0   5698   -4.6   -9.1     71   3.79     35      3  325.4  338.3  326.1
  500.0   5870   -5.5  -10.1     70   3.57     30      4  326.3  338.5  327.0
  492.0   5997   -6.3  -10.4     73   3.54     37      4  326.8  339.0  327.5
  473.0   6304   -7.9  -13.9     62   2.78     55      4  328.5  338.2  329.1
  455.0   6605  -10.0  -17.9     52   2.07     90      5  329.6  337.0  330.0
  454.0   6622  -10.1  -18.1     52   2.04     90      5  329.6  336.9  330.0
  448.0   6725  -10.3  -18.3     52   2.03     89      6  330.6  337.9  331.0
  444.0   6794  -10.9  -17.9     56   2.12     88      7  330.7  338.3  331.1
  443.0   6811  -11.1  -16.1     67   2.47     88      7  330.7  339.5  331.2
  438.0   6898  -11.5  -17.5     61   2.22     88      8  331.2  339.2  331.7
  435.0   6951  -11.9  -19.9     51   1.82     87      8  331.4  338.0  331.8
  429.0   7058  -12.3  -20.3     51   1.79     86     10  332.2  338.7  332.6
  426.0   7111  -12.7  -25.7     33   1.11     86     10  332.4  336.5  332.6
  422.0   7183  -13.1  -21.1     51   1.69     85     11  332.7  338.9  333.1
  421.0   7201  -13.2  -21.1     51   1.69     85     11  332.8  339.0  333.2
  405.0   7496  -14.8  -22.0     54   1.63     75     11  334.5  340.5  334.8
  400.0   7590  -15.3  -22.3     55   1.61     80     11  335.0  340.9  335.3
  385.0   7877  -17.3  -25.3     50   1.28    108      9  336.1  340.9  336.3
  374.0   8092  -18.9  -24.0     64   1.48    130      8  336.8  342.3  337.1
  371.0   8152  -19.3  -23.6     69   1.55    129      7  337.0  342.8  337.3
  359.0   8394  -21.1  -26.2     64   1.26    125      5  337.8  342.5  338.0
  346.0   8666  -23.1  -29.1     58   1.00     86      7  338.6  342.5  338.8
  344.0   8708  -23.5  -28.9     61   1.03     80      7  338.7  342.6  338.9
  335.0   8901  -25.1  -28.0     77   1.15     64     11  339.0  343.4  339.3
  330.0   9008  -25.9  -28.8     77   1.09     55     14  339.3  343.5  339.6
  303.0   9620  -30.7  -33.0     80   0.79     86     15  341.0  344.1  341.2
  300.0   9690  -31.1  -33.8     77   0.74     90     15  341.4  344.3  341.6
  282.0  10127  -33.5  -41.5     44   0.36    107     19  344.1  345.6  344.1
  279.0  10201  -34.1  -41.8     46   0.35    110     20  344.2  345.6  344.3
  254.0  10852  -39.9  -44.6     61   0.29     97     24  345.0  346.2  345.1
  250.0  10960  -40.9                          95     25  345.1         345.1
  234.0  11399  -44.6                          85     30  346.1         346.1
  200.0  12440  -53.5                          80     42  347.9         347.9
  150.0  14220  -69.5                          85     52  350.2         350.2
  138.0  14702  -73.2                          90     55  352.1         352.1
  122.0  15415  -78.7                         100     55  354.7         354.7
  118.0  15605  -77.9                          95     54  359.6         359.6
  107.0  16163  -75.5                          85     34  374.3         374.3
  100.0  16550  -76.9                          90     40  378.9         378.9
   96.0  16786  -77.0                          90     32  383.1         383.1
   91.0  17096  -77.2                          70      5  388.6         388.6
   86.0  17422  -77.4                         250     13  394.5         394.5
   84.2  17545  -77.5                         242     13  396.8         396.8
   79.5  17877  -77.3                         222     12  403.7         403.7
   78.5  17950  -74.7                         217     12  410.6         410.6
   78.0  17988  -74.8                         215     12  411.2         411.2
   74.0  18295  -75.2                         225     13  416.5         416.5
   70.0  18620  -75.7                         275     12  422.1         422.1
   65.3  19020  -76.9                         282     11  428.0         428.0
   63.0  19226  -76.4                         285     11  433.4         433.4
   58.6  19642  -75.5                         272      9  444.6         444.6
   57.3  19773  -71.5                         268      8  456.5         456.5
   54.4  20079  -72.1                         258      6  461.9         461.9
   52.0  20347  -69.4                         250      5  474.1         474.1
   50.0  20580  -67.1                         265      6  484.9         484.9
   49.5  20641  -65.5                         258      7  490.1         490.1
   49.0  20703  -65.6                         250      7  491.4         491.4
   44.0  21356  -66.2                         185     15  505.2         505.2
   42.0  21638  -66.4                         125      4  511.3         511.3
   41.6  21696  -66.5                          98      5  512.6         512.6
   40.3  21890  -63.9                           6      7  523.8         523.8
   40.0  21935  -64.1                         345      8  524.5         524.5
   38.0  22248  -65.3                         300     16  529.1         529.1
   37.0  22411  -65.9                         293     16  531.6         531.6
   33.7  22979  -65.3                         269     14  547.5         547.5
   32.0  23298  -61.4                         255     13  566.1         566.1
   31.7  23356  -60.7                         257     13  569.5         569.5
   30.0  23700  -59.9                         270     11  580.8         580.8
   29.0  23911  -59.9                         300     18  586.4         586.4
   28.0  24129  -59.9                         302     19  592.3         592.3
   27.0  24357  -58.3                         305     21  603.1         603.1
   25.4  24741  -55.5                         259     17  621.6         621.6
   23.7  25180  -56.5                         207     12  631.1         631.1
   23.0  25372  -55.2                         185     10  640.4         640.4
   21.0  25956  -51.2                         130     15  669.3         669.3
   20.2  26205  -49.5                         122     12  682.0         682.0
   20.0  26270  -49.3                         120     11  684.5         684.5
   19.0  26608  -48.2                         105     10  698.2         698.2
   17.8  27038  -46.7                          43      5  715.9         715.9
   17.0  27341  -47.6                           0      1  722.6         722.6
   16.0  27742  -48.7                                     731.5         731.5
</PRE><H3>Station information and sounding indices</H3><PRE>
                         Station identifier: WAAA
                             Station number: 97180
                           Observation time: 170314/0000
                           Station latitude: -5.06
                          Station longitude: 119.55
                          Station elevation: 14.0
                            Showalter index: 1.47
                               Lifted index: -0.01
    LIFT computed using virtual temperature: -0.25
                                SWEAT index: 182.39
                                    K index: 32.80
                         Cross totals index: 19.20
                      Vertical totals index: 23.10
                        Totals totals index: 42.30
      Convective Available Potential Energy: 3.35
             CAPE using virtual temperature: 29.88
                      Convective Inhibition: -134.99
             CINS using virtual temperature: -99.89
                           Equilibrum Level: 452.59
 Equilibrum Level using virtual temperature: 432.78
                   Level of Free Convection: 594.23
             LFCT using virtual temperature: 663.35
                     Bulk Richardson Number: 7.64
          Bulk Richardson Number using CAPV: 68.08
  Temp [K] of the Lifted Condensation Level: 292.16
Pres [hPa] of the Lifted Condensation Level: 923.27
     Mean mixed layer potential temperature: 298.92
              Mean mixed layer mixing ratio: 15.24
              1000 hPa to 500 hPa thickness: 5766.00
Precipitable water [mm] for entire sounding: 53.97
</PRE>
<P>Description of the 
<A HREF="/upperair/columns.html">data columns</A>
or <A HREF="/upperair/indices.html">sounding indices</A>.

<P>
<FORM>
<INPUT CLASS="button" TYPE="button" VALUE=" Close this window " 
 onClick="window.close();">
<INPUT CLASS="button" TYPE="button" VALUE=" Select another map " 
 onClick="window.blur();">
</FORM>
<HR SIZE="1">
<I>Interested in graduate studies in atmospheric science?
Check out our program at the
<a href="http://www.uwyo.edu/atsc/howtoapply/"
target=_top>University of Wyoming
</a></I>
<HR SIZE="1"><FONT SIZE="-1">
Questions about the weather data provided by this site can be
addressed to <A HREF="mailto:ldoolman@uwyo.edu">
Larry Oolman (ldoolman@uwyo.edu)</A></FONT>
<HR SIZE="1">
<SCRIPT TYPE="text/javascript">
<!--
window.focus();
// -->
</SCRIPT>
</BODY>
</HTML>
