2016-03-09 12
<HTML>
<TITLE>University of Wyoming - Radiosonde Data</TITLE>
<LINK REL="StyleSheet" HREF="/resources/select.css" TYPE="text/css">
<BODY BGCOLOR="white">
<H2>97180 WAAA Ujung Pandang Observations at 00Z 09 Mar 2016</H2>
<PRE>
-----------------------------------------------------------------------------
   PRES   HGHT   TEMP   DWPT   RELH   MIXR   DRCT   SKNT   THTA   THTE   THTV
    hPa     m      C      C      %    g/kg    deg   knot     K      K      K 
-----------------------------------------------------------------------------
 1010.0     14   26.8   24.1     85  19.14     90      4  299.1  355.2  302.5
 1000.0     96   27.0   22.0     74  16.96     80      2  300.1  350.1  303.2
  977.0    302   25.9   21.5     77  16.84      0      0  301.1  350.8  304.1
  958.0    476   25.0   21.1     79  16.75    292      1  301.8  351.4  304.9
  945.0    596   24.1   20.5     80  16.37    245      2  302.1  350.7  305.1
  925.0    784   22.8   19.6     82  15.78    220      2  302.6  349.5  305.5
  913.0    897   22.1   19.0     83  15.41    205      2  303.1  348.9  305.8
  882.0   1197   20.3   17.5     84  14.44    155      2  304.2  347.4  306.8
  852.0   1497   18.5   15.9     85  13.52    150      4  305.3  346.0  307.8
  850.0   1517   18.4   15.8     85  13.46    140      4  305.4  345.9  307.9
  843.0   1588   18.0   15.4     85  13.22    145      4  305.7  345.6  308.1
  816.0   1867   16.8   10.8     68  10.06    164      3  307.3  338.0  309.2
  794.0   2099   15.2   11.0     76  10.52    180      2  307.9  340.1  309.9
  771.0   2349   13.4   11.3     87  11.03    236      2  308.6  342.4  310.7
  752.0   2560   13.2   11.4     89  11.38    284      2  310.6  345.8  312.8
  746.0   2627   13.8    5.8     58   7.81    300      2  312.0  336.5  313.5
  740.0   2695   13.3    6.4     63   8.21    315      2  312.2  337.9  313.7
  730.0   2810   12.4    7.4     72   8.93    315      3  312.4  340.3  314.1
  714.0   2996   12.0    3.3     55   6.82    315      4  314.0  335.7  315.3
  713.0   3008   12.0    3.0     54   6.70    316      4  314.1  335.4  315.4
  700.0   3162   11.2    5.2     67   7.98    330      6  314.9  340.2  316.4
  664.0   3602    8.9    4.1     72   7.77    355     10  317.1  341.9  318.6
  656.0   3703    8.4    3.8     73   7.72      0     11  317.6  342.4  319.1
  641.0   3892    7.2    2.8     74   7.36     10     12  318.3  342.0  319.7
  617.0   4204    5.1    1.1     75   6.79    355     10  319.4  341.5  320.8
  573.0   4809    1.2   -2.0     79   5.78     30      4  321.6  340.7  322.8
  571.0   4838    1.0   -2.2     79   5.74     35      4  321.8  340.6  322.9
  562.0   4966    0.8   -5.2     64   4.65     59      5  323.0  338.5  323.9
  559.0   5009    1.0  -11.0     40   2.97     66      5  323.7  333.9  324.3
  552.0   5110    0.5   -9.6     47   3.36     85      6  324.3  335.8  325.0
  544.0   5227    0.0   -8.0     55   3.87     83      8  325.1  338.2  325.8
  537.0   5331    0.0   -9.0     51   3.62     81      9  326.2  338.7  327.0
  532.0   5406   -0.5   -9.1     52   3.62     80     10  326.5  338.9  327.2
  500.0   5900   -3.9   -9.9     63   3.63    110     16  328.2  340.7  328.9
  493.0   6011   -4.5  -10.5     63   3.51    110     16  328.9  341.0  329.6
  483.0   6171   -5.3  -11.3     63   3.36    107     16  329.8  341.4  330.4
  474.0   6318   -5.7  -18.7     35   1.85    105     16  331.0  337.7  331.4
  424.0   7178  -12.3  -24.3     36   1.27     91     17  333.3  338.0  333.6
  422.0   7214  -12.6  -23.4     40   1.38     90     17  333.4  338.5  333.6
  419.0   7268  -13.1  -22.1     47   1.56     92     17  333.4  339.2  333.7
  418.0   7286  -13.1  -17.2     71   2.39     93     17  333.6  342.2  334.1
  412.0   7396  -12.9  -32.9     17   0.59     97     17  335.3  337.6  335.4
  400.0   7620  -13.9  -28.9     27   0.88    105     16  336.8  340.2  337.0
  390.0   7812  -15.3  -31.1     25   0.74    100     14  337.5  340.4  337.6
  387.0   7871  -15.7  -31.7     24   0.70     98     14  337.7  340.4  337.8
  360.0   8405  -19.9  -35.1     24   0.54     75     17  339.1  341.3  339.2
  320.0   9276  -26.7  -40.7     25   0.34     86     13  341.3  342.7  341.4
  306.0   9598  -28.9  -38.8     38   0.44     90     12  342.6  344.4  342.6
  300.0   9740  -29.9  -37.9     46   0.49     85     12  343.1  345.1  343.2
  299.0   9764  -29.9  -37.9     46   0.49     83     12  343.4  345.4  343.6
  281.0  10204  -33.6  -44.4     33   0.26     50     16  344.3  345.4  344.3
  274.0  10383  -35.1  -47.1     28   0.20     53     17  344.6  345.5  344.6
  266.0  10590  -36.3  -44.3     43   0.28     56     19  345.8  347.0  345.8
  259.0  10776  -37.9  -52.9     19   0.11     60     21  346.1  346.6  346.1
  258.0  10802  -38.1  -51.6     23   0.13     60     21  346.2  346.8  346.2
  253.0  10938  -38.9  -44.9     53   0.28     51     18  346.9  348.1  347.0
  250.0  11020  -38.7  -49.7     30   0.16     45     16  348.4  349.1  348.4
  245.0  11157  -39.9  -52.9     24   0.12     41     15  348.6  349.1  348.6
  216.0  11991  -47.2                          15      8  350.0         350.0
  206.0  12304  -50.0                          15      6  350.5         350.5
  200.0  12500  -51.7                         355      4  350.7         350.7
  188.0  12889  -54.9                         300      4  351.8         351.8
  179.0  13198  -57.5                         300     10  352.6         352.6
  163.0  13787  -62.4                         240     10  353.9         353.9
  150.0  14310  -66.7                         225     12  355.0         355.0
  140.0  14714  -69.4                         220      8  357.4         357.4
  133.0  15014  -71.3                         190     10  359.1         359.1
  127.0  15284  -73.1                         185      8  360.7         360.7
  120.0  15616  -75.3                         210      8  362.5         362.5
  110.0  16125  -78.7                         198     13  365.3         365.3
  108.0  16228  -79.5                         195     14  365.7         365.7
  103.0  16494  -81.6                         150      6  366.7         366.7
  100.0  16660  -82.9                         110      6  367.3         367.3
   97.0  16827  -83.6                          65      8  369.1         369.1
   78.0  18019  -89.0                         355     16  381.8         381.8
   75.7  18183  -89.7                         324      9  383.5         383.5
   74.0  18307  -87.5                         300      4  390.5         390.5
   70.3  18588  -82.7                                     406.6         406.6
</PRE><H3>Station information and sounding indices</H3><PRE>
                         Station identifier: WAAA
                             Station number: 97180
                           Observation time: 160309/0000
                           Station latitude: -5.06
                          Station longitude: 119.55
                          Station elevation: 14.0
                            Showalter index: 0.66
                               Lifted index: -1.21
    LIFT computed using virtual temperature: -1.65
                                SWEAT index: 213.61
                                    K index: 32.10
                         Cross totals index: 19.70
                      Vertical totals index: 22.30
                        Totals totals index: 42.00
      Convective Available Potential Energy: 419.13
             CAPE using virtual temperature: 545.97
                      Convective Inhibition: -49.02
             CINS using virtual temperature: -35.29
                           Equilibrum Level: 221.81
 Equilibrum Level using virtual temperature: 221.53
                   Level of Free Convection: 802.27
             LFCT using virtual temperature: 838.39
                     Bulk Richardson Number: 1422.23
          Bulk Richardson Number using CAPV: 1852.64
  Temp [K] of the Lifted Condensation Level: 293.90
Pres [hPa] of the Lifted Condensation Level: 922.06
     Mean mixed layer potential temperature: 300.81
              Mean mixed layer mixing ratio: 17.05
              1000 hPa to 500 hPa thickness: 5804.00
Precipitable water [mm] for entire sounding: 55.85
</PRE>
<P>Description of the 
<A HREF="/upperair/columns.html">data columns</A>
or <A HREF="/upperair/indices.html">sounding indices</A>.

<P>
<FORM>
<INPUT CLASS="button" TYPE="button" VALUE=" Close this window " 
 onClick="window.close();">
<INPUT CLASS="button" TYPE="button" VALUE=" Select another map " 
 onClick="window.blur();">
</FORM>
<HR SIZE="1">
<I>Interested in graduate studies in atmospheric science?
Check out our program at the
<a href="http://www.uwyo.edu/atsc/howtoapply/"
target=_top>University of Wyoming
</a></I>
<HR SIZE="1"><FONT SIZE="-1">
Questions about the weather data provided by this site can be
addressed to <A HREF="mailto:ldoolman@uwyo.edu">
Larry Oolman (ldoolman@uwyo.edu)</A></FONT>
<HR SIZE="1">
<SCRIPT TYPE="text/javascript">
<!--
window.focus();
// -->
</SCRIPT>
</BODY>
</HTML>
