2017-06-03 12
<HTML>
<TITLE>University of Wyoming - Radiosonde Data</TITLE>
<LINK REL="StyleSheet" HREF="/resources/select.css" TYPE="text/css">
<BODY BGCOLOR="white">
<H2>97180 WAAA Ujung Pandang Observations at 00Z 03 Jun 2017</H2>
<PRE>
-----------------------------------------------------------------------------
   PRES   HGHT   TEMP   DWPT   RELH   MIXR   DRCT   SKNT   THTA   THTE   THTV
    hPa     m      C      C      %    g/kg    deg   knot     K      K      K 
-----------------------------------------------------------------------------
 1011.0     14   25.6   23.9     90  18.88      0      0  297.8  352.8  301.2
 1002.0     92   26.4   21.4     74  16.30      0      1  299.4  347.2  302.3
 1000.0    109   26.4   21.4     74  16.33      0      1  299.6  347.5  302.5
  979.0    296   25.2   20.4     75  15.64    295      5  300.2  346.2  303.0
  946.0    599   23.3   18.7     75  14.56    260      4  301.2  344.2  303.8
  925.0    797   22.0   17.6     76  13.88    215      2  301.8  342.9  304.3
  890.0   1131   20.0   15.5     75  12.60    124      7  303.1  340.7  305.4
  883.0   1199   19.7   15.3     76  12.50    105      8  303.4  340.8  305.7
  850.0   1527   18.0   14.1     78  12.04    115     16  305.0  341.2  307.2
  826.0   1772   17.8   13.1     74  11.60    109     17  307.3  342.6  309.4
  767.0   2396   13.9   10.2     79  10.31     95     19  309.6  341.4  311.5
  714.0   2999   10.1    7.5     84   9.17     80     21  311.8  340.4  313.5
  700.0   3166    9.0    6.7     86   8.87     85     23  312.4  340.1  314.1
  672.0   3504    7.0    5.8     92   8.68     93     22  313.8  341.1  315.5
  624.0   4111    3.8    0.2     77   6.26    106     19  316.9  337.1  318.1
  595.0   4496    1.1   -0.3     91   6.33    115     18  318.1  338.6  319.3
  584.0   4647    0.0   -0.5     96   6.36    112     18  318.5  339.1  319.8
  531.0   5405   -4.2   -4.6     98   5.17     95     15  322.2  339.3  323.2
  528.0   5450   -4.5   -4.8     98   5.10     90     15  322.4  339.4  323.4
  519.0   5585   -4.1   -4.6     96   5.27     74     16  324.5  342.1  325.5
  511.0   5708   -4.2   -5.0     94   5.19     60     17  325.8  343.2  326.8
  507.0   5770   -4.3   -5.2     93   5.15     55     18  326.4  343.8  327.4
  500.0   5880   -4.9   -5.7     94   5.03     45     19  327.0  344.0  328.0
  473.0   6313   -8.1   -8.1    100   4.42     45     19  328.3  343.4  329.1
  468.0   6395   -8.5   -8.5    100   4.33     50     18  328.8  343.6  329.6
  451.0   6681   -8.3  -18.3     44   2.02     67     16  332.5  339.8  332.9
  443.0   6819   -8.9  -27.9     20   0.88     76     15  333.5  336.8  333.6
  439.0   6889   -9.5  -29.0     19   0.79     80     14  333.6  336.6  333.8
  436.0   6942   -9.9  -29.9     18   0.74     80     14  333.7  336.6  333.9
  420.0   7228  -11.9  -15.6     74   2.72     80     13  334.7  344.5  335.3
  413.0   7356  -12.3  -15.0     80   2.91     80     12  335.8  346.2  336.4
  406.0   7486  -12.1  -16.8     68   2.54     80     12  337.7  347.0  338.2
  403.0   7543  -11.7  -21.7     43   1.68     85     12  339.0  345.3  339.3
  400.0   7600  -11.9  -26.9     28   1.06     90     11  339.4  343.5  339.6
  399.0   7619  -11.9  -27.9     25   0.97     91     11  339.7  343.4  339.9
  374.0   8110  -16.3  -39.3     12   0.34    119     12  340.2  341.6  340.3
  360.0   8395  -18.2  -36.6     18   0.46    135     13  341.4  343.2  341.4
  346.0   8691  -20.2  -33.9     28   0.63    115     12  342.5  345.1  342.7
  344.0   8735  -20.5  -33.5     30   0.66    116     12  342.7  345.4  342.9
  309.0   9518  -27.5  -37.5     38   0.49    143      8  343.6  345.6  343.7
  306.0   9588  -28.1  -38.1     38   0.47    145      8  343.7  345.6  343.8
  300.0   9730  -29.3  -39.3     37   0.42    155      7  344.0  345.7  344.1
  298.0   9778  -29.9  -39.9     37   0.40    147      7  343.8  345.4  343.9
  291.0   9947  -30.7  -35.6     62   0.64    118      8  345.0  347.5  345.1
  281.0  10194  -32.6  -36.7     67   0.59     75      9  345.6  348.0  345.8
  269.0  10501  -35.1  -38.1     74   0.53     90     12  346.5  348.6  346.6
  265.0  10607  -35.9  -38.6     76   0.52     85     13  346.7  348.8  346.8
  250.0  11010  -39.3  -43.7     63   0.32     65     17  347.5  348.9  347.6
  247.0  11093  -39.9  -44.9     59   0.28     65     16  347.8  349.0  347.9
  216.0  11987  -47.8                          45     18  349.2         349.2
  200.0  12500  -52.3                          40     26  349.8         349.8
  171.0  13475  -60.8                          45     31  351.7         351.7
  150.0  14290  -67.9                          65     29  352.9         352.9
  141.0  14658  -70.9                          68     27  354.0         354.0
  133.0  15000  -72.2                          70     25  357.5         357.5
  126.0  15317  -73.5                         105     15  360.8         360.8
  120.0  15594  -75.5                          95     11  362.2         362.2
  108.0  16194  -79.9                          55     16  365.0         365.0
  102.0  16520  -82.3                          50     13  366.4         366.4
  100.0  16630  -82.1                          70     12  368.9         368.9
   97.2  16791  -78.3                          98     15  379.3         379.3
   97.0  16802  -78.3                         100     15  379.4         379.4
   92.0  17104  -78.8                         115     17  384.2         384.2
   89.4  17267  -79.1                         100     10  386.8         386.8
   87.0  17424  -76.3                          85      4  395.5         395.5
   86.5  17457  -75.7                          72      4  397.3         397.3
   83.0  17695  -76.7                         340      7  400.1         400.1
   80.8  17850  -77.3                         337     14  401.9         401.9
   79.0  17980  -76.8                         335     19  405.5         405.5
   75.0  18281  -75.6                         295     28  414.0         414.0
   70.0  18680  -74.1                         290     34  425.5         425.5
   61.0  19492  -69.1                         270     31  453.8         453.8
   58.1  19779  -67.3                         270     39  464.1         464.1
   55.0  20108  -67.2                         270     48  471.8         471.8
   50.0  20680  -66.9                         265     50  485.4         485.4
   47.0  21055  -66.1                         268     41  496.0         496.0
   45.0  21321  -65.3                         270     34  504.0         504.0
   39.0  22196  -62.9                         266     27  531.2         531.2
   37.4  22455  -62.7                         265     25  538.1         538.1
   37.0  22521  -62.5                         265     25  540.2         540.2
   36.5  22605  -62.3                         238     21  542.9         542.9
   35.7  22743  -58.1                         194     13  557.3         557.3
   35.0  22869  -56.4                         155      7  564.9         564.9
   34.1  23035  -54.1                          97     20  575.1         575.1
   34.0  23054  -54.2                          90     22  575.3         575.3
   31.0  23642  -57.4                          55     26  582.2         582.2
   30.5  23746  -57.9                          55     26  583.5         583.5
   30.0  23850  -57.1                          60     27  588.4         588.4
   28.0  24285  -57.5                         100     36  598.9         598.9
   25.0  24998  -58.2                          90     37  616.7         616.7
   24.6  25100  -58.3                          93     38  619.2         619.2
   23.0  25526  -55.1                         105     43  640.6         640.6
   22.7  25609  -54.5                          99     43  644.9         644.9
   22.0  25810  -54.4                          85     42  651.0         651.0
   20.4  26293  -54.1                          85     43  666.0         666.0
   20.0  26420  -53.7                          85     43  671.0         671.0
   17.5  27286  -49.3                          85     44  711.1         711.1
   16.0  27873  -49.4                          85     45  729.3         729.3
   15.0  28296  -49.5                          90     48  742.7         742.7
   14.2  28655  -49.5                                     754.2         754.2
</PRE><H3>Station information and sounding indices</H3><PRE>
                         Station identifier: WAAA
                             Station number: 97180
                           Observation time: 170603/0000
                           Station latitude: -5.06
                          Station longitude: 119.55
                          Station elevation: 14.0
                            Showalter index: 1.49
                               Lifted index: -0.62
    LIFT computed using virtual temperature: -0.72
                                SWEAT index: 220.21
                                    K index: 34.70
                         Cross totals index: 19.00
                      Vertical totals index: 22.90
                        Totals totals index: 41.90
      Convective Available Potential Energy: 182.85
             CAPE using virtual temperature: 215.84
                      Convective Inhibition: -102.38
             CINS using virtual temperature: -74.20
                           Equilibrum Level: 457.02
 Equilibrum Level using virtual temperature: 454.31
                   Level of Free Convection: 725.41
             LFCT using virtual temperature: 742.00
                     Bulk Richardson Number: 5.53
          Bulk Richardson Number using CAPV: 6.53
  Temp [K] of the Lifted Condensation Level: 292.77
Pres [hPa] of the Lifted Condensation Level: 919.08
     Mean mixed layer potential temperature: 299.93
              Mean mixed layer mixing ratio: 15.94
              1000 hPa to 500 hPa thickness: 5771.00
Precipitable water [mm] for entire sounding: 56.65
</PRE>
<P>Description of the 
<A HREF="/upperair/columns.html">data columns</A>
or <A HREF="/upperair/indices.html">sounding indices</A>.

<P>
<FORM>
<INPUT CLASS="button" TYPE="button" VALUE=" Close this window " 
 onClick="window.close();">
<INPUT CLASS="button" TYPE="button" VALUE=" Select another map " 
 onClick="window.blur();">
</FORM>
<HR SIZE="1">
<I>Interested in graduate studies in atmospheric science?
Check out our program at the
<a href="http://www.uwyo.edu/atsc/howtoapply/"
target=_top>University of Wyoming
</a></I>
<HR SIZE="1"><FONT SIZE="-1">
Questions about the weather data provided by this site can be
addressed to <A HREF="mailto:ldoolman@uwyo.edu">
Larry Oolman (ldoolman@uwyo.edu)</A></FONT>
<HR SIZE="1">
<SCRIPT TYPE="text/javascript">
<!--
window.focus();
// -->
</SCRIPT>
</BODY>
</HTML>
