2016-06-01 00
<HTML>
<TITLE>University of Wyoming - Radiosonde Data</TITLE>
<LINK REL="StyleSheet" HREF="/resources/select.css" TYPE="text/css">
<BODY BGCOLOR="white">
<H2>97180 WAAA Ujung Pandang Observations at 00Z 01 Jun 2016</H2>
<PRE>
-----------------------------------------------------------------------------
   PRES   HGHT   TEMP   DWPT   RELH   MIXR   DRCT   SKNT   THTA   THTE   THTV
    hPa     m      C      C      %    g/kg    deg   knot     K      K      K 
-----------------------------------------------------------------------------
 1011.0     14   25.2   23.0     88  17.85      0      0  297.4  349.3  300.6
 1010.0     23   25.0   20.8     78  15.57     13      0  297.3  342.5  300.1
 1000.0    113   25.4   19.4     69  14.39    145      3  298.6  340.6  301.1
  996.0    148   26.2   20.2     70  15.20    157      3  299.7  344.3  302.4
  979.0    300   25.9   19.9     69  15.14    210      2  300.8  345.5  303.6
  976.0    327   25.8   19.8     69  15.13    223      2  301.0  345.7  303.8
  946.0    601   24.1   17.5     67  13.46      0      0  302.0  341.9  304.4
  925.0    798   22.8   15.8     65  12.35    105      1  302.6  339.4  304.9
  916.0    884   21.8   17.1     75  13.58    179      3  302.4  342.8  304.9
  914.0    903   21.7   16.8     73  13.33    195      3  302.6  342.2  305.0
  883.0   1204   20.5   11.7     57   9.89    165      5  304.3  334.1  306.1
  881.0   1223   20.4   11.4     56   9.70    165      5  304.4  333.6  306.1
  850.0   1534   19.0   11.0     60   9.79    165      5  306.0  335.8  307.8
  824.0   1800   17.4   10.1     62   9.53    160      7  307.1  336.2  308.9
  814.0   1905   16.8    9.8     63   9.43    169      6  307.5  336.4  309.3
  795.0   2106   15.9    5.1     49   6.98    185      3  308.6  330.3  309.9
  789.0   2170   15.6    3.6     45   6.32    172      3  309.0  328.7  310.2
  769.0   2387   13.8    5.8     58   7.57    128      3  309.3  332.8  310.7
  754.0   2553   13.2   -0.8     38   4.81     95      3  310.4  325.7  311.3
  741.0   2699   12.5    1.0     45   5.57     65      3  311.2  328.9  312.2
  718.0   2963   11.2    4.2     62   7.25     71      6  312.6  335.4  313.9
  700.0   3175   10.2    2.2     58   6.45     75      9  313.8  334.3  315.0
  673.0   3501    8.6   -1.4     49   5.16     87     11  315.5  332.2  316.5
  665.0   3600    8.6   -5.0     38   3.98     90     11  316.6  329.7  317.3
  662.0   3638    8.6   -6.4     34   3.60     92     11  317.0  328.9  317.7
  655.0   3725    8.2   -5.8     37   3.81     98     11  317.5  330.1  318.2
  644.0   3865    8.0  -17.0     15   1.58    107     11  318.8  324.3  319.1
  641.0   3903    7.7  -16.5     16   1.65    110     11  318.9  324.7  319.2
  618.0   4203    5.6  -12.5     26   2.38    100     12  319.8  328.0  320.3
  614.0   4256    5.2  -11.8     28   2.54    102     12  320.0  328.6  320.5
  608.0   4336    4.8  -17.2     19   1.64    106     12  320.4  326.2  320.7
  574.0   4801    1.9  -14.1     30   2.25    125     10  322.3  330.1  322.7
  569.0   4872    1.4  -13.6     32   2.36    123     10  322.5  330.7  323.0
  553.0   5101    0.0  -15.0     31   2.17    118     10  323.5  331.1  323.9
  532.0   5408   -1.9  -16.1     33   2.05    110     10  324.9  332.1  325.3
  513.0   5696   -3.6  -17.2     34   1.95    120     10  326.1  333.0  326.5
  500.0   5900   -4.9  -17.9     35   1.88    110      9  327.0  333.7  327.4
  497.0   5947   -5.3  -18.3     35   1.83    103      9  327.1  333.6  327.4
  494.0   5995   -5.7  -18.5     36   1.81     95      9  327.2  333.6  327.5
  483.0   6171   -7.1  -19.1     38   1.76     93     10  327.5  333.8  327.9
  478.0   6252   -7.9  -13.9     62   2.75     93     11  327.5  337.1  328.1
  475.0   6301   -8.1  -19.1     41   1.79     92     11  327.9  334.3  328.2
  466.0   6449   -8.7  -23.7     29   1.22     91     13  328.9  333.4  329.2
  452.0   6685   -9.9  -17.9     52   2.08     89     14  330.3  337.8  330.7
  451.0   6702   -9.9  -16.9     57   2.27     89     15  330.5  338.6  331.0
  448.0   6753   -9.3  -22.3     34   1.44     88     15  331.9  337.2  332.2
  420.0   7249  -12.3  -34.3     14   0.50     83     19  334.2  336.2  334.3
  400.0   7620  -14.1  -31.1     22   0.72     80     22  336.6  339.4  336.7
  399.0   7639  -14.3  -32.3     20   0.64     80     22  336.6  339.1  336.7
  375.0   8102  -18.4  -34.7     23   0.54     75     18  337.1  339.3  337.2
  358.0   8448  -21.5  -36.5     25   0.47     55     20  337.5  339.4  337.6
  357.0   8469  -21.7  -38.7     20   0.38     54     20  337.5  339.0  337.6
  353.0   8552  -21.5  -30.5     44   0.86     49     21  338.9  342.2  339.0
  346.0   8699  -22.7  -29.9     52   0.93     40     22  339.2  342.8  339.4
  341.0   8805  -23.5  -29.5     58   0.98     41     23  339.5  343.3  339.7
  340.0   8827  -23.7  -28.4     65   1.09     41     23  339.5  343.7  339.7
  335.0   8935  -24.1  -32.1     48   0.78     41     25  340.4  343.4  340.6
  332.0   9000  -24.5  -34.5     39   0.62     41     25  340.7  343.2  340.9
  329.0   9066  -25.1  -33.1     47   0.72     42     26  340.8  343.6  340.9
  326.0   9133  -25.5  -34.5     43   0.63     42     27  341.1  343.6  341.3
  325.0   9155  -25.7  -31.7     57   0.83     42     27  341.1  344.4  341.3
  320.0   9267  -26.3  -36.3     38   0.54     43     28  341.8  344.0  341.9
  317.0   9335  -26.7  -38.7     31   0.43     43     29  342.2  343.9  342.3
  316.0   9358  -26.9  -43.9     18   0.25     43     29  342.2  343.3  342.3
  313.0   9426  -27.3  -44.3     18   0.24     44     30  342.6  343.6  342.7
  312.0   9449  -27.5  -40.5     28   0.36     44     30  342.6  344.1  342.7
  311.0   9472  -27.7  -40.7     28   0.35     44     30  342.7  344.1  342.8
  310.0   9496  -27.7  -51.7      8   0.10     44     30  343.0  343.5  343.0
  300.0   9730  -29.5  -44.5     22   0.24     45     33  343.7  344.7  343.7
  299.0   9754  -29.7  -43.7     24   0.27     45     33  343.7  344.9  343.8
  295.0   9850  -30.5  -37.5     50   0.52     46     34  343.9  346.0  344.0
  283.0  10145  -32.9  -38.9     55   0.47     48     36  344.6  346.5  344.7
  276.0  10322  -34.3  -40.3     54   0.42     49     38  345.0  346.8  345.1
  272.0  10424  -34.7  -43.7     40   0.29     49     38  345.9  347.1  346.0
  269.0  10501  -35.3  -44.7     38   0.27     50     39  346.1  347.2  346.2
  250.0  11010  -39.3  -51.3     27   0.14     70     42  347.5  348.1  347.5
  247.0  11092  -40.1  -51.1     30   0.14     71     42  347.5  348.1  347.5
  226.0  11681  -45.0                          75     45  349.0         349.0
  200.0  12490  -51.7                          70     40  350.7         350.7
  163.0  13770  -63.2                          55     45  352.5         352.5
  150.0  14290  -67.9                          60     47  352.9         352.9
  146.0  14451  -69.3                          58     45  353.2         353.2
  140.0  14693  -70.8                          55     43  354.9         354.9
  120.0  15580  -76.2                          35     25  360.9         360.9
  108.0  16187  -80.0                          30     32  364.9         364.9
  102.0  16516  -82.0                          50     21  367.0         367.0
  100.0  16630  -82.7                          55     17  367.7         367.7
   97.0  16801  -82.0                          45     14  372.3         372.3
   92.0  17097  -80.8                         325      4  380.4         380.4
   91.7  17115  -80.7                         320      4  380.9         380.9
   87.0  17409  -82.4                         240     10  383.2         383.2
   83.7  17625  -83.7                         238     14  384.9         384.9
   80.7  17829  -81.1                         237     17  394.2         394.2
   78.0  18020  -82.0                         235     20  396.2         396.2
   77.1  18085  -82.3                         227     20  396.9         396.9
   70.0  18630  -78.3                         165     17  416.6         416.6
   67.0  18883  -76.1                         125     22  426.5         426.5
   64.3  19121  -74.1                          76     23  436.0         436.0
   64.0  19148  -74.3                          70     23  436.2         436.2
   61.8  19351  -75.5                          72     28  437.9         437.9
   54.0  20149  -68.2                          80     46  471.9         471.9
   53.5  20204  -67.7                          81     46  474.3         474.3
   50.0  20610  -69.1                          85     43  480.2         480.2
   49.2  20706  -69.7                          86     43  481.0         481.0
   44.1  21361  -68.9                          96     41  498.3         498.3
   42.6  21572  -62.5                          99     40  519.0         519.0
   40.0  21965  -60.1                         105     39  534.5         534.5
   39.2  22091  -59.3                         113     29  539.5         539.5
   39.0  22123  -59.3                         115     26  540.3         540.3
   37.0  22453  -59.3                          95     18  548.5         548.5
   35.0  22802  -59.3                          30      5  557.3         557.3
   33.0  23172  -59.3                         280     14  566.8         566.8
   32.0  23365  -59.3                         240     16  571.8         571.8
   30.0  23770  -59.3                         170     14  582.4         582.4
   29.8  23812  -59.3                         167     13  583.5         583.5
   29.0  23984  -59.0                         155     10  589.0         589.0
   28.0  24206  -58.5                         265      8  596.2         596.2
   25.0  24924  -57.0                         270     17  620.1         620.1
   23.0  25451  -55.9                         250     20  638.2         638.2
   21.0  26027  -54.8                         265     23  658.6         658.6
   20.6  26149  -54.5                                     663.0         663.0
</PRE><H3>Station information and sounding indices</H3><PRE>
                         Station identifier: WAAA
                             Station number: 97180
                           Observation time: 160601/0000
                           Station latitude: -5.06
                          Station longitude: 119.55
                          Station elevation: 14.0
                            Showalter index: 3.78
                               Lifted index: 0.41
    LIFT computed using virtual temperature: -0.12
                                SWEAT index: 150.98
                                    K index: 26.90
                         Cross totals index: 15.90
                      Vertical totals index: 23.90
                        Totals totals index: 39.80
      Convective Available Potential Energy: 3.83
             CAPE using virtual temperature: 15.62
                      Convective Inhibition: -326.22
             CINS using virtual temperature: -185.55
                           Equilibrum Level: 458.50
 Equilibrum Level using virtual temperature: 450.85
                   Level of Free Convection: 488.31
             LFCT using virtual temperature: 522.08
                     Bulk Richardson Number: 1.16
          Bulk Richardson Number using CAPV: 4.74
  Temp [K] of the Lifted Condensation Level: 291.44
Pres [hPa] of the Lifted Condensation Level: 902.28
     Mean mixed layer potential temperature: 300.14
              Mean mixed layer mixing ratio: 14.91
              1000 hPa to 500 hPa thickness: 5787.00
Precipitable water [mm] for entire sounding: 40.07
</PRE>
<P>Description of the 
<A HREF="/upperair/columns.html">data columns</A>
or <A HREF="/upperair/indices.html">sounding indices</A>.

<P>
<FORM>
<INPUT CLASS="button" TYPE="button" VALUE=" Close this window " 
 onClick="window.close();">
<INPUT CLASS="button" TYPE="button" VALUE=" Select another map " 
 onClick="window.blur();">
</FORM>
<HR SIZE="1">
<I>Interested in graduate studies in atmospheric science?
Check out our program at the
<a href="http://www.uwyo.edu/atsc/howtoapply/"
target=_top>University of Wyoming
</a></I>
<HR SIZE="1"><FONT SIZE="-1">
Questions about the weather data provided by this site can be
addressed to <A HREF="mailto:ldoolman@uwyo.edu">
Larry Oolman (ldoolman@uwyo.edu)</A></FONT>
<HR SIZE="1">
<SCRIPT TYPE="text/javascript">
<!--
window.focus();
// -->
</SCRIPT>
</BODY>
</HTML>
