2016-07-18 12
<HTML>
<TITLE>University of Wyoming - Radiosonde Data</TITLE>
<LINK REL="StyleSheet" HREF="/resources/select.css" TYPE="text/css">
<BODY BGCOLOR="white">
<H2>97180 WAAA Ujung Pandang Observations at 00Z 18 Jul 2016</H2>
<PRE>
-----------------------------------------------------------------------------
   PRES   HGHT   TEMP   DWPT   RELH   MIXR   DRCT   SKNT   THTA   THTE   THTV
    hPa     m      C      C      %    g/kg    deg   knot     K      K      K 
-----------------------------------------------------------------------------
 1010.0     14   24.8   24.0     95  19.02      0      0  297.1  352.3  300.5
 1001.0     93   24.2   21.9     87  16.84    103      3  297.3  346.2  300.3
 1000.0    102   24.4   22.1     87  17.07    115      3  297.6  347.2  300.6
  981.0    271   24.4   20.8     80  16.04    106      6  299.2  346.2  302.1
  978.0    297   24.2   20.7     80  15.95    105      7  299.3  346.0  302.2
  925.0    784   21.6   18.1     80  14.34    120      5  301.4  343.8  304.0
  913.0    897   21.0   17.7     82  14.20    120      4  301.9  344.0  304.4
  882.0   1196   19.4   16.8     85  13.84     85      3  303.2  344.4  305.7
  852.0   1496   17.7   15.9     89  13.49     75      4  304.5  344.9  306.9
  850.0   1516   17.6   15.8     89  13.46     80      4  304.6  344.9  307.0
  820.0   1822   15.2   13.8     91  12.24    103      5  305.2  342.0  307.4
  793.0   2104   14.7   12.5     87  11.63    125      6  307.6  343.0  309.7
  776.0   2288   14.4   11.7     84  11.25    169      4  309.2  343.7  311.2
  766.0   2396   13.8   11.0     83  10.84    195      2  309.6  343.0  311.7
  739.0   2696   12.1    8.9     81   9.78      0      1  311.0  341.3  312.9
  713.0   2995   10.5    6.8     78   8.80      0      1  312.4  339.9  314.0
  700.0   3149    9.6    5.8     77   8.33    130      2  313.1  339.2  314.7
  688.0   3293    8.8    3.3     69   7.11    130      4  313.7  336.2  315.1
  677.0   3427    8.0    1.0     61   6.11    134      4  314.3  333.8  315.5
  663.0   3597    6.9    0.7     65   6.11    140      3  314.9  334.5  316.1
  639.0   3898    5.0    0.2     71   6.10     65      3  316.1  335.7  317.3
  616.0   4197    3.1   -0.4     78   6.09     60      5  317.2  336.9  318.4
  594.0   4494    1.2   -0.9     86   6.08     85     10  318.3  338.0  319.5
  581.0   4675    0.0   -1.2     92   6.07     81     12  319.0  338.7  320.2
  551.0   5099   -1.7   -3.7     86   5.31     70     16  321.9  339.4  322.9
  527.0   5455   -3.1   -5.8     82   4.74     65     17  324.3  340.2  325.2
  500.0   5870   -6.3   -6.9     96   4.59     60     18  325.3  340.8  326.2
  483.0   6139   -7.9   -8.7     94   4.13     66     19  326.6  340.6  327.4
  476.0   6252   -8.5   -9.2     95   4.03     69     20  327.2  340.9  328.0
  473.0   6301   -8.9   -9.9     93   3.84     70     20  327.2  340.4  328.0
  472.0   6317   -9.1  -10.1     92   3.78     71     20  327.2  340.2  328.0
  470.0   6350   -9.5  -11.8     83   3.31     72     20  327.1  338.6  327.8
  468.0   6383   -9.3  -14.3     67   2.72     73     20  327.8  337.3  328.3
  466.0   6416   -8.3  -16.3     53   2.31     74     20  329.4  337.6  329.9
  457.0   6567   -9.3  -17.3     52   2.17     79     20  330.0  337.7  330.4
  450.0   6685  -10.1  -20.1     44   1.73     83     21  330.5  336.7  330.8
  449.0   6702  -10.3  -20.3     44   1.71     84     21  330.4  336.6  330.8
  444.0   6788  -10.1  -36.1     10   0.40     86     21  331.7  333.3  331.8
  438.0   6892  -10.7  -37.9      9   0.34     90     21  332.3  333.6  332.3
  434.0   6963  -11.1  -39.1      8   0.30     88     22  332.6  333.8  332.7
  423.0   7158  -12.7  -30.7     21   0.70     84     23  333.0  335.7  333.2
  419.0   7230  -13.5  -24.5     39   1.26     83     24  332.9  337.6  333.2
  412.0   7358  -14.7  -21.7     55   1.65     80     25  333.0  339.0  333.3
  411.0   7376  -14.9  -21.9     55   1.62     79     25  332.9  338.9  333.3
  410.0   7394  -15.1  -20.1     66   1.90     79     25  332.9  339.8  333.3
  409.0   7413  -15.3  -20.3     66   1.87     79     26  332.9  339.7  333.3
  408.0   7431  -15.5  -25.5     42   1.18     78     26  332.9  337.3  333.1
  407.0   7450  -15.7  -24.7     46   1.28     78     26  332.8  337.6  333.1
  406.0   7468  -15.9  -21.9     60   1.64     77     26  332.8  338.8  333.1
  405.0   7487  -15.9  -16.5     95   2.61     77     26  333.1  342.4  333.6
  400.0   7580  -16.1  -16.9     94   2.56     75     27  334.0  343.2  334.5
  395.0   7675  -16.5  -19.7     76   2.04     75     27  334.7  342.1  335.1
  392.0   7733  -16.9  -22.9     60   1.56     75     26  334.9  340.6  335.2
  389.0   7790  -17.4  -20.9     73   1.86     75     26  335.0  341.8  335.4
  388.0   7810  -17.5  -20.3     79   1.97     75     26  335.1  342.3  335.5
  384.0   7888  -17.9  -19.1     90   2.21     77     25  335.5  343.6  336.0
  379.0   7986  -17.9  -20.8     78   1.94     78     24  336.8  343.9  337.2
  375.0   8066  -18.3  -28.3     41   1.00     79     24  337.3  341.1  337.5
  372.0   8126  -18.7  -35.7     21   0.49     80     23  337.5  339.5  337.6
  369.0   8186  -18.9  -41.9     11   0.26     81     23  338.0  339.1  338.1
  362.0   8329  -19.7  -42.7     11   0.25     84     21  338.8  339.9  338.9
  357.0   8433  -20.5  -35.5     25   0.52     85     21  339.1  341.2  339.2
  350.0   8580  -21.9  -35.9     27   0.51     88     19  339.1  341.2  339.2
  347.0   8643  -22.3  -37.3     24   0.45     89     19  339.4  341.2  339.5
  346.0   8664  -22.3  -44.3     12   0.22     89     19  339.7  340.6  339.8
  333.0   8946  -24.3  -48.3      9   0.14     94     16  340.7  341.3  340.7
  327.0   9078  -25.3  -39.3     26   0.39     96     15  341.1  342.7  341.2
  323.0   9168  -25.9  -42.9     19   0.27     98     14  341.5  342.6  341.5
  318.0   9281  -26.9  -36.9     38   0.51    100     13  341.6  343.7  341.7
  317.0   9304  -27.1  -36.8     39   0.52    100     13  341.7  343.8  341.8
  303.0   9629  -29.7  -34.7     62   0.67    100     16  342.4  345.1  342.6
  300.0   9700  -30.3  -34.3     68   0.70    100     17  342.6  345.3  342.7
  291.0   9914  -31.7  -35.1     72   0.67     90     15  343.5  346.2  343.6
  290.0   9938  -31.9  -35.2     72   0.66     89     14  343.6  346.3  343.8
  279.0  10206  -34.0  -39.9     55   0.43     80      8  344.5  346.2  344.6
  267.0  10511  -36.3  -45.3     39   0.25     98      7  345.4  346.5  345.5
  251.0  10933  -39.9  -47.9     42   0.20    123      6  346.2  347.1  346.3
  250.0  10960  -40.1                         125      6  346.3         346.3
  245.0  11095  -41.3                         120      5  346.6         346.6
  234.0  11402  -44.0                         170      6  347.1         347.1
  224.0  11693  -46.5                         185     11  347.5         347.5
  200.0  12450  -53.1                         200     11  348.5         348.5
  195.0  12608  -54.5                         200     12  348.8         348.8
  169.0  13499  -62.4                         200     12  350.3         350.3
  158.0  13918  -66.1                         186     14  350.8         350.8
  150.0  14230  -68.5                         175     16  351.9         351.9
  146.0  14388  -69.8                         170     16  352.4         352.4
  132.0  14978  -74.6                         110     25  354.1         354.1
  128.0  15159  -76.1                         109     28  354.5         354.5
  112.0  15916  -81.1                         106     42  359.0         359.0
  107.0  16171  -81.2                         105     47  363.5         363.5
  101.0  16494  -81.3                          90     38  369.4         369.4
  100.0  16550  -81.3                          85     34  370.4         370.4
   97.0  16723  -77.9                          55     24  380.3         380.3
   96.0  16782  -78.1                          45     20  381.0         381.0
   91.0  17088  -79.0                          20     17  385.0         385.0
   90.7  17107  -79.1                          24     17  385.2         385.2
   86.0  17413  -76.8                          90      9  395.8         395.8
   82.0  17688  -74.7                         130     16  405.5         405.5
   75.5  18167  -76.5                         134     18  411.4         411.4
   74.0  18284  -75.0                         135     18  417.0         417.0
   70.0  18610  -70.7                         120     19  432.8         432.8
   67.8  18801  -68.1                          91     26  442.4         442.4
   67.0  18872  -68.3                          80     28  443.4         443.4
   62.0  19338  -69.7                          85     29  450.3         450.3
   57.0  19845  -66.4                          90     31  468.8         468.8
   56.9  19856  -66.3                          90     31  469.2         469.2
   51.1  20508  -67.1                          86     36  481.9         481.9
   50.0  20640  -66.3                          85     37  486.8         486.8
   47.0  21022  -63.7                          90     35  501.6         501.6
   41.2  21834  -58.3                          37     15  534.4         534.4
   41.0  21865  -58.2                          35     14  535.4         535.4
   39.0  22181  -57.0                          40      9  546.1         546.1
   37.2  22480  -55.9                           4      2  556.4         556.4
   37.0  22514  -56.0                           0      1  557.1         557.1
   35.0  22865  -56.5                         285     12  564.5         564.5
   32.0  23432  -57.5                         240     17  576.6         576.6
   31.0  23633  -57.8                         235     17  580.9         580.9
   30.8  23674  -57.9                         239     17  581.8         581.8
   30.0  23840  -57.1                         255     19  588.4         588.4
   29.0  24055  -57.1                         260     25  594.2         594.2
   25.5  24870  -56.9                         272     25  616.9         616.9
   22.0  25815  -52.9                         285     26  655.4         655.4
   20.0  26430  -53.1                         260     24  672.9         672.9
   18.0  27112  -52.2                         265     21  696.2         696.2
   15.0  28293  -50.7                                     738.5         738.5
</PRE><H3>Station information and sounding indices</H3><PRE>
                         Station identifier: WAAA
                             Station number: 97180
                           Observation time: 160718/0000
                           Station latitude: -5.06
                          Station longitude: 119.55
                          Station elevation: 14.0
                            Showalter index: -1.37
                               Lifted index: -1.95
    LIFT computed using virtual temperature: -2.11
                                SWEAT index: 215.61
                                    K index: 35.90
                         Cross totals index: 22.10
                      Vertical totals index: 23.90
                        Totals totals index: 46.00
      Convective Available Potential Energy: 209.17
             CAPE using virtual temperature: 276.30
                      Convective Inhibition: -51.66
             CINS using virtual temperature: -42.95
                           Equilibrum Level: 346.66
 Equilibrum Level using virtual temperature: 330.49
                   Level of Free Convection: 826.36
             LFCT using virtual temperature: 831.89
                     Bulk Richardson Number: 361.01
          Bulk Richardson Number using CAPV: 476.88
  Temp [K] of the Lifted Condensation Level: 293.51
Pres [hPa] of the Lifted Condensation Level: 939.49
     Mean mixed layer potential temperature: 298.81
              Mean mixed layer mixing ratio: 16.33
              1000 hPa to 500 hPa thickness: 5768.00
Precipitable water [mm] for entire sounding: 56.31
</PRE>
<P>Description of the 
<A HREF="/upperair/columns.html">data columns</A>
or <A HREF="/upperair/indices.html">sounding indices</A>.

<P>
<FORM>
<INPUT CLASS="button" TYPE="button" VALUE=" Close this window " 
 onClick="window.close();">
<INPUT CLASS="button" TYPE="button" VALUE=" Select another map " 
 onClick="window.blur();">
</FORM>
<HR SIZE="1">
<I>Interested in graduate studies in atmospheric science?
Check out our program at the
<a href="http://www.uwyo.edu/atsc/howtoapply/"
target=_top>University of Wyoming
</a></I>
<HR SIZE="1"><FONT SIZE="-1">
Questions about the weather data provided by this site can be
addressed to <A HREF="mailto:ldoolman@uwyo.edu">
Larry Oolman (ldoolman@uwyo.edu)</A></FONT>
<HR SIZE="1">
<SCRIPT TYPE="text/javascript">
<!--
window.focus();
// -->
</SCRIPT>
</BODY>
</HTML>
