2016-05-08 00
<HTML>
<TITLE>University of Wyoming - Radiosonde Data</TITLE>
<LINK REL="StyleSheet" HREF="/resources/select.css" TYPE="text/css">
<BODY BGCOLOR="white">
<H2>97180 WAAA Ujung Pandang Observations at 00Z 08 May 2016</H2>
<PRE>
-----------------------------------------------------------------------------
   PRES   HGHT   TEMP   DWPT   RELH   MIXR   DRCT   SKNT   THTA   THTE   THTV
    hPa     m      C      C      %    g/kg    deg   knot     K      K      K 
-----------------------------------------------------------------------------
 1009.0     14   27.6   24.4     83  19.51      0      0  300.0  357.4  303.5
 1000.0     91   26.6   22.5     78  17.50    125      5  299.8  351.1  302.9
  976.0    305   25.5   21.8     80  17.12    155      4  300.7  351.2  303.8
  944.0    599   23.9   20.7     82  16.60      0      0  302.0  351.2  305.0
  925.0    778   23.0   20.1     84  16.29      0      0  302.8  351.3  305.8
  912.0    901   22.4   19.4     83  15.81     80      1  303.5  350.6  306.3
  881.0   1200   21.0   17.7     81  14.66      0      1  305.0  349.1  307.7
  851.0   1501   19.6   16.0     79  13.59    165      3  306.6  347.7  309.1
  850.0   1511   19.6   15.9     79  13.55    155      3  306.7  347.7  309.2
  829.0   1726   17.8   14.4     80  12.60    106      3  307.0  345.2  309.3
  822.0   1798   17.5   14.0     80  12.35     90      3  307.4  344.9  309.7
  794.0   2092   16.2   12.2     77  11.40     85      4  309.1  344.0  311.2
  766.0   2397   14.9   10.4     75  10.48    110      3  310.8  343.2  312.8
  744.0   2645   13.8    9.0     73   9.78     90      3  312.2  342.7  314.1
  739.0   2702   13.8    7.9     67   9.10     85      3  312.9  341.4  314.6
  730.0   2805   13.8    5.8     58   7.98     95      3  313.9  339.2  315.5
  713.0   3003   12.9    4.3     56   7.38    115      3  315.1  338.5  316.5
  700.0   3157   12.2    3.2     54   6.93    115      4  316.0  338.1  317.3
  661.0   3637    9.2    2.2     62   6.83    109      6  317.8  339.8  319.1
  652.0   3751    8.8   -2.2     46   5.02    107      6  318.6  335.1  319.6
  640.0   3904    7.5   -0.9     55   5.61    105      7  318.9  337.2  319.9
  633.0   3995    6.8   -0.2     61   5.99    101      7  319.0  338.5  320.2
  595.0   4502    3.6   -1.5     69   5.78     80     10  320.9  340.0  322.1
  582.0   4682    2.4   -2.0     73   5.71     80     10  321.6  340.4  322.8
  575.0   4780    1.8   -6.2     55   4.21     80     10  322.1  336.1  322.9
  573.0   4809    1.7   -6.1     56   4.27     80     10  322.2  336.5  323.0
  549.0   5154    0.0   -4.4     72   5.06     63     12  324.2  341.1  325.2
  532.0   5405   -1.2   -7.0     65   4.29     50     13  325.7  340.2  326.5
  517.0   5634   -2.3   -9.3     59   3.68     55     11  327.0  339.6  327.8
  502.0   5868   -3.9   -7.5     76   4.36     59      8  327.9  342.7  328.7
  500.0   5900   -3.9   -7.3     77   4.45     60      8  328.2  343.4  329.1
  492.0   6027   -4.1  -12.1     54   3.09     62      8  329.5  340.3  330.1
  488.0   6091   -4.3  -14.3     46   2.60     62      8  330.0  339.2  330.5
  478.0   6254   -5.1  -14.1     49   2.70     64      8  331.0  340.6  331.5
  475.0   6303   -5.3  -15.2     46   2.49     65      8  331.3  340.1  331.8
  457.0   6605   -6.9  -21.9     29   1.46     50      6  333.0  338.4  333.3
  440.0   6899   -8.7  -25.0     26   1.15     35      5  334.3  338.7  334.6
  431.0   7059   -9.7  -26.7     24   1.00     35      6  335.1  338.9  335.3
  418.0   7295  -11.5  -19.5     52   1.96     35      6  335.7  342.9  336.1
  407.0   7498  -12.9  -22.8     43   1.51     35      7  336.4  342.1  336.8
  401.0   7611  -13.7  -24.7     39   1.30     39      7  336.9  341.7  337.1
  400.0   7630  -13.9  -26.9     32   1.06     40      7  336.8  340.9  337.1
  395.0   7726  -14.7  -23.7     46   1.44     46      7  337.0  342.4  337.3
  377.0   8078  -16.5  -30.5     29   0.81     66      6  339.1  342.3  339.3
  361.0   8398  -18.7  -31.9     30   0.74     85      6  340.4  343.3  340.5
  307.0   9594  -27.1  -37.1     38   0.52     28      3  344.8  346.9  344.9
  300.0   9760  -28.3  -40.3     31   0.38     20      3  345.4  347.0  345.5
  296.0   9856  -29.3  -41.3     30   0.35     17      3  345.3  346.7  345.4
  294.0   9905  -29.6  -42.1     29   0.32     15      3  345.5  346.9  345.6
  292.0   9953  -29.9  -42.9     27   0.30     12      4  345.8  347.0  345.8
  288.0  10051  -30.7  -37.7     50   0.52      5      5  346.0  348.1  346.1
  282.0  10199  -31.9  -39.5     47   0.44    355      7  346.3  348.2  346.4
  270.0  10502  -34.4  -43.3     40   0.31    355      9  347.0  348.3  347.1
  259.0  10793  -36.9  -46.9     35   0.22      0     10  347.6  348.6  347.7
  250.0  11040  -38.9  -49.9     30   0.16      5     11  348.1  348.8  348.1
  248.0  11095  -39.2  -51.0     27   0.14      5     10  348.5  349.1  348.5
  243.0  11234  -39.9  -53.9     21   0.10    349     10  349.4  349.9  349.4
  237.0  11400  -41.3                         330     11  349.8         349.8
  200.0  12530  -50.9                         290     12  352.0         352.0
  189.0  12886  -54.0                         275     12  352.8         352.8
  180.0  13193  -56.6                         245     13  353.4         353.4
  172.0  13479  -59.1                         245     10  354.0         354.0
  156.0  14093  -64.4                         260     15  355.0         355.0
  150.0  14340  -66.5                         260     16  355.3         355.3
  148.0  14420  -67.3                         262     16  355.3         355.3
  134.0  14993  -71.1                         275     20  358.8         358.8
  115.0  15874  -77.0                         275      6  364.0         364.0
  109.0  16183  -79.0                         200      2  365.7         365.7
  100.0  16680  -82.3                         210     15  368.5         368.5
   94.3  17007  -84.7                         210     21  370.0         370.0
   89.4  17304  -82.5                         225     17  380.1         380.1
   88.0  17392  -83.0                         230     16  380.9         380.9
   83.0  17717  -84.7                         220     14  383.8         383.8
   81.3  17832  -85.3                         225     14  384.8         384.8
   75.9  18215  -81.5                         243     14  400.4         400.4
   71.0  18590  -81.7                         260     14  407.7         407.7
   70.0  18670  -81.7                         270     13  409.3         409.3
   67.0  18915  -82.2                         265      7  413.3         413.3
   65.5  19042  -82.5                         332      7  415.4         415.4
   64.0  19172  -81.9                          40      8  419.4         419.4
   61.9  19359  -81.1                          35     13  425.2         425.2
   60.0  19536  -78.7                          30     18  434.5         434.5
   59.1  19622  -77.5                          34     17  439.0         439.0
   57.4  19792  -72.1                          43     14  454.9         454.9
   57.0  19833  -72.0                          45     13  456.1         456.1
   55.0  20045  -71.4                         105     18  462.2         462.2
   50.0  20610  -69.7                          90     44  478.8         478.8
   49.1  20718  -70.1                          90     44  480.4         480.4
   49.0  20730  -70.0                          90     44  480.8         480.8
   42.0  21662  -63.9                          95     49  517.6         517.6
   40.1  21941  -62.1                          86     43  529.0         529.0
   37.9  22289  -62.1                          75     36  537.6         537.6
   37.0  22437  -61.4                          70     33  543.3         543.3
   36.7  22488  -61.1                          69     29  545.2         545.2
   36.0  22608  -57.9                          68     20  556.5         556.5
   35.0  22786  -55.4                          65      6  567.5         567.5
   34.8  22822  -54.9                          49      6  569.7         569.7
   33.0  23158  -56.2                         260     11  575.0         575.0
   30.0  23760  -58.5                         265      6  584.6         584.6
   29.0  23973  -59.1                         270     11  588.6         588.6
   28.0  24193  -59.7                         260     12  592.9         592.9
   25.0  24908  -56.9                         125     16  620.4         620.4
   24.0  25171  -53.6                         105     12  637.1         637.1
   23.3  25361  -51.3                           4     10  649.4         649.4
   23.0  25446  -51.0                         320      9  652.6         652.6
   22.0  25736  -50.2                         280     22  663.4         663.4
   21.2  25978  -49.5                         272     22  672.6         672.6
   20.0  26360  -50.5                         260     22  680.8         680.8
   18.0  27045  -51.0                         260     12  700.1         700.1
   17.0  27417  -51.3                         235      9  710.7         710.7
   16.9  27456  -51.3                         229      9  711.8         711.8
   15.7  27934  -51.1                         152      6  727.6         727.6
   15.0  28233  -47.8                         105      4  748.2         748.2
   14.9  28277  -47.3                         106      4  751.2         751.2
   14.0  28690  -46.7                         115      1  766.7         766.7
   13.0  29182  -46.0                         290      5  785.6         785.6
   12.6  29389  -45.7                                     793.7         793.7
</PRE><H3>Station information and sounding indices</H3><PRE>
                         Station identifier: WAAA
                             Station number: 97180
                           Observation time: 160508/0000
                           Station latitude: -5.06
                          Station longitude: 119.55
                          Station elevation: 14.0
                            Showalter index: 0.01
                               Lifted index: -1.41
    LIFT computed using virtual temperature: -1.73
                                SWEAT index: 204.79
                                    K index: 30.40
                         Cross totals index: 19.80
                      Vertical totals index: 23.50
                        Totals totals index: 43.30
      Convective Available Potential Energy: 262.24
             CAPE using virtual temperature: 363.84
                      Convective Inhibition: -126.47
             CINS using virtual temperature: -72.27
                           Equilibrum Level: 238.70
 Equilibrum Level using virtual temperature: 238.55
                   Level of Free Convection: 638.88
             LFCT using virtual temperature: 673.20
                     Bulk Richardson Number: 150.80
          Bulk Richardson Number using CAPV: 209.23
  Temp [K] of the Lifted Condensation Level: 294.29
Pres [hPa] of the Lifted Condensation Level: 929.10
     Mean mixed layer potential temperature: 300.56
              Mean mixed layer mixing ratio: 17.35
              1000 hPa to 500 hPa thickness: 5809.00
Precipitable water [mm] for entire sounding: 56.04
</PRE>
<P>Description of the 
<A HREF="/upperair/columns.html">data columns</A>
or <A HREF="/upperair/indices.html">sounding indices</A>.

<P>
<FORM>
<INPUT CLASS="button" TYPE="button" VALUE=" Close this window " 
 onClick="window.close();">
<INPUT CLASS="button" TYPE="button" VALUE=" Select another map " 
 onClick="window.blur();">
</FORM>
<HR SIZE="1">
<I>Interested in graduate studies in atmospheric science?
Check out our program at the
<a href="http://www.uwyo.edu/atsc/howtoapply/"
target=_top>University of Wyoming
</a></I>
<HR SIZE="1"><FONT SIZE="-1">
Questions about the weather data provided by this site can be
addressed to <A HREF="mailto:ldoolman@uwyo.edu">
Larry Oolman (ldoolman@uwyo.edu)</A></FONT>
<HR SIZE="1">
<SCRIPT TYPE="text/javascript">
<!--
window.focus();
// -->
</SCRIPT>
</BODY>
</HTML>
