2016-04-28 12
<HTML>
<TITLE>University of Wyoming - Radiosonde Data</TITLE>
<LINK REL="StyleSheet" HREF="/resources/select.css" TYPE="text/css">
<BODY BGCOLOR="white">
<H2>97180 WAAA Ujung Pandang Observations at 00Z 28 Apr 2016</H2>
<PRE>
-----------------------------------------------------------------------------
   PRES   HGHT   TEMP   DWPT   RELH   MIXR   DRCT   SKNT   THTA   THTE   THTV
    hPa     m      C      C      %    g/kg    deg   knot     K      K      K 
-----------------------------------------------------------------------------
 1009.0     14   24.6   23.6     94  18.57     30      2  297.0  350.9  300.3
 1000.0     93   25.4   20.9     76  15.83     85      4  298.6  344.8  301.4
  994.0    146   26.2   20.2     70  15.23     85      3  299.9  344.6  302.6
  977.0    297   25.4   19.6     70  14.95     85      2  300.5  344.6  303.2
  944.0    598   23.8   18.5     72  14.39     45      5  301.8  344.5  304.4
  925.0    776   22.8   17.8     73  14.06     50      6  302.6  344.4  305.2
  912.0    900   22.6   16.6     69  13.24     45      5  303.6  343.2  306.1
  885.0   1164   22.2   14.2     60  11.63    106      2  305.8  341.0  308.0
  881.0   1204   21.9   14.1     61  11.60    115      2  305.9  341.0  308.0
  851.0   1506   19.3   13.2     68  11.35     90      6  306.2  340.6  308.3
  850.0   1516   19.2   13.2     68  11.34     85      6  306.2  340.6  308.3
  837.0   1648   18.2   13.6     75  11.83     87      6  306.5  342.4  308.7
  794.0   2097   15.5   12.1     80  11.27     95      7  308.3  342.7  310.4
  784.0   2204   14.8   11.7     82  11.14    104      6  308.7  342.8  310.8
  767.0   2390   15.0   10.2     73  10.29    119      4  310.8  342.7  312.8
  766.0   2401   14.9   10.1     73  10.24    120      4  310.9  342.6  312.8
  713.0   3003   12.1    5.6     64   8.04    115      4  314.2  339.6  315.8
  700.0   3157   11.4    4.4     62   7.55    125      3  315.1  339.1  316.5
  688.0   3301   10.7    4.1     64   7.53    140      1  315.8  339.8  317.3
  674.0   3472    9.8    3.8     66   7.51     56      1  316.7  340.7  318.1
  664.0   3594    9.0    3.4     68   7.38    355      1  317.1  340.8  318.6
  640.0   3894    7.0    2.2     72   7.07    165      1  318.2  341.0  319.6
  594.0   4503    2.9   -0.0     81   6.47      0      1  320.3  341.4  321.5
  564.0   4926    0.0   -1.6     89   6.07     71      4  321.7  341.7  322.9
  552.0   5097   -1.1   -2.8     88   5.67    100      5  322.4  341.2  323.5
  531.0   5405   -3.0   -5.0     86   4.99    125      8  323.7  340.4  324.7
  519.0   5586   -4.1   -6.3     85   4.63    100     11  324.5  340.1  325.4
  512.0   5693   -4.4   -7.0     82   4.45     85     12  325.4  340.4  326.3
  500.0   5880   -4.9   -8.2     78   4.15     85     14  327.0  341.1  327.8
  476.0   6265   -7.3   -9.7     83   3.87     67     14  328.7  342.0  329.4
  474.0   6298   -7.4  -10.5     79   3.66     65     14  328.9  341.6  329.6
  465.0   6447   -7.9  -13.9     62   2.82     73     15  330.1  340.1  330.7
  458.0   6564   -8.7  -12.5     74   3.21     78     16  330.6  341.8  331.2
  455.0   6615   -9.1  -13.3     72   3.03     81     17  330.7  341.3  331.3
  450.0   6701   -9.5  -16.5     57   2.35     85     17  331.2  339.6  331.7
  448.0   6735   -9.7  -17.7     52   2.14     87     18  331.4  339.1  331.8
  446.0   6770   -9.9  -18.9     48   1.94     89     18  331.6  338.6  331.9
  445.0   6787   -9.9  -28.9     20   0.79     90     18  331.8  334.8  331.9
  440.0   6874  -10.3  -29.3     19   0.77     94     19  332.3  335.3  332.5
  439.0   6891  -10.4  -29.4     19   0.77     95     19  332.5  335.4  332.6
  437.0   6926  -10.5  -29.5     19   0.76     94     19  332.7  335.7  332.9
  436.0   6944  -10.7  -32.7     15   0.56     94     20  332.7  334.9  332.8
  434.0   6979  -10.9  -30.9     18   0.67     93     20  332.9  335.5  333.0
  433.0   6997  -11.1  -31.1     17   0.66     93     20  332.9  335.4  333.0
  432.0   7015  -11.3  -30.3     19   0.72     92     21  332.8  335.6  333.0
  431.0   7032  -11.7  -17.7     61   2.22     92     21  332.5  340.5  333.0
  430.0   7050  -11.7  -15.0     76   2.79     92     21  332.8  342.7  333.3
  423.0   7175  -12.7  -15.0     83   2.84     89     23  333.0  343.1  333.6
  409.0   7431  -13.9  -21.9     51   1.63     84     26  334.7  340.7  335.0
  400.0   7600  -14.7  -23.7     46   1.42     80     28  335.8  341.1  336.1
  399.0   7619  -14.9  -25.9     39   1.17     80     28  335.8  340.2  336.0
  389.0   7811  -15.9  -19.6     73   2.09     78     28  336.9  344.6  337.3
  381.0   7968  -16.9  -18.8     85   2.29     76     29  337.6  346.0  338.1
  378.0   8027  -17.3  -19.4     84   2.19     76     29  337.8  345.9  338.3
  374.0   8107  -17.6  -21.6     71   1.83     75     29  338.5  345.3  338.9
  372.0   8147  -17.7  -22.7     65   1.67     76     29  338.9  345.1  339.2
  371.0   8168  -17.7  -23.7     59   1.53     77     29  339.1  344.9  339.4
  370.0   8188  -17.7  -28.7     38   0.97     77     29  339.4  343.1  339.6
  368.0   8228  -17.7  -36.7     17   0.45     78     29  339.9  341.7  340.0
  332.0   8993  -22.2  -53.5      4   0.08    100     26  343.8  344.2  343.9
  330.0   9038  -22.5  -54.5      4   0.07    101     25  344.1  344.4  344.1
  300.0   9730  -28.5  -48.5     13   0.16    110     17  345.1  345.8  345.1
  298.0   9778  -28.7  -43.7     22   0.27    111     17  345.5  346.6  345.5
  295.0   9850  -28.9  -48.9     13   0.15    112     17  346.2  346.9  346.2
  292.0   9923  -29.5  -45.5     20   0.22    114     16  346.4  347.3  346.4
  284.0  10121  -30.9  -50.9     12   0.13    118     15  347.1  347.7  347.1
  269.0  10502  -34.2  -45.9     30   0.23    125     14  347.7  348.7  347.8
  266.0  10581  -34.9  -44.9     35   0.26    120     14  347.8  348.9  347.9
  250.0  11010  -38.5  -50.5     27   0.15     95     15  348.7  349.4  348.7
  244.0  11175  -40.1  -51.1     30   0.14     91     15  348.7  349.4  348.8
  236.0  11396  -42.0                          85     15  349.2         349.2
  216.0  11981  -47.0                          85     17  350.4         350.4
  206.0  12295  -49.6                         105     15  351.0         351.0
  200.0  12490  -51.3                         105     16  351.4         351.4
  155.0  14090  -65.5                         120      7  353.7         353.7
  154.0  14131  -65.9                         118      7  353.7         353.7
  150.0  14290  -67.7                         110      5  353.3         353.3
  147.0  14410  -68.5                          45      3  354.0         354.0
  140.0  14698  -70.3                         345      9  355.7         355.7
  133.0  15002  -72.3                          35      7  357.4         357.4
  127.0  15275  -74.1                          70      9  359.0         359.0
  123.0  15464  -75.3                          56     10  360.1         360.1
  120.0  15608  -75.2                          45     11  362.8         362.8
  118.0  15705  -75.1                          24      9  364.7         364.7
  114.0  15902  -76.6                         340      6  365.5         365.5
  103.0  16481  -81.0                         310     11  367.8         367.8
  100.0  16650  -82.3                         315     14  368.5         368.5
   92.0  17111  -85.1                         320     14  371.8         371.8
   87.2  17407  -86.9                         340     10  373.9         373.9
   87.0  17420  -86.9                         340     10  374.2         374.2
   84.8  17560  -86.9                          62     10  376.9         376.9
   83.0  17678  -83.8                         130     10  385.5         385.5
   82.0  17746  -82.1                         133     13  390.4         390.4
   78.0  18025  -82.4                         145     23  395.4         395.4
   74.0  18319  -82.7                         135     22  400.8         400.8
   71.3  18527  -82.9                         145     21  404.6         404.6
   70.0  18630  -82.7                         150     21  407.1         407.1
   67.0  18874  -82.7                         130     10  412.3         412.3
   66.4  18924  -82.7                         119      9  413.3         413.3
   64.9  19052  -78.7                          91      6  424.8         424.8
   63.0  19224  -76.2                          55      2  433.9         433.9
   60.6  19448  -72.9                          59      5  446.1         446.1
   52.0  20357  -68.1                          75     19  477.2         477.2
   50.0  20590  -66.9                          65     21  485.4         485.4
   49.0  20713  -66.3                          60     24  489.7         489.7
   46.0  21097  -64.3                          82     31  503.4         503.4
   45.0  21230  -64.8                          90     34  505.5         505.5
   40.5  21871  -66.9                          90     33  515.5         515.5
   38.0  22257  -66.4                          90     33  526.2         526.2
   35.4  22686  -65.9                         100     31  538.4         538.4
   33.8  22969  -62.5                         107     31  554.5         554.5
   33.0  23118  -61.9                         110     30  560.0         560.0
   30.0  23710  -59.3                         105     22  582.4         582.4
   29.0  23922  -58.0                         100     17  591.6         591.6
   28.9  23944  -57.9                         102     16  592.5         592.5
   28.0  24144  -54.9                         120     11  606.2         606.2
   27.0  24376  -54.9                         140      5  612.5         612.5
   26.0  24616  -54.9                         270     13  619.2         619.2
   23.0  25397  -54.9                         265     40  641.3         641.3
   22.1  25652  -54.9                         254     29  648.6         648.6
   21.0  25978  -54.2                         240     14  660.3         660.3
   20.0  26290  -53.5                         250      9  671.7         671.7
   19.0  26621  -52.2                         320     13  685.7         685.7
   18.5  26794  -51.5                         318     14  693.0         693.0
   17.2  27271  -47.5                         311     17  720.4         720.4
   17.0                                       310     18                     
</PRE><H3>Station information and sounding indices</H3><PRE>
                         Station identifier: WAAA
                             Station number: 97180
                           Observation time: 160428/0000
                           Station latitude: -5.06
                          Station longitude: 119.55
                          Station elevation: 14.0
                            Showalter index: 1.74
                               Lifted index: 0.00
    LIFT computed using virtual temperature: -0.19
                                SWEAT index: 184.41
                                    K index: 30.30
                         Cross totals index: 18.10
                      Vertical totals index: 24.10
                        Totals totals index: 42.20
      Convective Available Potential Energy: 20.32
             CAPE using virtual temperature: 31.31
                      Convective Inhibition: -301.15
             CINS using virtual temperature: -253.26
                           Equilibrum Level: 472.66
 Equilibrum Level using virtual temperature: 421.57
                   Level of Free Convection: 577.86
             LFCT using virtual temperature: 586.40
                     Bulk Richardson Number: 80.41
          Bulk Richardson Number using CAPV: 123.89
  Temp [K] of the Lifted Condensation Level: 291.98
Pres [hPa] of the Lifted Condensation Level: 909.24
     Mean mixed layer potential temperature: 300.04
              Mean mixed layer mixing ratio: 15.33
              1000 hPa to 500 hPa thickness: 5787.00
Precipitable water [mm] for entire sounding: 54.30
</PRE>
<P>Description of the 
<A HREF="/upperair/columns.html">data columns</A>
or <A HREF="/upperair/indices.html">sounding indices</A>.

<P>
<FORM>
<INPUT CLASS="button" TYPE="button" VALUE=" Close this window " 
 onClick="window.close();">
<INPUT CLASS="button" TYPE="button" VALUE=" Select another map " 
 onClick="window.blur();">
</FORM>
<HR SIZE="1">
<I>Interested in graduate studies in atmospheric science?
Check out our program at the
<a href="http://www.uwyo.edu/atsc/howtoapply/"
target=_top>University of Wyoming
</a></I>
<HR SIZE="1"><FONT SIZE="-1">
Questions about the weather data provided by this site can be
addressed to <A HREF="mailto:ldoolman@uwyo.edu">
Larry Oolman (ldoolman@uwyo.edu)</A></FONT>
<HR SIZE="1">
<SCRIPT TYPE="text/javascript">
<!--
window.focus();
// -->
</SCRIPT>
</BODY>
</HTML>
