2016-09-03 00
<HTML>
<TITLE>University of Wyoming - Radiosonde Data</TITLE>
<LINK REL="StyleSheet" HREF="/resources/select.css" TYPE="text/css">
<BODY BGCOLOR="white">
<H2>97180 WAAA Ujung Pandang Observations at 00Z 03 Sep 2016</H2>
<PRE>
-----------------------------------------------------------------------------
   PRES   HGHT   TEMP   DWPT   RELH   MIXR   DRCT   SKNT   THTA   THTE   THTV
    hPa     m      C      C      %    g/kg    deg   knot     K      K      K 
-----------------------------------------------------------------------------
 1010.0     14   26.4   19.4     65  14.25      0      0  298.7  340.4  301.2
 1000.0    100   26.0   17.0     58  12.34    120      3  299.1  335.4  301.4
  991.0    180   26.8   16.8     54  12.29    124      3  300.7  337.1  302.9
  978.0    297   26.0   16.4     55  12.12    130      3  301.1  337.0  303.2
  945.0    600   23.9   15.3     59  11.68    230      4  301.9  336.7  304.0
  925.0    789   22.6   14.6     61  11.42    230      2  302.4  336.5  304.5
  913.0    903   22.0   14.0     60  11.09     25      1  302.9  336.1  304.9
  883.0   1195   20.3   12.3     60  10.28     65      3  304.1  335.1  306.0
  881.0   1215   20.2   12.2     60  10.23     72      3  304.2  335.0  306.0
  852.0   1505   18.9    9.0     53   8.54    170      8  305.7  331.7  307.3
  850.0   1525   18.8    8.8     52   8.43    165      9  305.8  331.5  307.4
  823.0   1800   17.5    4.5     42   6.47    140      7  307.3  327.4  308.5
  795.0   2095   16.1   -0.0     33   4.82     80     10  308.9  324.2  309.8
  788.0   2171   15.8   -1.2     31   4.47     82     10  309.3  323.5  310.1
  740.0   2699   12.6   -1.9     37   4.52    100      7  311.4  325.9  312.2
  732.0   2791   12.0   -2.0     38   4.53    106      6  311.7  326.3  312.6
  715.0   2987   10.6    2.6     58   6.50    119      3  312.3  332.8  313.5
  714.0   2998   10.6    2.2     56   6.33    120      3  312.4  332.4  313.6
  703.0   3128   10.0   -2.0     43   4.72    120      5  313.1  328.3  314.0
  700.0   3163    9.8   -2.2     43   4.67    120      6  313.3  328.4  314.2
  664.0   3596    6.6   -1.5     56   5.18    140      9  314.4  331.1  315.4
  640.0   3898    4.3   -1.0     68   5.57     25      1  315.2  333.1  316.3
  617.0   4198    2.1   -0.6     83   5.99    355      4  316.0  335.2  317.1
  614.0   4238    1.8   -0.5     85   6.05    356      5  316.1  335.5  317.2
  595.0   4491    0.4   -1.5     87   5.80      5     12  317.3  336.1  318.4
  594.0   4505    0.5   -1.4     87   5.87      5     12  317.6  336.6  318.7
  593.0   4519    0.6   -1.2     88   5.95      6     12  317.8  337.1  319.0
  578.0   4725    0.8   -6.2     59   4.18     20     12  320.4  334.3  321.2
  561.0   4965    0.0  -18.0     24   1.66     35     13  322.2  328.1  322.5
  551.0   5108   -0.4  -20.7     20   1.34     45     13  323.4  328.2  323.7
  548.0   5152   -0.5  -21.5     19   1.26     44     13  323.8  328.3  324.0
  542.0   5240   -1.1  -21.1     20   1.32     43     13  324.1  328.8  324.3
  541.0   5255   -1.3  -13.3     40   2.55     43     13  324.0  332.8  324.5
  530.0   5418   -2.3  -12.3     46   2.82     40     12  324.7  334.5  325.3
  527.0   5464   -2.7  -10.7     54   3.23     39     12  324.8  335.8  325.4
  522.0   5539   -2.5  -20.5     24   1.44     38     12  325.9  331.1  326.2
  511.0   5708   -3.3  -21.8     22   1.32     35     11  326.9  331.7  327.2
  500.0   5880   -4.1  -23.1     21   1.20     60     11  328.0  332.4  328.2
  492.0   6006   -5.1  -26.0     18   0.94     70     11  328.3  331.8  328.5
  479.0   6216   -6.7  -30.7     13   0.62     73     11  328.8  331.2  328.9
  471.0   6347   -7.9  -23.9     26   1.18     76     10  328.9  333.3  329.1
  438.0   6907  -11.2  -29.4     21   0.77     85      9  331.6  334.5  331.8
  426.0   7121  -12.5  -31.5     19   0.65     57     13  332.6  335.1  332.8
  421.0   7210  -12.7  -32.7     17   0.58     45     14  333.5  335.8  333.6
  405.0   7506  -13.4  -36.7     12   0.41     80     12  336.3  338.0  336.4
  402.0   7562  -13.5  -37.5     11   0.38     86     13  336.9  338.4  336.9
  400.0   7600  -13.7  -38.7     10   0.34     90     14  337.1  338.5  337.2
  359.0   8409  -21.0  -37.1     22   0.44     95     12  337.9  339.7  338.0
  354.0   8513  -21.9  -36.9     24   0.46     91     12  338.0  339.9  338.1
  331.0   9004  -25.3  -47.1     11   0.17     70     12  339.9  340.6  340.0
  327.0   9092  -25.9  -48.9     10   0.14     74     11  340.3  340.9  340.3
  304.0   9615  -30.1  -48.0     16   0.16     95      5  341.5  342.2  341.5
  300.0   9710  -30.9  -47.9     17   0.17    100      5  341.7  342.4  341.7
  268.0  10492  -37.3  -50.0     25   0.15     45     10  343.6  344.2  343.6
  256.0  10809  -39.9  -50.9     30   0.14     35     11  344.3  344.9  344.3
  250.0  10970  -41.5                          30     12  344.2         344.2
  245.0  11104  -42.6                          40     10  344.6         344.6
  235.0  11380  -44.8                         100      7  345.4         345.4
  214.0  12001  -49.7                         180     13  347.1         347.1
  205.0  12286  -52.0                         185     13  347.8         347.8
  200.0  12450  -53.3                         190     10  348.2         348.2
  195.0  12608  -54.4                         215      5  348.9         348.9
  186.0  12902  -56.6                         295      5  350.2         350.2
  178.0  13175  -58.6                         335     11  351.4         351.4
  154.0  14076  -65.1                           0     21  355.0         355.0
  150.0  14240  -66.3                          10     17  355.7         355.7
  146.0  14397  -67.4                          35     15  356.5         356.5
  139.0  14683  -69.4                          75     24  358.0         358.0
  119.0  15588  -75.8                          90     29  362.6         362.6
  107.0  16206  -80.1                          50     13  365.5         365.5
  100.0  16600  -82.9                          55     16  367.3         367.3
   92.1  17055  -85.9                          75     19  370.1         370.1
   87.0  17370  -84.6                          90     22  378.9         378.9
   81.1  17758  -82.9                          84     28  390.0         390.0
   79.6  17862  -82.5                          82     30  392.9         392.9
   78.9  17912  -79.5                          81     31  400.1         400.1
   78.0  17977  -79.3                          80     32  401.9         401.9
   77.3  18028  -79.1                          83     32  403.2         403.2
   76.1  18118  -74.9                          88     31  413.8         413.8
   70.7  18551  -70.1                         112     27  432.9         432.9
   70.0  18610  -69.1                         115     27  436.2         436.2
   69.4  18662  -66.7                         115     26  442.4         442.4
   67.0  18876  -66.2                         115     24  447.9         447.9
   64.0  19155  -65.6                         135     24  455.2         455.2
   55.0  20078  -63.5                          55     12  480.1         480.1
   50.9  20550  -62.5                         100     10  493.2         493.2
   50.0  20660  -63.1                         110      9  494.4         494.4
   47.0  21039  -65.7                          65     10  496.9         496.9
   45.0  21304  -64.6                         350     15  505.9         505.9
   44.9  21318  -64.5                         348     15  506.4         506.4
   43.1  21571  -60.1                         317     24  523.2         523.2
   43.0  21585  -60.1                         315     25  523.5         523.5
   39.0  22194  -61.1                         299     29  535.8         535.8
   37.0  22525  -59.6                         290     31  547.8         547.8
   35.0  22875  -58.0                         275     26  560.6         560.6
   32.5  23341  -55.9                         283     31  578.3         578.3
   32.0  23440  -56.1                         285     32  580.2         580.2
   30.0  23850  -57.1                         280     38  588.4         588.4
   28.2  24240  -57.7                         277     38  597.2         597.2
   26.1  24730  -55.3                         272     37  617.4         617.4
   25.0  25004  -55.5                         270     37  624.3         624.3
   23.5  25397  -55.9                         260     35  634.4         634.4
   22.0  25819  -54.2                         250     32  651.4         651.4
   20.7  26209  -52.7                         263     27  667.5         667.5
   20.0  26430  -53.1                         270     24  672.9         672.9
   19.0  26760  -53.7                         275     25  680.9         680.9
   18.4  26966  -54.1                         278     26  686.0         686.0
   15.0  28284  -52.4                         300     29  732.8         732.8
   14.0  28729  -51.9                         285     27  749.3         749.3
   13.4  29011  -51.5                                     759.9         759.9
</PRE><H3>Station information and sounding indices</H3><PRE>
                         Station identifier: WAAA
                             Station number: 97180
                           Observation time: 160903/0000
                           Station latitude: -5.06
                          Station longitude: 119.55
                          Station elevation: 14.0
                            Showalter index: 6.50
                               Lifted index: 4.09
    LIFT computed using virtual temperature: 3.62
                                SWEAT index: 134.58
                                    K index: 19.70
                         Cross totals index: 12.90
                      Vertical totals index: 22.90
                        Totals totals index: 35.80
      Convective Available Potential Energy: 0.00
             CAPE using virtual temperature: 0.00
                      Convective Inhibition: 0.00
             CINS using virtual temperature: 0.00
                     Bulk Richardson Number: 0.00
          Bulk Richardson Number using CAPV: 0.00
  Temp [K] of the Lifted Condensation Level: 287.71
Pres [hPa] of the Lifted Condensation Level: 858.07
     Mean mixed layer potential temperature: 300.58
              Mean mixed layer mixing ratio: 12.31
              1000 hPa to 500 hPa thickness: 5780.00
Precipitable water [mm] for entire sounding: 36.12
</PRE>
<P>Description of the 
<A HREF="/upperair/columns.html">data columns</A>
or <A HREF="/upperair/indices.html">sounding indices</A>.

<P>
<FORM>
<INPUT CLASS="button" TYPE="button" VALUE=" Close this window " 
 onClick="window.close();">
<INPUT CLASS="button" TYPE="button" VALUE=" Select another map " 
 onClick="window.blur();">
</FORM>
<HR SIZE="1">
<I>Interested in graduate studies in atmospheric science?
Check out our program at the
<a href="http://www.uwyo.edu/atsc/howtoapply/"
target=_top>University of Wyoming
</a></I>
<HR SIZE="1"><FONT SIZE="-1">
Questions about the weather data provided by this site can be
addressed to <A HREF="mailto:ldoolman@uwyo.edu">
Larry Oolman (ldoolman@uwyo.edu)</A></FONT>
<HR SIZE="1">
<SCRIPT TYPE="text/javascript">
<!--
window.focus();
// -->
</SCRIPT>
</BODY>
</HTML>
