2018-01-27 12
<HTML>
<TITLE>University of Wyoming - Radiosonde Data</TITLE>
<LINK REL="StyleSheet" HREF="/resources/select.css" TYPE="text/css">
<BODY BGCOLOR="white">
<H2>97180 WAAA Ujung Pandang Observations at 00Z 27 Jan 2018</H2>
<PRE>
-----------------------------------------------------------------------------
   PRES   HGHT   TEMP   DWPT   RELH   MIXR   DRCT   SKNT   THTA   THTE   THTV
    hPa     m      C      C      %    g/kg    deg   knot     K      K      K 
-----------------------------------------------------------------------------
 1006.0     14   26.2   23.4     85  18.40    110      2  298.8  352.7  302.1
 1000.0     61   26.4   21.9     76  16.85    135      5  299.6  349.0  302.6
  998.0     79   27.6   22.6     74  17.65    123      5  300.9  353.0  304.1
  973.0    302   25.9   21.3     76  16.69    335      3  301.4  350.8  304.4
  925.0    748   22.6   18.7     79  14.90    305     16  302.4  346.7  305.1
  902.0    969   21.0   17.8     82  14.43    295     21  302.9  345.9  305.6
  878.0   1204   19.9   15.9     78  13.10    285     27  304.2  343.4  306.6
  850.0   1486   18.6   13.6     73  11.65    275     33  305.6  340.8  307.8
  806.0   1941   15.6   12.3     81  11.27    275     34  307.1  341.4  309.2
  763.0   2406   14.2    9.3     72   9.73    275     36  310.5  340.6  312.3
  737.0   2700   13.4    7.4     67   8.84    281     36  312.7  340.3  314.3
  700.0   3133   10.4    5.4     71   8.10    290     35  314.0  339.5  315.5
  683.0   3338    9.8   -0.2     50   5.55    289     33  315.5  333.4  316.6
  615.0   4195    4.8   -2.7     59   5.14    285     26  319.3  336.2  320.3
  593.0   4493    3.0   -3.5     62   5.00    270     26  320.6  337.1  321.6
  557.0   5004    0.0   -5.0     69   4.76    295     18  322.9  338.8  323.8
  550.0   5105   -0.8   -5.4     71   4.68    300     16  323.1  338.7  324.0
  510.0   5704   -5.5   -7.8     84   4.20    350     15  324.5  338.7  325.3
  503.0   5813   -6.3   -8.2     86   4.12    350     15  324.7  338.7  325.6
  500.0   5860   -6.3   -8.7     83   3.99    350     15  325.3  338.8  326.1
  491.0   6001   -6.8   -9.9     79   3.71    350     15  326.4  339.1  327.1
  472.0   6306   -7.8  -12.4     70   3.15     15     10  328.9  339.9  329.5
  455.0   6591   -8.7  -14.7     62   2.70      8     10  331.2  340.7  331.7
  437.0   6900  -10.7  -17.4     58   2.24      0     10  332.5  340.5  332.9
  430.0   7024  -11.5  -18.5     56   2.08    354     10  333.0  340.5  333.4
  420.0   7202  -13.2  -18.7     63   2.10    345     11  333.1  340.7  333.6
  405.0   7477  -15.7  -18.9     76   2.13    341     12  333.3  341.0  333.7
  400.0   7570  -16.7  -19.0     82   2.14    340     13  333.2  340.9  333.6
  393.0   7703  -17.5  -20.1     80   1.98    346     12  333.8  341.0  334.2
  388.0   7799  -17.7  -21.3     74   1.81    350     12  334.8  341.4  335.1
  376.0   8034  -18.3  -24.3     59   1.43     30      9  337.0  342.4  337.3
  373.0   8093  -18.6  -24.7     59   1.39     40      8  337.3  342.5  337.6
  358.0   8396  -20.4  -27.0     56   1.18     75     11  338.9  343.4  339.2
  317.0   9292  -25.7  -33.7     47   0.70     94     26  343.6  346.4  343.7
  304.0   9594  -28.1  -34.6     54   0.67    100     31  344.3  347.0  344.4
  300.0   9690  -28.9  -34.9     56   0.66    105     30  344.5  347.2  344.7
  250.0  10970  -39.5  -45.5     53   0.26    135     34  347.2  348.3  347.3
  248.0  11025  -39.9  -46.9     47   0.23    136     34  347.4  348.4  347.4
  234.0  11410  -43.2                         145     33  348.2         348.2
  200.0  12450  -52.1                         135     40  350.1         350.1
  150.0  14240  -68.5                         115     49  351.9         351.9
  142.0  14564  -72.1                         112     53  351.2         351.2
  107.0  16167  -83.1                          95     74  359.9         359.9
  100.0  16550  -85.7                          90     79  361.9         361.9
   91.0  17066  -87.8                          80     66  367.7         367.7
   87.3  17294  -88.7                          80     54  370.2         370.2
   85.6  17402  -82.9                          80     44  384.0         384.0
   83.1  17570  -78.3                          80     28  396.6         396.6
   81.0  17716  -78.7                          80     14  398.7         398.7
   77.0  18006  -79.5                         320     10  402.8         402.8
   73.4  18279  -80.3                         329      9  406.7         406.7
   73.0  18310  -80.0                         330      9  408.0         408.0
   70.0  18550  -77.7                          35      9  417.8         417.8
   69.0  18633  -77.1                          55     11  420.9         420.9
   66.0  18891  -75.1                          50     21  430.5         430.5
   63.0  19161  -73.1                          10     17  440.7         440.7
   62.4  19216  -72.7                         354     17  442.8         442.8
   61.5  19302  -69.9                         330     17  450.9         450.9
   60.0  19449  -68.9                         290     16  456.3         456.3
   58.8  19570  -68.1                         284     17  460.8         460.8
   51.7  20334  -72.7                         245     24  467.3         467.3
   51.0  20414  -72.7                         245     22  469.1         469.1
   50.0  20530  -72.7                         240     18  471.8         471.8
   49.0  20648  -72.7                         225     10  474.6         474.6
   45.4  21096  -72.5                         154     10  485.4         485.4
   44.0  21282  -71.1                         125     10  493.1         493.1
   39.9  21864  -66.9                         105     36  517.8         517.8
   38.0  22158  -67.0                          95     49  524.8         524.8
   36.2  22450  -67.1                          93     51  531.8         531.8
   33.5  22919  -65.1                          91     53  549.0         549.0
   33.0  23012  -64.3                          90     54  553.6         553.6
   30.0  23600  -58.9                          90     60  583.5         583.5
   29.0  23814  -56.7                          90     61  595.2         595.2
   25.2  24704  -57.3                          90     63  617.9         617.9
   23.3  25203  -54.7                          90     64  639.5         639.5
   20.0  26180  -55.1                          90     67  666.8         666.8
   19.8  26244  -55.1                          90     67  668.7         668.7
   15.9  27649  -53.7                          87     74  716.5         716.5
   13.3  28816  -47.4                          85     79  775.5         775.5
   13.0  28965  -46.6                          85     79  783.4         783.4
   12.8  29066  -46.1                                     788.7         788.7
</PRE><H3>Station information and sounding indices</H3><PRE>
                         Station identifier: WAAA
                             Station number: 97180
                           Observation time: 180127/0000
                           Station latitude: -5.06
                          Station longitude: 119.55
                          Station elevation: 14.0
                            Showalter index: 0.27
                               Lifted index: -3.53
    LIFT computed using virtual temperature: -3.91
                                SWEAT index: 244.20
                                    K index: 33.50
                         Cross totals index: 19.90
                      Vertical totals index: 24.90
                        Totals totals index: 44.80
      Convective Available Potential Energy: 529.10
             CAPE using virtual temperature: 651.13
                      Convective Inhibition: -38.09
             CINS using virtual temperature: -20.63
                           Equilibrum Level: 200.62
 Equilibrum Level using virtual temperature: 200.98
                   Level of Free Convection: 817.69
             LFCT using virtual temperature: 843.08
                     Bulk Richardson Number: 8.12
          Bulk Richardson Number using CAPV: 9.99
  Temp [K] of the Lifted Condensation Level: 293.58
Pres [hPa] of the Lifted Condensation Level: 915.09
     Mean mixed layer potential temperature: 301.13
              Mean mixed layer mixing ratio: 16.84
              1000 hPa to 500 hPa thickness: 5799.00
Precipitable water [mm] for entire sounding: 53.88
</PRE>
<P>Description of the 
<A HREF="/upperair/columns.html">data columns</A>
or <A HREF="/upperair/indices.html">sounding indices</A>.

<P>
<FORM>
<INPUT CLASS="button" TYPE="button" VALUE=" Close this window " 
 onClick="window.close();">
<INPUT CLASS="button" TYPE="button" VALUE=" Select another map " 
 onClick="window.blur();">
</FORM>
<HR SIZE="1">
<I>Interested in graduate studies in atmospheric science?
Check out our program at the
<a href="http://www.uwyo.edu/atsc/howtoapply/"
target=_top>University of Wyoming
</a></I>
<HR SIZE="1"><FONT SIZE="-1">
Questions about the weather data provided by this site can be
addressed to <A HREF="mailto:ldoolman@uwyo.edu">
Larry Oolman (ldoolman@uwyo.edu)</A></FONT>
<HR SIZE="1">
<SCRIPT TYPE="text/javascript">
<!--
window.focus();
// -->
</SCRIPT>
</BODY>
</HTML>
