2017-01-13 12
<HTML>
<TITLE>University of Wyoming - Radiosonde Data</TITLE>
<LINK REL="StyleSheet" HREF="/resources/select.css" TYPE="text/css">
<BODY BGCOLOR="white">
<H2>97180 WAAA Ujung Pandang Observations at 00Z 13 Jan 2017</H2>
<PRE>
-----------------------------------------------------------------------------
   PRES   HGHT   TEMP   DWPT   RELH   MIXR   DRCT   SKNT   THTA   THTE   THTV
    hPa     m      C      C      %    g/kg    deg   knot     K      K      K 
-----------------------------------------------------------------------------
 1008.0     14   25.8   24.3     91  19.41    150      2  298.3  355.0  301.7
 1000.0     83   25.6   22.3     82  17.28    115      4  298.8  349.3  301.8
  994.0    136   26.2   22.7     81  17.83    104      4  299.9  352.3  303.1
  976.0    296   25.1   22.0     83  17.43     70      4  300.4  351.7  303.5
  943.0    597   23.1   20.8     87  16.70    290      4  301.3  350.6  304.3
  925.0    766   22.0   20.1     89  16.29    265      9  301.8  350.0  304.7
  911.0    899   21.0   19.4     91  15.83    265     11  302.1  349.0  304.9
  868.0   1319   17.8   17.2     96  14.43    262     12  303.0  345.9  305.6
  850.0   1499   17.2   16.1     93  13.73    260     12  304.1  345.2  306.6
  813.0   1879   15.6   14.2     91  12.68    260     13  306.3  344.7  308.7
  737.0   2705   11.1   10.4     95  10.86    260     15  310.2  343.6  312.2
  722.0   2878   10.2    9.6     96  10.50    270     15  311.0  343.5  312.9
  700.0   3135    8.2    6.1     87   8.51    285     14  311.5  338.1  313.1
  696.0   3182    7.2    3.2     76   6.97    285     14  310.9  332.8  312.2
  686.0   3301    7.3    3.5     76   7.21    285     13  312.4  335.1  313.7
  668.0   3520    7.6    4.0     78   7.69    270     13  315.1  339.5  316.5
  638.0   3894    5.5    2.4     80   7.17    245     12  316.9  339.8  318.2
  565.0   4881    0.0   -1.9     87   5.93    238     10  321.6  341.0  322.7
  530.0   5388   -2.7   -4.9     84   5.03    235      9  324.3  341.1  325.3
  510.0   5693   -4.3   -6.8     83   4.54    255      8  325.9  341.3  326.8
  500.0   5850   -5.1   -7.7     82   4.31    250     10  326.8  341.4  327.6
  472.0   6303   -7.2  -11.6     71   3.35    220      7  329.6  341.2  330.3
  468.0   6370   -7.5  -12.2     69   3.22    204      6  330.0  341.3  330.6
  454.0   6604   -8.9  -14.8     62   2.68    145      3  331.1  340.6  331.7
  437.0   6898  -10.6  -18.1     54   2.12    295      1  332.6  340.2  333.0
  420.0   7204  -12.5  -21.5     47   1.64    130      5  334.0  340.1  334.4
  400.0   7580  -14.7  -25.7     39   1.19    125     11  335.8  340.3  336.0
  373.0   8103  -18.5  -28.6     41   0.98    115     12  337.6  341.3  337.8
  370.0   8164  -18.9  -28.9     41   0.95    111     11  337.8  341.4  338.0
  362.0   8325  -20.1  -26.1     59   1.26    100      9  338.3  343.1  338.6
  344.0   8699  -22.2  -28.7     55   1.05     75      4  340.4  344.5  340.7
  330.0   9004  -23.9  -30.8     53   0.90    330      2  342.2  345.7  342.4
  328.0   9048  -24.1  -31.1     52   0.87    329      2  342.5  345.9  342.6
  304.0   9595  -28.7  -34.9     55   0.66    310      4  343.5  346.1  343.6
  300.0   9690  -29.5  -35.5     56   0.62    325      2  343.7  346.2  343.8
  291.0   9902  -31.3  -37.0     57   0.55     30      3  344.2  346.4  344.3
  279.0  10196  -33.7  -39.1     58   0.46     60      3  344.8  346.7  344.9
  267.0  10502  -36.3  -41.3     60   0.39    330      4  345.4  347.0  345.5
  256.0  10795  -38.7  -43.4     61   0.32    330      5  346.0  347.4  346.1
  250.0  10960  -40.1  -44.6     62   0.29    340      2  346.3  347.5  346.4
  245.0  11094  -41.3                          85      1  346.5         346.5
  234.0  11399  -44.0                          50      9  347.0         347.0
  200.0  12440  -53.3                          50     14  348.2         348.2
  186.0  12892  -57.1                          55     17  349.4         349.4
  150.0  14230  -68.3                          85     48  352.2         352.2
  146.0  14390  -69.7                          90     47  352.5         352.5
  139.0  14680  -72.3                          91     52  353.0         353.0
  120.0  15526  -79.1                          94     67  355.6         355.6
  112.0  15913  -80.1                          95     74  360.9         360.9
  100.0  16550  -81.7                          90     55  369.6         369.6
   91.0  17075  -84.3                         100     39  374.6         374.6
   86.0  17390  -82.1                         100     26  385.2         385.2
   83.5  17555  -80.9                         107     16  390.8         390.8
   81.0  17726  -81.5                         115      6  393.1         393.1
   78.1  17930  -82.1                         162      3  395.9         395.9
   77.0  18010  -81.8                         180      2  398.0         398.0
   73.4  18279  -80.9                         108     18  405.5         405.5
   73.0  18310  -80.1                         100     20  407.7         407.7
   70.7  18492  -75.7                          92     20  420.9         420.9
   70.0  18550  -75.3                          90     20  423.0         423.0
   69.0  18633  -75.3                          85     16  424.6         424.6
   66.0  18890  -75.4                         230      2  429.9         429.9
   63.9  19077  -75.5                         171      5  433.7         433.7
   63.0  19161  -74.7                         145      7  437.3         437.3
   60.0  19449  -71.7                          95     20  450.0         450.0
   57.0  19753  -68.7                          70     14  463.6         463.6
   54.8  19985  -66.3                         321     13  474.2         474.2
   54.0  20074  -66.2                         280     13  476.4         476.4
   51.0  20420  -66.0                         240     17  484.8         484.8
   50.0  20540  -65.9                         235     15  487.8         487.8
   42.0  21609  -64.6                         255     17  515.8         515.8
   39.0  22063  -64.1                         292     14  528.2         528.2
   38.0  22224  -63.3                         305     13  534.1         534.1
   36.0  22559  -61.8                         270     22  546.5         546.5
   35.2  22698  -61.1                         270     24  551.7         551.7
   35.0  22734  -61.2                         270     25  552.4         552.4
   31.0  23487  -63.2                         225     19  566.4         566.4
   30.1  23669  -63.7                         216     13  569.9         569.9
   30.0  23690  -63.7                         215     12  570.4         570.4
   28.6  23983  -63.3                         249     13  579.4         579.4
   27.0  24341  -60.6                         290     15  596.6         596.6
   26.0  24575  -58.8                         295     18  608.1         608.1
   25.5  24696  -57.9                         290     15  614.1         614.1
   24.3  25000  -56.5                         278      9  626.6         626.6
   24.0  25078  -56.7                         275      7  628.2         628.2
   22.0  25627  -58.3                         185      8  639.2         639.2
   21.8  25685  -58.5                         177      7  640.4         640.4
   21.0  25921  -56.8                         145      5  652.4         652.4
   20.5  26073  -55.7                         222      8  660.3         660.3
   20.0  26230  -55.5                         300     11  665.5         665.5
   19.0  26558  -55.1                         310     18  676.7         676.7
   18.0  26904  -54.6                         310     17  688.7         688.7
   17.0  27269  -54.1                         295      7  701.6         701.6
   16.6  27421  -53.9                                     707.1         707.1
</PRE><H3>Station information and sounding indices</H3><PRE>
                         Station identifier: WAAA
                             Station number: 97180
                           Observation time: 170113/0000
                           Station latitude: -5.06
                          Station longitude: 119.55
                          Station elevation: 14.0
                            Showalter index: -0.28
                               Lifted index: -2.57
    LIFT computed using virtual temperature: -2.92
                                SWEAT index: 227.21
                                    K index: 36.30
                         Cross totals index: 21.20
                      Vertical totals index: 22.30
                        Totals totals index: 43.50
      Convective Available Potential Energy: 873.72
             CAPE using virtual temperature: 990.40
                      Convective Inhibition: -14.65
             CINS using virtual temperature: -11.85
                           Equilibrum Level: 162.55
 Equilibrum Level using virtual temperature: 161.15
                   Level of Free Convection: 894.57
             LFCT using virtual temperature: 900.62
                     Bulk Richardson Number: 44.70
          Bulk Richardson Number using CAPV: 50.67
  Temp [K] of the Lifted Condensation Level: 294.62
Pres [hPa] of the Lifted Condensation Level: 938.23
     Mean mixed layer potential temperature: 300.05
              Mean mixed layer mixing ratio: 17.52
              1000 hPa to 500 hPa thickness: 5767.00
Precipitable water [mm] for entire sounding: 60.80
</PRE>
<P>Description of the 
<A HREF="/upperair/columns.html">data columns</A>
or <A HREF="/upperair/indices.html">sounding indices</A>.

<P>
<FORM>
<INPUT CLASS="button" TYPE="button" VALUE=" Close this window " 
 onClick="window.close();">
<INPUT CLASS="button" TYPE="button" VALUE=" Select another map " 
 onClick="window.blur();">
</FORM>
<HR SIZE="1">
<I>Interested in graduate studies in atmospheric science?
Check out our program at the
<a href="http://www.uwyo.edu/atsc/howtoapply/"
target=_top>University of Wyoming
</a></I>
<HR SIZE="1"><FONT SIZE="-1">
Questions about the weather data provided by this site can be
addressed to <A HREF="mailto:ldoolman@uwyo.edu">
Larry Oolman (ldoolman@uwyo.edu)</A></FONT>
<HR SIZE="1">
<SCRIPT TYPE="text/javascript">
<!--
window.focus();
// -->
</SCRIPT>
</BODY>
</HTML>
