2016-10-29 12
<HTML>
<TITLE>University of Wyoming - Radiosonde Data</TITLE>
<LINK REL="StyleSheet" HREF="/resources/select.css" TYPE="text/css">
<BODY BGCOLOR="white">
<H2>97180 WAAA Ujung Pandang Observations at 00Z 29 Oct 2016</H2>
<PRE>
-----------------------------------------------------------------------------
   PRES   HGHT   TEMP   DWPT   RELH   MIXR   DRCT   SKNT   THTA   THTE   THTV
    hPa     m      C      C      %    g/kg    deg   knot     K      K      K 
-----------------------------------------------------------------------------
 1009.0     14   26.0   24.8     93  20.00      0      0  298.4  356.9  301.9
 1008.0     23   24.8   22.6     88  17.47      0      0  297.3  348.0  300.4
 1000.0     92   24.4   22.2     88  17.17      0      0  297.6  347.5  300.6
  993.0    154   25.2   22.3     84  17.41    327      1  298.9  349.9  302.1
  977.0    296   24.6   21.5     83  16.85    250      4  299.8  349.3  302.8
  944.0    597   23.5   19.9     80  15.73    225      6  301.6  348.1  304.4
  925.0    775   22.8   18.9     79  15.09    190      6  302.6  347.5  305.4
  912.0    898   22.1   18.1     78  14.50    150      6  303.2  346.4  305.8
  881.0   1197   20.5   16.0     75  13.12     95     10  304.5  343.8  306.9
  850.0   1507   18.8   13.8     73  11.80     95     18  305.8  341.5  308.0
  839.0   1619   18.4   13.4     73  11.65     94     18  306.6  341.9  308.7
  739.0   2696   11.7    7.5     75   8.86     80     16  310.6  338.1  312.3
  704.0   3108    9.2    5.2     76   7.94     80     15  312.1  337.0  313.6
  700.0   3155    9.0    5.1     77   7.93     80     15  312.4  337.3  313.9
  670.0   3518    7.8    0.8     61   6.09     84     15  315.0  334.5  316.2
  570.0   4836    0.0   -0.9     94   6.33     98     15  320.7  341.4  322.0
  539.0   5284   -1.7   -3.5     88   5.51    103     15  323.9  342.2  325.0
  500.0   5880   -5.3   -6.9     89   4.59    110     15  326.5  342.1  327.4
  492.0   6006   -6.2   -7.6     90   4.42    105     15  326.9  341.9  327.8
  478.0   6233   -7.9   -8.8     93   4.14    101     16  327.5  341.7  328.4
  442.0   6839  -10.9  -15.8     67   2.54     91     18  331.1  340.2  331.7
  422.0   7194  -13.3  -18.3     66   2.16     85     19  332.5  340.2  332.9
  409.0   7432  -15.1  -17.0     85   2.48     74     17  333.1  342.0  333.6
  405.0   7506  -15.4  -17.7     83   2.36     70     16  333.6  342.1  334.1
  400.0   7600  -15.9  -18.6     80   2.22     75     16  334.2  342.2  334.7
  397.0   7657  -16.5  -17.9     89   2.37     76     16  334.2  342.7  334.6
  388.0   7829  -17.3  -20.7     75   1.91     81     16  335.3  342.3  335.7
  359.0   8405  -21.2  -25.0     71   1.41     95     17  337.6  342.9  337.9
  340.0   8807  -23.9  -28.0     69   1.13     72     14  339.2  343.6  339.5
  308.0   9522  -29.1  -30.5     88   0.99     29      9  341.7  345.5  341.9
  305.0   9592  -29.6  -31.1     87   0.94     25      8  341.9  345.6  342.1
  300.0   9710  -30.5  -32.2     85   0.86     25      8  342.3  345.6  342.4
  288.0   9999  -32.9  -34.0     90   0.75     46      7  342.9  345.8  343.0
  280.0  10194  -34.3  -37.0     77   0.58     60      7  343.6  345.9  343.8
  250.0  10980  -39.9  -48.9     38   0.18     10     10  346.6  347.4  346.6
  245.0  11113  -41.1                           5     10  346.8         346.8
  235.0  11388  -43.6                         350      9  347.2         347.2
  224.0  11703  -46.4                           5      7  347.7         347.7
  200.0  12450  -53.1                          20     15  348.5         348.5
  186.0  12902  -56.7                          25     11  349.9         349.9
  178.0  13175  -58.9                          20     12  350.8         350.8
  169.0  13498  -61.5                          50     12  351.7         351.7
  154.0  14076  -66.2                          20     25  353.2         353.2
  150.0  14240  -67.5                          30     26  353.6         353.6
  125.0  15283  -76.0                          65     31  357.2         357.2
  100.0  16560  -86.3                          80     45  360.8         360.8
   94.1  16891  -88.5                          80     54  362.8         362.8
   91.0  17075  -83.8                          80     45  375.5         375.5
   90.9  17081  -83.7                          80     44  375.9         375.9
   89.9  17144  -79.9                          79     39  384.6         384.6
   88.7  17220  -77.1                          78     33  391.7         391.7
   86.0  17398  -76.9                          75     18  395.5         395.5
   85.6  17425  -76.9                          67     17  396.1         396.1
   84.4  17507  -74.1                          43     13  403.4         403.4
   82.0  17673  -75.4                         355      5  404.1         404.1
   78.0  17961  -77.6                         320      8  405.3         405.3
   74.0  18263  -79.9                         330      2  406.6         406.6
   73.7  18287  -80.1                         330      3  406.7         406.7
   70.0  18580  -78.3                         130     11  416.6         416.6
   63.0  19191  -74.3                         120     26  438.1         438.1
   62.0  19283  -73.7                         115     22  441.4         441.4
   60.5  19428  -71.3                         108     17  449.9         449.9
   60.0  19478  -68.8                         105     15  456.6         456.6
   59.4  19538  -65.7                         138     14  464.8         464.8
   57.1  19780  -64.1                         269     10  473.7         473.7
   57.0  19791  -64.1                         275     10  473.8         473.8
   52.0  20351  -66.3                         220     13  481.3         481.3
   50.4  20542  -67.1                         196     11  483.9         483.9
   50.0  20590  -67.1                         190     10  484.9         484.9
   49.0  20714  -66.6                         210      7  489.0         489.0
   47.0  20968  -65.4                         260     21  497.6         497.6
   40.6  21863  -61.5                         255     20  528.7         528.7
   35.8  22643  -61.3                         251     18  548.5         548.5
   35.0  22784  -60.6                         250     18  553.8         553.8
   33.0  23152  -59.0                         265     14  567.7         567.7
   31.6  23423  -57.7                         267     26  578.1         578.1
   30.0  23750  -58.9                         270     41  583.5         583.5
   29.0  23962  -59.2                         270     38  588.3         588.3
   28.7  24027  -59.3                         270     38  589.8         589.8
   26.7  24479  -58.7                         268     37  603.8         603.8
   25.7  24720  -55.7                         267     37  619.0         619.0
   24.0  25157  -54.1                         265     36  635.8         635.8
   23.2  25373  -53.3                         260     35  644.4         644.4
   20.0  26320  -56.1                         240     32  663.7         663.7
   19.9  26352  -56.3                         240     32  664.0         664.0
   16.3  27630  -52.3                         258     23  716.0         716.0
   16.0                                       260     22                     
</PRE><H3>Station information and sounding indices</H3><PRE>
                         Station identifier: WAAA
                             Station number: 97180
                           Observation time: 161029/0000
                           Station latitude: -5.06
                          Station longitude: 119.55
                          Station elevation: 14.0
                            Showalter index: 0.98
                               Lifted index: -1.84
    LIFT computed using virtual temperature: -2.07
                                SWEAT index: 216.61
                                    K index: 34.00
                         Cross totals index: 19.10
                      Vertical totals index: 24.10
                        Totals totals index: 43.20
      Convective Available Potential Energy: 504.54
             CAPE using virtual temperature: 590.71
                      Convective Inhibition: -92.77
             CINS using virtual temperature: -67.12
                           Equilibrum Level: 220.90
 Equilibrum Level using virtual temperature: 220.78
                   Level of Free Convection: 761.98
             LFCT using virtual temperature: 788.61
                     Bulk Richardson Number: 19.74
          Bulk Richardson Number using CAPV: 23.11
  Temp [K] of the Lifted Condensation Level: 294.08
Pres [hPa] of the Lifted Condensation Level: 939.58
     Mean mixed layer potential temperature: 299.38
              Mean mixed layer mixing ratio: 16.91
              1000 hPa to 500 hPa thickness: 5788.00
Precipitable water [mm] for entire sounding: 56.71
</PRE>
<P>Description of the 
<A HREF="/upperair/columns.html">data columns</A>
or <A HREF="/upperair/indices.html">sounding indices</A>.

<P>
<FORM>
<INPUT CLASS="button" TYPE="button" VALUE=" Close this window " 
 onClick="window.close();">
<INPUT CLASS="button" TYPE="button" VALUE=" Select another map " 
 onClick="window.blur();">
</FORM>
<HR SIZE="1">
<I>Interested in graduate studies in atmospheric science?
Check out our program at the
<a href="http://www.uwyo.edu/atsc/howtoapply/"
target=_top>University of Wyoming
</a></I>
<HR SIZE="1"><FONT SIZE="-1">
Questions about the weather data provided by this site can be
addressed to <A HREF="mailto:ldoolman@uwyo.edu">
Larry Oolman (ldoolman@uwyo.edu)</A></FONT>
<HR SIZE="1">
<SCRIPT TYPE="text/javascript">
<!--
window.focus();
// -->
</SCRIPT>
</BODY>
</HTML>
