2017-09-23 12
<HTML>
<TITLE>University of Wyoming - Radiosonde Data</TITLE>
<LINK REL="StyleSheet" HREF="/resources/select.css" TYPE="text/css">
<BODY BGCOLOR="white">
<H2>97180 WAAA Ujung Pandang Observations at 00Z 23 Sep 2017</H2>
<PRE>
-----------------------------------------------------------------------------
   PRES   HGHT   TEMP   DWPT   RELH   MIXR   DRCT   SKNT   THTA   THTE   THTV
    hPa     m      C      C      %    g/kg    deg   knot     K      K      K 
-----------------------------------------------------------------------------
 1011.0     14   26.0   22.0     79  16.77      0      0  298.2  347.1  301.2
 1000.0    103   24.8   22.1     85  17.07    200      3  297.9  347.7  301.0
  978.0    298   24.1   21.1     84  16.40    255      1  299.1  347.1  302.0
  945.0    599   22.9   19.6     81  15.40     50      9  300.9  346.3  303.7
  925.0    786   22.2   18.6     80  14.80     60     11  302.0  345.9  304.7
  852.0   1501   17.9   15.6     86  13.24     85     16  304.7  344.4  307.1
  850.0   1521   17.8   15.5     86  13.20     80     15  304.8  344.4  307.2
  804.0   1997   15.8   12.8     82  11.68     76     18  307.5  343.1  309.7
  723.0   2891   10.2    9.2     94  10.20     68     25  310.9  342.4  312.8
  712.0   3019   10.8    6.1     73   8.36     66     26  312.9  339.1  314.5
  700.0   3161   10.0    5.0     71   7.87     65     27  313.5  338.4  315.0
  689.0   3292    9.1    4.5     73   7.73     65     27  314.0  338.4  315.4
  660.0   3648    6.8    3.2     78   7.35     69     27  315.2  338.6  316.6
  645.0   3838    6.2   -0.8     61   5.63     70     27  316.6  334.8  317.7
  577.0   4742    0.0   -3.4     78   5.19     79     26  319.6  336.6  320.6
  573.0   4798   -0.3   -3.3     80   5.25     80     26  319.9  337.2  320.9
  546.0   5183   -2.3   -2.8     96   5.74     76     28  322.0  340.9  323.1
  519.0   5586   -3.9   -6.8     80   4.45     73     30  324.7  339.8  325.6
  500.0   5880   -5.3   -7.5     85   4.38     70     32  326.5  341.4  327.4
  493.0   5990   -6.2   -8.1     87   4.26     70     32  326.7  341.1  327.5
  481.0   6183   -7.9   -9.0     92   4.05     70     29  326.9  340.8  327.7
  473.0   6313   -6.9  -15.9     49   2.35     70     27  329.8  338.1  330.2
  456.0   6597   -8.7  -17.2     50   2.19     70     23  331.0  338.9  331.5
  437.0   6926  -10.7  -18.7     52   2.01     68     25  332.5  339.8  332.9
  404.0   7525  -14.5  -28.5     29   0.91     65     28  335.1  338.6  335.3
  400.0   7600  -15.1  -29.1     29   0.87     65     28  335.3  338.6  335.4
  397.0   7657  -15.3  -30.3     27   0.78     65     29  335.7  338.8  335.9
  390.0   7791  -16.4  -26.4     42   1.14     65     30  336.0  340.3  336.2
  386.0   7869  -17.1  -24.1     55   1.42     67     29  336.1  341.4  336.4
  373.0   8125  -18.3  -27.3     45   1.10     72     27  337.8  342.0  338.0
  364.0   8307  -19.3  -25.3     59   1.35     76     26  338.8  343.9  339.1
  360.0   8389  -19.9  -24.9     64   1.42     78     25  339.1  344.4  339.4
  354.0   8514  -20.3  -31.3     37   0.80     81     24  340.2  343.3  340.4
  345.0   8704  -21.4  -38.7     19   0.39     85     22  341.2  342.9  341.3
  344.0   8726  -21.5  -39.5     18   0.36     85     22  341.4  342.8  341.4
  300.0   9720  -28.9  -45.9     18   0.21     80     20  344.5  345.4  344.6
  271.0  10435  -35.3  -45.3     35   0.25     80     21  345.4  346.4  345.4
  250.0  10990  -39.3  -51.3     27   0.14     80     21  347.5  348.1  347.5
  247.0  11073  -39.9  -52.9     24   0.11     76     21  347.8  348.3  347.8
  246.0  11100  -40.1                          75     21  347.8         347.8
  225.0  11695  -45.6                          50     15  348.5         348.5
  215.0  11998  -48.3                          20     15  348.8         348.8
  206.0  12283  -50.9                          15     16  349.0         349.0
  200.0  12480  -52.7                          25     15  349.1         349.1
  170.0  13494  -62.3                          65     18  349.8         349.8
  159.0  13911  -66.3                          62     23  349.8         349.8
  150.0  14260  -69.7                          60     28  349.8         349.8
  147.0  14377  -70.5                          65     33  350.5         350.5
  126.0  15272  -76.7                         100     37  355.1         355.1
  114.0  15852  -80.7                          90     38  357.9         357.9
  113.0  15902  -80.8                          90     36  358.7         358.7
  107.0  16209  -81.1                          90     17  363.7         363.7
  100.0  16590  -81.5                         125     13  370.0         370.0
   97.0  16763  -79.2                         145     15  377.7         377.7
   94.5  16911  -77.3                         130     12  384.3         384.3
   92.0  17066  -76.8                         115      9  388.2         388.2
   87.0  17388  -75.8                         235      5  396.5         396.5
   86.6  17415  -75.7                         239      6  397.2         397.2
   83.0  17659  -76.7                         275     18  399.9         399.9
   79.8  17886  -77.7                         278     24  402.5         402.5
   78.0  18018  -76.0                         280     28  408.6         408.6
   74.3  18300  -72.5                         262     32  421.7         421.7
   70.0  18650  -73.7                         240     38  426.4         426.4
   67.0  18905  -75.4                         235     32  428.1         428.1
   65.8  19010  -76.1                         241     26  428.8         428.8
   64.0  19173  -74.8                         250     16  435.0         435.0
   58.0  19752  -70.2                         290     20  457.9         457.9
   56.7  19885  -69.1                         290     20  463.3         463.3
   50.0  20640  -67.5                         290     18  484.0         484.0
   47.0  21013  -67.0                         285     11  493.9         493.9
   45.0  21276  -66.6                         350      2  501.0         501.0
   43.0  21550  -66.2                         275      4  508.5         508.5
   41.5  21764  -65.9                         145      5  514.4         514.4
   41.0  21838  -65.4                         100      6  517.5         517.5
   38.6  22206  -62.9                          98     14  532.8         532.8
   35.0  22806  -64.0                          95     28  545.2         545.2
   34.5  22895  -64.1                         100     29  547.0         547.0
   33.0  23168  -61.1                         115     33  562.0         562.0
   32.0  23359  -60.9                         125     35  567.4         567.4
   30.6  23637  -60.7                         118     43  575.3         575.3
   30.0  23760  -59.1                         115     46  582.9         582.9
   28.6  24061  -56.9                         108     52  597.0         597.0
   26.0  24663  -57.2                          95     64  612.6         612.6
   25.2  24861  -57.3                          94     66  617.9         617.9
   20.0  26330  -54.5                          85     77  668.6         668.6
   18.3  26901  -52.3                          85     78  692.7         692.7
   15.2  28103  -51.7                          85     79  732.4         732.4
   14.0  28641  -50.4                          85     79  754.1         754.1
   13.6  28830  -50.0                          85     79  761.9         761.9
   12.0  29649  -48.1                          90     72  796.4         796.4
   11.7  29815  -47.7                                     803.5         803.5
</PRE><H3>Station information and sounding indices</H3><PRE>
                         Station identifier: WAAA
                             Station number: 97180
                           Observation time: 170923/0000
                           Station latitude: -5.06
                          Station longitude: 119.55
                          Station elevation: 14.0
                            Showalter index: -0.17
                               Lifted index: -1.19
    LIFT computed using virtual temperature: -1.40
                                SWEAT index: 247.99
                                    K index: 33.60
                         Cross totals index: 20.80
                      Vertical totals index: 23.10
                        Totals totals index: 43.90
      Convective Available Potential Energy: 171.46
             CAPE using virtual temperature: 242.46
                      Convective Inhibition: -78.76
             CINS using virtual temperature: -63.38
                           Equilibrum Level: 366.62
 Equilibrum Level using virtual temperature: 359.20
                   Level of Free Convection: 757.50
             LFCT using virtual temperature: 769.91
                     Bulk Richardson Number: 3.51
          Bulk Richardson Number using CAPV: 4.96
  Temp [K] of the Lifted Condensation Level: 293.67
Pres [hPa] of the Lifted Condensation Level: 939.67
     Mean mixed layer potential temperature: 298.95
              Mean mixed layer mixing ratio: 16.48
              1000 hPa to 500 hPa thickness: 5777.00
Precipitable water [mm] for entire sounding: 56.79
</PRE>
<P>Description of the 
<A HREF="/upperair/columns.html">data columns</A>
or <A HREF="/upperair/indices.html">sounding indices</A>.

<P>
<FORM>
<INPUT CLASS="button" TYPE="button" VALUE=" Close this window " 
 onClick="window.close();">
<INPUT CLASS="button" TYPE="button" VALUE=" Select another map " 
 onClick="window.blur();">
</FORM>
<HR SIZE="1">
<I>Interested in graduate studies in atmospheric science?
Check out our program at the
<a href="http://www.uwyo.edu/atsc/howtoapply/"
target=_top>University of Wyoming
</a></I>
<HR SIZE="1"><FONT SIZE="-1">
Questions about the weather data provided by this site can be
addressed to <A HREF="mailto:ldoolman@uwyo.edu">
Larry Oolman (ldoolman@uwyo.edu)</A></FONT>
<HR SIZE="1">
<SCRIPT TYPE="text/javascript">
<!--
window.focus();
// -->
</SCRIPT>
</BODY>
</HTML>
