2018-04-26 12
<HTML>
<TITLE>University of Wyoming - Radiosonde Data</TITLE>
<LINK REL="StyleSheet" HREF="/resources/select.css" TYPE="text/css">
<BODY BGCOLOR="white">
<H2>97180 WAAA Ujung Pandang Observations at 00Z 26 Apr 2018</H2>
<PRE>
-----------------------------------------------------------------------------
   PRES   HGHT   TEMP   DWPT   RELH   MIXR   DRCT   SKNT   THTA   THTE   THTV
    hPa     m      C      C      %    g/kg    deg   knot     K      K      K 
-----------------------------------------------------------------------------
 1010.0     14   25.2   23.0     88  17.87      0      0  297.5  349.5  300.7
 1000.0     94   26.2   21.2     74  16.13    145      3  299.4  346.6  302.2
  977.0    299   25.6   19.5     69  14.86    195      4  300.8  344.6  303.5
  959.0    463   25.2   18.2     65  13.91    187      4  301.9  343.2  304.5
  944.0    602   24.2   17.2     65  13.28    180      4  302.3  341.8  304.7
  925.0    780   23.0   16.0     65  12.51    200      3  302.8  340.1  305.1
  912.0    902   22.1   15.7     67  12.46    215      3  303.1  340.3  305.4
  881.0   1202   19.8   15.0     74  12.34      0      1  303.8  340.7  306.0
  854.0   1471   17.8   14.4     80  12.22     26      4  304.4  341.1  306.6
  850.0   1511   17.4   14.0     80  11.96     30      4  304.4  340.3  306.6
  829.0   1726   16.8    7.8     55   8.07     71      3  305.9  330.6  307.4
  822.0   1798   16.2    8.5     60   8.52     85      2  306.0  332.1  307.6
  798.0   2051   14.2   10.8     80  10.29    156      3  306.5  337.8  308.4
  787.0   2169   13.4   10.6     83  10.30    190      4  306.9  338.2  308.8
  767.0   2387   13.0    4.0     54   6.69    252      5  308.7  329.5  309.9
  766.0   2398   13.0    3.0     51   6.24    255      5  308.8  328.3  310.0
  765.0   2409   13.0    2.0     47   5.81    255      5  308.9  327.1  310.0
  762.0   2442   12.8    2.8     51   6.18    256      5  309.0  328.4  310.2
  760.0   2464   12.6    6.6     67   8.11    257      5  309.1  334.1  310.6
  759.0   2475   12.4    9.3     81   9.78    257      5  309.0  339.0  310.8
  720.0   2918    9.6    7.0     84   8.80    268      2  310.6  337.9  312.2
  713.0   3000   10.1    4.3     67   7.35    270      2  312.0  335.1  313.4
  702.0   3130   11.0    0.0     47   5.48    266      2  314.4  332.0  315.4
  700.0   3154   10.8   -1.2     43   5.03    265      2  314.4  330.6  315.4
  684.0   3346    9.4   -2.6     43   4.64    248      3  314.9  330.0  315.8
  680.0   3394    9.6  -10.4     23   2.56    244      3  315.7  324.3  316.2
  663.0   3603    7.8   -5.9     37   3.72    225      4  316.0  328.2  316.7
  661.0   3628    7.6   -5.4     39   3.89    234      4  316.0  328.8  316.8
  658.0   3665    8.0  -14.0     19   1.98    249      3  316.9  323.6  317.2
  653.0   3728    7.6  -17.4     15   1.50    272      3  317.1  322.3  317.4
  650.0   3765    7.4  -17.6     15   1.48    287      2  317.3  322.5  317.6
  649.0   3778    7.2  -17.8     15   1.46    292      2  317.2  322.3  317.5
  648.0   3791    7.0  -16.0     18   1.70    296      2  317.1  323.0  317.4
  647.0   3803    7.0   -5.0     42   4.10    301      2  317.3  330.8  318.1
  646.0   3816    6.8   -8.2     33   3.21    306      2  317.2  327.9  317.8
  645.0   3829    7.2  -15.8     18   1.74    311      2  317.8  323.8  318.1
  639.0   3905    6.3   -3.8     48   4.54    340      1  317.6  332.5  318.5
  638.0   3918    6.2   -1.8     57   5.28    340      1  317.6  334.8  318.6
  628.0   4047    5.4   -0.6     65   5.87    345      2  318.1  337.2  319.3
  619.0   4165    5.6   -7.4     39   3.56    349      3  319.7  331.6  320.4
  594.0   4499    3.0   -4.4     58   4.66      0      6  320.5  335.9  321.4
  592.0   4527    2.8   -4.2     60   4.76      2      6  320.5  336.3  321.5
  572.0   4803    1.3  -10.1     42   3.11     25      8  321.9  332.5  322.5
  556.0   5031    0.0  -15.0     31   2.16     40     10  323.0  330.5  323.4
  551.0   5102   -0.5  -14.1     35   2.34     45     10  323.3  331.4  323.7
  527.0   5456   -2.9   -9.9     59   3.44     47     15  324.5  336.3  325.2
  512.0   5684   -3.9  -17.9     33   1.84     49     18  326.0  332.5  326.4
  501.0   5854   -4.5  -28.5     13   0.73     50     20  327.3  330.1  327.4
  500.0   5870   -4.7  -31.7     10   0.54     50     20  327.2  329.3  327.4
  496.0   5933   -5.1  -22.1     25   1.32     52     21  327.5  332.3  327.8
  493.0   5981   -5.7  -13.7     53   2.71     54     22  327.3  336.8  327.9
  492.0   5997   -5.7  -14.5     50   2.54     55     22  327.6  336.4  328.1
  480.0   6192   -5.5  -24.5     21   1.10     65     25  330.1  334.2  330.3
  456.0   6591   -8.8  -26.3     23   0.99     85     30  330.8  334.5  331.0
  435.0   6959  -11.9  -27.9     25   0.89     76     30  331.4  334.8  331.6
  400.0   7600  -14.9  -39.9     10   0.30     60     29  335.5  336.8  335.6
  379.0   8006  -16.1  -42.1      9   0.25     60     23  339.2  340.2  339.2
  374.0   8105  -16.8  -43.0      8   0.23     60     21  339.6  340.5  339.6
  333.0   8966  -22.7  -50.7      6   0.11     78     19  342.9  343.4  342.9
  318.0   9299  -25.6  -52.7      6   0.09     85     18  343.4  343.8  343.4
  300.0   9720  -29.3  -55.3      6   0.07     75     17  344.0  344.3  344.0
  269.0  10480  -35.5  -52.5     16   0.11     40     10  345.8  346.3  345.8
  257.0  10798  -38.1  -51.4     24   0.13     55      9  346.5  347.1  346.5
  250.0  10990  -39.7  -50.7     30   0.15     50     12  346.9  347.6  346.9
  249.0  11017  -39.9  -50.9     30   0.14     49     12  347.0  347.6  347.0
  225.0  11694  -45.6                          35     15  348.4         348.4
  200.0  12480  -52.3                          60     14  349.8         349.8
  179.0  13174  -58.2                          70     15  351.5         351.5
  150.0  14280  -67.5                          60     12  353.6         353.6
  147.0  14398  -68.5                          65     10  353.9         353.9
  140.0  14683  -71.0                          35     12  354.6         354.6
  126.0  15298  -76.3                          50     11  355.8         355.8
  121.0  15534  -78.3                          53     14  356.3         356.3
  102.0  16489  -83.7                          65     25  363.8         363.8
  100.0  16600  -84.3                          60     30  364.6         364.6
   92.4  17034  -86.3                          55     36  369.0         369.0
   91.0  17118  -85.7                          55     33  371.8         371.8
   89.4  17217  -80.7                          49     23  383.6         383.6
   87.0  17371  -78.7                          40      7  390.7         390.7
   86.8  17384  -78.5                          36      7  391.3         391.3
   82.9  17645  -80.1                         306      8  393.2         393.2
   82.0  17707  -79.1                         285      8  396.6         396.6
   78.8  17935  -75.3                         261     23  408.9         408.9
   78.0  17994  -75.3                         255     27  410.0         410.0
   72.3  18432  -75.7                         251     18  418.2         418.2
   70.0  18620  -74.1                         250     14  425.5         425.5
   67.0  18877  -72.3                         255     14  434.8         434.8
   66.7  18904  -72.1                         255     14  435.8         435.8
   61.5  19382  -73.1                         250     12  443.8         443.8
   57.0  19833  -71.6                         245     10  456.9         456.9
   55.0  20044  -70.9                         230     12  463.1         463.1
   52.0  20377  -69.9                         280     10  473.1         473.1
   50.0  20610  -69.1                         335     12  480.2         480.2
   49.4  20682  -69.3                         344     14  481.4         481.4
   49.0  20731  -69.0                         350     16  483.3         483.3
   47.0  20982  -67.4                           5      6  492.8         492.8
   45.0  21245  -65.8                         140     10  502.9         502.9
   43.0  21519  -64.1                         123     20  513.7         513.7
   40.0  21957  -65.8                          95     35  520.1         520.1
   38.2  22237  -66.9                          82     31  524.2         524.2
   38.0  22269  -66.6                          80     31  525.9         525.9
   35.5  22683  -62.3                         101     36  547.3         547.3
   35.0  22772  -62.0                         105     37  550.4         550.4
   30.0  23730  -58.3                          85     54  585.1         585.1
   29.8  23772  -57.9                          86     54  587.3         587.3
   27.0  24390  -59.0                         100     60  601.0         601.0
   26.8  24437  -59.1                          99     60  602.0         602.0
   22.0  25686  -55.0                          85     73  649.0         649.0
   20.0  26290  -53.1                          90     79  672.9         672.9
   17.1  27313  -48.4                          90     82  718.8         718.8
   17.0  27351  -48.2                          90     82  720.6         720.6
   16.4  27586  -47.1                                     731.6         731.6
</PRE><H3>Station information and sounding indices</H3><PRE>
                         Station identifier: WAAA
                             Station number: 97180
                           Observation time: 180426/0000
                           Station latitude: -5.06
                          Station longitude: 119.55
                          Station elevation: 14.0
                            Showalter index: 2.08
                               Lifted index: 0.16
    LIFT computed using virtual temperature: -0.62
                                SWEAT index: 196.01
                                    K index: 24.10
                         Cross totals index: 18.70
                      Vertical totals index: 22.10
                        Totals totals index: 40.80
      Convective Available Potential Energy: 12.76
             CAPE using virtual temperature: 67.17
                      Convective Inhibition: -86.49
             CINS using virtual temperature: -61.51
                           Equilibrum Level: 416.95
 Equilibrum Level using virtual temperature: 405.21
                   Level of Free Convection: 792.88
             LFCT using virtual temperature: 812.41
                     Bulk Richardson Number: 4.75
          Bulk Richardson Number using CAPV: 25.01
  Temp [K] of the Lifted Condensation Level: 291.78
Pres [hPa] of the Lifted Condensation Level: 903.49
     Mean mixed layer potential temperature: 300.38
              Mean mixed layer mixing ratio: 15.24
              1000 hPa to 500 hPa thickness: 5776.00
Precipitable water [mm] for entire sounding: 43.76
</PRE>
<P>Description of the 
<A HREF="/upperair/columns.html">data columns</A>
or <A HREF="/upperair/indices.html">sounding indices</A>.

<P>
<FORM>
<INPUT CLASS="button" TYPE="button" VALUE=" Close this window " 
 onClick="window.close();">
<INPUT CLASS="button" TYPE="button" VALUE=" Select another map " 
 onClick="window.blur();">
</FORM>
<HR SIZE="1">
<I>Interested in graduate studies in atmospheric science?
Check out our program at the
<a href="http://www.uwyo.edu/atsc/howtoapply/"
target=_top>University of Wyoming
</a></I>
<HR SIZE="1"><FONT SIZE="-1">
Questions about the weather data provided by this site can be
addressed to <A HREF="mailto:ldoolman@uwyo.edu">
Larry Oolman (ldoolman@uwyo.edu)</A></FONT>
<HR SIZE="1">
<SCRIPT TYPE="text/javascript">
<!--
window.focus();
// -->
</SCRIPT>
</BODY>
</HTML>
