2016-09-25 12
<HTML>
<TITLE>University of Wyoming - Radiosonde Data</TITLE>
<LINK REL="StyleSheet" HREF="/resources/select.css" TYPE="text/css">
<BODY BGCOLOR="white">
<H2>97180 WAAA Ujung Pandang Observations at 00Z 25 Sep 2016</H2>
<PRE>
-----------------------------------------------------------------------------
   PRES   HGHT   TEMP   DWPT   RELH   MIXR   DRCT   SKNT   THTA   THTE   THTV
    hPa     m      C      C      %    g/kg    deg   knot     K      K      K 
-----------------------------------------------------------------------------
 1010.0     14   24.6   23.5     94  18.44    125      2  296.9  350.4  300.2
 1009.0     23   24.0   21.9     88  16.70    113      2  296.4  344.7  299.4
 1000.0    102   25.2   22.7     86  17.72      0      1  298.4  350.1  301.5
  986.0    227   25.8   21.5     77  16.67      3      3  300.2  349.2  303.1
  977.0    307   25.4   21.0     77  16.28      5      4  300.5  348.5  303.4
  945.0    600   23.8   19.0     75  14.90     25     11  301.8  345.9  304.5
  925.0    788   22.8   17.8     73  14.06     15     11  302.6  344.4  305.2
  913.0    900   22.1   16.8     72  13.40     20     10  303.1  343.0  305.5
  882.0   1197   20.4   14.3     68  11.76     40      7  304.3  339.6  306.5
  851.0   1505   18.7   11.7     64  10.24     90      5  305.6  336.6  307.5
  850.0   1515   18.6   11.6     64  10.19     95      5  305.6  336.5  307.5
  847.0   1545   18.4   11.4     64  10.09     96      5  305.7  336.3  307.6
  794.0   2092   14.8   10.8     77  10.32    110      8  307.5  339.0  309.4
  766.0   2396   12.7   10.4     86  10.44     85      3  308.5  340.5  310.4
  743.0   2654   11.0   10.1     94  10.55    301      5  309.3  341.7  311.3
  739.0   2699   10.8    9.9     94  10.44    275      5  309.5  341.6  311.5
  713.0   2996    9.1    8.2     95   9.68    280      4  310.9  340.9  312.7
  700.0   3149    8.2    7.4     95   9.31    325      4  311.5  340.5  313.3
  687.0   3301    7.4    6.5     94   8.89     15      5  312.3  340.1  313.9
  639.0   3890    4.1    2.9     92   7.41     75      4  315.1  338.7  316.5
  616.0   4188    2.5    1.0     90   6.74    125      4  316.5  338.2  317.8
  593.0   4497    0.8   -0.8     89   6.10    105      6  318.0  337.8  319.2
  583.0   4636    0.0   -1.7     88   5.83    106      7  318.7  337.6  319.8
  533.0   5348   -3.3   -9.3     63   3.57    110     14  323.0  335.1  323.7
  530.0   5393   -3.5  -10.0     61   3.40    110     14  323.2  334.8  323.9
  512.0   5664   -5.1  -14.1     49   2.52    101     14  324.6  333.3  325.1
  510.0   5695   -5.2  -13.6     52   2.64    100     14  324.8  333.9  325.3
  500.0   5850   -5.9  -10.9     68   3.35    105     16  325.8  337.3  326.4
  477.0   6218   -8.7  -11.1     83   3.45    117     14  326.7  338.6  327.4
  454.0   6600  -10.5  -12.5     85   3.23    130     12  329.1  340.3  329.7
  437.0   6894  -11.9  -13.7     87   3.07    125     15  330.9  341.7  331.5
  426.0   7091  -12.9  -14.4     89   2.96     93     13  332.1  342.6  332.7
  420.0   7199  -13.5  -15.0     88   2.85     75     12  332.6  342.8  333.2
  400.0   7570  -15.7  -17.2     88   2.50     65     11  334.5  343.5  335.0
  344.0   8691  -23.4  -24.2     93   1.58     65     16  338.8  344.7  339.1
  342.0   8734  -23.7  -24.5     93   1.55     66     16  338.9  344.7  339.3
  300.0   9680  -30.1  -32.4     80   0.84     80     12  342.8  346.2  343.0
  281.0  10146  -33.1  -38.0     61   0.52     89     10  345.0  347.1  345.1
  279.0  10195  -33.5  -38.6     60   0.49     90     10  345.1  347.1  345.2
  256.0  10795  -38.7  -45.4     49   0.26     60     12  346.0  347.1  346.1
  251.0  10933  -39.9  -46.9     47   0.22     68     11  346.2  347.2  346.3
  250.0  10960  -40.1                          70     11  346.3         346.3
  234.0  11399  -43.8                         115     10  347.4         347.4
  224.0  11688  -46.2                         125     13  348.0         348.0
  200.0  12440  -52.5                          80     22  349.5         349.5
  186.0  12892  -56.8                          65     27  349.9         349.9
  158.0  13908  -66.3                          61     40  350.4         350.4
  153.0  14101  -66.8                          60     42  352.8         352.8
  150.0  14220  -67.1                          65     40  354.3         354.3
  125.0  15278  -75.3                          65     26  358.4         358.4
  113.0  15864  -79.8                          55     31  360.4         360.4
  107.0  16180  -82.3                          70     30  361.4         361.4
  101.0  16504  -80.4                          80     27  371.0         371.0
  100.0  16560  -80.1                          80     24  372.7         372.7
   97.9  16680  -79.7                          77     14  375.8         375.8
   96.5  16763  -75.3                          76      7  385.9         385.9
   96.0  16793  -75.4                          75      5  386.3         386.3
   91.0  17101  -76.3                         235      8  390.4         390.4
   87.0  17361  -77.1                         155      6  393.8         393.8
   83.2  17618  -77.9                         114     11  397.3         397.3
   82.0  17702  -77.2                         100     13  400.4         400.4
   79.2  17902  -75.5                         149      9  407.9         407.9
   78.0  17990  -76.1                         170      7  408.4         408.4
   74.0  18293  -78.2                         170     13  410.2         410.2
   73.1  18363  -78.7                         166     15  410.6         410.6
   70.0  18610  -79.1                         150     20  414.8         414.8
   69.7  18634  -79.1                         145     20  415.4         415.4
   67.0  18858  -78.0                         100     22  422.5         422.5
   66.8  18875  -77.9                          99     22  423.0         423.0
   65.7  18970  -74.7                          90     24  432.0         432.0
   63.1  19205  -72.3                          71     27  442.3         442.3
   63.0  19214  -72.3                          70     27  442.4         442.4
   60.0  19499  -73.0                          60     22  447.1         447.1
   58.8  19617  -73.3                          70     21  449.1         449.1
   54.3  20083  -70.7                         107     15  465.4         465.4
   54.0  20117  -70.0                         110     15  467.6         467.6
   52.0  20342  -65.6                         270      1  483.1         483.1
   51.7  20377  -64.9                         265      2  485.5         485.5
   50.0  20580  -64.3                         235      6  491.5         491.5
   49.0  20704  -63.9                         230      6  495.3         495.3
   45.0  21229  -62.3                         255     19  511.3         511.3
   44.9  21243  -62.3                         254     19  511.7         511.7
   42.1  21640  -64.1                         232     11  516.8         516.8
   40.0  21955  -62.9                         215      5  527.4         527.4
   39.0  22111  -62.3                         290     12  532.8         532.8
   37.0  22442  -58.0                         265     15  551.8         551.8
   36.4  22544  -56.7                         265     15  557.8         557.8
   35.0  22795  -56.1                         265     14  565.5         565.5
   33.0  23170  -55.3                         285     24  577.3         577.3
   31.6  23447  -54.7                         280     30  586.2         586.2
   30.0  23780  -55.1                         275     38  593.8         593.8
   23.0  25465  -57.7                         270     44  633.1         633.1
   22.9  25493  -57.7                         270     44  633.8         633.8
   20.0  26350  -55.9                         275     30  664.3         664.3
   18.0  27021  -55.6                         270     20  685.7         685.7
   17.7  27128  -55.5                         275     20  689.2         689.2
   15.0  28201  -49.9                         325     19  741.3         741.3
   14.0  28649  -47.5                                     764.0         764.0
</PRE><H3>Station information and sounding indices</H3><PRE>
                         Station identifier: WAAA
                             Station number: 97180
                           Observation time: 160925/0000
                           Station latitude: -5.06
                          Station longitude: 119.55
                          Station elevation: 14.0
                            Showalter index: 2.47
                               Lifted index: -2.18
    LIFT computed using virtual temperature: -2.59
                                SWEAT index: 165.19
                                    K index: 35.30
                         Cross totals index: 17.50
                      Vertical totals index: 24.50
                        Totals totals index: 42.00
      Convective Available Potential Energy: 532.40
             CAPE using virtual temperature: 607.42
                      Convective Inhibition: -82.87
             CINS using virtual temperature: -54.49
                           Equilibrum Level: 283.39
 Equilibrum Level using virtual temperature: 252.73
                   Level of Free Convection: 791.40
             LFCT using virtual temperature: 817.97
                     Bulk Richardson Number: 246.39
          Bulk Richardson Number using CAPV: 281.11
  Temp [K] of the Lifted Condensation Level: 293.51
Pres [hPa] of the Lifted Condensation Level: 928.88
     Mean mixed layer potential temperature: 299.77
              Mean mixed layer mixing ratio: 16.51
              1000 hPa to 500 hPa thickness: 5748.00
Precipitable water [mm] for entire sounding: 56.12
</PRE>
<P>Description of the 
<A HREF="/upperair/columns.html">data columns</A>
or <A HREF="/upperair/indices.html">sounding indices</A>.

<P>
<FORM>
<INPUT CLASS="button" TYPE="button" VALUE=" Close this window " 
 onClick="window.close();">
<INPUT CLASS="button" TYPE="button" VALUE=" Select another map " 
 onClick="window.blur();">
</FORM>
<HR SIZE="1">
<I>Interested in graduate studies in atmospheric science?
Check out our program at the
<a href="http://www.uwyo.edu/atsc/howtoapply/"
target=_top>University of Wyoming
</a></I>
<HR SIZE="1"><FONT SIZE="-1">
Questions about the weather data provided by this site can be
addressed to <A HREF="mailto:ldoolman@uwyo.edu">
Larry Oolman (ldoolman@uwyo.edu)</A></FONT>
<HR SIZE="1">
<SCRIPT TYPE="text/javascript">
<!--
window.focus();
// -->
</SCRIPT>
</BODY>
</HTML>
