2017-02-24 12
<HTML>
<TITLE>University of Wyoming - Radiosonde Data</TITLE>
<LINK REL="StyleSheet" HREF="/resources/select.css" TYPE="text/css">
<BODY BGCOLOR="white">
<H2>97180 WAAA Ujung Pandang Observations at 00Z 24 Feb 2017</H2>
<PRE>
-----------------------------------------------------------------------------
   PRES   HGHT   TEMP   DWPT   RELH   MIXR   DRCT   SKNT   THTA   THTE   THTV
    hPa     m      C      C      %    g/kg    deg   knot     K      K      K 
-----------------------------------------------------------------------------
 1010.0     14   25.8   24.1     90  19.14      0      0  298.1  353.9  301.5
 1000.0    100   25.2   22.2     83  17.17     95      3  298.4  348.5  301.4
  992.0    171   26.0   22.5     81  17.64     61      2  299.8  351.7  303.0
  978.0    296   25.1   22.0     83  17.34      0      0  300.2  351.2  303.3
  945.0    597   22.9   20.8     88  16.63    240      2  300.9  350.0  303.9
  925.0    785   21.6   20.0     91  16.19    265      2  301.4  349.2  304.3
  913.0    899   20.7   19.1     91  15.53    275      2  301.6  347.5  304.4
  907.0    956   20.2   18.7     91  15.20    291      2  301.6  346.6  304.4
  882.0   1199   18.7   17.1     90  14.10      0      0  302.5  344.4  305.1
  867.0   1347   17.8   16.1     90  13.45    320      0  303.1  343.2  305.5
  854.0   1477   18.4   16.2     87  13.75    285      1  305.0  346.3  307.5
  852.0   1498   18.2   16.0     87  13.61    280      1  305.0  345.9  307.5
  850.0   1518   18.0   15.8     87  13.46    280      1  305.0  345.4  307.4
  823.0   1794   16.3   14.0     86  12.39    310      2  306.0  343.5  308.3
  818.0   1847   16.0   13.7     86  12.19    303      2  306.2  343.1  308.5
  812.0   1909   16.6   13.9     84  12.45    295      2  307.5  345.4  309.8
  794.0   2099   15.1   12.8     86  11.80    270      2  307.9  343.8  310.1
  766.0   2404   12.6   10.9     89  10.83    305      3  308.4  341.5  310.4
  761.0   2459   12.2   10.6     90  10.66    294      3  308.5  341.1  310.5
  739.0   2706   11.7    8.6     81   9.56    245      2  310.6  340.1  312.3
  735.0   2751   11.6    8.2     80   9.37    227      2  310.9  340.0  312.7
  714.0   2994   11.8    4.4     60   7.37    130      3  313.7  337.0  315.1
  711.0   3029   11.8    3.8     58   7.12    133      3  314.1  336.7  315.5
  700.0   3160   11.6    2.6     54   6.64    145      4  315.3  336.5  316.6
  688.0   3304   10.6   -0.1     47   5.54    150      5  315.7  333.6  316.8
  679.0   3414    9.8   -2.2     43   4.82    145      5  316.0  331.7  317.0
  666.0   3575    8.6    0.6     57   6.04    137      5  316.4  335.9  317.6
  639.0   3916    7.0   -5.0     42   4.15    119      6  318.4  332.1  319.2
  631.0   4020    6.2   -1.8     57   5.34    114      6  318.6  336.1  319.7
  600.0   4431    3.8   -7.2     44   3.73     93      7  320.5  333.0  321.2
  595.0   4499    3.4   -7.3     45   3.74     90      7  320.8  333.3  321.5
  554.0   5075    0.0   -8.0     55   3.80    106     12  323.4  336.2  324.1
  532.0   5398   -2.0  -10.0     54   3.38    115     15  324.8  336.3  325.4
  520.0   5580   -3.1  -11.1     54   3.17    115     15  325.5  336.4  326.1
  500.0   5890   -5.1  -12.1     58   3.04    115     14  326.8  337.3  327.4
  495.0   5969   -5.9  -11.9     63   3.12    114     14  326.7  337.5  327.3
  469.0   6391   -8.5  -14.5     62   2.67    109     16  328.6  337.9  329.1
  449.0   6728  -10.5  -20.5     44   1.68    105     17  330.2  336.2  330.5
  422.0   7204  -13.4  -24.4     39   1.27    100     18  332.4  337.1  332.6
  421.0   7222  -13.5  -24.5     39   1.26     99     18  332.5  337.1  332.7
  407.0   7479  -15.1  -23.1     50   1.47     91     16  333.6  339.1  333.9
  406.0   7497  -15.2  -22.7     53   1.53     90     16  333.7  339.4  334.0
  403.0   7554  -15.5  -21.5     60   1.71     90     16  334.0  340.3  334.4
  400.0   7610  -16.1  -21.1     65   1.79     90     16  334.0  340.5  334.3
  396.0   7685  -16.3  -22.3     60   1.62     94     16  334.7  340.7  335.0
  393.0   7743  -16.3  -27.3     38   1.04     98     16  335.4  339.4  335.6
  378.0   8033  -18.3  -34.3     23   0.56    114     15  336.5  338.7  336.6
  360.0   8391  -21.1  -36.3     24   0.48    135     14  337.5  339.4  337.6
  332.0   8985  -25.7  -39.7     26   0.37    116     17  339.1  340.6  339.2
  331.0   9007  -25.9  -40.0     25   0.36    115     17  339.2  340.6  339.2
  319.0   9273  -27.7  -43.7     20   0.25    124     16  340.2  341.2  340.2
  305.0   9593  -30.3  -45.3     22   0.22    135     14  340.9  341.9  341.0
  300.0   9710  -31.3  -46.3     21   0.20    130     15  341.1  342.0  341.2
  299.0   9734  -31.3  -46.3     21   0.20    129     15  341.5  342.3  341.5
  296.0   9805  -31.9  -46.9     21   0.19    127     16  341.6  342.4  341.6
  294.0   9853  -32.1  -47.1     21   0.19    125     16  342.0  342.8  342.0
  292.0   9901  -32.5  -43.5     33   0.28    123     16  342.1  343.2  342.1
  291.0   9925  -32.7  -38.7     55   0.46    122     16  342.1  344.0  342.2
  290.0   9950  -32.7  -43.7     33   0.28    122     16  342.5  343.6  342.5
  287.0  10023  -33.3  -45.3     29   0.23    119     17  342.6  343.6  342.7
  284.0  10097  -33.7  -50.7     16   0.13    116     17  343.1  343.6  343.1
  282.0  10146  -34.1  -48.1     23   0.17    115     17  343.2  344.0  343.2
  277.0  10271  -34.9  -52.9     14   0.10    110     18  343.8  344.3  343.8
  274.0  10347  -35.1  -46.1     32   0.22    108     18  344.6  345.6  344.6
  270.0  10450  -36.1  -44.1     44   0.28    104     19  344.6  345.8  344.6
  262.0  10658  -37.5  -50.5     24   0.14     97     20  345.5  346.1  345.6
  250.0  10980  -39.9  -50.9     30   0.14     85     22  346.6  347.2  346.6
  246.0  11087  -40.8                          80     22  346.8         346.8
  205.0  12296  -51.5                          55     19  348.6         348.6
  200.0  12460  -52.9                          65     20  348.8         348.8
  178.0  13185  -59.5                          80     26  349.9         349.9
  150.0  14250  -69.1                          70     23  350.9         350.9
  132.0  14993  -76.0                          85     27  351.6         351.6
  128.0  15172  -77.7                          87     29  351.7         351.7
  101.0  16494  -85.0                         100     45  362.2         362.2
  100.0  16550  -85.3                         105     45  362.7         362.7
   91.2  17054  -87.3                         110     49  368.4         368.4
   91.0  17066  -87.2                         110     50  368.9         368.9
   86.0  17377  -84.0                         100     42  381.3         381.3
   85.3  17422  -83.5                          97     38  383.2         383.2
   84.1  17502  -79.1                          93     30  393.6         393.6
   81.3  17695  -78.5                          81     13  398.7         398.7
   81.0  17716  -77.8                          80     11  400.6         400.6
   79.1  17853  -73.3                         155     15  412.6         412.6
   77.0  18011  -71.8                         240     19  418.8         418.8
   76.8  18027  -71.7                         239     19  419.4         419.4
   70.0  18570  -74.5                         185     21  424.7         424.7
   69.4  18620  -75.1                         178     20  424.4         424.4
   66.0  18912  -74.8                         135     14  431.2         431.2
   64.9  19010  -74.7                         106     13  433.5         433.5
   63.0  19185  -70.7                          55     11  446.0         446.0
   62.8  19204  -70.3                          47     10  447.3         447.3
   60.0  19477  -69.0                         295      3  456.1         456.1
   57.0  19784  -67.5                         260      8  466.2         466.2
   56.6  19827  -67.3                         265      9  467.6         467.6
   54.0  20109  -68.4                         295     18  471.5         471.5
   50.1  20558  -70.1                         276     27  477.6         477.6
   50.0  20570  -70.1                         275     27  477.9         477.9
   49.0  20690  -70.0                         270     23  480.8         480.8
   47.0  20938  -69.9                         270     10  486.8         486.8
   46.4  21014  -69.9                         278     10  488.7         488.7
   44.1  21320  -65.5                         309      8  506.6         506.6
   44.0  21334  -65.5                         310      8  506.9         506.9
   40.0  21915  -64.8                         235     16  522.6         522.6
   37.2  22357  -64.3                         221     10  534.9         534.9
   36.0  22559  -63.2                         215      8  542.7         542.7
   35.0  22733  -62.3                         245     10  549.6         549.6
   33.0  23096  -60.3                         250      6  564.1         564.1
   31.0  23486  -60.3                         290     13  574.3         574.3
   30.0  23690  -60.3                         275     15  579.7         579.7
   29.0  23902  -59.4                         275     20  587.7         587.7
   26.3  24515  -56.9                         271     17  611.5         611.5
   26.0  24587  -57.1                         270     17  613.1         613.1
   25.0  24834  -57.6                         240      9  618.4         618.4
   24.0  25090  -58.2                         185      5  624.0         624.0
   23.1  25331  -58.7                          82      2  629.3         629.3
   23.0  25358  -58.6                          70      2  630.4         630.4
   22.0  25639  -57.6                         330      6  641.4         641.4
   20.0  26240  -55.5                         240      2  665.5         665.5
   19.9  26272  -54.9                         242      3  668.3         668.3
   18.0  26912  -55.3                         290     14  686.5         686.5
   17.1  27239  -55.5                         286     15  696.0         696.0
   17.0  27277  -55.5                         285     15  697.3         697.3
   16.0  27664  -55.0                         255     10  710.9         710.9
   15.7  27784  -54.9                         230      8  715.2         715.2
   15.0  28080  -52.8                         170      3  731.7         731.7
   13.7  28668  -48.5                          88      9  765.4         765.4
   13.0  29012  -49.1                          40     12  774.8         774.8
   12.6  29217  -49.5                                     780.4         780.4
</PRE><H3>Station information and sounding indices</H3><PRE>
                         Station identifier: WAAA
                             Station number: 97180
                           Observation time: 170224/0000
                           Station latitude: -5.06
                          Station longitude: 119.55
                          Station elevation: 14.0
                            Showalter index: -0.36
                               Lifted index: -2.33
    LIFT computed using virtual temperature: -2.87
                                SWEAT index: 205.59
                                    K index: 29.90
                         Cross totals index: 20.90
                      Vertical totals index: 23.10
                        Totals totals index: 44.00
      Convective Available Potential Energy: 778.60
             CAPE using virtual temperature: 937.10
                      Convective Inhibition: -11.97
             CINS using virtual temperature: -9.56
                           Equilibrum Level: 157.84
 Equilibrum Level using virtual temperature: 155.61
                   Level of Free Convection: 903.18
             LFCT using virtual temperature: 910.94
                     Bulk Richardson Number: 882.61
          Bulk Richardson Number using CAPV: 1062.29
  Temp [K] of the Lifted Condensation Level: 294.58
Pres [hPa] of the Lifted Condensation Level: 941.15
     Mean mixed layer potential temperature: 299.74
              Mean mixed layer mixing ratio: 17.42
              1000 hPa to 500 hPa thickness: 5790.00
Precipitable water [mm] for entire sounding: 53.79
</PRE>
<P>Description of the 
<A HREF="/upperair/columns.html">data columns</A>
or <A HREF="/upperair/indices.html">sounding indices</A>.

<P>
<FORM>
<INPUT CLASS="button" TYPE="button" VALUE=" Close this window " 
 onClick="window.close();">
<INPUT CLASS="button" TYPE="button" VALUE=" Select another map " 
 onClick="window.blur();">
</FORM>
<HR SIZE="1">
<I>Interested in graduate studies in atmospheric science?
Check out our program at the
<a href="http://www.uwyo.edu/atsc/howtoapply/"
target=_top>University of Wyoming
</a></I>
<HR SIZE="1"><FONT SIZE="-1">
Questions about the weather data provided by this site can be
addressed to <A HREF="mailto:ldoolman@uwyo.edu">
Larry Oolman (ldoolman@uwyo.edu)</A></FONT>
<HR SIZE="1">
<SCRIPT TYPE="text/javascript">
<!--
window.focus();
// -->
</SCRIPT>
</BODY>
</HTML>
