2017-07-05 12
<HTML>
<TITLE>University of Wyoming - Radiosonde Data</TITLE>
<LINK REL="StyleSheet" HREF="/resources/select.css" TYPE="text/css">
<BODY BGCOLOR="white">
<H2>97180 WAAA Ujung Pandang Observations at 00Z 05 Jul 2017</H2>
<PRE>
-----------------------------------------------------------------------------
   PRES   HGHT   TEMP   DWPT   RELH   MIXR   DRCT   SKNT   THTA   THTE   THTV
    hPa     m      C      C      %    g/kg    deg   knot     K      K      K 
-----------------------------------------------------------------------------
 1011.0     14   24.8   23.1     90  17.96      0      0  297.0  349.1  300.2
 1005.0     62   24.4   21.5     84  16.35    278      3  297.1  344.6  300.0
 1000.0    103   25.0   21.4     80  16.33    210      6  298.1  345.8  301.1
  978.0    299   24.8   19.9     74  15.20    155      5  299.9  344.5  302.6
  945.0    600   23.2   18.2     74  14.15     90      8  301.2  343.0  303.7
  925.0    788   22.2   17.2     73  13.53    105     10  302.0  342.2  304.4
  913.0    900   21.7   16.5     72  13.09    115     10  302.7  341.6  305.0
  879.0   1225   20.4   14.4     68  11.87    110     14  304.6  340.2  306.7
  878.0   1235   20.2   14.2     68  11.73    110     14  304.5  339.7  306.6
  857.0   1442   21.0   11.0     53   9.71    106     17  307.4  337.1  309.2
  850.0   1512   20.8    9.8     49   9.02    105     18  307.9  335.6  309.6
  766.0   2399   14.4    7.7     64   8.68    100     11  310.3  337.2  311.9
  740.0   2693   12.3    7.0     70   8.57     75     11  311.1  337.7  312.7
  718.0   2950   10.4    6.4     76   8.47     80     12  311.7  338.1  313.3
  700.0   3162    9.6    5.5     76   8.16     85     13  313.1  338.7  314.6
  664.0   3599    7.4    3.1     74   7.26     87     16  315.4  338.5  316.8
  595.0   4492    1.2   -1.3     83   5.88     90     21  318.3  337.4  319.4
  582.0   4671    0.0   -2.2     85   5.63     85     21  318.8  337.2  319.9
  535.0   5340   -5.1   -5.6     96   4.74     66     23  320.5  336.2  321.4
  521.0   5548   -6.5   -6.6     99   4.50     59     24  321.2  336.2  322.1
  511.0   5700   -6.8   -7.6     94   4.24     55     24  322.7  336.9  323.5
  500.0   5870   -7.1   -8.8     88   3.95     60     23  324.3  337.7  325.1
  481.0   6172   -7.3  -11.3     73   3.37     70     20  327.7  339.3  328.4
  473.0   6303   -6.7  -14.7     53   2.60     75     18  330.0  339.2  330.5
  455.0   6605   -9.3  -15.5     61   2.54     85     15  330.4  339.4  330.9
  454.0   6622   -9.5  -15.5     62   2.54     86     15  330.4  339.4  330.9
  438.0   6899  -10.6  -20.4     45   1.74    110     15  332.4  338.7  332.7
  437.0   6916  -10.7  -20.7     44   1.69    110     15  332.5  338.7  332.8
  411.0   7385  -14.5  -24.5     42   1.29    114     16  333.5  338.2  333.7
  403.0   7534  -15.7  -20.7     65   1.84    115     16  333.8  340.5  334.1
  400.0   7590  -16.1  -21.1     65   1.79    115     16  334.0  340.5  334.3
  359.0   8394  -21.7  -26.7     64   1.21    120     23  337.0  341.6  337.2
  356.0   8457  -22.1  -27.1     64   1.17    116     23  337.2  341.7  337.5
  331.0   8983  -26.2  -32.3     57   0.78     85     27  338.7  341.7  338.8
  310.0   9457  -29.9  -36.9     51   0.52     78     29  339.9  342.0  340.0
  305.0   9573  -30.5  -39.5     41   0.41     77     29  340.7  342.3  340.8
  300.0   9690  -30.9  -42.9     30   0.29     75     30  341.7  342.9  341.8
  279.0  10196  -34.7  -47.6     26   0.19     70     34  343.4  344.1  343.4
  253.0  10879  -39.9  -53.9     21   0.10     52     29  345.4  345.9  345.4
  250.0  10960  -40.7                          50     28  345.4         345.4
  200.0  12430  -53.7                          30     31  347.6         347.6
  195.0  12590  -55.1                          30     31  347.9         347.9
  170.0  13456  -62.5                          56     34  349.5         349.5
  150.0  14220  -67.7                          80     36  353.3         353.3
  146.0  14381  -69.0                          90     30  353.8         353.8
  135.0  14847  -72.7                         115     26  355.2         355.2
  125.0  15294  -75.5                         140     23  358.0         358.0
  119.0  15579  -77.3                         145     13  359.8         359.8
  113.0  15874  -78.2                         230     10  363.5         363.5
  100.0  16570  -80.3                         260     20  372.3         372.3
   99.1  16621  -80.7                         260     19  372.5         372.5
   96.0  16804  -76.7                         265     15  383.7         383.7
   94.6  16888  -74.9                         260     16  388.9         388.9
   91.0  17116  -74.0                         245     18  395.1         395.1
   86.5  17414  -72.7                         258     23  403.4         403.4
   78.0  18018  -74.7                         285     32  411.4         411.4
   74.0  18326  -75.7                         275     31  415.6         415.6
   71.5  18527  -76.3                         284     27  418.3         418.3
   70.0  18650  -75.9                         290     25  421.7         421.7
   66.4  18958  -70.3                         296     27  440.2         440.2
   64.0  19175  -71.8                         300     29  441.5         441.5
   63.6  19212  -72.1                         298     30  441.8         441.8
   58.9  19666  -68.1                         278     45  460.5         460.5
   55.0  20076  -68.0                         260     58  470.0         470.0
   53.7  20219  -67.9                         260     54  473.3         473.3
   50.0  20650  -63.9                         260     41  492.5         492.5
   46.6  21084  -60.3                         267     26  511.1         511.1
   45.0  21303  -59.0                         270     19  519.3         519.3
   43.0  21588  -57.4                         200      3  530.1         530.1
   42.4  21676  -56.9                         147      5  533.5         533.5
   41.0  21885  -58.2                          20      9  535.4         535.4
   39.0  22197  -60.2                           0     18  538.2         538.2
   37.3  22476  -61.9                          25     17  540.6         540.6
   35.0  22868  -62.0                          70     21  550.3         550.3
   32.4  23344  -62.1                          80     30  562.3         562.3
   30.0  23820  -60.5                          90     39  579.1         579.1
   25.0  24961  -56.6                         105     54  621.2         621.2
   24.6  25062  -56.3                          99     54  625.0         625.0
   23.0  25487  -56.3                          75     53  637.1         637.1
   20.2  26307  -56.3                          89     48  661.2         661.2
   20.0  26370  -56.3                          90     48  663.1         663.1
   16.0  27813  -50.6                          95     57  725.2         725.2
   15.1  28187  -49.2                          90     60  742.2         742.2
   15.0  28230  -49.0                          90     60  744.2         744.2
   14.6  28404  -48.3                                     752.2         752.2
</PRE><H3>Station information and sounding indices</H3><PRE>
                         Station identifier: WAAA
                             Station number: 97180
                           Observation time: 170705/0000
                           Station latitude: -5.06
                          Station longitude: 119.55
                          Station elevation: 14.0
                            Showalter index: 1.65
                               Lifted index: -2.10
    LIFT computed using virtual temperature: -2.32
                                SWEAT index: 176.61
                                    K index: 33.60
                         Cross totals index: 16.90
                      Vertical totals index: 27.90
                        Totals totals index: 44.80
      Convective Available Potential Energy: 186.42
             CAPE using virtual temperature: 225.49
                      Convective Inhibition: -229.49
             CINS using virtual temperature: -174.52
                           Equilibrum Level: 304.01
 Equilibrum Level using virtual temperature: 303.13
                   Level of Free Convection: 644.22
             LFCT using virtual temperature: 659.06
                     Bulk Richardson Number: 8.28
          Bulk Richardson Number using CAPV: 10.02
  Temp [K] of the Lifted Condensation Level: 292.48
Pres [hPa] of the Lifted Condensation Level: 923.44
     Mean mixed layer potential temperature: 299.23
              Mean mixed layer mixing ratio: 15.57
              1000 hPa to 500 hPa thickness: 5767.00
Precipitable water [mm] for entire sounding: 51.36
</PRE>
<P>Description of the 
<A HREF="/upperair/columns.html">data columns</A>
or <A HREF="/upperair/indices.html">sounding indices</A>.

<P>
<FORM>
<INPUT CLASS="button" TYPE="button" VALUE=" Close this window " 
 onClick="window.close();">
<INPUT CLASS="button" TYPE="button" VALUE=" Select another map " 
 onClick="window.blur();">
</FORM>
<HR SIZE="1">
<I>Interested in graduate studies in atmospheric science?
Check out our program at the
<a href="http://www.uwyo.edu/atsc/howtoapply/"
target=_top>University of Wyoming
</a></I>
<HR SIZE="1"><FONT SIZE="-1">
Questions about the weather data provided by this site can be
addressed to <A HREF="mailto:ldoolman@uwyo.edu">
Larry Oolman (ldoolman@uwyo.edu)</A></FONT>
<HR SIZE="1">
<SCRIPT TYPE="text/javascript">
<!--
window.focus();
// -->
</SCRIPT>
</BODY>
</HTML>
