2016-11-30 12
<HTML>
<TITLE>University of Wyoming - Radiosonde Data</TITLE>
<LINK REL="StyleSheet" HREF="/resources/select.css" TYPE="text/css">
<BODY BGCOLOR="white">
<H2>97180 WAAA Ujung Pandang Observations at 00Z 30 Nov 2016</H2>
<PRE>
-----------------------------------------------------------------------------
   PRES   HGHT   TEMP   DWPT   RELH   MIXR   DRCT   SKNT   THTA   THTE   THTV
    hPa     m      C      C      %    g/kg    deg   knot     K      K      K 
-----------------------------------------------------------------------------
 1010.0     14   27.6   23.6     79  18.55    135      4  299.9  354.4  303.2
 1009.0     23   26.4   21.4     74  16.18    135      4  298.8  346.1  301.7
 1001.0     91   25.6   20.8     75  15.71    131      4  298.7  344.6  301.5
 1000.0    100   25.6   20.9     75  15.83    130      4  298.8  345.0  301.6
  997.0    126   25.4   21.0     77  15.98    127      4  298.8  345.5  301.7
  995.0    144   26.0   21.0     74  16.01    126      4  299.6  346.6  302.4
  994.0    153   26.8   20.8     70  15.82    125      4  300.5  347.1  303.3
  977.0    305   25.9   20.3     71  15.65    110      3  301.1  347.3  303.9
  945.0    598   24.3   19.5     75  15.31    290      2  302.3  347.7  305.0
  925.0    786   23.2   18.9     77  15.09    290      5  303.0  348.0  305.8
  882.0   1199   20.4   17.0     81  14.06    310      7  304.3  346.4  306.8
  850.0   1519   18.2   15.6     85  13.29    270      5  305.2  345.2  307.6
  832.0   1702   17.0   14.2     84  12.38    250      3  305.8  343.2  308.1
  823.0   1794   16.5   13.8     84  12.17    240      2  306.2  343.1  308.5
  794.0   2097   14.9   12.3     85  11.48    355      1  307.7  342.6  309.8
  766.0   2400   13.3   10.9     86  10.81    350      2  309.1  342.2  311.1
  739.0   2703   11.6    9.5     87  10.18     60      2  310.5  341.9  312.4
  719.0   2934   10.4    8.4     87   9.71     79      4  311.6  341.8  313.4
  713.0   3004   10.3    7.6     84   9.28     85      5  312.2  341.1  313.9
  700.0   3157   10.0    5.9     76   8.39     80      6  313.5  339.9  315.1
  681.0   3387    8.8    1.8     61   6.44     80      9  314.7  335.2  315.9
  664.0   3596    7.3    1.6     67   6.52     80     11  315.3  336.1  316.5
  654.0   3722    6.4    1.5     71   6.57     81     11  315.6  336.6  316.9
  608.0   4320    4.0   -6.0     48   4.04     88     13  319.5  332.9  320.3
  562.0   4958    0.0   -8.0     55   3.74     96     14  322.0  334.6  322.8
  556.0   5044   -0.3   -8.3     55   3.70     97     14  322.7  335.2  323.4
  530.0   5428   -2.3   -7.3     69   4.19    102     15  324.7  338.9  325.5
  512.0   5702   -4.0   -9.0     68   3.80    105     16  325.9  338.8  326.6
  507.0   5780   -4.5   -9.5     68   3.69    103     15  326.2  338.8  326.9
  503.0   5843   -4.7  -12.7     54   2.88    101     15  326.7  336.7  327.3
  500.0   5890   -4.9  -12.9     53   2.85    100     14  327.0  336.9  327.6
  497.0   5937   -5.5  -10.5     68   3.48    100     14  326.8  338.8  327.5
  486.0   6111   -6.7  -10.6     74   3.53     99     12  327.4  339.6  328.1
  474.0   6305   -7.7  -12.7     67   3.06     98     11  328.6  339.2  329.2
  471.0   6354   -7.7  -14.7     57   2.61     98     11  329.2  338.4  329.7
  468.0   6403   -7.3  -23.3     27   1.26     97     10  330.3  334.9  330.5
  467.0   6420   -7.5  -19.5     38   1.76     97     10  330.2  336.6  330.6
  466.0   6436   -7.7  -15.7     53   2.43     97     10  330.2  338.8  330.6
  465.0   6453   -7.9  -14.9     57   2.60     97     10  330.1  339.3  330.6
  464.0   6470   -8.1  -14.1     62   2.78     97     10  330.1  339.9  330.6
  463.0   6486   -8.1  -15.1     57   2.57     97     10  330.3  339.4  330.8
  462.0   6503   -7.9  -24.9     24   1.10     97     10  330.7  334.8  330.9
  460.0   6537   -8.3  -19.3     41   1.82     97     10  330.6  337.2  331.0
  456.0   6604   -8.9  -15.9     57   2.44     96      9  330.7  339.4  331.2
  439.0   6895  -10.6  -22.3     38   1.46     95      7  332.2  337.6  332.5
  438.0   6913  -10.7  -22.7     37   1.42     94      7  332.3  337.5  332.6
  429.0   7071  -11.7  -24.7     33   1.21     86      8  333.0  337.5  333.2
  420.0   7232  -12.9  -21.9     47   1.59     78      8  333.4  339.3  333.8
  415.0   7322  -13.3  -17.3     72   2.39     73      8  334.1  342.7  334.6
  406.0   7488  -14.3  -18.8     69   2.15     65      9  334.8  342.6  335.3
  403.0   7544  -14.7  -19.3     68   2.07     67      9  335.1  342.6  335.5
  400.0   7600  -15.1  -19.5     69   2.05     70      8  335.3  342.8  335.7
  396.0   7676  -15.5  -26.5     38   1.11     71      8  335.7  339.9  335.9
  384.0   7908  -17.3  -25.3     50   1.28     76      8  336.3  341.1  336.6
  380.0   7987  -17.9  -28.9     38   0.93     77      8  336.5  340.1  336.7
  368.0   8227  -19.7  -29.7     41   0.89     82      7  337.2  340.7  337.4
  363.0   8329  -20.1  -33.1     30   0.65     83      7  338.0  340.6  338.2
  359.0   8411  -20.7  -33.9     29   0.61     85      7  338.3  340.7  338.4
  348.0   8641  -22.3  -36.3     27   0.50     69      5  339.1  341.1  339.2
  345.0   8705  -22.7  -35.1     31   0.57     65      5  339.5  341.7  339.6
  337.0   8877  -23.7  -31.7     48   0.80    332      4  340.4  343.5  340.5
  331.0   9007  -24.6  -32.3     49   0.78    260      3  340.9  344.0  341.1
  300.0   9720  -29.3  -35.3     56   0.64    265      5  344.0  346.5  344.1
  293.0   9888  -30.6  -36.2     58   0.60    265      3  344.4  346.9  344.6
  280.0  10211  -33.1  -37.9     62   0.52    305      4  345.4  347.5  345.5
  269.0  10492  -35.1  -39.4     65   0.47    307      5  346.4  348.3  346.5
  267.0  10544  -35.7  -40.2     63   0.43    308      6  346.3  348.1  346.4
  266.0  10571  -35.9  -42.9     49   0.33    308      6  346.4  347.7  346.4
  257.0  10809  -37.8  -44.2     51   0.29    310      7  347.0  348.2  347.1
  250.0  11000  -39.3  -45.3     53   0.27    315      6  347.5  348.6  347.6
  247.0  11082  -40.1  -47.1     47   0.22    319      6  347.5  348.5  347.6
  235.0  11412  -42.9                         335      7  348.3         348.3
  200.0  12480  -51.9                         325     12  350.4         350.4
  196.0  12606  -53.0                         320     13  350.6         350.6
  179.0  13174  -58.1                         350      8  351.5         351.5
  162.0  13798  -63.8                         340     11  352.2         352.2
  150.0  14280  -68.1                         315     11  352.6         352.6
  140.0  14675  -71.2                         305      8  354.2         354.2
  133.0  14968  -73.5                         280      7  355.3         355.3
  126.0  15278  -75.9                         305      5  356.4         356.4
  120.0  15557  -78.1                         355      5  357.4         357.4
  113.0  15901  -80.8                          40     12  358.6         358.6
  100.0  16600  -86.3                          45     16  360.8         360.8
   87.4  17327  -90.3                          50     34  366.9         366.9
   86.0  17415  -88.5                          50     32  372.3         372.3
   83.5  17574  -85.1                          13     22  382.3         382.3
   82.5  17641  -81.3                         358     18  391.3         391.3
   82.0  17676  -80.4                         350     16  393.9         393.9
   81.1  17738  -78.7                         338     16  398.6         398.6
   74.0  18256  -79.8                         240     13  406.8         406.8
   70.0  18570  -80.5                         205     13  411.9         411.9
   69.6  18602  -80.7                         201     12  412.1         412.1
   66.0  18912  -77.5                         160      6  425.4         425.4
   63.0  19183  -74.7                           0      0  437.2         437.2
   60.0  19467  -71.8                         235     13  449.9         449.9
   57.0  19765  -68.7                         250     15  463.6         463.6
   56.1  19858  -67.7                                     467.9         467.9
</PRE><H3>Station information and sounding indices</H3><PRE>
                         Station identifier: WAAA
                             Station number: 97180
                           Observation time: 161130/0000
                           Station latitude: -5.06
                          Station longitude: 119.55
                          Station elevation: 14.0
                            Showalter index: -0.05
                               Lifted index: -0.69
    LIFT computed using virtual temperature: -1.15
                                SWEAT index: 211.19
                                    K index: 34.60
                         Cross totals index: 20.50
                      Vertical totals index: 23.10
                        Totals totals index: 43.60
      Convective Available Potential Energy: 102.87
             CAPE using virtual temperature: 192.05
                      Convective Inhibition: -94.15
             CINS using virtual temperature: -79.89
                           Equilibrum Level: 334.06
 Equilibrum Level using virtual temperature: 328.80
                   Level of Free Convection: 740.20
             LFCT using virtual temperature: 768.03
                     Bulk Richardson Number: 98.64
          Bulk Richardson Number using CAPV: 184.15
  Temp [K] of the Lifted Condensation Level: 292.40
Pres [hPa] of the Lifted Condensation Level: 908.48
     Mean mixed layer potential temperature: 300.54
              Mean mixed layer mixing ratio: 15.73
              1000 hPa to 500 hPa thickness: 5790.00
Precipitable water [mm] for entire sounding: 54.55
</PRE>
<P>Description of the 
<A HREF="/upperair/columns.html">data columns</A>
or <A HREF="/upperair/indices.html">sounding indices</A>.

<P>
<FORM>
<INPUT CLASS="button" TYPE="button" VALUE=" Close this window " 
 onClick="window.close();">
<INPUT CLASS="button" TYPE="button" VALUE=" Select another map " 
 onClick="window.blur();">
</FORM>
<HR SIZE="1">
<I>Interested in graduate studies in atmospheric science?
Check out our program at the
<a href="http://www.uwyo.edu/atsc/howtoapply/"
target=_top>University of Wyoming
</a></I>
<HR SIZE="1"><FONT SIZE="-1">
Questions about the weather data provided by this site can be
addressed to <A HREF="mailto:ldoolman@uwyo.edu">
Larry Oolman (ldoolman@uwyo.edu)</A></FONT>
<HR SIZE="1">
<SCRIPT TYPE="text/javascript">
<!--
window.focus();
// -->
</SCRIPT>
</BODY>
</HTML>
