2016-10-30 00
<HTML>
<TITLE>University of Wyoming - Radiosonde Data</TITLE>
<LINK REL="StyleSheet" HREF="/resources/select.css" TYPE="text/css">
<BODY BGCOLOR="white">
<H2>97180 WAAA Ujung Pandang Observations at 00Z 30 Oct 2016</H2>
<PRE>
-----------------------------------------------------------------------------
   PRES   HGHT   TEMP   DWPT   RELH   MIXR   DRCT   SKNT   THTA   THTE   THTV
    hPa     m      C      C      %    g/kg    deg   knot     K      K      K 
-----------------------------------------------------------------------------
 1010.0     14   26.2   23.0     83  17.87      0      0  298.5  350.7  301.7
 1009.0     22   25.2   20.8     77  15.58      7      0  297.6  342.9  300.4
 1001.0     88   24.0   20.9     83  15.81     63      2  297.1  342.9  299.9
 1000.0     96   24.4   21.2     82  16.13     70      2  297.6  344.5  300.4
  998.0    114   25.8   22.1     80  17.10     61      2  299.1  349.2  302.2
  987.0    212   26.8   21.8     74  16.97      8      2  301.1  351.2  304.1
  977.0    302   26.6   20.5     69  15.84    320      2  301.8  348.7  304.6
  951.0    542   26.2   17.2     58  13.15     53      4  303.7  343.0  306.1
  945.0    597   25.6   16.8     58  12.93     75      5  303.6  342.3  306.0
  925.0    786   23.6   15.6     61  12.19     85     10  303.4  339.9  305.7
  882.0   1197   20.7   12.7     60  10.55    125     12  304.6  336.4  306.5
  850.0   1516   18.4   10.4     60   9.40    115     12  305.4  333.9  307.1
  830.0   1720   16.4    9.4     63   8.99    108     12  305.4  332.7  307.0
  774.0   2312   13.0    6.0     62   7.63     88     13  307.9  331.4  309.3
  739.0   2701   13.3    4.2     54   7.04     75     14  312.3  334.5  313.6
  724.0   2874   13.4    3.4     51   6.79     69     12  314.2  335.9  315.5
  713.0   3003   12.4    1.5     47   6.01     65     11  314.5  333.8  315.7
  700.0   3157   11.2   -0.8     43   5.18     85     13  314.9  331.6  315.8
  688.0   3300   10.3   -2.0     42   4.84    100     15  315.4  331.1  316.4
  640.0   3898    6.6   -6.8     38   3.60    105     13  317.8  329.7  318.5
  618.0   4187    4.8   -9.2     36   3.10    103     13  318.9  329.3  319.5
  612.0   4267    4.2  -11.8     30   2.54    102     13  319.1  327.8  319.6
  610.0   4293    4.2  -12.8     28   2.35    102     13  319.4  327.5  319.9
  607.0   4333    3.6   -6.4     48   3.92    101     13  319.2  332.2  319.9
  578.0   4730    1.6   -8.4     47   3.53     98     12  321.3  333.2  322.0
  564.0   4928    1.2   -9.8     44   3.24     97     12  323.1  334.2  323.8
  562.0   4957    1.2  -11.8     37   2.77     96     12  323.4  333.0  324.0
  558.0   5014    0.8   -5.2     64   4.68     96     12  323.6  339.3  324.6
  555.0   5058    1.2  -10.8     40   3.04     95     12  324.6  335.1  325.2
  554.0   5072    1.0   -7.0     55   4.11     95     12  324.5  338.4  325.4
  541.0   5263    0.0  -12.0     40   2.83     94     11  325.6  335.4  326.1
  526.0   5488   -1.9  -11.9     46   2.94     92     11  325.9  336.1  326.5
  518.0   5610   -2.9   -8.9     63   3.79     91     11  326.1  339.1  326.9
  512.0   5702   -3.6   -9.6     63   3.64     90     11  326.4  338.9  327.1
  500.0   5890   -4.9  -10.9     63   3.35    105     11  327.0  338.6  327.7
  488.0   6081   -6.3  -11.3     68   3.32    114     11  327.6  339.0  328.2
  474.0   6308   -7.3  -17.3     45   2.09    125     11  329.1  336.5  329.5
  469.0   6390   -7.7  -14.7     57   2.62    123     11  329.6  338.8  330.1
  457.0   6591   -8.5  -23.5     29   1.27    120     11  331.0  335.7  331.3
  430.0   7060  -12.1  -36.1     12   0.41    111     12  332.2  333.9  332.3
  421.0   7221  -12.3  -40.3      8   0.27    108     12  334.0  335.1  334.1
  405.0   7516  -14.1  -32.1     20   0.64    102     12  335.4  337.9  335.5
  400.0   7610  -14.9  -26.9     35   1.06    100     12  335.5  339.6  335.8
  390.0   7799  -16.4  -27.4     38   1.05     85     13  336.1  340.0  336.3
  375.0   8093  -18.6  -28.1     43   1.02     60     15  336.8  340.7  337.0
  362.0   8357  -20.7  -28.7     49   0.99     63     15  337.5  341.3  337.7
  351.0   8584  -22.1  -34.1     33   0.61     66     15  338.6  341.0  338.7
  350.0   8605  -22.1  -39.1     20   0.37     66     15  338.9  340.4  338.9
  348.0   8648  -22.5  -33.5     36   0.65     67     15  338.9  341.4  339.0
  347.0   8669  -22.7  -28.7     58   1.04     67     15  338.9  342.9  339.1
  336.0   8905  -23.9  -34.9     36   0.59     70     16  340.4  342.7  340.5
  318.0   9301  -27.4  -35.8     45   0.57     75     16  340.9  343.2  341.0
  302.0   9673  -30.7  -36.7     56   0.55     66     15  341.3  343.5  341.5
  300.0   9720  -30.9  -37.9     50   0.49     65     15  341.7  343.7  341.8
  280.0  10203  -34.5  -38.5     67   0.49     50     13  343.3  345.3  343.4
  279.0  10228  -34.7  -38.5     68   0.49     51     13  343.4  345.4  343.5
  252.0  10926  -39.9  -45.9     53   0.25     69     13  345.8  346.9  345.9
  250.0  10980  -40.3                          70     13  346.0         346.0
  235.0  11393  -43.8                          75     13  346.9         346.9
  215.0  11987  -48.8                          45     10  348.0         348.0
  200.0  12470  -52.9                          45      8  348.8         348.8
  187.0  12888  -56.5                          30     11  349.7         349.7
  170.0  13481  -61.7                          60     13  350.8         350.8
  150.0  14260  -68.5                          45     23  351.9         351.9
  146.0  14413  -69.7                          50     23  352.5         352.5
  107.0  16176  -83.7                          85     40  358.8         358.8
  100.0  16560  -86.7                          70     48  360.0         360.0
   95.1  16833  -87.9                          70     47  362.8         362.8
   91.0  17074  -85.3                          70     47  372.5         372.5
   90.3  17116  -84.9                          73     44  374.2         374.2
   88.1  17254  -80.3                          81     35  386.1         386.1
   86.0  17391  -79.3                          90     26  390.7         390.7
   85.5  17424  -79.1                                     391.8         391.8
</PRE><H3>Station information and sounding indices</H3><PRE>
                         Station identifier: WAAA
                             Station number: 97180
                           Observation time: 161030/0000
                           Station latitude: -5.06
                          Station longitude: 119.55
                          Station elevation: 14.0
                            Showalter index: 4.61
                               Lifted index: -0.75
    LIFT computed using virtual temperature: -1.13
                                SWEAT index: 159.80
                                    K index: 21.70
                         Cross totals index: 15.30
                      Vertical totals index: 23.30
                        Totals totals index: 38.60
      Convective Available Potential Energy: 118.38
             CAPE using virtual temperature: 223.77
                      Convective Inhibition: -91.69
             CINS using virtual temperature: -61.42
                           Equilibrum Level: 266.17
 Equilibrum Level using virtual temperature: 265.67
                   Level of Free Convection: 803.15
             LFCT using virtual temperature: 838.49
                     Bulk Richardson Number: 8.79
          Bulk Richardson Number using CAPV: 16.61
  Temp [K] of the Lifted Condensation Level: 292.25
Pres [hPa] of the Lifted Condensation Level: 903.92
     Mean mixed layer potential temperature: 300.83
              Mean mixed layer mixing ratio: 15.71
              1000 hPa to 500 hPa thickness: 5794.00
Precipitable water [mm] for entire sounding: 42.82
</PRE>
<P>Description of the 
<A HREF="/upperair/columns.html">data columns</A>
or <A HREF="/upperair/indices.html">sounding indices</A>.

<P>
<FORM>
<INPUT CLASS="button" TYPE="button" VALUE=" Close this window " 
 onClick="window.close();">
<INPUT CLASS="button" TYPE="button" VALUE=" Select another map " 
 onClick="window.blur();">
</FORM>
<HR SIZE="1">
<I>Interested in graduate studies in atmospheric science?
Check out our program at the
<a href="http://www.uwyo.edu/atsc/howtoapply/"
target=_top>University of Wyoming
</a></I>
<HR SIZE="1"><FONT SIZE="-1">
Questions about the weather data provided by this site can be
addressed to <A HREF="mailto:ldoolman@uwyo.edu">
Larry Oolman (ldoolman@uwyo.edu)</A></FONT>
<HR SIZE="1">
<SCRIPT TYPE="text/javascript">
<!--
window.focus();
// -->
</SCRIPT>
</BODY>
</HTML>
