2016-05-15 12
<HTML>
<TITLE>University of Wyoming - Radiosonde Data</TITLE>
<LINK REL="StyleSheet" HREF="/resources/select.css" TYPE="text/css">
<BODY BGCOLOR="white">
<H2>97180 WAAA Ujung Pandang Observations at 00Z 15 May 2016</H2>
<PRE>
-----------------------------------------------------------------------------
   PRES   HGHT   TEMP   DWPT   RELH   MIXR   DRCT   SKNT   THTA   THTE   THTV
    hPa     m      C      C      %    g/kg    deg   knot     K      K      K 
-----------------------------------------------------------------------------
 1009.0     14   27.0   24.2     85  19.27    130      3  299.4  355.9  302.8
 1007.0     31   26.6   21.8     75  16.63    131      3  299.1  347.9  302.1
 1000.0     91   28.0   22.0     70  16.96    135      5  301.1  351.3  304.2
  985.0    226   27.8   20.8     66  15.97    145      5  302.2  349.7  305.1
  977.0    298   27.3   20.6     67  15.88    150      5  302.5  349.7  305.3
  944.0    602   25.2   19.6     71  15.51    110      6  303.3  349.6  306.1
  925.0    782   24.0   19.1     74  15.29    110      5  303.8  349.5  306.6
  899.0   1031   22.2   18.4     79  15.05     98     10  304.5  349.6  307.2
  882.0   1197   21.8   17.4     76  14.39     90     14  305.7  349.0  308.3
  862.0   1397   21.2   16.2     73  13.62     96     15  307.1  348.4  309.6
  850.0   1518   20.4   15.4     73  13.11    100     16  307.5  347.4  309.9
  796.0   2084   16.2   13.5     84  12.37    100     15  308.8  346.6  311.1
  795.0   2094   16.1   13.4     84  12.32    100     15  308.9  346.6  311.2
  721.0   2923   12.0    7.0     71   8.79    104     13  313.1  340.6  314.7
  716.0   2981   11.8    5.8     67   8.14    104     13  313.5  339.1  315.0
  708.0   3076   12.0   -2.0     38   4.69    105     12  314.7  329.9  315.6
  705.0   3111   11.4    3.4     58   6.98    105     12  314.4  336.6  315.8
  704.0   3123   11.2    6.2     71   8.52    105     12  314.3  341.2  316.0
  700.0   3171   11.2    6.2     71   8.57    105     12  314.9  341.9  316.5
  678.0   3438   10.0    5.0     71   8.13    108     12  316.4  342.3  317.9
  665.0   3599    9.6    1.7     58   6.55    110     12  317.7  338.8  318.9
  660.0   3662    9.4    0.4     53   6.01    110     12  318.2  337.7  319.3
  655.0   3725    9.6   -8.4     27   3.11    109     12  319.1  329.6  319.7
  648.0   3814    8.8   -4.2     40   4.35    109     12  319.2  333.5  320.0
  636.0   3969    8.0  -16.0     16   1.74    108     12  320.0  326.0  320.3
  619.0   4192    6.6  -13.4     22   2.21    108     12  320.8  328.5  321.3
  605.0   4379    5.0   -5.0     48   4.38    107     12  321.1  335.7  321.9
  575.0   4791    2.2   -7.2     50   3.89    105     12  322.6  335.6  323.3
  552.0   5122    0.0   -9.0     51   3.52    100     14  323.7  335.7  324.4
  540.0   5298   -1.1   -7.1     64   4.18     97     14  324.4  338.5  325.2
  533.0   5402   -1.7   -7.4     65   4.14     95     15  324.9  338.9  325.7
  518.0   5629   -3.1   -8.0     69   4.06    102     15  325.9  339.7  326.7
  516.0   5660   -3.1   -7.8     70   4.14    103     16  326.2  340.3  327.1
  505.0   5831   -2.7  -15.7     36   2.24    108     16  328.8  336.7  329.2
  500.0   5910   -3.1  -17.1     33   2.01    110     16  329.2  336.4  329.6
  490.0   6069   -4.5  -19.5     30   1.67    112     15  329.4  335.4  329.7
  476.0   6296   -6.1  -16.5     44   2.22    115     13  330.1  338.1  330.6
  466.0   6462   -7.3  -14.3     57   2.73     96      9  330.7  340.3  331.2
  458.0   6597   -7.9  -16.5     50   2.31     80      6  331.5  339.8  332.0
  451.0   6716   -8.5  -18.5     44   1.98     81      8  332.3  339.4  332.7
  448.0   6768   -8.9  -16.9     52   2.29     81      8  332.4  340.6  332.9
  447.0   6785   -8.9  -14.9     62   2.71     81      9  332.6  342.2  333.1
  446.0   6803   -8.9  -19.9     41   1.78     81      9  332.8  339.3  333.2
  445.0   6820   -8.5  -30.5     15   0.68     81      9  333.5  336.2  333.7
  441.0   6890   -8.1  -37.1      8   0.36     82     10  334.9  336.4  335.0
  407.0   7507  -11.9  -40.1      8   0.29     85     19  337.8  339.0  337.8
  400.0   7640  -12.7  -40.7      8   0.27     90     16  338.4  339.5  338.4
  395.0   7736  -13.5  -43.5      6   0.21     99     15  338.6  339.4  338.6
  370.0   8230  -17.5  -27.5     41   1.09    149     11  339.6  343.8  339.9
  362.0   8393  -18.9  -28.1     44   1.05    165     10  340.0  344.0  340.2
  349.0   8665  -21.1  -29.1     49   0.99    178     10  340.5  344.3  340.7
  336.0   8945  -22.3  -32.3     40   0.76    192     11  342.6  345.6  342.7
  330.0   9077  -22.9  -38.9     22   0.40    199     11  343.5  345.2  343.6
  320.0   9301  -24.4  -42.1     18   0.30    210     11  344.4  345.6  344.5
  300.0   9770  -27.7  -48.7     12   0.15    210     13  346.2  346.9  346.3
  289.0  10037  -29.9  -55.9      6   0.07    210     14  346.8  347.1  346.8
  259.0  10803  -36.5  -54.2     14   0.09    210     15  348.1  348.5  348.1
  250.0  11050  -38.7  -53.7     19   0.10    225     15  348.4  348.9  348.4
  248.0  11105  -39.0  -56.0     15   0.08    225     16  348.8  349.1  348.8
  242.0  11273  -39.9  -62.9      7   0.03    219     17  349.8  350.0  349.9
  238.0  11385  -40.8                         215     17  350.2         350.2
  217.0  12004  -45.6                         235     17  352.1         352.1
  200.0  12550  -49.9                         215     27  353.6         353.6
  189.0  12906  -53.0                         210     26  354.4         354.4
  150.0  14360  -65.5                         250     29  357.1         357.1
  149.0  14398  -65.8                         250     29  357.2         357.2
  115.0  15887  -78.1                         250     22  361.9         361.9
  104.0  16465  -82.8                         240     12  363.3         363.3
  100.0  16690  -84.7                         260      8  363.8         363.8
   98.0  16801  -85.6                         260      5  364.1         364.1
   96.6  16881  -86.3                         240      3  364.3         364.3
   93.0  17091  -84.6                          80      5  371.6         371.6
   91.1  17205  -83.7                          95      9  375.6         375.6
   88.0  17396  -84.7                         120     17  377.3         377.3
   85.2  17575  -85.7                         105     18  378.9         378.9
   79.0  17994  -83.9                          70     20  390.9         390.9
   78.4  18036  -83.7                          71     19  392.1         392.1
   75.0  18286  -79.4                          75     11  406.2         406.2
   74.8  18301  -79.1                          74     11  407.1         407.1
   71.0  18599  -78.2                          45      2  415.2         415.2
   70.0  18680  -77.9                         355      3  417.4         417.4
   67.0  18933  -76.8                         335     10  425.1         425.1
   64.0  19197  -75.6                         280     11  433.4         433.4
   61.0  19473  -74.3                         170     11  442.1         442.1
   58.2  19744  -73.1                         142     12  450.8         450.8
   52.0  20401  -73.3                          75     16  465.2         465.2
   51.1  20503  -73.3                          91     16  467.4         467.4
   50.0  20630  -72.3                         110     17  472.7         472.7
   49.0  20751  -71.2                         115     19  478.1         478.1
   43.5  21463  -64.5                          92     38  511.0         511.0
   41.0  21827  -63.7                          80     47  521.6         521.6
   34.1  22959  -61.3                          67     20  556.2         556.2
   33.0  23161  -62.3                          65     15  558.9         558.9
   32.5  23255  -62.7                          55     11  560.2         560.2
   32.0  23350  -62.6                          45      7  562.9         562.9
   31.5  23447  -62.5                          10      8  565.7         565.7
   30.0  23750  -59.1                         260     12  582.9         582.9
   29.8  23792  -58.3                         260     12  586.2         586.2
   27.5  24297  -58.1                         263     16  600.4         600.4
   26.1  24629  -54.3                         265     18  620.2         620.2
   26.0  24654  -54.1                         265     18  621.4         621.4
   25.0  24907  -52.4                         245     16  633.3         633.3
   24.7  24984  -51.9                                     637.0         637.0
</PRE><H3>Station information and sounding indices</H3><PRE>
                         Station identifier: WAAA
                             Station number: 97180
                           Observation time: 160515/0000
                           Station latitude: -5.06
                          Station longitude: 119.55
                          Station elevation: 14.0
                            Showalter index: 0.93
                               Lifted index: 0.01
    LIFT computed using virtual temperature: -0.66
                                SWEAT index: 232.82
                                    K index: 33.90
                         Cross totals index: 18.50
                      Vertical totals index: 23.50
                        Totals totals index: 42.00
      Convective Available Potential Energy: 79.02
             CAPE using virtual temperature: 146.59
                      Convective Inhibition: -183.05
             CINS using virtual temperature: -110.38
                           Equilibrum Level: 335.56
 Equilibrum Level using virtual temperature: 332.33
                   Level of Free Convection: 595.41
             LFCT using virtual temperature: 728.91
                     Bulk Richardson Number: 8.91
          Bulk Richardson Number using CAPV: 16.53
  Temp [K] of the Lifted Condensation Level: 292.60
Pres [hPa] of the Lifted Condensation Level: 895.75
     Mean mixed layer potential temperature: 301.97
              Mean mixed layer mixing ratio: 16.18
              1000 hPa to 500 hPa thickness: 5819.00
Precipitable water [mm] for entire sounding: 52.35
</PRE>
<P>Description of the 
<A HREF="/upperair/columns.html">data columns</A>
or <A HREF="/upperair/indices.html">sounding indices</A>.

<P>
<FORM>
<INPUT CLASS="button" TYPE="button" VALUE=" Close this window " 
 onClick="window.close();">
<INPUT CLASS="button" TYPE="button" VALUE=" Select another map " 
 onClick="window.blur();">
</FORM>
<HR SIZE="1">
<I>Interested in graduate studies in atmospheric science?
Check out our program at the
<a href="http://www.uwyo.edu/atsc/howtoapply/"
target=_top>University of Wyoming
</a></I>
<HR SIZE="1"><FONT SIZE="-1">
Questions about the weather data provided by this site can be
addressed to <A HREF="mailto:ldoolman@uwyo.edu">
Larry Oolman (ldoolman@uwyo.edu)</A></FONT>
<HR SIZE="1">
<SCRIPT TYPE="text/javascript">
<!--
window.focus();
// -->
</SCRIPT>
</BODY>
</HTML>
