2016-08-09 12
<HTML>
<TITLE>University of Wyoming - Radiosonde Data</TITLE>
<LINK REL="StyleSheet" HREF="/resources/select.css" TYPE="text/css">
<BODY BGCOLOR="white">
<H2>97180 WAAA Ujung Pandang Observations at 00Z 09 Aug 2016</H2>
<PRE>
-----------------------------------------------------------------------------
   PRES   HGHT   TEMP   DWPT   RELH   MIXR   DRCT   SKNT   THTA   THTE   THTV
    hPa     m      C      C      %    g/kg    deg   knot     K      K      K 
-----------------------------------------------------------------------------
 1011.0     14   22.0   17.2     74  12.36    135      4  294.2  329.8  296.4
 1010.0     23   23.4   14.4     57  10.31    134      4  295.7  325.7  297.5
 1008.0     40   23.2   13.2     53   9.54    132      4  295.7  323.5  297.4
 1006.0     57   23.4   13.4     53   9.69    130      4  296.0  324.3  297.8
 1000.0    109   25.0   14.0     50  10.14    125      3  298.1  328.0  300.0
  999.0    118   25.6   13.6     47   9.89    124      3  298.8  328.0  300.6
  994.0    162   26.4   12.4     42   9.18    116      3  300.1  327.4  301.7
  946.0    597   23.2   14.2     57  10.90     45      5  301.1  333.5  303.1
  937.0    681   22.6   14.6     61  11.27     45      5  301.3  334.8  303.3
  925.0    794   21.8   14.8     64  11.57     45      5  301.6  336.0  303.7
  915.0    888   21.0   15.0     69  11.85     53      4  301.7  336.9  303.9
  914.0    898   21.0   15.0     69  11.87     54      4  301.8  337.1  304.0
  913.0    907   21.0   14.2     65  11.30     55      4  301.9  335.6  304.0
  909.0    945   21.2   11.2     53   9.27     35      4  302.5  330.3  304.2
  905.0    984   22.0    5.0     33   6.08     15      4  303.7  322.3  304.8
  901.0   1022   22.8    1.8     25   4.86    356      4  304.9  320.0  305.8
  883.0   1197   21.9    0.6     24   4.53    265      4  305.7  319.9  306.6
  852.0   1506   20.3   -1.6     23   3.99    165     10  307.2  319.9  307.9
  850.0   1526   20.2   -1.8     23   3.96    165     11  307.3  319.9  308.0
  845.0   1577   20.0   -2.0     23   3.93    165     11  307.6  320.1  308.3
  717.0   2962    7.6   -1.4     53   4.84    170      7  308.8  324.0  309.6
  714.0   2997    7.4   -1.9     52   4.68    170      7  308.9  323.7  309.8
  700.0   3160    6.6   -4.4     45   3.96    190      3  309.8  322.4  310.5
  694.0   3231    6.2   -5.8     42   3.59    275      2  310.1  321.6  310.8
  688.0   3302    5.8   -6.2     42   3.50      0      1  310.4  321.7  311.0
  686.0   3325    5.6   -6.4     42   3.47     11      2  310.4  321.7  311.1
  682.0   3373    5.4   -7.6     39   3.18     32      3  310.7  321.1  311.3
  681.0   3385    5.4   -7.6     39   3.19     37      3  310.9  321.2  311.5
  678.0   3421    6.8  -16.2     18   1.60     53      4  312.8  318.3  313.1
  668.0   3543    8.0  -29.0      5   0.52    108      7  315.5  317.4  315.6
  663.0   3605    7.9  -30.8      4   0.44    135      8  316.1  317.8  316.2
  654.0   3718    7.8  -34.2      3   0.33    114      7  317.2  318.4  317.2
  640.0   3895    7.3  -35.0      3   0.31     80      6  318.6  319.7  318.6
  608.0   4315    6.0  -37.0      3   0.26     75     11  321.8  322.8  321.9
  556.0   5038    0.0  -32.0      7   0.47     66     19  323.0  324.8  323.1
  552.0   5096   -0.3  -33.6      6   0.41     65     20  323.3  324.9  323.4
  534.0   5360   -1.9  -40.9      3   0.20     82     21  324.5  325.3  324.5
  531.0   5405   -2.0  -40.5      3   0.21     85     21  324.9  325.8  324.9
  528.0   5449   -2.1  -40.1      4   0.22     84     21  325.3  326.2  325.4
  524.0   5510   -2.5  -30.5     10   0.58     83     21  325.5  327.7  325.6
  519.0   5586   -2.9  -13.9     42   2.53     81     20  325.9  334.8  326.4
  500.0   5880   -5.1  -11.1     63   3.29     75     19  326.8  338.1  327.4
  492.0   6006   -6.1  -10.0     74   3.67     65     19  327.1  339.6  327.8
  484.0   6133   -7.1   -8.8     88   4.09     58     20  327.4  341.3  328.2
  474.0   6294   -7.8  -10.5     81   3.65     50     21  328.4  341.1  329.2
  442.0   6833  -10.1  -16.1     61   2.48     77     15  332.2  341.0  332.7
  438.0   6902  -10.6  -16.4     62   2.44     80     14  332.4  341.1  332.9
  405.0   7496  -14.7  -19.1     69   2.10     75     22  334.7  342.3  335.1
  400.0   7590  -15.3  -19.5     70   2.05     75     23  335.0  342.5  335.4
  391.0   7762  -16.5  -20.7     70   1.89     81     23  335.6  342.6  336.0
  357.0   8443  -19.9  -31.9     34   0.74    105     21  339.9  342.8  340.1
  331.0   8994  -24.4  -36.0     33   0.54    125     20  341.1  343.3  341.2
  300.0   9710  -30.3  -41.3     33   0.34    100     15  342.6  344.0  342.6
  292.0   9899  -32.0  -42.3     35   0.32     95     16  342.8  344.1  342.9
  268.0  10499  -37.3  -45.4     43   0.25     95     24  343.6  344.6  343.6
  257.0  10792  -39.9  -46.9     47   0.22     89     25  343.9  344.8  343.9
  250.0  10980  -41.5                          85     26  344.2         344.2
  205.0  12278  -53.4                          70     41  345.6         345.6
  200.0  12440  -54.9                          75     44  345.7         345.7
  188.0  12833  -58.1                          71     51  346.7         346.7
  150.0  14220  -68.7                          55     76  351.6         351.6
  135.0  14843  -73.7                          51     84  353.4         353.4
  131.0  15017  -75.0                          50     86  354.2         354.2
  125.0  15288  -76.9                          59     84  355.5         355.5
  115.0  15766  -78.3                          75     80  361.5         361.5
  112.0  15918  -77.6                          80     79  365.5         365.5
  101.0  16513  -75.0                          70     25  381.6         381.6
  100.0  16570  -74.7                          75     22  383.1         383.1
   96.0  16806  -75.3                         115     12  386.5         386.5
   91.0  17115  -76.0                         140     21  391.0         391.0
   86.8  17389  -76.7                         119     18  394.9         394.9
   78.0  18010  -74.5                          70     12  411.9         411.9
   71.8  18491  -72.7                          78     17  425.4         425.4
   70.0  18640  -73.9                          80     18  426.0         426.0
   67.0  18895  -73.9                          80     21  431.3         431.3
   64.0  19162  -73.4                         100     26  438.0         438.0
   63.2  19236  -73.3                          98     28  439.9         439.9
   59.2  19624  -66.7                          88     40  463.0         463.0
   58.0  19749  -65.9                          85     44  467.6         467.6
   52.0  20418  -61.5                          95     20  492.6         492.6
   51.5  20477  -61.1                         105     19  494.9         494.9
   50.0  20660  -60.9                         135     16  499.5         499.5
   48.6  20836  -62.3                         140     12  500.3         500.3
   47.0  21044  -61.0                         145      7  508.2         508.2
   45.0  21314  -59.3                         280     12  518.7         518.7
   44.3  21412  -58.7                         277     14  522.5         522.5
   41.0  21897  -59.1                         260     21  533.2         533.2
   39.9  22068  -56.7                         253     19  543.4         543.4
   37.0  22544  -58.1                         235     12  551.6         551.6
   36.6  22613  -58.3                         259     17  552.8         552.8
   36.0  22717  -57.7                         295     24  557.0         557.0
   33.9  23097  -55.5                         287     31  572.4         572.4
   32.0  23462  -57.0                         280     38  578.0         578.0
   30.6  23745  -58.1                         280     40  582.4         582.4
   30.0  23870  -58.1                         280     41  585.7         585.7
   27.0  24533  -58.3                         270     37  603.0         603.0
   24.9  25047  -54.9                         262     33  626.9         626.9
   23.0  25552  -55.9                         255     30  638.2         638.2
   22.0  25835  -56.5                         255     27  644.7         644.7
   21.0  26130  -56.5                         255     23  653.3         653.3
   20.0  26440  -56.5                         270     23  662.5         662.5
   18.6  26901  -56.1                         284     20  677.6         677.6
   18.0  27112  -55.3                         290     19  686.5         686.5
   15.0  28284  -50.9                         270     44  738.0         738.0
   14.9  28327  -50.7                                     739.9         739.9
</PRE><H3>Station information and sounding indices</H3><PRE>
                         Station identifier: WAAA
                             Station number: 97180
                           Observation time: 160809/0000
                           Station latitude: -5.06
                          Station longitude: 119.55
                          Station elevation: 14.0
                            Showalter index: 11.44
                               Lifted index: 6.88
    LIFT computed using virtual temperature: 6.93
                                SWEAT index: 40.99
                                    K index: 12.50
                         Cross totals index: 3.30
                      Vertical totals index: 25.30
                        Totals totals index: 28.60
      Convective Available Potential Energy: 0.00
             CAPE using virtual temperature: 0.00
                      Convective Inhibition: 0.00
             CINS using virtual temperature: 0.00
                     Bulk Richardson Number: 0.00
          Bulk Richardson Number using CAPV: 0.00
  Temp [K] of the Lifted Condensation Level: 283.81
Pres [hPa] of the Lifted Condensation Level: 828.02
     Mean mixed layer potential temperature: 299.56
              Mean mixed layer mixing ratio: 9.86
              1000 hPa to 500 hPa thickness: 5771.00
Precipitable water [mm] for entire sounding: 26.45
</PRE>
<P>Description of the 
<A HREF="/upperair/columns.html">data columns</A>
or <A HREF="/upperair/indices.html">sounding indices</A>.

<P>
<FORM>
<INPUT CLASS="button" TYPE="button" VALUE=" Close this window " 
 onClick="window.close();">
<INPUT CLASS="button" TYPE="button" VALUE=" Select another map " 
 onClick="window.blur();">
</FORM>
<HR SIZE="1">
<I>Interested in graduate studies in atmospheric science?
Check out our program at the
<a href="http://www.uwyo.edu/atsc/howtoapply/"
target=_top>University of Wyoming
</a></I>
<HR SIZE="1"><FONT SIZE="-1">
Questions about the weather data provided by this site can be
addressed to <A HREF="mailto:ldoolman@uwyo.edu">
Larry Oolman (ldoolman@uwyo.edu)</A></FONT>
<HR SIZE="1">
<SCRIPT TYPE="text/javascript">
<!--
window.focus();
// -->
</SCRIPT>
</BODY>
</HTML>
