2018-09-17 00
<HTML>
<TITLE>University of Wyoming - Radiosonde Data</TITLE>
<LINK REL="StyleSheet" HREF="/resources/select.css" TYPE="text/css">
<BODY BGCOLOR="white">
<H2>97180 WAAA Ujung Pandang Observations at 00Z 17 Sep 2018</H2>
<PRE>
-----------------------------------------------------------------------------
   PRES   HGHT   TEMP   DWPT   RELH   MIXR   DRCT   SKNT   THTA   THTE   THTV
    hPa     m      C      C      %    g/kg    deg   knot     K      K      K 
-----------------------------------------------------------------------------
 1010.0     14   26.6   15.6     51  11.15      0      0  298.9  331.7  300.9
 1009.0     22   27.6   17.6     54  12.71     11      0  300.0  337.4  302.3
 1000.0     94   26.8   18.8     62  13.85    115      3  299.9  340.7  302.4
  977.0    300   25.7   17.7     61  13.19    105      7  300.8  339.8  303.2
  925.0    783   23.0   15.0     61  11.72     90     22  302.8  337.8  304.9
  881.0   1206   20.6   12.6     60  10.49     80     26  304.6  336.2  306.5
  850.0   1517   18.8   10.8     60   9.66     80     19  305.8  335.2  307.6
  794.0   2097   15.4    8.8     65   9.06     60      8  308.3  336.1  309.9
  771.0   2347   14.0    8.0     67   8.80     37      8  309.3  336.5  310.9
  749.0   2590   12.4    6.4     67   8.11     15      8  310.1  335.3  311.6
  739.0   2703   10.8    4.8     66   7.34      5      8  309.6  332.4  310.9
  733.0   2771    9.8    3.8     66   6.90      8      8  309.2  330.7  310.5
  700.0   3152    8.2    4.0     75   7.33     25     11  311.5  334.5  312.9
  690.0   3271    8.0    1.0     61   6.00     33     12  312.6  331.6  313.7
  688.0   3295    7.8    1.4     64   6.19     35     12  312.6  332.2  313.8
  681.0   3380    7.0    2.8     75   6.92     36     12  312.6  334.5  314.0
  572.0   4800    0.1   -5.9     64   4.32     50     20  320.5  334.9  321.3
  571.0   4815    0.0   -6.0     64   4.30     50     20  320.6  334.9  321.4
  547.0   5159   -1.3   -9.3     55   3.47     56     19  323.0  334.8  323.7
  527.0   5455   -3.7   -8.5     69   3.84     61     19  323.6  336.6  324.3
  511.0   5698   -5.2  -10.1     69   3.50     65     18  324.6  336.5  325.3
  500.0   5870   -6.3  -11.2     68   3.27     60     15  325.3  336.5  325.9
  471.0   6334   -9.3  -13.5     72   2.88     53     17  327.2  337.2  327.8
  438.0   6891  -11.3  -20.4     47   1.73     45     20  331.5  337.8  331.8
  432.0   6997  -11.7  -21.7     43   1.57     52     19  332.3  338.1  332.6
  404.0   7505  -15.5  -22.9     53   1.51     85     12  333.8  339.3  334.1
  400.0   7580  -16.1  -23.1     55   1.50     95     12  334.0  339.5  334.3
  364.0   8285  -22.3  -27.3     64   1.13     83     15  334.8  339.1  335.1
  349.0   8594  -24.7  -30.7     57   0.85     77     17  335.6  338.9  335.8
  340.0   8785  -25.7  -37.7     32   0.44     74     18  336.8  338.5  336.9
  330.0   9002  -26.1  -43.1     19   0.26     70     19  339.1  340.2  339.1
  326.0   9091  -26.3  -45.3     15   0.21     71     20  340.0  340.9  340.1
  305.0   9572  -29.3  -48.3     14   0.16     78     25  342.4  343.0  342.4
  300.0   9690  -30.1  -50.1     12   0.13     80     26  342.8  343.4  342.9
  286.0  10025  -32.7  -52.7     12   0.10     84     27  343.8  344.3  343.9
  251.0  10923  -39.9  -59.9     10   0.05     95     29  346.2  346.4  346.2
  250.0  10950  -40.1                          95     29  346.3         346.3
  234.0  11392  -44.0                         100     20  347.1         347.1
  204.0  12308  -52.0                         100     20  348.4         348.4
  200.0  12440  -53.1                          95     20  348.5         348.5
  169.0  13501  -62.2                          55     31  350.5         350.5
  167.0  13576  -62.9                          55     30  350.6         350.6
  150.0  14230  -67.7                          55     25  353.3         353.3
  132.0  14968  -72.6                          60     27  357.6         357.6
  113.0  15865  -78.6                         115     32  362.7         362.7
  100.0  16570  -83.3                         115     45  366.5         366.5
   91.1  17084  -86.5                         110     42  370.1         370.1
   91.0  17090  -86.5                         110     42  370.2         370.2
   89.7  17169  -86.3                         105     40  372.1         372.1
   89.1  17206  -86.1                         103     39  373.2         373.2
   88.3  17256  -81.7                         100     38  383.0         383.0
   86.6  17366  -77.5                          93     35  393.6         393.6
   82.0  17680  -76.3                          75     28  402.2         402.2
   81.3  17729  -76.1                          73     27  403.6         403.6
   78.0  17971  -72.1                          65     21  416.7         416.7
   74.0  18282  -71.5                          55     14  424.3         424.3
   70.0  18610  -70.9                         110     12  432.4         432.4
   68.0  18781  -71.3                         106     15  435.1         435.1
   66.4  18923  -68.9                         102     17  443.3         443.3
   61.1  19419  -70.1                          90     26  451.3         451.3
   57.0  19833  -69.2                          80     33  462.5         462.5
   56.8  19854  -69.1                          79     33  463.1         463.1
   55.2  20026  -65.7                          67     37  474.6         474.6
   55.0  20048  -65.6                          65     37  475.3         475.3
   50.0  20630  -63.7                          90     41  492.9         492.9
   49.0  20754  -63.0                          90     40  497.4         497.4
   45.4  21224  -60.5                          90     43  514.5         514.5
   35.0  22847  -58.6                          90     54  559.2         559.2
   34.6  22918  -58.5                          89     53  561.2         561.2
   32.4  23330  -57.7                          81     47  574.0         574.0
   32.0  23409  -56.0                          80     46  580.6         580.6
   31.7  23469  -54.7                          84     43  585.6         585.6
   30.0  23820  -54.9                         110     25  594.4         594.4
   28.0  24260  -55.0                         140      7  605.9         605.9
   27.0  24492  -55.1                         135     10  612.0         612.0
   25.0  24984  -55.2                          95      9  625.3         625.3
   24.0  25244  -55.3                          95     16  632.4         632.4
   23.7  25325  -55.3                                     634.6         634.6
</PRE><H3>Station information and sounding indices</H3><PRE>
                         Station identifier: WAAA
                             Station number: 97180
                           Observation time: 180917/0000
                           Station latitude: -5.06
                          Station longitude: 119.55
                          Station elevation: 14.0
                            Showalter index: 2.66
                               Lifted index: 0.79
    LIFT computed using virtual temperature: 0.59
                                SWEAT index: 182.59
                                    K index: 31.70
                         Cross totals index: 17.10
                      Vertical totals index: 25.10
                        Totals totals index: 42.20
      Convective Available Potential Energy: 0.00
             CAPE using virtual temperature: 0.00
                      Convective Inhibition: 0.00
             CINS using virtual temperature: 0.00
                     Bulk Richardson Number: 0.00
          Bulk Richardson Number using CAPV: 0.00
  Temp [K] of the Lifted Condensation Level: 288.97
Pres [hPa] of the Lifted Condensation Level: 870.50
     Mean mixed layer potential temperature: 300.66
              Mean mixed layer mixing ratio: 13.18
              1000 hPa to 500 hPa thickness: 5776.00
Precipitable water [mm] for entire sounding: 45.59
</PRE>
<P>Description of the 
<A HREF="/upperair/columns.html">data columns</A>
or <A HREF="/upperair/indices.html">sounding indices</A>.

<P>
<FORM>
<INPUT CLASS="button" TYPE="button" VALUE=" Close this window " 
 onClick="window.close();">
<INPUT CLASS="button" TYPE="button" VALUE=" Select another map " 
 onClick="window.blur();">
</FORM>
<HR SIZE="1">
<I>Interested in graduate studies in atmospheric science?
Check out our program at the
<a href="http://www.uwyo.edu/atsc/howtoapply/"
target=_top>University of Wyoming
</a></I>
<HR SIZE="1"><FONT SIZE="-1">
Questions about the weather data provided by this site can be
addressed to <A HREF="mailto:ldoolman@uwyo.edu">
Larry Oolman (ldoolman@uwyo.edu)</A></FONT>
<HR SIZE="1">
<SCRIPT TYPE="text/javascript">
<!--
window.focus();
// -->
</SCRIPT>
</BODY>
</HTML>
