2017-09-29 00
<HTML>
<TITLE>University of Wyoming - Radiosonde Data</TITLE>
<LINK REL="StyleSheet" HREF="/resources/select.css" TYPE="text/css">
<BODY BGCOLOR="white">
<H2>97180 WAAA Ujung Pandang Observations at 00Z 29 Sep 2017</H2>
<PRE>
-----------------------------------------------------------------------------
   PRES   HGHT   TEMP   DWPT   RELH   MIXR   DRCT   SKNT   THTA   THTE   THTV
    hPa     m      C      C      %    g/kg    deg   knot     K      K      K 
-----------------------------------------------------------------------------
 1011.0     14   25.0   21.5     81  16.25      0      0  297.2  344.4  300.1
 1004.0     76   25.0   19.0     69  13.97     51      2  297.8  338.5  300.3
 1000.0    112   26.0   18.0     61  13.16     80      3  299.1  337.8  301.5
  979.0    298   25.8   16.5     57  12.19     50      1  300.7  336.8  302.9
  967.0    406   25.6   15.6     54  11.65     16      2  301.6  336.3  303.7
  946.0    597   24.0   14.5     55  11.10    315      4  301.9  335.0  303.9
  925.0    793   22.4   13.4     57  10.55    315      3  302.2  333.7  304.1
  914.0    898   21.5   13.1     59  10.45      0      1  302.4  333.6  304.2
  885.0   1180   19.2   12.2     64  10.18     93      6  302.7  333.2  304.6
  883.0   1199   19.1   12.1     64  10.12    100      6  302.9  333.2  304.7
  850.0   1530   17.8    9.8     59   9.02    110     13  304.8  332.1  306.4
  829.0   1743   16.0    9.0     63   8.76    108     13  305.1  331.7  306.7
  794.0   2108   15.5   -0.6     33   4.63    105     14  308.3  322.9  309.2
  787.0   2182   15.4   -2.6     29   4.03    108     13  309.0  321.9  309.7
  740.0   2697   12.8   -5.2     28   3.52    125      6  311.6  323.0  312.3
  700.0   3162   10.4   -7.6     27   3.10     75      7  314.0  324.2  314.6
  695.0   3222   10.2   -7.8     27   3.07     66      7  314.4  324.6  315.0
  689.0   3294    9.9   -8.1     27   3.02     55      7  314.8  324.8  315.4
  666.0   3576    8.6   -9.4     27   2.83     64      9  316.4  325.9  317.0
  664.0   3601    8.6   -9.6     26   2.78     65      9  316.7  326.0  317.2
  656.0   3701    8.4  -10.6     25   2.61     78      8  317.6  326.4  318.1
  647.0   3815    7.8   -2.2     49   5.06     93      8  318.2  334.7  319.1
  640.0   3905    7.1   -2.3     51   5.08    105      7  318.4  335.0  319.4
  617.0   4205    4.8   -2.5     59   5.17    115      8  319.1  336.0  320.1
  613.0   4259    4.4   -2.6     60   5.18    114      8  319.2  336.2  320.2
  573.0   4806    1.1   -4.4     67   4.83    100      8  321.5  337.5  322.4
  561.0   4977    0.0   -5.0     69   4.73     77     10  322.2  337.9  323.1
  552.0   5106   -1.0   -5.5     72   4.64     60     12  322.5  338.0  323.4
  509.0   5750   -6.1   -7.8     88   4.20     89     14  323.9  338.0  324.7
  500.0   5890   -6.3  -10.6     72   3.43     95     14  325.3  337.0  326.0
  499.0   5906   -6.5  -10.8     72   3.38     96     14  325.2  336.8  325.9
  493.0   6000   -7.1  -11.2     72   3.30    100     15  325.6  337.0  326.3
  479.0   6224   -8.5  -12.3     74   3.12     96     16  326.6  337.4  327.2
  463.0   6486   -9.5  -19.5     44   1.77     92     17  328.5  334.9  328.9
  445.0   6790  -11.5  -20.5     47   1.69     87     19  329.8  335.9  330.1
  439.0   6894  -12.0  -22.7     41   1.42     85     19  330.4  335.5  330.6
  434.0   6982  -12.5  -24.5     36   1.22     82     19  330.9  335.4  331.1
  412.0   7377  -13.9  -26.9     32   1.03     69     19  334.0  337.9  334.2
  405.0   7506  -14.7  -26.0     38   1.14     65     19  334.6  338.9  334.8
  400.0   7600  -15.3  -25.3     42   1.23     65     19  335.0  339.6  335.3
  399.0   7619  -15.5  -25.5     42   1.21     66     19  335.0  339.5  335.2
  393.0   7733  -14.5  -31.5     22   0.70     70     17  337.8  340.5  337.9
  374.0   8106  -16.7  -34.3     20   0.56     85     12  339.7  341.9  339.8
  364.0   8310  -17.9  -35.9     19   0.49     98     12  340.7  342.7  340.8
  345.0   8701  -21.2  -39.7     17   0.35    125     12  341.5  343.0  341.6
  305.0   9599  -28.7  -48.5     13   0.15    105     15  343.2  343.9  343.2
  300.0   9720  -29.7  -49.7     13   0.14    100     14  343.4  344.0  343.4
  268.0  10508  -36.9  -52.8     18   0.11     80     21  344.1  344.6  344.2
  255.0  10855  -40.1  -54.1     21   0.10     76     22  344.4  344.8  344.4
  250.0  10990  -41.1                          75     22  344.8         344.8
  205.0  12306  -52.5                          50     35  347.0         347.0
  200.0  12470  -53.9                          55     36  347.2         347.2
  150.0  14250  -69.7                          65     49  349.8         349.8
  132.0  14991  -74.9                          80     42  353.6         353.6
  122.0  15447  -78.1                          85     39  355.8         355.8
  119.0  15589  -77.3                          80     34  359.7         359.7
  115.0  15784  -76.3                          63     23  365.2         365.2
  113.0  15884  -76.5                          55     17  366.6         366.6
  107.0  16195  -77.3                          65      8  370.8         370.8
  102.0  16467  -78.0                          45      6  374.6         374.6
  100.0  16580  -78.3                           0      8  376.2         376.2
   96.0  16814  -78.6                         340     14  380.1         380.1
   87.0  17379  -79.3                         245     22  389.5         389.5
   82.0  17718  -79.7                         235     21  395.3         395.3
   78.0  18008  -77.5                         265     11  405.4         405.4
   73.0  18391  -74.7                         265     16  419.2         419.2
   71.6  18505  -71.5                         265     17  428.3         428.3
   70.0  18640  -71.7                         265     19  430.7         430.7
   67.0  18898  -71.5                         290     23  436.6         436.6
   64.0  19167  -71.2                         285     16  442.9         442.9
   62.9  19269  -71.1                         274     17  445.4         445.4
   61.0  19449  -72.4                         255     19  446.3         446.3
   58.4  19703  -74.3                         240     22  447.7         447.7
   55.9  19959  -71.1                         225     26  460.6         460.6
   55.0  20055  -71.4                         220     27  462.1         462.1
   53.3  20239  -71.9                         206     19  465.1         465.1
   52.0  20386  -69.6                         195     13  473.8         473.8
   50.1  20608  -66.1                         176      4  487.0         487.0
   50.0  20620  -65.7                         175      3  488.2         488.2
   49.0  20743  -65.5                         210      2  491.6         491.6
   47.0  20996  -65.1                          30      8  498.4         498.4
   45.0  21261  -64.6                          15     15  505.7         505.7
   43.0  21538  -64.2                         340     20  513.5         513.5
   41.0  21827  -63.7                         345     18  521.7         521.7
   39.0  22136  -60.7                         310      6  536.9         536.9
   38.9  22151  -60.5                         301      6  537.7         537.7
   37.0  22460  -61.2                         135      7  543.5         543.5
   33.0  23165  -62.9                         125     31  557.1         557.1
   31.3  23491  -63.7                         100     34  563.5         563.5
   30.0  23750  -63.5                          80     36  571.0         571.0
   29.1  23937  -62.7                          80     39  578.1         578.1
   23.0  25402  -58.9                          80     63  629.5         629.5
   22.6  25511  -58.6                          80     63  633.5         633.5
   21.9  25707  -58.1                          83     63  640.8         640.8
   20.0  26280  -56.7                          90     63  661.9         661.9
   16.0  27721  -50.3                          85     63  726.2         726.2
   15.0  28137  -48.5                                     745.8         745.8
</PRE><H3>Station information and sounding indices</H3><PRE>
                         Station identifier: WAAA
                             Station number: 97180
                           Observation time: 170929/0000
                           Station latitude: -5.06
                          Station longitude: 119.55
                          Station elevation: 14.0
                            Showalter index: 4.03
                               Lifted index: 1.74
    LIFT computed using virtual temperature: 1.62
                                SWEAT index: 157.60
                                    K index: 15.90
                         Cross totals index: 16.10
                      Vertical totals index: 24.10
                        Totals totals index: 40.20
      Convective Available Potential Energy: 0.00
             CAPE using virtual temperature: 0.00
                      Convective Inhibition: 0.00
             CINS using virtual temperature: 0.00
                     Bulk Richardson Number: 0.00
          Bulk Richardson Number using CAPV: 0.00
  Temp [K] of the Lifted Condensation Level: 288.22
Pres [hPa] of the Lifted Condensation Level: 867.65
     Mean mixed layer potential temperature: 300.17
              Mean mixed layer mixing ratio: 12.63
              1000 hPa to 500 hPa thickness: 5778.00
Precipitable water [mm] for entire sounding: 37.22
</PRE>
<P>Description of the 
<A HREF="/upperair/columns.html">data columns</A>
or <A HREF="/upperair/indices.html">sounding indices</A>.

<P>
<FORM>
<INPUT CLASS="button" TYPE="button" VALUE=" Close this window " 
 onClick="window.close();">
<INPUT CLASS="button" TYPE="button" VALUE=" Select another map " 
 onClick="window.blur();">
</FORM>
<HR SIZE="1">
<I>Interested in graduate studies in atmospheric science?
Check out our program at the
<a href="http://www.uwyo.edu/atsc/howtoapply/"
target=_top>University of Wyoming
</a></I>
<HR SIZE="1"><FONT SIZE="-1">
Questions about the weather data provided by this site can be
addressed to <A HREF="mailto:ldoolman@uwyo.edu">
Larry Oolman (ldoolman@uwyo.edu)</A></FONT>
<HR SIZE="1">
<SCRIPT TYPE="text/javascript">
<!--
window.focus();
// -->
</SCRIPT>
</BODY>
</HTML>
