2018-12-01 00
<HTML>
<TITLE>University of Wyoming - Radiosonde Data</TITLE>
<LINK REL="StyleSheet" HREF="/resources/select.css" TYPE="text/css">
<BODY BGCOLOR="white">
<H2>97180 WAAA Ujung Pandang Observations at 00Z 01 Dec 2018</H2>
<PRE>
-----------------------------------------------------------------------------
   PRES   HGHT   TEMP   DWPT   RELH   MIXR   DRCT   SKNT   THTA   THTE   THTV
    hPa     m      C      C      %    g/kg    deg   knot     K      K      K 
-----------------------------------------------------------------------------
 1010.0     14   25.4   23.7     90  18.67      0      0  297.7  352.1  301.0
 1005.0     56   25.2   22.1     83  16.98     60      1  297.9  347.4  300.9
 1002.0     81   26.4   20.4     70  15.30     96      2  299.4  344.3  302.1
 1000.0     98   26.6   20.6     70  15.53    120      2  299.8  345.4  302.5
  978.0    294   25.3   20.2     73  15.46    350      1  300.4  345.9  303.2
  945.0    596   23.4   19.5     79  15.35    300      5  301.4  346.8  304.2
  925.0    784   22.2   19.1     83  15.29    270      6  302.0  347.3  304.8
  913.0    897   21.4   18.6     85  15.06    270      7  302.3  347.0  305.0
  880.0   1216   19.0   17.4     90  14.42    275      9  303.0  345.9  305.6
  850.0   1513   17.4   15.3     87  13.03    280     10  304.4  343.4  306.7
  822.0   1796   16.1   13.8     86  12.21    280     10  305.9  342.8  308.2
  700.0   3154   10.0    6.6     79   8.81    250      9  313.5  341.2  315.2
  688.0   3297    9.3    5.8     78   8.46    245      7  314.3  341.0  315.9
  645.0   3832    6.8    2.7     75   7.26    285      4  317.3  340.6  318.7
  640.0   3895    6.4    2.5     76   7.18    290      4  317.5  340.6  318.9
  616.0   4206    4.3    1.2     80   6.82    350      3  318.6  340.7  320.0
  594.0   4502    2.3    0.0     85   6.49    320      1  319.7  340.8  320.9
  572.0   4809    0.3   -1.2     90   6.15    205      2  320.8  340.9  321.9
  569.0   4852    0.0   -1.4     90   6.11    214      2  320.9  340.9  322.1
  552.0   5093   -1.2   -2.6     90   5.75    265      2  322.3  341.3  323.4
  511.0   5707   -4.2   -5.7     89   4.91    255      4  325.8  342.3  326.7
  500.0   5880   -5.1   -6.6     89   4.69    265      5  326.8  342.7  327.7
  456.0   6596   -8.8  -11.5     81   3.51    275      7  330.8  343.1  331.5
  442.0   6839  -10.1  -13.1     79   3.17    248      4  332.2  343.3  332.8
  438.0   6908  -10.5  -13.5     79   3.10    240      3  332.5  343.4  333.1
  422.0   7192  -12.3  -15.1     80   2.81    270      2  333.7  343.8  334.3
  405.0   7505  -14.3  -16.9     80   2.52    225      3  335.1  344.2  335.6
  400.0   7600  -14.9  -17.5     81   2.43    240      3  335.5  344.3  336.0
  389.0   7809  -16.2  -19.2     77   2.16    285      4  336.5  344.4  336.9
  374.0   8103  -18.1  -21.7     73   1.81    265      3  337.9  344.6  338.2
  359.0   8409  -20.0  -24.3     68   1.50    215      2  339.3  344.9  339.6
  346.0   8685  -21.7  -26.6     65   1.26    206      1  340.5  345.3  340.8
  345.0   8706  -21.9  -26.8     64   1.25    205      1  340.6  345.3  340.8
  305.0   9600  -28.8  -34.6     57   0.67    240      7  343.1  345.8  343.2
  300.0   9720  -29.7  -35.7     56   0.61    235      9  343.4  345.9  343.5
  286.0  10061  -32.9  -37.5     63   0.53    217      6  343.6  345.7  343.7
  269.0  10489  -36.1  -42.8     50   0.33    195      2  345.0  346.3  345.0
  257.0  10808  -38.5  -46.7     42   0.22      0      1  346.0  346.9  346.0
  251.0  10973  -39.7  -48.7     38   0.18      0      1  346.5  347.3  346.6
  250.0  11000  -40.1                           0      1  346.3         346.3
  246.0  11106  -41.0                         340      1  346.5         346.5
  225.0  11694  -46.2                         310      4  347.5         347.5
  215.0  11994  -48.9                         325      7  347.9         347.9
  200.0  12470  -53.1                         315      4  348.5         348.5
  187.0  12893  -57.0                         305      3  349.0         349.0
  170.0  13492  -62.5                         190      2  349.5         349.5
  162.0  13784  -64.9                         200      6  350.3         350.3
  150.0  14250  -68.7                          90     11  351.6         351.6
  146.0  14405  -69.8                          80     19  352.4         352.4
  119.0  15580  -78.2                          50     20  358.2         358.2
  113.0  15878  -80.3                          55     16  359.6         359.6
  107.0  16191  -82.5                          35     10  361.0         361.0
  101.0  16523  -84.9                          75      7  362.4         362.4
  100.0  16580  -85.3                          80      8  362.7         362.7
   91.0  17095  -88.8                          95     21  365.6         365.6
   90.3  17137  -89.1                         100     22  365.9         365.9
   83.4  17567  -88.7                          85     29  375.1         375.1
   79.1  17857  -83.9                          75     34  390.7         390.7
   77.0  18007  -83.7                          70     37  394.2         394.2
   72.2  18366  -83.1                          77     37  402.7         402.7
   70.4  18508  -80.1                          79     37  412.0         412.0
   70.0  18540  -79.7                          80     37  413.6         413.6
   65.5  18916  -79.3                          88     32  422.4         422.4
   62.0  19232  -75.8                          95     28  436.9         436.9
   60.6  19363  -74.3                          88     31  443.0         443.0
   59.0  19519  -74.2                          80     34  446.7         446.7
   53.8  20056  -73.7                          86     46  459.7         459.7
   51.5  20313  -70.9                          88     52  472.0         472.0
   50.0  20490  -66.3                          90     56  486.8         486.8
   49.0  20613  -63.7                          89     55  495.8         495.8
   46.0  21005  -62.2                          85     52  508.4         508.4
   42.0  21568  -60.0                          85     14  527.1         527.1
   40.0  21871  -58.9                         260      8  537.4         537.4
   36.5  22442  -61.1                         243     22  546.0         546.0
   36.0  22528  -60.9                         240     24  548.8         548.8
   33.7  22939  -59.7                         206     19  562.3         562.3
   33.3  23014  -58.1                         199     18  568.5         568.5
   31.9  23283  -59.1                         177     15  572.8         572.8
   31.3  23402  -59.7                         167     13  574.3         574.3
   30.9  23482  -59.5                         160     12  577.0         577.0
   30.3  23606  -54.7                         150     11  593.2         593.2
   30.0  23670  -53.7                         145     10  597.6         597.6
   29.0  23888  -53.6                         305     15  603.8         603.8
   28.3  24045  -53.5                         297     17  608.2         608.2
   27.2  24302  -49.5                         283     21  626.4         626.4
   25.0  24847  -52.6                         255     30  632.8         632.8
   24.0  25111  -54.1                         245     24  635.9         635.9
   23.6  25220  -54.7                         250     23  637.1         637.1
   22.0  25668  -55.0                         270     19  649.0         649.0
   21.8  25726  -55.1                         277     18  650.5         650.5
   20.0  26280  -51.9                         345      9  676.6         676.6
   18.0  26967  -49.5                         345     13  704.7         704.7
   17.5  27151  -48.9                                     712.4         712.4
</PRE><H3>Station information and sounding indices</H3><PRE>
                         Station identifier: WAAA
                             Station number: 97180
                           Observation time: 181201/0000
                           Station latitude: -5.06
                          Station longitude: 119.55
                          Station elevation: 14.0
                            Showalter index: 0.42
                               Lifted index: -0.64
    LIFT computed using virtual temperature: -0.78
                                SWEAT index: 208.60
                                    K index: 34.40
                         Cross totals index: 20.40
                      Vertical totals index: 22.50
                        Totals totals index: 42.90
      Convective Available Potential Energy: 57.20
             CAPE using virtual temperature: 76.95
                      Convective Inhibition: -99.85
             CINS using virtual temperature: -70.44
                           Equilibrum Level: 444.39
 Equilibrum Level using virtual temperature: 403.56
                   Level of Free Convection: 617.83
             LFCT using virtual temperature: 631.97
                     Bulk Richardson Number: 16.01
          Bulk Richardson Number using CAPV: 21.54
  Temp [K] of the Lifted Condensation Level: 292.46
Pres [hPa] of the Lifted Condensation Level: 914.09
     Mean mixed layer potential temperature: 300.07
              Mean mixed layer mixing ratio: 15.70
              1000 hPa to 500 hPa thickness: 5782.00
Precipitable water [mm] for entire sounding: 59.83
</PRE>
<P>Description of the 
<A HREF="/upperair/columns.html">data columns</A>
or <A HREF="/upperair/indices.html">sounding indices</A>.

<P>
<FORM>
<INPUT CLASS="button" TYPE="button" VALUE=" Close this window " 
 onClick="window.close();">
<INPUT CLASS="button" TYPE="button" VALUE=" Select another map " 
 onClick="window.blur();">
</FORM>
<HR SIZE="1">
<I>Interested in graduate studies in atmospheric science?
Check out our program at the
<a href="http://www.uwyo.edu/atsc/howtoapply/"
target=_top>University of Wyoming
</a></I>
<HR SIZE="1"><FONT SIZE="-1">
Questions about the weather data provided by this site can be
addressed to <A HREF="mailto:ldoolman@uwyo.edu">
Larry Oolman (ldoolman@uwyo.edu)</A></FONT>
<HR SIZE="1">
<SCRIPT TYPE="text/javascript">
<!--
window.focus();
// -->
</SCRIPT>
</BODY>
</HTML>
