2017-02-10 12
<HTML>
<TITLE>University of Wyoming - Radiosonde Data</TITLE>
<LINK REL="StyleSheet" HREF="/resources/select.css" TYPE="text/css">
<BODY BGCOLOR="white">
<H2>97180 WAAA Ujung Pandang Observations at 00Z 10 Feb 2017</H2>
<PRE>
-----------------------------------------------------------------------------
   PRES   HGHT   TEMP   DWPT   RELH   MIXR   DRCT   SKNT   THTA   THTE   THTV
    hPa     m      C      C      %    g/kg    deg   knot     K      K      K 
-----------------------------------------------------------------------------
 1008.0     14   25.6   23.0     86  17.91    115      4  298.1  350.3  301.3
 1001.0     72   27.2   22.2     74  17.16    102      5  300.3  350.8  303.3
 1000.0     80   27.4   22.4     74  17.39    100      5  300.6  351.8  303.7
  976.0    295   26.4   20.5     70  15.79    335      5  301.6  348.3  304.4
  946.0    572   25.0   18.0     65  13.92    312     14  302.9  344.4  305.4
  943.0    600   24.8   17.9     66  13.89    310     15  303.0  344.4  305.5
  925.0    770   23.4   17.4     69  13.70    315     17  303.2  344.1  305.7
  850.0   1505   17.8   14.6     82  12.44    290     28  304.8  342.2  307.1
  765.0   2396   11.4   10.9     97  10.82    275     31  307.2  340.1  309.2
  738.0   2695    9.9    8.0     88   9.21    270     32  308.7  337.0  310.4
  737.0   2707    9.8    7.9     88   9.15    270     32  308.7  336.9  310.4
  735.0   2729    9.6    7.2     85   8.74    270     32  308.8  335.7  310.4
  711.0   3005    9.8    6.5     80   8.61    270     33  311.9  338.8  313.5
  700.0   3134    9.2    5.7     79   8.27    270     33  312.6  338.6  314.2
  655.0   3682    5.2    3.6     89   7.62    269     33  314.1  338.2  315.6
  614.0   4209    3.8   -5.2     52   4.25    267     33  318.4  332.4  319.2
  610.0   4262    3.4   -2.6     65   5.21    267     33  318.5  335.5  319.5
  572.0   4781    0.0   -7.0     59   3.98    266     33  320.4  333.7  321.2
  559.0   4964   -1.7   -5.4     76   4.60    265     33  320.5  335.8  321.4
  557.0   4993   -1.7   -3.7     86   5.25    265     33  320.9  338.2  321.9
  550.0   5094   -1.6   -5.0     78   4.83    265     33  322.1  338.1  323.0
  531.0   5374   -1.5   -8.5     59   3.81    279     31  325.5  338.5  326.2
  510.0   5693   -3.6  -10.7     58   3.35    295     29  326.7  338.2  327.3
  500.0   5850   -4.7  -11.7     58   3.14    300     31  327.2  338.1  327.9
  454.0   6604   -9.6  -15.6     62   2.51    285     19  330.3  339.2  330.8
  453.0   6621   -9.7  -15.7     62   2.50    286     19  330.3  339.2  330.8
  406.0   7458  -16.7  -17.4     94   2.42    338     14  331.8  340.4  332.3
  404.0   7495  -17.0  -17.5     96   2.40    340     14  331.8  340.4  332.3
  400.0   7570  -17.7  -17.8     99   2.37    345     14  331.9  340.4  332.4
  388.0   7794  -18.8  -19.5     94   2.12    345     16  333.3  341.0  333.8
  372.0   8105  -20.4  -21.8     88   1.81    315     11  335.3  342.0  335.7
  358.0   8387  -21.8  -23.9     82   1.55    260     10  337.2  342.9  337.5
  332.0   8943  -24.5  -28.1     72   1.15    215     17  340.7  345.1  341.0
  316.0   9297  -27.4  -30.8     73   0.94    185     22  341.5  345.1  341.7
  300.0   9670  -30.5  -33.6     74   0.75    170     19  342.3  345.2  342.4
  294.0   9813  -31.5  -34.3     76   0.72    163     20  342.8  345.7  343.0
  287.0   9983  -33.1  -35.8     77   0.63    154     21  342.9  345.4  343.1
  280.0  10157  -33.7  -40.7     49   0.39    145     22  344.5  346.1  344.6
  251.0  10913  -40.1  -47.1     47   0.22    106     26  345.9  346.9  346.0
  250.0  10940  -40.3                         105     26  346.0         346.0
  244.0  11101  -41.7                         100     27  346.3         346.3
  200.0  12420  -53.5                         130     33  347.9         347.9
  186.0  12870  -57.8                         130     34  348.2         348.2
  153.0  14082  -69.5                         107     39  348.2         348.2
  150.0  14200  -70.9                         105     40  347.8         347.8
  138.0  14678  -74.5                         100     52  349.7         349.7
  115.0  15724  -82.5                          83     64  353.7         353.7
  106.0  16176  -83.1                          75     70  360.9         360.9
  100.0  16500  -83.5                          70     61  366.2         366.2
   95.0  16791  -77.4                          45     31  383.6         383.6
   94.3  16833  -76.5                          35     29  386.1         386.1
   90.0  17104  -75.0                         330     13  394.4         394.4
   87.2  17288  -73.9                         267     11  400.0         400.0
   86.0  17369  -74.2                         240     10  401.1         401.1
   80.3  17769  -75.5                         263     13  406.3         406.3
   76.5  18052  -72.9                         279     15  417.4         417.4
   73.0  18326  -74.8                         295     17  419.1         419.1
   71.3  18463  -75.7                         284     16  419.9         419.9
   70.0  18570  -75.3                         275     15  423.0         423.0
   66.0  18909  -75.3                         300     14  430.1         430.1
   61.5  19315  -75.3                         276     13  438.9         438.9
   57.0  19758  -72.0                         250     12  456.1         456.1
   54.0  20074  -69.6                         210      9  468.7         468.7
   53.9  20085  -69.5                         211      9  469.1         469.1
   51.0  20413  -69.3                         250      4  476.9         476.9
   50.0  20530  -69.3                         285      4  479.8         479.8
   49.0  20650  -69.5                         315      2  482.0         482.0
   46.1  21014  -70.3                         262      6  488.6         488.6
   46.0  21027  -70.0                         260      6  489.6         489.6
   44.3  21253  -64.9                         252     10  507.4         507.4
   42.4  21522  -62.7                         243     15  519.2         519.2
   40.0  21880  -63.6                         230     21  525.7         525.7
   38.6  22099  -64.1                         216     20  529.8         529.8
   38.0  22196  -63.2                         210     20  534.4         534.4
   36.0  22531  -60.1                         155     10  550.8         550.8
   35.4  22635  -59.1                         134      7  556.0         556.0
   35.0  22706  -59.1                         120      5  557.7         557.7
   33.0  23074  -59.4                         290      3  566.4         566.4
   31.0  23465  -59.7                         300     16  575.8         575.8
   30.0  23670  -59.9                         285     27  580.8         580.8
   29.0  23881  -60.0                         260     31  586.2         586.2
   22.7  25408  -60.5                         198     15  627.1         627.1
   22.0  25604  -59.9                         190     13  634.6         634.6
   21.0  25895  -59.0                         240      7  645.7         645.7
   20.0  26200  -58.1                         240      6  657.6         657.6
   19.0  26529  -57.0                         220      3  670.8         670.8
   17.0  27242  -54.5                          25      7  700.3         700.3
   15.0  28045  -51.8                          40     14  734.9         734.9
   14.0  28487  -50.3                         320     32  754.7         754.7
   13.9  28533  -50.1                                     756.8         756.8
</PRE><H3>Station information and sounding indices</H3><PRE>
                         Station identifier: WAAA
                             Station number: 97180
                           Observation time: 170210/0000
                           Station latitude: -5.06
                          Station longitude: 119.55
                          Station elevation: 14.0
                            Showalter index: 1.31
                               Lifted index: -1.14
    LIFT computed using virtual temperature: -1.59
                                SWEAT index: 262.19
                                    K index: 33.60
                         Cross totals index: 19.30
                      Vertical totals index: 22.50
                        Totals totals index: 41.80
      Convective Available Potential Energy: 580.44
             CAPE using virtual temperature: 687.07
                      Convective Inhibition: -56.23
             CINS using virtual temperature: -41.03
                           Equilibrum Level: 145.70
 Equilibrum Level using virtual temperature: 145.59
                   Level of Free Convection: 831.86
             LFCT using virtual temperature: 845.93
                     Bulk Richardson Number: 7.60
          Bulk Richardson Number using CAPV: 9.00
  Temp [K] of the Lifted Condensation Level: 292.59
Pres [hPa] of the Lifted Condensation Level: 903.05
     Mean mixed layer potential temperature: 301.26
              Mean mixed layer mixing ratio: 16.06
              1000 hPa to 500 hPa thickness: 5770.00
Precipitable water [mm] for entire sounding: 54.64
</PRE>
<P>Description of the 
<A HREF="/upperair/columns.html">data columns</A>
or <A HREF="/upperair/indices.html">sounding indices</A>.

<P>
<FORM>
<INPUT CLASS="button" TYPE="button" VALUE=" Close this window " 
 onClick="window.close();">
<INPUT CLASS="button" TYPE="button" VALUE=" Select another map " 
 onClick="window.blur();">
</FORM>
<HR SIZE="1">
<I>Interested in graduate studies in atmospheric science?
Check out our program at the
<a href="http://www.uwyo.edu/atsc/howtoapply/"
target=_top>University of Wyoming
</a></I>
<HR SIZE="1"><FONT SIZE="-1">
Questions about the weather data provided by this site can be
addressed to <A HREF="mailto:ldoolman@uwyo.edu">
Larry Oolman (ldoolman@uwyo.edu)</A></FONT>
<HR SIZE="1">
<SCRIPT TYPE="text/javascript">
<!--
window.focus();
// -->
</SCRIPT>
</BODY>
</HTML>
