2017-08-02 00
<HTML>
<TITLE>University of Wyoming - Radiosonde Data</TITLE>
<LINK REL="StyleSheet" HREF="/resources/select.css" TYPE="text/css">
<BODY BGCOLOR="white">
<H2>97180 WAAA Ujung Pandang Observations at 00Z 02 Aug 2017</H2>
<PRE>
-----------------------------------------------------------------------------
   PRES   HGHT   TEMP   DWPT   RELH   MIXR   DRCT   SKNT   THTA   THTE   THTV
    hPa     m      C      C      %    g/kg    deg   knot     K      K      K 
-----------------------------------------------------------------------------
 1011.0     14   23.2   19.0     77  13.87      0      0  295.4  335.4  297.9
 1000.0    108   25.8   17.8     61  12.99     95      6  298.9  337.1  301.3
  997.0    135   26.2   18.2     61  13.37     94      6  299.6  338.9  302.0
  979.0    294   25.1   16.8     60  12.43     85      8  300.0  336.7  302.2
  930.0    745   21.8   12.8     57  10.08     62      5  301.1  331.1  303.0
  925.0    792   21.6   12.6     57  10.00     60      5  301.4  331.2  303.2
  914.0    896   21.1   11.7     55   9.51     50      6  301.9  330.3  303.6
  850.0   1526   18.0    6.0     45   6.94     85      8  305.0  326.3  306.3
  845.0   1577   18.2    4.2     39   6.15     88      7  305.7  324.7  306.9
  823.0   1801   16.6    3.0     40   5.80    100      5  306.3  324.3  307.4
  795.0   2095   14.4    1.4     41   5.35     28      2  307.0  323.8  308.0
  794.0   2106   14.4    1.2     41   5.28     25      2  307.1  323.6  308.1
  779.0   2267   14.0   -2.0     33   4.26      3      4  308.4  321.9  309.2
  772.0   2343   13.8   -3.2     31   3.93    353      4  309.0  321.5  309.7
  769.0   2376   13.6   -4.4     28   3.60    348      5  309.1  320.7  309.8
  767.0   2398   13.4   -4.6     28   3.56    345      5  309.1  320.6  309.8
  766.0   2408   13.2    4.2     54   6.79    345      5  309.0  330.2  310.3
  755.0   2530   13.0   -6.0     26   3.25    344      6  310.1  320.6  310.7
  740.0   2698   12.2  -13.8     15   1.79    343      6  311.0  317.0  311.3
  731.0   2801   12.2  -15.8     13   1.53    342      7  312.1  317.3  312.4
  723.0   2893   11.8  -11.2     19   2.26    342      7  312.6  320.2  313.1
  715.0   2985   10.8   -0.2     47   5.30    341      7  312.5  329.4  313.5
  704.0   3115   10.4   -3.6     37   4.18    340      8  313.5  327.0  314.2
  700.0   3162   10.2   -5.8     32   3.56    340      8  313.8  325.4  314.4
  697.0   3198   10.0   -7.0     30   3.26    339      8  313.9  324.6  314.5
  696.0   3210   10.0   -7.0     30   3.27    338      8  314.0  324.8  314.7
  694.0   3234    9.8    1.8     57   6.32    338      8  314.1  334.2  315.3
  683.0   3366    9.8    4.8     71   7.96    333      8  315.5  340.8  317.0
  664.0   3599    7.8    3.6     75   7.54    325      8  315.9  339.9  317.3
  641.0   3890    5.4    2.2     80   7.05    315      5  316.3  338.8  317.6
  611.0   4281    2.4   -0.8     79   5.94    254      5  317.2  336.4  318.3
  602.0   4401    1.8   -6.2     55   4.02    235      5  317.9  331.1  318.6
  595.0   4495    1.4   -5.7     59   4.23    220      5  318.5  332.5  319.3
  586.0   4618    1.0   -5.0     64   4.52    222      5  319.4  334.3  320.2
  582.0   4673    1.2   -9.8     44   3.14    223      5  320.2  330.8  320.8
  573.0   4798    0.4   -7.9     54   3.71    225      5  320.7  333.1  321.4
  569.0   4854    0.0   -7.0     59   4.00    233      4  320.9  334.2  321.7
  552.0   5096   -1.4   -7.7     62   3.90    270      2  322.1  335.2  322.8
  543.0   5227   -2.1   -8.1     63   3.85    331      2  322.7  335.7  323.5
  531.0   5405   -2.8  -11.4     51   3.02     55      2  324.0  334.4  324.6
  521.0   5556   -3.3  -14.3     42   2.44     99      3  325.1  333.6  325.6
  500.0   5880   -4.9  -16.9     38   2.05    195      4  327.0  334.2  327.4
  493.0   5990   -5.5  -17.4     39   1.99    205      6  327.6  334.6  328.0
  439.0   6891  -10.6  -21.6     40   1.55    320      3  332.2  337.9  332.5
  436.0   6944  -10.9  -21.9     40   1.53    332      3  332.4  338.1  332.8
  422.0   7193  -12.8  -23.4     41   1.38     30      4  333.1  338.2  333.4
  405.0   7505  -15.2  -25.3     42   1.21    355      3  334.0  338.5  334.2
  400.0   7600  -15.9  -25.9     42   1.16      0      4  334.2  338.6  334.5
  390.0   7790  -17.5  -26.4     46   1.14     30      5  334.5  338.8  334.8
  383.0   7925  -18.7  -26.7     49   1.13     56      6  334.7  339.0  335.0
  374.0   8102  -19.3  -31.8     32   0.72     90      7  336.2  339.0  336.4
  371.0   8162  -19.5  -33.5     28   0.61     92      8  336.7  339.1  336.9
  359.0   8403  -21.5  -34.6     30   0.57    100     14  337.3  339.5  337.4
  331.0   8997  -26.3  -37.3     35   0.47     84     19  338.6  340.4  338.6
  317.0   9307  -28.8  -36.1     49   0.56     75     22  339.3  341.5  339.4
  308.0   9513  -30.5  -35.3     63   0.62     62     24  339.7  342.2  339.8
  300.0   9700  -30.9  -38.9     45   0.44     50     25  341.7  343.5  341.8
  296.0   9795  -31.7  -39.7     45   0.41     48     25  341.9  343.6  342.0
  292.0   9891  -32.6  -40.2     47   0.40     45     25  341.9  343.6  342.0
  277.0  10262  -36.1  -42.1     54   0.34     45     31  342.1  343.5  342.1
  254.0  10861  -39.9  -49.9     34   0.16     45     42  345.0  345.7  345.1
  250.0  10970  -40.9                          45     44  345.1         345.1
  214.0  12001  -48.7                          45     60  348.7         348.7
  200.0  12450  -52.1                          50     69  350.1         350.1
  186.0  12913  -55.0                          65     66  352.8         352.8
  178.0  13194  -56.7                          66     62  354.4         354.4
  150.0  14250  -66.7                          70     47  355.0         355.0
  147.0  14371  -67.9                          74     42  355.0         355.0
  139.0  14706  -69.0                          85     30  358.8         358.8
  135.0  14880  -69.5                          93     19  360.9         360.9
  132.0  15010  -70.5                         100     11  361.4         361.4
  120.0  15564  -74.8                         250      7  363.5         363.5
  114.0  15862  -77.1                         270     11  364.6         364.6
  109.0  16122  -79.1                         260     11  365.5         365.5
  102.0  16498  -79.6                         225     10  371.6         371.6
  100.0  16610  -79.7                         200     10  373.5         373.5
   97.0  16783  -79.7                         160      9  376.7         376.7
   92.0  17083  -79.8                         125      1  382.3         382.3
   87.0  17400  -79.9                           5      9  388.3         388.3
   84.4  17572  -79.9                         349     12  391.6         391.6
   83.0  17669  -78.4                         340     13  396.6         396.6
   78.7  17975  -73.5                         289     16  412.8         412.8
   78.0  18027  -73.6                         280     16  413.7         413.7
   71.0  18577  -74.2                         245     20  423.6         423.6
   70.0  18660  -74.3                         240     18  425.1         425.1
   69.5  18702  -74.3                         240     18  426.0         426.0
   64.0  19193  -70.4                         245     12  444.7         444.7
   61.0  19479  -68.1                         295     11  455.9         455.9
   58.7  19708  -66.3                         306     19  465.0         465.0
   58.0  19781  -66.1                         310     21  467.2         467.2
   50.0  20690  -63.1                         275     30  494.4         494.4
   47.0  21071  -61.7                         269     31  506.5         506.5
   45.0  21339  -63.0                         265     31  509.8         509.8
   44.5  21408  -63.3                         260     29  510.6         510.6
   43.0  21619  -62.8                         245     21  516.8         516.8
   41.0  21913  -62.2                         185     15  525.5         525.5
   38.0  22381  -61.1                         129     25  539.8         539.8
   36.9  22565  -58.5                         108     29  551.0         551.0
   36.0  22719  -58.6                          90     32  554.5         554.5
   32.0  23456  -59.3                          60     38  571.7         571.7
   30.0  23860  -59.7                          80     32  581.3         581.3
   28.0  24289  -60.3                          95     43  591.1         591.1
   25.8  24798  -61.1                          93     44  602.9         602.9
   23.6  25349  -61.7                          90     46  616.7         616.7
   20.0  26380  -58.5                          85     49  656.4         656.4
   18.0  27052  -55.1                          85     54  687.1         687.1
   16.2  27725  -51.7                          99     58  719.2         719.2
   15.0  28223  -52.1                         110     61  734.0         734.0
   14.3  28533  -52.3                          89     58  743.3         743.3
   14.0                                        80     56                     
</PRE><H3>Station information and sounding indices</H3><PRE>
                         Station identifier: WAAA
                             Station number: 97180
                           Observation time: 170802/0000
                           Station latitude: -5.06
                          Station longitude: 119.55
                          Station elevation: 14.0
                            Showalter index: 8.27
                               Lifted index: 3.55
    LIFT computed using virtual temperature: 3.23
                                SWEAT index: 92.01
                                    K index: 12.90
                         Cross totals index: 10.90
                      Vertical totals index: 22.90
                        Totals totals index: 33.80
      Convective Available Potential Energy: 0.00
             CAPE using virtual temperature: 0.00
                      Convective Inhibition: 0.00
             CINS using virtual temperature: 0.00
                     Bulk Richardson Number: 0.00
          Bulk Richardson Number using CAPV: 0.00
  Temp [K] of the Lifted Condensation Level: 288.31
Pres [hPa] of the Lifted Condensation Level: 875.64
     Mean mixed layer potential temperature: 299.47
              Mean mixed layer mixing ratio: 12.56
              1000 hPa to 500 hPa thickness: 5772.00
Precipitable water [mm] for entire sounding: 36.45
</PRE>
<P>Description of the 
<A HREF="/upperair/columns.html">data columns</A>
or <A HREF="/upperair/indices.html">sounding indices</A>.

<P>
<FORM>
<INPUT CLASS="button" TYPE="button" VALUE=" Close this window " 
 onClick="window.close();">
<INPUT CLASS="button" TYPE="button" VALUE=" Select another map " 
 onClick="window.blur();">
</FORM>
<HR SIZE="1">
<I>Interested in graduate studies in atmospheric science?
Check out our program at the
<a href="http://www.uwyo.edu/atsc/howtoapply/"
target=_top>University of Wyoming
</a></I>
<HR SIZE="1"><FONT SIZE="-1">
Questions about the weather data provided by this site can be
addressed to <A HREF="mailto:ldoolman@uwyo.edu">
Larry Oolman (ldoolman@uwyo.edu)</A></FONT>
<HR SIZE="1">
<SCRIPT TYPE="text/javascript">
<!--
window.focus();
// -->
</SCRIPT>
</BODY>
</HTML>
