2018-11-07 12
<HTML>
<TITLE>University of Wyoming - Radiosonde Data</TITLE>
<LINK REL="StyleSheet" HREF="/resources/select.css" TYPE="text/css">
<BODY BGCOLOR="white">
<H2>97180 WAAA Ujung Pandang Observations at 00Z 07 Nov 2018</H2>
<PRE>
-----------------------------------------------------------------------------
   PRES   HGHT   TEMP   DWPT   RELH   MIXR   DRCT   SKNT   THTA   THTE   THTV
    hPa     m      C      C      %    g/kg    deg   knot     K      K      K 
-----------------------------------------------------------------------------
 1009.0     14   25.6   23.4     88  18.34      0      0  298.0  351.4  301.2
 1000.0     88   26.6   21.6     74  16.54    125      4  299.8  348.3  302.7
  976.0    301   25.5   20.7     75  16.02     20      5  300.7  347.9  303.6
  944.0    594   23.9   19.5     76  15.32      0      4  302.0  347.4  304.8
  925.0    772   23.0   18.7     77  14.90     15      4  302.8  347.2  305.5
  912.0    895   22.3   18.0     77  14.46     65      4  303.3  346.5  305.9
  851.0   1496   18.9   14.7     77  12.47     85      7  305.8  343.4  308.1
  850.0   1506   18.8   14.6     77  12.44     85      7  305.8  343.4  308.1
  821.0   1801   17.1   13.2     78  11.79     70      5  307.0  342.9  309.2
  730.0   2800   11.2    8.7     85   9.76     85      9  311.1  341.4  312.9
  700.0   3151    9.6    5.9     78   8.39     90     11  313.1  339.4  314.7
  666.0   3563    7.8    0.8     61   6.13    101      9  315.6  335.2  316.7
  643.0   3852    6.0    2.0     76   6.92    109      8  316.7  338.9  318.0
  639.0   3903    5.8    1.4     73   6.65    110      8  317.0  338.4  318.3
  607.0   4322    4.0   -4.0     56   4.71     99      9  319.6  335.2  320.6
  594.0   4497    2.6   -3.2     66   5.12     95     10  320.0  336.8  321.0
  585.0   4621    1.6   -2.6     74   5.43     99     11  320.2  338.1  321.3
  574.0   4774    1.2   -5.8     60   4.35    104     11  321.5  336.0  322.4
  569.0   4844    0.8   -8.2     51   3.64    106     12  321.8  334.1  322.6
  565.0   4900    0.4   -5.6     64   4.48    108     12  322.0  337.0  322.9
  564.0   4915    0.2   -4.1     73   5.03    109     12  321.9  338.6  322.9
  555.0   5043    0.4  -18.6     23   1.60    113     13  323.7  329.3  324.0
  550.0   5116    0.0  -18.0     24   1.70    115     13  324.0  330.0  324.4
  539.0   5277   -1.7  -11.7     46   2.91    121     14  323.9  333.9  324.4
  527.0   5456   -2.5  -14.5     39   2.37    127     15  325.0  333.3  325.5
  517.0   5607   -3.7  -13.7     46   2.58    132     16  325.3  334.3  325.9
  511.0   5699   -4.7  -10.7     63   3.33    135     16  325.2  336.6  325.9
  508.0   5745   -4.9   -9.7     69   3.63    134     16  325.5  337.9  326.2
  501.0   5854   -4.5  -15.5     42   2.30    130     15  327.3  335.4  327.8
  500.0   5870   -4.7  -15.7     42   2.26    130     15  327.2  335.2  327.7
  451.0   6673  -10.1  -26.1     26   1.01    122     14  330.2  334.0  330.5
  439.0   6881  -11.3  -26.3     28   1.02    120     14  331.3  335.1  331.5
  438.0   6898  -11.3  -25.1     31   1.15    120     14  331.6  335.8  331.8
  434.0   6969  -11.1  -20.1     47   1.80    116     15  332.6  339.2  333.0
  432.0   7004  -11.3  -17.3     61   2.29    114     15  332.8  341.1  333.3
  427.0   7093  -11.7  -21.7     43   1.59    109     16  333.4  339.2  333.7
  422.0   7183  -12.7  -23.7     39   1.35    103     16  333.3  338.2  333.5
  418.0   7256  -13.3  -27.3     30   0.98     99     17  333.4  337.1  333.6
  408.0   7440  -14.3  -20.3     60   1.88     88     19  334.4  341.3  334.8
  405.0   7496  -14.8  -19.7     66   1.99     85     19  334.5  341.8  334.9
  400.0   7590  -15.5  -18.8     76   2.18     90     21  334.8  342.7  335.2
  397.0   7647  -15.9  -19.2     76   2.12     90     21  335.0  342.7  335.4
  389.0   7801  -16.3  -22.3     60   1.65     91     21  336.4  342.5  336.7
  387.0   7839  -16.7  -21.6     66   1.77     91     21  336.4  342.9  336.7
  386.0   7859  -16.9  -21.9     65   1.73     91     21  336.3  342.7  336.7
  385.0   7878  -16.7  -23.7     55   1.48     91     21  336.9  342.4  337.2
  383.0   7918  -16.5  -28.5     35   0.96     91     21  337.6  341.3  337.8
  382.0   7937  -16.3  -34.3     20   0.55     91     21  338.1  340.3  338.2
  379.0   7997  -16.7  -40.7     11   0.29     91     21  338.4  339.6  338.4
  376.0   8056  -17.1  -34.1     21   0.57     91     21  338.6  340.9  338.7
  369.0   8197  -18.1  -32.1     28   0.71     92     21  339.1  341.9  339.2
  364.0   8299  -18.9  -38.9     15   0.36     92     21  339.4  340.8  339.4
  347.0   8654  -21.7  -43.7     12   0.23     93     20  340.2  341.2  340.3
  329.0   9044  -25.1  -28.9     71   1.07     94     20  340.8  344.9  341.0
  328.0   9066  -25.1  -27.8     78   1.19     94     20  341.1  345.7  341.3
  321.0   9223  -25.9  -28.9     76   1.10     95     20  342.1  346.3  342.3
  318.0   9291  -26.3  -29.4     75   1.06     95     20  342.5  346.6  342.7
  316.0   9337  -26.5  -29.8     74   1.03     96     20  342.8  346.8  343.0
  313.0   9405  -27.1  -30.3     74   0.99     98     20  342.9  346.8  343.1
  311.0   9452  -27.7  -30.7     76   0.96     99     20  342.7  346.4  342.9
  309.0   9498  -27.7  -30.9     74   0.95    100     20  343.3  347.0  343.5
  308.0   9521  -27.9  -31.1     74   0.93    100     19  343.4  347.0  343.5
  307.0   9545  -28.3  -31.2     76   0.93    101     19  343.1  346.7  343.3
  306.0   9568  -28.5  -31.2     78   0.93    102     19  343.1  346.8  343.3
  305.0   9592  -28.5  -31.7     74   0.89    102     19  343.5  347.0  343.6
  304.0   9615  -28.9  -32.2     73   0.85    103     19  343.2  346.6  343.4
  303.0   9639  -29.3  -32.0     77   0.87    103     19  343.0  346.4  343.2
  302.0   9663  -29.3  -46.3     18   0.20    104     19  343.3  344.2  343.4
  301.0   9686  -29.5  -49.5     13   0.14    104     19  343.4  344.0  343.4
  300.0   9710  -29.7  -51.7     10   0.11    105     19  343.4  343.9  343.4
  299.0   9734  -30.1  -50.1     12   0.13    105     19  343.2  343.7  343.2
  298.0   9757  -30.1  -48.1     16   0.17    104     19  343.5  344.2  343.5
  297.0   9781  -30.3  -45.3     22   0.23    104     18  343.5  344.5  343.6
  296.0   9805  -30.7  -38.7     45   0.46    103     18  343.3  345.2  343.4
  295.0   9829  -30.7  -32.4     85   0.86    103     18  343.6  347.0  343.8
  287.0  10024  -31.7  -35.9     66   0.63     99     16  344.9  347.4  345.1
  284.0  10098  -32.3  -38.3     55   0.50     97     16  345.1  347.1  345.2
  283.0  10122  -32.7  -41.7     40   0.35     97     16  344.9  346.3  344.9
  281.0  10172  -33.1  -43.1     36   0.30     96     15  345.0  346.3  345.1
  280.0  10197  -33.3  -46.3     26   0.21     95     15  345.1  346.0  345.1
  279.0  10222  -33.3  -49.3     19   0.15     95     15  345.4  346.1  345.4
  278.0  10247  -33.7  -41.7     44   0.36     94     14  345.2  346.7  345.3
  257.0  10789  -38.3  -52.2     22   0.12     85      6  346.3  346.8  346.3
  250.0  10980  -39.9  -55.9     16   0.08     60      4  346.6  347.0  346.6
  246.0  11087  -40.8                          35      4  346.9         346.9
  235.0  11390  -43.2                          25      9  347.8         347.8
  225.0  11679  -45.6                          35     12  348.5         348.5
  215.0  11980  -48.0                          25     13  349.3         349.3
  205.0  12296  -50.6                         355     12  350.0         350.0
  200.0  12460  -51.9                         350     11  350.4         350.4
  187.0  12881  -55.5                         325     12  351.3         351.3
  170.0  13477  -60.7                         320     12  352.4         352.4
  162.0  13778  -63.3                         305     15  352.9         352.9
  150.0  14260  -67.5                         305     11  353.6         353.6
  147.0  14376  -68.4                         300      9  354.2         354.2
  139.0  14696  -70.8                         245      2  355.6         355.6
  132.0  14991  -73.0                         120      3  357.0         357.0
  126.0  15258  -75.0                          85      5  358.1         358.1
  119.0  15585  -77.4                         105     12  359.6         359.6
  100.0  16580  -84.9                         105     19  363.4         363.4
   91.5  17067  -88.5                         105     28  365.7         365.7
   86.0  17406  -87.3                          95     40  374.5         374.5
   82.2  17652  -86.5                          86     34  381.1         381.1
   82.0  17666  -86.3                          85     34  381.8         381.8
   76.6  18047  -80.1                          97     32  402.2         402.2
   73.0  18321  -79.3                         105     31  409.4         409.4
   70.0  18560  -78.7                          95     27  415.7         415.7
   67.6  18758  -78.5                          93     28  420.3         420.3
   64.3  19045  -73.7                          91     29  436.9         436.9
   63.0  19164  -73.6                          90     29  439.6         439.6
   57.0  19745  -73.3                         100     48  453.0         453.0
   56.6  19786  -73.3                         100     49  454.0         454.0
   52.5  20229  -68.5                          97     58  475.0         475.0
   50.0  20520  -68.3                          95     64  482.1         482.1
   49.1  20629  -67.7                          94     65  486.1         486.1
   47.5  20830  -63.1                          91     66  501.7         501.7
   44.0  21310  -59.9                          85     70  520.6         520.6
   38.7  22115  -54.5                          81     32  553.7         553.7
   38.0  22232  -54.0                          80     27  557.9         557.9
   36.0  22580  -52.4                          35     13  570.6         570.6
   35.6  22651  -52.1                          13     11  573.3         573.3
   35.0  22761  -52.4                         340      9  575.2         575.2
   33.0  23139  -53.6                         250      9  581.8         581.8
   31.6  23418  -54.5                         241     15  586.7         586.7
   30.0  23750  -54.3                         230     23  596.0         596.0
   29.0  23966  -54.6                         230     19  600.9         600.9
   28.0  24189  -55.0                         240     16  606.0         606.0
   26.0  24660  -55.7                         220     10  616.9         616.9
   25.5  24783  -55.9                         231     11  619.8         619.8
   24.0  25172  -52.7                         265     16  640.0         640.0
   23.3  25361  -51.1                         261     17  650.0         650.0
   20.0  26350  -51.1                         240     21  679.0         679.0
   18.0  27033  -52.1                         170     16  696.5         696.5
   17.7  27142  -52.3                                     699.3         699.3
</PRE><H3>Station information and sounding indices</H3><PRE>
                         Station identifier: WAAA
                             Station number: 97180
                           Observation time: 181107/0000
                           Station latitude: -5.06
                          Station longitude: 119.55
                          Station elevation: 14.0
                            Showalter index: 0.83
                               Lifted index: -0.98
    LIFT computed using virtual temperature: -1.57
                                SWEAT index: 204.18
                                    K index: 34.40
                         Cross totals index: 19.30
                      Vertical totals index: 23.50
                        Totals totals index: 42.80
      Convective Available Potential Energy: 199.26
             CAPE using virtual temperature: 312.50
                      Convective Inhibition: -97.22
             CINS using virtual temperature: -75.82
                           Equilibrum Level: 290.72
 Equilibrum Level using virtual temperature: 290.28
                   Level of Free Convection: 751.17
             LFCT using virtual temperature: 772.64
                     Bulk Richardson Number: 40.34
          Bulk Richardson Number using CAPV: 63.26
  Temp [K] of the Lifted Condensation Level: 293.05
Pres [hPa] of the Lifted Condensation Level: 916.98
     Mean mixed layer potential temperature: 300.41
              Mean mixed layer mixing ratio: 16.25
              1000 hPa to 500 hPa thickness: 5782.00
Precipitable water [mm] for entire sounding: 53.09
</PRE>
<P>Description of the 
<A HREF="/upperair/columns.html">data columns</A>
or <A HREF="/upperair/indices.html">sounding indices</A>.

<P>
<FORM>
<INPUT CLASS="button" TYPE="button" VALUE=" Close this window " 
 onClick="window.close();">
<INPUT CLASS="button" TYPE="button" VALUE=" Select another map " 
 onClick="window.blur();">
</FORM>
<HR SIZE="1">
<I>Interested in graduate studies in atmospheric science?
Check out our program at the
<a href="http://www.uwyo.edu/atsc/howtoapply/"
target=_top>University of Wyoming
</a></I>
<HR SIZE="1"><FONT SIZE="-1">
Questions about the weather data provided by this site can be
addressed to <A HREF="mailto:ldoolman@uwyo.edu">
Larry Oolman (ldoolman@uwyo.edu)</A></FONT>
<HR SIZE="1">
<SCRIPT TYPE="text/javascript">
<!--
window.focus();
// -->
</SCRIPT>
</BODY>
</HTML>
