2016-04-26 00
<HTML>
<TITLE>University of Wyoming - Radiosonde Data</TITLE>
<LINK REL="StyleSheet" HREF="/resources/select.css" TYPE="text/css">
<BODY BGCOLOR="white">
<H2>97180 WAAA Ujung Pandang Observations at 00Z 26 Apr 2016</H2>
<PRE>
-----------------------------------------------------------------------------
   PRES   HGHT   TEMP   DWPT   RELH   MIXR   DRCT   SKNT   THTA   THTE   THTV
    hPa     m      C      C      %    g/kg    deg   knot     K      K      K 
-----------------------------------------------------------------------------
 1009.0     14   26.2   24.5     90  19.63    165      4  298.6  356.0  302.1
 1005.0     49   27.4   21.4     70  16.25    154      4  300.1  347.9  303.0
 1002.0     75   28.2   21.2     66  16.10    146      3  301.2  348.8  304.1
 1000.0     93   28.0   21.0     66  15.93    140      3  301.1  348.2  304.0
  977.0    298   26.7   19.7     65  15.01    130      5  301.8  346.3  304.6
  944.0    600   24.8   17.8     65  13.73     70      8  302.8  343.7  305.3
  925.0    779   23.6   16.6     65  13.01     60      9  303.4  342.3  305.8
  913.0    893   22.8   15.8     65  12.55     55      8  303.8  341.4  306.1
  897.0   1047   21.8   14.8     64  11.94     73      8  304.2  340.1  306.4
  882.0   1193   20.9   13.9     64  11.46     90      8  304.8  339.4  306.9
  863.0   1381   19.8   12.8     64  10.87     93     13  305.6  338.4  307.5
  860.0   1411   19.6   12.6     64  10.77     93     14  305.6  338.2  307.6
  850.0   1512   19.8   11.8     60  10.33     95     17  306.9  338.3  308.8
  835.0   1666   19.8    8.8     49   8.58     98     15  308.4  334.9  310.0
  798.0   2054   17.0   12.0     72  11.16    104      9  309.5  343.8  311.6
  794.0   2097   16.7   11.8     73  11.10    105      8  309.6  343.7  311.7
  766.0   2400   14.8   10.7     77  10.65    170      5  310.7  343.6  312.7
  714.0   2993   10.9    8.4     85   9.80    100      8  312.7  343.3  314.6
  700.0   3160    9.8    7.8     87   9.57     95      7  313.3  343.3  315.1
  684.0   3352    8.4    7.5     94   9.60    108      7  313.8  343.9  315.6
  664.0   3595    7.1    6.1     93   8.96    125      7  315.1  343.4  316.8
  617.0   4195    4.0    2.6     90   7.52     80      8  318.2  342.4  319.6
  573.0   4799    0.9   -1.0     87   6.25    125     10  321.3  341.8  322.5
  561.0   4972    0.0   -2.0     86   5.93    114      9  322.2  341.7  323.4
  532.0   5397   -1.6   -4.9     78   5.03     85      8  325.2  342.1  326.2
  527.0   5473   -1.9   -5.4     77   4.88     75      8  325.7  342.2  326.7
  512.0   5702   -3.5   -6.5     80   4.62     45      8  326.4  342.1  327.3
  500.0   5890   -4.9   -7.4     83   4.41     60      9  327.0  342.0  327.9
  474.0   6309   -7.2   -9.7     82   3.88     90     10  329.1  342.5  329.9
  469.0   6392   -7.7  -10.2     82   3.78     87     10  329.6  342.6  330.3
  457.0   6594   -8.6  -12.3     75   3.27     80      9  330.8  342.3  331.5
  439.0   6905  -10.1  -15.6     64   2.61    105      6  332.8  342.1  333.4
  434.0   6994  -10.5  -16.5     61   2.44    104      6  333.4  342.1  333.9
  429.0   7084  -10.7  -20.7     44   1.72    102      7  334.2  340.6  334.6
  406.0   7506  -13.1  -29.0     25   0.86     95      9  336.5  339.8  336.6
  402.0   7582  -13.5  -30.5     22   0.76     98      9  336.9  339.8  337.0
  400.0   7620  -13.7  -31.7     20   0.68    100      9  337.1  339.7  337.2
  373.0   8146  -17.3  -27.3     41   1.10    123     10  339.1  343.3  339.4
  360.0   8409  -19.1  -29.1     41   0.97    135     10  340.2  343.9  340.4
  354.0   8534  -19.9  -29.9     41   0.91    144     10  340.7  344.3  340.9
  349.0   8639  -19.9  -36.9     21   0.47    152     11  342.1  344.0  342.2
  332.0   9004  -22.6  -38.7     22   0.41    180     12  343.4  345.0  343.4
  319.0   9296  -24.7  -40.2     22   0.36    180      9  344.3  345.8  344.4
  311.0   9481  -26.1  -41.1     23   0.34    157      8  344.9  346.3  345.0
  300.0   9740  -27.7  -39.7     31   0.41    125      6  346.2  347.9  346.3
  299.0   9764  -28.1  -39.1     34   0.43    123      6  346.0  347.8  346.1
  297.0   9813  -28.3  -36.3     46   0.58    120      6  346.4  348.7  346.5
  295.0   9861  -28.9  -36.9     46   0.55    117      6  346.2  348.4  346.3
  294.0   9886  -29.0  -37.5     44   0.52    115      6  346.4  348.5  346.5
  293.0   9910  -29.1  -38.1     42   0.49    116      6  346.6  348.6  346.7
  282.0  10184  -31.3  -42.1     34   0.34    125      5  347.2  348.6  347.3
  281.0  10209  -31.5  -42.5     33   0.32    122      5  347.3  348.7  347.4
  268.0  10545  -34.3  -39.1     62   0.48     87      7  347.9  349.9  348.1
  250.0  11030  -38.3  -42.5     65   0.36     35     10  349.0  350.5  349.1
  247.0  11113  -39.0  -43.0     66   0.35     30     11  349.2  350.6  349.2
  243.0  11224  -39.9  -43.7     67   0.33     27     11  349.4  350.8  349.5
  216.0  12008  -46.8                           5     12  350.7         350.7
  207.0  12291  -49.3                         345     10  351.1         351.1
  200.0  12520  -51.3                         345      9  351.4         351.4
  183.0  13090  -56.7                         331      8  351.6         351.6
  171.0  13510  -60.2                         320      8  352.6         352.6
  156.0  14077  -65.0                         250     12  353.8         353.8
  150.0  14320  -67.1                         250     19  354.3         354.3
  147.0  14442  -68.1                         248     19  354.6         354.6
  124.0  15447  -75.7                         228     18  358.5         358.5
  121.0  15587  -76.2                         225     18  360.1         360.1
  115.0  15879  -77.2                         180      7  363.6         363.6
  109.0  16186  -78.2                         165      8  367.2         367.2
  100.0  16680  -79.9                          55      8  373.1         373.1
   98.0  16793  -80.7                          45     11  373.7         373.7
   89.3  17315  -84.3                          30     18  376.6         376.6
   88.0  17397  -83.1                          25     18  380.6         380.6
   85.1  17585  -80.3                         359     13  389.9         389.9
   83.0  17725  -80.8                         340     10  391.7         391.7
   75.0  18294  -82.7                         220      3  399.2         399.2
   71.2  18585  -83.7                         220      4  403.1         403.1
   71.0  18601  -83.7                         220      4  403.4         403.4
   70.0  18680  -83.7                         200      5  405.0         405.0
   65.4  19055  -84.3                         138     13  411.6         411.6
   61.9  19360  -82.5                          88     20  422.1         422.1
   60.3  19507  -77.1                          65     23  437.4         437.4
   60.0  19536  -76.7                          60     24  438.9         438.9
   57.6  19772  -73.3                          36     15  451.7         451.7
   57.0  19833  -73.2                          30     13  453.3         453.3
   55.0  20042  -72.8                          90      3  458.8         458.8
   52.0  20370  -72.3                         150     14  467.5         467.5
   50.1  20588  -71.9                         131     18  473.4         473.4
   50.0  20600  -71.9                         130     18  473.6         473.6
   47.0  20968  -69.1                         100     36  488.9         488.9
   45.6  21148  -67.7                          98     39  496.4         496.4
   42.8  21528  -68.9                          93     44  502.6         502.6
   38.0  22262  -63.2                          85     54  534.4         534.4
   33.0  23132  -56.5                          55     27  574.2         574.2
   32.6  23208  -55.9                          49     26  577.8         577.8
   30.1  23719  -52.9                          12     18  599.2         599.2
   30.0  23740  -52.9                          10     18  599.8         599.8
   29.0  23958  -53.2                         335      7  604.8         604.8
   28.0  24184  -53.5                         225      9  610.0         610.0
   25.8  24710  -54.3                         203     12  622.3         622.3
   25.0  24912  -54.3                         195     13  627.9         627.9
   24.9  24938  -54.3                         201     13  628.6         628.6
   24.3  25095  -51.7                         237     10  640.5         640.5
   24.0  25177  -51.3                         255      9  644.0         644.0
   22.4  25627  -49.1                         283     20  663.3         663.3
   21.0  26050  -49.4                         310     31  674.6         674.6
   20.0  26370  -49.7                         305     38  683.3         683.3
   18.0  27057  -50.2                         275     51  702.5         702.5
   15.8  27908  -50.9                         279     28  727.0         727.0
   15.0  28246  -50.7                         280     19  738.4         738.4
   14.1  28649  -50.5                         280     29  752.4         752.4
   14.0                                       280     30                     
</PRE><H3>Station information and sounding indices</H3><PRE>
                         Station identifier: WAAA
                             Station number: 97180
                           Observation time: 160426/0000
                           Station latitude: -5.06
                          Station longitude: 119.55
                          Station elevation: 14.0
                            Showalter index: 2.69
                               Lifted index: -0.67
    LIFT computed using virtual temperature: -0.87
                                SWEAT index: 184.59
                                    K index: 34.50
                         Cross totals index: 16.70
                      Vertical totals index: 24.70
                        Totals totals index: 41.40
      Convective Available Potential Energy: 56.80
             CAPE using virtual temperature: 82.63
                      Convective Inhibition: -181.22
             CINS using virtual temperature: -141.10
                           Equilibrum Level: 444.00
 Equilibrum Level using virtual temperature: 434.98
                   Level of Free Convection: 692.45
             LFCT using virtual temperature: 699.16
                     Bulk Richardson Number: 28.15
          Bulk Richardson Number using CAPV: 40.95
  Temp [K] of the Lifted Condensation Level: 291.60
Pres [hPa] of the Lifted Condensation Level: 888.97
     Mean mixed layer potential temperature: 301.58
              Mean mixed layer mixing ratio: 15.31
              1000 hPa to 500 hPa thickness: 5797.00
Precipitable water [mm] for entire sounding: 55.22
</PRE>
<P>Description of the 
<A HREF="/upperair/columns.html">data columns</A>
or <A HREF="/upperair/indices.html">sounding indices</A>.

<P>
<FORM>
<INPUT CLASS="button" TYPE="button" VALUE=" Close this window " 
 onClick="window.close();">
<INPUT CLASS="button" TYPE="button" VALUE=" Select another map " 
 onClick="window.blur();">
</FORM>
<HR SIZE="1">
<I>Interested in graduate studies in atmospheric science?
Check out our program at the
<a href="http://www.uwyo.edu/atsc/howtoapply/"
target=_top>University of Wyoming
</a></I>
<HR SIZE="1"><FONT SIZE="-1">
Questions about the weather data provided by this site can be
addressed to <A HREF="mailto:ldoolman@uwyo.edu">
Larry Oolman (ldoolman@uwyo.edu)</A></FONT>
<HR SIZE="1">
<SCRIPT TYPE="text/javascript">
<!--
window.focus();
// -->
</SCRIPT>
</BODY>
</HTML>
