2018-02-18 12
<HTML>
<TITLE>University of Wyoming - Radiosonde Data</TITLE>
<LINK REL="StyleSheet" HREF="/resources/select.css" TYPE="text/css">
<BODY BGCOLOR="white">
<H2>97180 WAAA Ujung Pandang Observations at 00Z 18 Feb 2018</H2>
<PRE>
-----------------------------------------------------------------------------
   PRES   HGHT   TEMP   DWPT   RELH   MIXR   DRCT   SKNT   THTA   THTE   THTV
    hPa     m      C      C      %    g/kg    deg   knot     K      K      K 
-----------------------------------------------------------------------------
 1009.0     14   25.2   23.2     89  18.11      0      0  297.6  350.3  300.8
 1003.0     64   24.8   20.1     75  15.00     47      2  297.7  341.4  300.4
 1000.0     89   24.8   20.1     75  15.05     70      3  297.9  341.8  300.6
  997.0    116   26.2   21.5     75  16.49     61      3  299.6  348.0  302.6
  977.0    293   24.9   21.0     79  16.35      0      0  300.0  348.1  302.9
  944.0    595   22.6   20.2     86  16.11    290      4  300.7  348.1  303.6
  938.0    651   22.2   20.1     88  16.06    293      5  300.8  348.2  303.7
  937.0    661   22.2   20.0     87  15.98    294      5  300.9  348.0  303.8
  925.0    773   22.4   18.4     78  14.62    300      8  302.2  345.6  304.9
  916.0    859   22.6   17.6     73  14.02    302      9  303.3  345.1  305.8
  881.0   1198   20.3   15.7     75  12.87    310     14  304.3  342.9  306.6
  850.0   1510   18.2   13.9     76  11.88    290     19  305.2  341.0  307.4
  783.0   2211   13.4    8.8     74   9.16    278     25  307.3  335.3  309.0
  765.0   2407   13.0    3.8     54   6.63    275     27  308.9  329.5  310.1
  750.0   2575   12.6   -0.4     41   4.98    274     27  310.2  326.0  311.2
  745.0   2631   12.2    3.2     54   6.51    274     26  310.4  330.8  311.6
  740.0   2688   11.6    5.6     67   7.76    273     26  310.3  334.5  311.8
  733.0   2767   11.2    4.2     62   7.10    273     26  310.7  333.0  312.1
  732.0   2779   11.2    4.2     62   7.11    273     26  310.9  333.1  312.2
  728.0   2825   11.6   -1.4     40   4.77    272     26  311.8  327.0  312.7
  727.0   2836   11.6   -3.4     35   4.11    272     26  311.9  325.2  312.7
  712.0   3011   11.2   -7.8     26   3.00    271     25  313.3  323.2  313.9
  701.0   3141   10.6   -2.4     40   4.60    270     25  314.1  328.9  314.9
  700.0   3153   10.6   -0.4     46   5.34    270     25  314.2  331.3  315.2
  692.0   3248   10.4   -7.6     27   3.13    269     24  315.0  325.4  315.6
  667.0   3553    8.2    1.2     61   6.30    267     23  315.9  336.1  317.1
  589.0   4567    1.8   -2.5     73   5.44    259     16  319.8  337.7  320.9
  551.0   5102    0.0   -7.0     59   4.13    255     13  323.9  337.8  324.7
  545.0   5189   -0.5  -10.5     47   3.17    255     12  324.3  335.1  324.9
  531.0   5395   -2.2  -10.4     53   3.28    255     11  324.7  335.9  325.4
  501.0   5854   -5.9  -10.2     72   3.53    299      7  325.6  337.7  326.3
  500.0   5870   -5.9  -10.1     72   3.57    300      7  325.8  338.0  326.5
  492.0   5996   -6.5  -11.0     71   3.38    305      5  326.5  338.2  327.2
  482.0   6156   -7.3  -12.1     69   3.15    284      6  327.5  338.4  328.1
  479.0   6205   -7.7  -12.4     69   3.10    278      7  327.6  338.3  328.2
  472.0   6320   -6.5  -16.5     45   2.24    263      8  330.4  338.4  330.9
  470.0   6353   -6.3  -17.3     41   2.11    258      8  331.1  338.7  331.5
  455.0   6602   -8.3  -17.9     46   2.06    225     10  331.7  339.1  332.1
  438.0   6894  -10.6  -18.7     51   2.01    235      8  332.4  339.7  332.8
  405.0   7495  -15.3  -20.2     66   1.90    320      3  333.8  340.7  334.1
  400.0   7590  -16.1  -20.5     69   1.88    330      2  334.0  340.8  334.4
  389.0   7797  -17.7  -21.7     71   1.75     50      5  334.6  341.0  334.9
  359.0   8394  -22.3  -25.0     79   1.41     65     12  336.1  341.4  336.4
  354.0   8498  -23.1  -25.6     80   1.35     62     13  336.4  341.5  336.7
  331.0   8982  -26.6  -30.1     72   0.96     45     17  338.1  341.8  338.4
  300.0   9690  -31.7  -36.6     62   0.56     65     26  340.6  342.8  340.7
  256.0  10798  -39.9  -45.9     53   0.25     95     36  344.3  345.3  344.3
  250.0  10960  -41.3                         100     37  344.5         344.5
  234.0  11396  -44.9                         105     42  345.6         345.6
  200.0  12430  -53.5                         130     43  347.9         347.9
  186.0  12882  -57.1                         135     43  349.4         349.4
  150.0  14220  -67.7                         100     46  353.3         353.3
  143.0  14507  -70.3                          97     46  353.6         353.6
  119.0  15572  -76.0                          85     44  362.1         362.1
  107.0  16188  -79.4                          50     13  366.9         366.9
  101.0  16522  -81.2                           0      4  369.6         369.6
  100.0  16580  -81.5                         340      3  370.0         370.0
   96.0  16808  -83.0                         245      4  371.4         371.4
   93.8  16938  -83.9                         219      4  372.1         372.1
   91.0  17107  -83.2                         185      3  376.8         376.8
   87.6  17319  -82.3                         273      6  382.7         382.7
   86.0  17421  -83.0                         315      7  383.4         383.4
   82.0  17685  -84.7                         240      3  385.1         385.1
   79.3  17871  -85.9                         150      6  386.3         386.3
   78.0  17962  -85.8                         125     12  388.4         388.4
   73.0  18327  -85.2                         100     31  397.1         397.1
   72.6  18357  -85.1                          97     29  397.9         397.9
   70.0  18560  -81.3                          75     18  410.1         410.1
   67.2  18792  -77.9                          54     18  422.3         422.3
   66.0  18896  -77.1                          45     18  426.3         426.3
   63.5  19119  -75.3                          37     14  434.9         434.9
   63.0  19165  -75.4                          35     13  435.6         435.6
   60.0  19448  -76.1                         305     13  440.2         440.2
   57.0  19745  -76.8                         270     15  445.1         445.1
   56.7  19775  -76.9                         269     15  445.6         445.6
   51.6  20325  -72.9                         248      9  467.1         467.1
   51.0  20393  -72.9                         245      8  468.6         468.6
   50.0  20510  -72.9                         235      7  471.3         471.3
   46.0  21004  -71.0                         130     16  487.2         487.2
   42.0  21543  -68.9                          75     24  505.2         505.2
   39.8  21862  -67.7                          80     28  516.1         516.1
   37.2  22267  -68.3                          86     32  524.6         524.6
   34.3  22755  -65.7                          94     38  543.8         543.8
   32.0  23177  -64.9                         100     43  556.9         556.9
   30.0  23570  -64.1                          90     55  569.3         569.3
   28.0  23993  -63.7                          95     55  581.7         581.7
   25.0  24688  -63.1                                     602.6         602.6
</PRE><H3>Station information and sounding indices</H3><PRE>
                         Station identifier: WAAA
                             Station number: 97180
                           Observation time: 180218/0000
                           Station latitude: -5.06
                          Station longitude: 119.55
                          Station elevation: 14.0
                            Showalter index: 0.58
                               Lifted index: -1.84
    LIFT computed using virtual temperature: -2.18
                                SWEAT index: 211.79
                                    K index: 27.00
                         Cross totals index: 19.80
                      Vertical totals index: 24.10
                        Totals totals index: 43.90
      Convective Available Potential Energy: 347.44
             CAPE using virtual temperature: 453.51
                      Convective Inhibition: -75.92
             CINS using virtual temperature: -59.17
                           Equilibrum Level: 226.77
 Equilibrum Level using virtual temperature: 226.74
                   Level of Free Convection: 802.39
             LFCT using virtual temperature: 822.22
                     Bulk Richardson Number: 11.00
          Bulk Richardson Number using CAPV: 14.35
  Temp [K] of the Lifted Condensation Level: 293.24
Pres [hPa] of the Lifted Condensation Level: 927.72
     Mean mixed layer potential temperature: 299.61
              Mean mixed layer mixing ratio: 16.25
              1000 hPa to 500 hPa thickness: 5781.00
Precipitable water [mm] for entire sounding: 49.55
</PRE>
<P>Description of the 
<A HREF="/upperair/columns.html">data columns</A>
or <A HREF="/upperair/indices.html">sounding indices</A>.

<P>
<FORM>
<INPUT CLASS="button" TYPE="button" VALUE=" Close this window " 
 onClick="window.close();">
<INPUT CLASS="button" TYPE="button" VALUE=" Select another map " 
 onClick="window.blur();">
</FORM>
<HR SIZE="1">
<I>Interested in graduate studies in atmospheric science?
Check out our program at the
<a href="http://www.uwyo.edu/atsc/howtoapply/"
target=_top>University of Wyoming
</a></I>
<HR SIZE="1"><FONT SIZE="-1">
Questions about the weather data provided by this site can be
addressed to <A HREF="mailto:ldoolman@uwyo.edu">
Larry Oolman (ldoolman@uwyo.edu)</A></FONT>
<HR SIZE="1">
<SCRIPT TYPE="text/javascript">
<!--
window.focus();
// -->
</SCRIPT>
</BODY>
</HTML>
