2016-06-06 00
<HTML>
<TITLE>University of Wyoming - Radiosonde Data</TITLE>
<LINK REL="StyleSheet" HREF="/resources/select.css" TYPE="text/css">
<BODY BGCOLOR="white">
<H2>97180 WAAA Ujung Pandang Observations at 00Z 06 Jun 2016</H2>
<PRE>
-----------------------------------------------------------------------------
   PRES   HGHT   TEMP   DWPT   RELH   MIXR   DRCT   SKNT   THTA   THTE   THTV
    hPa     m      C      C      %    g/kg    deg   knot     K      K      K 
-----------------------------------------------------------------------------
 1012.0     14   25.4   23.4     89  18.28    120      4  297.5  350.7  300.8
 1006.0     68   24.8   21.4     81  16.23    113      5  297.4  344.6  300.3
 1000.0    122   26.2   22.4     80  17.39    105      5  299.4  350.3  302.5
  980.0    298   25.1   21.5     81  16.83      0      1  300.0  349.4  303.0
  925.0    802   22.0   19.1     84  15.29    135      2  301.8  347.1  304.6
  915.0    896   21.6   18.4     82  14.78    155      3  302.3  346.2  305.0
  884.0   1194   20.2   16.2     78  13.28    100      5  303.8  343.6  306.3
  850.0   1533   18.6   13.7     73  11.72     90      7  305.6  341.0  307.8
  824.0   1798   17.0   12.5     75  11.19     75      8  306.7  340.6  308.7
  747.0   2633   12.0    8.8     81   9.60     98     14  309.9  339.6  311.7
  741.0   2700   11.8    7.8     77   9.06    100     14  310.4  338.4  312.1
  700.0   3177   10.0    1.0     54   5.91    100     19  313.5  332.4  314.6
  699.0   3189   10.0    0.0     50   5.50    100     19  313.6  331.3  314.7
  676.0   3468    9.0   -3.0     43   4.56    103     15  315.6  330.4  316.4
  665.0   3604    8.3   -3.0     45   4.63    105     13  316.3  331.4  317.1
  660.0   3666    8.0   -3.0     46   4.67    109     12  316.6  331.8  317.5
  658.0   3691    7.6   -1.4     53   5.28    110     12  316.4  333.5  317.4
  651.0   3780    7.0   -3.0     49   4.73    115     11  316.7  332.1  317.6
  628.0   4075    4.8    0.8     75   6.50    132      7  317.5  338.4  318.7
  618.0   4206    3.9    0.1     76   6.27    140      5  317.9  338.2  319.1
  596.0   4500    1.9   -1.5     78   5.79    135      6  318.9  337.7  320.0
  576.0   4777    0.0   -3.0     80   5.35    103      7  319.8  337.3  320.8
  553.0   5102   -2.5   -4.5     86   4.97     65      9  320.6  336.9  321.5
  532.0   5411   -4.9   -6.0     92   4.62     73     11  321.3  336.6  322.1
  522.0   5561   -5.7   -7.2     89   4.29     76     12  322.0  336.4  322.9
  517.0   5637   -4.9   -6.8     87   4.47     78     12  323.9  338.9  324.8
  500.0   5900   -6.1   -9.8     75   3.65     85     14  325.5  338.0  326.3
  480.0   6217   -7.9  -13.9     62   2.74     87     17  327.1  336.7  327.7
  475.0   6298   -8.5  -11.8     77   3.28     88     18  327.4  338.7  328.0
  465.0   6463   -8.9  -12.0     78   3.30     89     20  328.9  340.3  329.5
  463.0   6496   -9.1  -12.1     79   3.28     90     20  329.0  340.4  329.7
  460.0   6546   -8.9  -12.2     77   3.28     90     20  329.9  341.3  330.6
  456.0   6614   -8.9  -16.9     52   2.25     90     21  330.7  338.7  331.2
  452.0   6682   -9.3  -23.3     31   1.30     91     22  331.1  335.9  331.3
  438.0   6923  -11.5  -21.5     43   1.58     93     24  331.2  337.0  331.6
  435.0   6975  -11.9  -18.9     56   1.99     93     25  331.4  338.6  331.8
  432.0   7028  -12.3  -16.2     73   2.51     94     25  331.5  340.5  332.1
  427.0   7117  -12.9  -19.9     56   1.86     94     26  331.9  338.6  332.3
  422.0   7206  -13.7  -19.5     61   1.94     95     27  332.0  339.0  332.4
  418.0   7278  -14.3  -19.2     66   2.01     94     28  332.1  339.4  332.5
  412.0   7387  -15.3  -19.0     73   2.08     93     28  332.2  339.7  332.6
  411.0   7405  -15.3  -16.4     91   2.60     93     28  332.4  341.7  332.9
  406.0   7498  -14.3  -26.3     35   1.11     91     29  334.9  339.1  335.1
  405.0   7516  -13.9  -33.9     17   0.54     91     29  335.6  337.8  335.8
  404.0   7535  -13.9  -35.9     14   0.44     91     29  335.9  337.6  336.0
  400.0   7610  -14.5  -39.5     10   0.31     90     30  336.1  337.3  336.1
  364.0   8318  -20.3  -44.3     10   0.21     87     28  337.5  338.4  337.5
  342.0   8778  -22.1  -50.1      6   0.11     86     27  341.1  341.6  341.1
  332.0   8994  -23.6  -50.5      7   0.11     85     27  341.9  342.4  341.9
  300.0   9730  -28.9  -51.9      9   0.11     75     21  344.5  345.0  344.6
  281.0  10189  -32.7  -55.0      9   0.08     70     22  345.6  345.9  345.6
  250.0  11010  -39.5  -60.5      9   0.04     75     23  347.2  347.4  347.2
  248.0  11065  -39.9  -60.9      9   0.04     75     23  347.4  347.6  347.4
  216.0  11980  -47.7                          80     23  349.2         349.2
  200.0  12490  -52.1                          60     19  350.1         350.1
  188.0  12875  -55.5                          60     20  350.8         350.8
  155.0  14076  -66.3                          70     19  352.4         352.4
  150.0  14280  -68.1                          80     17  352.6         352.6
  140.0  14690  -71.7                         105     22  353.3         353.3
  119.0  15633  -77.7                         101     24  359.1         359.1
  114.0  15876  -78.3                         100     25  362.3         362.3
  102.0  16508  -80.0                          85     23  370.8         370.8
  100.0  16620  -80.3                          75     20  372.3         372.3
   95.0  16908  -81.7                          45     12  375.1         375.1
   92.0  17088  -81.9                          25      5  378.2         378.2
   88.9  17280  -82.1                          99      4  381.5         381.5
   87.0  17401  -81.5                         145      3  385.1         385.1
   85.4  17505  -80.9                         131      3  388.3         388.3
   84.5  17565  -78.1                         123      3  395.1         395.1
   83.0  17668  -77.2                         110      3  398.9         398.9
   81.1  17801  -76.1                         138      5  403.9         403.9
   78.0  18023  -77.2                         185      9  406.1         406.1
   71.0  18559  -79.9                         205     13  411.5         411.5
   70.0  18640  -80.3                         205     11  412.3         412.3
   69.4  18689  -80.9                         175     11  412.0         412.0
   67.7  18829  -79.7                          87      9  417.5         417.5
   67.0  18889  -77.4                          50      9  423.7         423.7
   66.3  18949  -75.1                          42     11  430.0         430.0
   64.0  19155  -74.8                          15     19  435.1         435.1
   60.0  19532  -74.2                          40     17  444.5         444.5
   57.0  19832  -73.7                          80     20  452.1         452.1
   54.0  20148  -73.2                          70     29  460.3         460.3
   52.0  20368  -72.9                          82     31  466.1         466.1
   50.0  20600  -70.9                          95     34  476.0         476.0
   48.4  20794  -69.1                         101     41  484.7         484.7
   45.0  21230  -68.5                         115     57  496.4         496.4
   42.9  21516  -68.1                         107     52  504.2         504.2
   37.7  22304  -61.9                          87     38  539.0         539.0
   35.0  22764  -61.7                          75     30  551.0         551.0
   34.8  22800  -61.7                          70     29  552.0         552.0
   33.5  23039  -55.5                          38     19  574.4         574.4
   33.0  23136  -54.7                          25     15  578.9         578.9
   32.0  23333  -53.1                         305     23  588.3         588.3
   31.5  23434  -52.3                         299     24  593.1         593.1
   30.0  23750  -52.3                         280     26  601.5         601.5
   28.5  24081  -51.7                         261     30  612.0         612.0
   28.0  24194  -52.2                         255     32  613.7         613.7
   23.8  25231  -56.7                         260     28  629.8         629.8
   22.0  25732  -54.6                         255     29  650.3         650.3
   20.0  26340  -52.1                         240     24  675.9         675.9
   17.0  27400  -49.3                         210     13  717.0         717.0
   16.2  27715  -48.5                         218     13  729.6         729.6
   15.0  28223  -47.6                         230     12  748.8         748.8
   14.0  28678  -46.8                         205     19  766.5         766.5
   13.9  28726  -46.7                         206     19  768.3         768.3
   12.0  29699  -46.9                         225     24  800.7         800.7
   11.6  29924  -46.9                                     808.4         808.4
</PRE><H3>Station information and sounding indices</H3><PRE>
                         Station identifier: WAAA
                             Station number: 97180
                           Observation time: 160606/0000
                           Station latitude: -5.06
                          Station longitude: 119.55
                          Station elevation: 14.0
                            Showalter index: 0.38
                               Lifted index: -2.65
    LIFT computed using virtual temperature: -3.03
                                SWEAT index: 192.39
                                    K index: 29.40
                         Cross totals index: 19.80
                      Vertical totals index: 24.70
                        Totals totals index: 44.50
      Convective Available Potential Energy: 398.56
             CAPE using virtual temperature: 522.99
                      Convective Inhibition: -64.92
             CINS using virtual temperature: -43.43
                           Equilibrum Level: 307.64
 Equilibrum Level using virtual temperature: 274.93
                   Level of Free Convection: 780.67
             LFCT using virtual temperature: 809.70
                     Bulk Richardson Number: 77.94
          Bulk Richardson Number using CAPV: 102.28
  Temp [K] of the Lifted Condensation Level: 293.93
Pres [hPa] of the Lifted Condensation Level: 935.41
     Mean mixed layer potential temperature: 299.60
              Mean mixed layer mixing ratio: 16.83
              1000 hPa to 500 hPa thickness: 5778.00
Precipitable water [mm] for entire sounding: 52.91
</PRE>
<P>Description of the 
<A HREF="/upperair/columns.html">data columns</A>
or <A HREF="/upperair/indices.html">sounding indices</A>.

<P>
<FORM>
<INPUT CLASS="button" TYPE="button" VALUE=" Close this window " 
 onClick="window.close();">
<INPUT CLASS="button" TYPE="button" VALUE=" Select another map " 
 onClick="window.blur();">
</FORM>
<HR SIZE="1">
<I>Interested in graduate studies in atmospheric science?
Check out our program at the
<a href="http://www.uwyo.edu/atsc/howtoapply/"
target=_top>University of Wyoming
</a></I>
<HR SIZE="1"><FONT SIZE="-1">
Questions about the weather data provided by this site can be
addressed to <A HREF="mailto:ldoolman@uwyo.edu">
Larry Oolman (ldoolman@uwyo.edu)</A></FONT>
<HR SIZE="1">
<SCRIPT TYPE="text/javascript">
<!--
window.focus();
// -->
</SCRIPT>
</BODY>
</HTML>
