2017-04-12 12
<HTML>
<TITLE>University of Wyoming - Radiosonde Data</TITLE>
<LINK REL="StyleSheet" HREF="/resources/select.css" TYPE="text/css">
<BODY BGCOLOR="white">
<H2>97180 WAAA Ujung Pandang Observations at 00Z 12 Apr 2017</H2>
<PRE>
-----------------------------------------------------------------------------
   PRES   HGHT   TEMP   DWPT   RELH   MIXR   DRCT   SKNT   THTA   THTE   THTV
    hPa     m      C      C      %    g/kg    deg   knot     K      K      K 
-----------------------------------------------------------------------------
 1009.0     14   25.2   22.4     84  17.23    155      4  297.6  347.7  300.6
 1003.0     65   25.0   21.5     81  16.39    132      4  297.9  345.6  300.8
 1000.0     91   26.4   22.3     78  17.28    120      4  299.6  350.3  302.6
  999.0    100   26.4   22.3     78  17.30    122      4  299.6  350.4  302.7
  977.0    296   25.4   21.1     77  16.37    160      5  300.6  348.8  303.5
  925.0    777   23.0   18.0     73  14.24    235      3  302.8  345.2  305.4
  881.0   1198   20.0   16.3     79  13.38    285      6  304.0  344.0  306.4
  850.0   1508   17.8   15.0     84  12.77    305     10  304.8  343.2  307.1
  838.0   1630   17.0   15.0     88  12.96    309     13  305.2  344.2  307.6
  822.0   1795   16.7   13.7     83  12.16    315     17  306.5  343.4  308.8
  809.0   1932   16.4   12.7     79  11.53    314     17  307.6  342.8  309.8
  700.0   3152    9.0    7.3     89   9.25    305     13  312.4  341.3  314.2
  693.0   3235    8.2    6.9     92   9.09    302     13  312.4  340.8  314.1
  663.0   3601    7.3    4.5     83   8.04    290     15  315.4  340.9  316.9
  642.0   3866    6.6    2.8     77   7.35    297     15  317.5  341.1  318.9
  633.0   3983    6.6   -0.4     61   5.91    299     14  318.8  338.0  319.9
  616.0   4204    5.3   -1.2     63   5.71    305     14  319.8  338.4  320.9
  594.0   4499    3.5   -2.3     66   5.46    290     13  321.0  339.0  322.1
  572.0   4805    1.6   -3.5     69   5.20    295     10  322.4  339.6  323.4
  553.0   5080    0.0   -4.5     72   4.98    282     10  323.5  340.2  324.5
  511.0   5707   -4.2   -6.8     81   4.50    250     11  325.9  341.1  326.8
  500.0   5880   -5.3   -7.5     85   4.38    265     11  326.5  341.4  327.4
  487.0   6086   -6.5   -8.7     84   4.09    267     13  327.5  341.5  328.3
  481.0   6183   -7.1   -7.8     95   4.45    269     14  327.9  343.1  328.8
  475.0   6280   -7.5  -10.1     82   3.76    270     15  328.6  341.6  329.4
  474.0   6297   -7.6   -9.5     86   3.94    270     15  328.7  342.3  329.5
  472.0   6330   -7.7   -8.4     95   4.32    269     15  329.0  343.8  329.8
  470.0   6362   -7.9   -8.4     96   4.34    267     15  329.1  344.0  330.0
  469.0   6379   -7.9  -10.9     79   3.57    267     15  329.3  341.7  330.0
  467.0   6412   -8.1  -11.6     76   3.39    265     14  329.5  341.2  330.1
  466.0   6429   -8.3   -8.8     96   4.24    265     14  329.4  344.0  330.3
  452.0   6665   -8.5  -15.5     57   2.55    255     13  332.1  341.1  332.6
  441.0   6855   -9.9  -15.9     62   2.52    247     12  332.6  341.6  333.1
  439.0   6890  -10.1  -18.1     52   2.11    246     12  332.8  340.4  333.2
  438.0   6908  -10.1  -18.1     52   2.11    245     12  333.0  340.6  333.4
  437.0   6925  -10.3  -13.6     77   3.08    245     12  333.0  343.9  333.6
  436.0   6943  -10.3  -13.2     79   3.19    246     11  333.2  344.5  333.9
  435.0   6960  -10.1  -17.1     57   2.31    246     11  333.7  342.0  334.1
  433.0   6996  -10.1  -22.1     37   1.51    247     10  334.1  339.7  334.4
  431.0   7031  -10.3  -18.3     52   2.11    247     10  334.3  342.0  334.7
  422.0   7192  -11.5  -18.9     54   2.04    250      7  334.8  342.2  335.2
  405.0   7506  -13.9  -20.2     59   1.91    210      2  335.6  342.6  336.0
  401.0   7581  -14.5  -20.5     60   1.88    118      1  335.8  342.7  336.2
  400.0   7600  -14.7  -20.7     60   1.85     95      1  335.8  342.6  336.2
  390.0   7790  -15.8  -23.6     51   1.47    325      2  336.8  342.3  337.1
  375.0   8085  -17.6  -28.0     40   1.03    270     10  338.3  342.2  338.5
  372.0   8145  -17.9  -28.9     38   0.95    270     10  338.6  342.2  338.8
  345.0   8699  -22.4  -29.6     52   0.96    265     14  339.8  343.6  340.0
  331.0   9004  -24.9  -29.9     63   0.97    258     13  340.5  344.2  340.7
  305.0   9591  -29.4  -35.2     57   0.63    245     10  342.2  344.7  342.4
  300.0   9710  -30.3  -36.3     56   0.57    245      9  342.6  344.9  342.7
  283.0  10125  -33.9  -38.1     66   0.51    253      6  343.1  345.2  343.3
  280.0  10199  -34.4  -39.1     62   0.46    255      6  343.5  345.4  343.6
  268.0  10505  -36.4  -43.1     50   0.32    245      4  344.9  346.3  345.0
  250.0  10990  -39.5  -49.5     34   0.17    280      6  347.2  347.9  347.2
  248.0  11045  -39.9  -49.9     34   0.16    283      6  347.4  348.1  347.4
  235.0  11401  -42.9                         300      7  348.2         348.2
  225.0  11690  -45.3                           5      7  348.9         348.9
  215.0  11991  -47.9                          65     15  349.5         349.5
  200.0  12470  -51.9                          35     16  350.4         350.4
  196.0  12596  -53.1                          35     16  350.6         350.6
  162.0  13788  -64.1                          80     30  351.7         351.7
  150.0  14270  -68.5                          85     38  351.9         351.9
  144.0  14512  -70.9                          84     41  351.9         351.9
  127.0  15240  -76.5                          81     52  354.6         354.6
  119.0  15612  -76.6                          80     57  361.1         361.1
  112.0  15959  -76.7                          72     41  367.2         367.2
  102.0  16488  -79.7                          60     16  371.4         371.4
  100.0  16600  -80.3                          60     12  372.3         372.3
   85.4  17481  -85.9                         130      7  378.2         378.2
   82.8  17651  -85.5                         141      8  382.4         382.4
   82.0  17706  -84.0                         145      8  386.6         386.6
   79.7  17865  -79.5                         168     10  398.9         398.9
   78.0  17988  -78.9                         185     11  402.7         402.7
   77.0  18061  -78.5                         178      9  404.9         404.9
   75.4  18182  -77.1                         166      5  410.3         410.3
   74.1  18283  -72.1                         156      2  422.9         422.9
   74.0  18291  -72.1                         155      2  423.1         423.1
   70.0  18620  -71.3                          25      6  431.5         431.5
   69.5  18663  -71.5                           6      6  432.0         432.0
   67.0  18883  -68.3                         270      9  443.5         443.5
   66.4  18937  -67.5                         267     10  446.3         446.3
   61.0  19446  -70.3                         240     19  451.0         451.0
   58.5  19697  -71.7                         244     24  453.3         453.3
   55.0  20064  -71.6                         250     32  461.6         461.6
   50.6  20559  -71.5                         241     22  473.0         473.0
   50.0  20630  -71.9                         240     21  473.6         473.6
   47.5  20934  -68.5                         223     19  488.8         488.8
   47.0  20997  -68.8                         220     18  489.5         489.5
   45.5  21190  -69.7                         224     14  491.9         491.9
   45.0  21256  -69.1                         225     12  494.9         494.9
   43.0  21529  -66.6                         300     12  507.4         507.4
   42.1  21656  -65.5                         306     14  513.3         513.3
   40.0  21966  -65.4                         320     18  521.2         521.2
   39.2  22089  -65.3                         312     18  524.4         524.4
   38.3  22231  -62.7                         302     18  534.5         534.5
   33.0  23151  -61.2                         240     18  561.8         561.8
   30.3  23678  -60.3                         218     12  578.0         578.0
   30.0  23740  -60.1                         215     11  580.2         580.2
   29.0  23954  -58.8                          60      2  589.4         589.4
   28.0  24176  -57.5                         355     11  599.0         599.0
   27.4  24312  -56.7                         340     12  604.9         604.9
   25.0  24895  -56.8                         275     16  620.7         620.7
   23.1  25398  -56.9                         242      8  634.6         634.6
   23.0  25426  -56.8                         240      8  635.6         635.6
   21.0  26008  -55.2                         230     12  657.3         657.3
   20.0  26320  -54.3                         205      9  669.2         669.2
   19.0  26652  -52.3                         105      6  685.4         685.4
   18.0  27001  -50.1                          50     13  702.9         702.9
   16.0  27771  -49.7                          45     16  728.2         728.2
   15.0  28193  -49.5                                     742.5         742.5
</PRE><H3>Station information and sounding indices</H3><PRE>
                         Station identifier: WAAA
                             Station number: 97180
                           Observation time: 170412/0000
                           Station latitude: -5.06
                          Station longitude: 119.55
                          Station elevation: 14.0
                            Showalter index: 0.32
                               Lifted index: -1.67
    LIFT computed using virtual temperature: -1.92
                                SWEAT index: 211.00
                                    K index: 36.40
                         Cross totals index: 20.30
                      Vertical totals index: 23.10
                        Totals totals index: 43.40
      Convective Available Potential Energy: 227.65
             CAPE using virtual temperature: 303.58
                      Convective Inhibition: -74.73
             CINS using virtual temperature: -53.00
                           Equilibrum Level: 258.70
 Equilibrum Level using virtual temperature: 258.00
                   Level of Free Convection: 755.90
             LFCT using virtual temperature: 775.36
                     Bulk Richardson Number: 10.57
          Bulk Richardson Number using CAPV: 14.09
  Temp [K] of the Lifted Condensation Level: 293.31
Pres [hPa] of the Lifted Condensation Level: 922.40
     Mean mixed layer potential temperature: 300.18
              Mean mixed layer mixing ratio: 16.43
              1000 hPa to 500 hPa thickness: 5789.00
Precipitable water [mm] for entire sounding: 57.50
</PRE>
<P>Description of the 
<A HREF="/upperair/columns.html">data columns</A>
or <A HREF="/upperair/indices.html">sounding indices</A>.

<P>
<FORM>
<INPUT CLASS="button" TYPE="button" VALUE=" Close this window " 
 onClick="window.close();">
<INPUT CLASS="button" TYPE="button" VALUE=" Select another map " 
 onClick="window.blur();">
</FORM>
<HR SIZE="1">
<I>Interested in graduate studies in atmospheric science?
Check out our program at the
<a href="http://www.uwyo.edu/atsc/howtoapply/"
target=_top>University of Wyoming
</a></I>
<HR SIZE="1"><FONT SIZE="-1">
Questions about the weather data provided by this site can be
addressed to <A HREF="mailto:ldoolman@uwyo.edu">
Larry Oolman (ldoolman@uwyo.edu)</A></FONT>
<HR SIZE="1">
<SCRIPT TYPE="text/javascript">
<!--
window.focus();
// -->
</SCRIPT>
</BODY>
</HTML>
