2017-02-28 12
<HTML>
<TITLE>University of Wyoming - Radiosonde Data</TITLE>
<LINK REL="StyleSheet" HREF="/resources/select.css" TYPE="text/css">
<BODY BGCOLOR="white">
<H2>97180 WAAA Ujung Pandang Observations at 00Z 28 Feb 2017</H2>
<PRE>
-----------------------------------------------------------------------------
   PRES   HGHT   TEMP   DWPT   RELH   MIXR   DRCT   SKNT   THTA   THTE   THTV
    hPa     m      C      C      %    g/kg    deg   knot     K      K      K 
-----------------------------------------------------------------------------
 1009.0     14   25.0   21.7     82  16.49    165      4  297.4  345.3  300.3
 1003.0     62   24.4   18.4     69  13.46    122      4  297.3  336.5  299.7
 1000.0     86   24.2   19.2     74  14.21    100      4  297.4  338.7  299.9
  997.0    113   25.8   19.8     69  14.81     91      4  299.2  342.6  301.9
  976.0    300   24.6   19.7     74  15.03     30      3  299.8  344.0  302.5
  943.0    602   22.7   19.5     82  15.40    340      3  300.9  346.3  303.6
  938.0    649   22.4   19.5     84  15.46    332      3  301.0  346.6  303.8
  930.0    724   22.2   19.6     85  15.70    318      4  301.5  348.0  304.4
  925.0    771   22.4   17.8     75  14.06    310      4  302.2  344.0  304.8
  911.0    904   22.4   15.4     65  12.22    299      4  303.5  340.1  305.8
  850.0   1503   18.8   11.8     64  10.33    250      6  305.8  337.1  307.7
  821.0   1800   16.6   11.7     72  10.60    190      3  306.6  338.8  308.5
  810.0   1915   15.8   11.6     76  10.70    256      2  306.9  339.4  308.9
  793.0   2095   15.2   10.2     72   9.92      0      0  308.1  338.5  310.0
  757.0   2489   14.0    7.0     63   8.37     39      3  310.9  337.0  312.5
  712.0   3003   10.7    5.9     72   8.25     90      7  312.8  338.7  314.4
  700.0   3145    9.8    5.6     75   8.21     85      7  313.3  339.1  314.9
  616.0   4189    3.7    0.8     81   6.63     95      7  318.0  339.4  319.2
  572.0   4795    0.2   -2.0     86   5.82    100      4  320.6  339.7  321.7
  570.0   4823    0.0   -2.1     86   5.79     97      4  320.7  339.7  321.9
  551.0   5093   -2.1   -3.6     90   5.36     70      6  321.3  339.0  322.4
  531.0   5387   -4.5   -5.2     95   4.92     84      8  321.9  338.2  322.9
  530.0   5402   -4.5   -5.4     94   4.87     85      8  322.1  338.2  323.0
  500.0   5860   -5.3  -10.3     68   3.51     85     10  326.5  338.6  327.2
  491.0   6003   -5.7  -12.5     59   3.01     85     10  327.8  338.2  328.4
  490.0   6019   -5.7  -12.7     58   2.96     86     10  327.9  338.2  328.5
  473.0   6295   -7.2  -14.9     54   2.55    105      8  329.3  338.3  329.8
  455.0   6598   -8.9  -17.4     50   2.16    105      7  330.9  338.6  331.3
  443.0   6807  -10.1  -19.1     48   1.92    123      8  331.9  338.9  332.3
  438.0   6895  -10.8  -18.9     51   1.98    130      9  332.2  339.3  332.6
  427.0   7091  -12.3  -18.3     61   2.13    128     10  332.6  340.3  333.1
  405.0   7495  -14.6  -22.2     52   1.60    125     11  334.8  340.7  335.1
  400.0   7590  -15.1  -23.1     50   1.50    130     10  335.3  340.8  335.6
  393.0   7723  -16.1  -25.1     46   1.27    136     11  335.7  340.4  335.9
  389.0   7799  -16.7  -25.4     47   1.25    140     11  335.9  340.6  336.2
  349.0   8603  -22.7  -28.7     58   1.03    125     14  338.3  342.3  338.5
  312.0   9412  -29.1  -37.1     46   0.51    110     16  340.4  342.5  340.5
  300.0   9690  -31.3  -43.3     30   0.28    105     17  341.1  342.3  341.2
  293.0   9857  -32.1  -48.1     19   0.17    105     17  342.3  343.0  342.4
  279.0  10198  -34.8  -48.0     25   0.18    105     17  343.3  344.1  343.3
  256.0  10797  -39.5  -47.9     40   0.20    110     14  344.9  345.7  344.9
  254.0  10852  -39.9  -47.9     42   0.20    105     15  345.0  345.9  345.1
  250.0  10960  -40.9                          95     16  345.1         345.1
  245.0  11093  -42.1                          90     16  345.4         345.4
  204.0  12300  -52.8                          90     19  347.1         347.1
  200.0  12430  -53.9                          85     20  347.2         347.2
  168.0  13524  -63.9                          88     28  348.3         348.3
  153.0  14090  -68.2                          90     32  350.4         350.4
  150.0  14210  -69.1                          90     36  350.9         350.9
  133.0  14917  -75.1                          82     40  352.4         352.4
  114.0  15801  -78.3                          71     44  362.4         362.4
  112.0  15901  -78.8                          70     45  363.2         363.2
  106.0  16212  -80.4                         100     42  366.0         366.0
  100.0  16540  -82.1                         100     34  368.9         368.9
   96.0  16769  -82.1                         115     20  373.2         373.2
   91.0  17069  -82.1                         160     15  378.9         378.9
   89.2  17181  -82.1                         162     13  381.1         381.1
   86.0  17387  -81.0                         165      9  387.2         387.2
   82.6  17615  -79.9                         220     12  394.1         394.1
   82.0  17656  -79.0                         230     12  396.8         396.8
   80.1  17791  -75.9                         236     13  405.8         405.8
   73.6  18279  -77.1                         257     15  413.2         413.2
   70.0  18570  -74.5                         270     17  424.7         424.7
   66.0  18913  -73.7                         290     21  433.6         433.6
   63.9  19102  -73.3                         282     19  438.5         438.5
   59.5  19518  -74.3                         264     16  445.3         445.3
   55.9  19883  -73.1                         248     13  456.1         456.1
   53.2  20176  -68.1                         236     10  474.1         474.1
   51.0  20431  -67.3                         225      8  481.8         481.8
   50.0  20550  -66.9                         200      7  485.4         485.4
   49.0  20673  -66.1                         170      4  490.2         490.2
   46.0  21059  -63.5                         290      9  505.3         505.3
   45.3  21152  -62.9                         289     11  509.0         509.0
   40.0  21916  -63.7                         280     30  525.5         525.5
   35.0  22735  -64.5                         245     28  543.8         543.8
   33.0  23096  -64.1                         230     27  554.0         554.0
   30.0  23680  -63.5                         185     22  571.0         571.0
   28.8  23931  -63.3                         160     20  578.2         578.2
   27.0  24338  -61.4                         120     16  594.2         594.2
   25.0  24823  -59.2                          25     13  613.9         613.9
   22.0  25629  -55.5                           0     13  647.8         647.8
   21.0  25922  -54.1                           5     15  660.5         660.5
   20.0  26230  -52.7                         305      7  674.1         674.1
   19.0  26559  -53.1                         180      7  682.9         682.9
   17.0  27274  -53.9                         125      6  702.3         702.3
   16.0  27663  -54.4                         190      2  713.1         713.1
   15.3  27951  -54.7                         148      1  721.1         721.1
   15.0  28078  -54.2                         130      1  727.0         727.0
   14.0  28522  -52.3                         340     18  747.8         747.8
   13.9  28568  -52.1                                     750.0         750.0
</PRE><H3>Station information and sounding indices</H3><PRE>
                         Station identifier: WAAA
                             Station number: 97180
                           Observation time: 170228/0000
                           Station latitude: -5.06
                          Station longitude: 119.55
                          Station elevation: 14.0
                            Showalter index: 2.79
                               Lifted index: 0.32
    LIFT computed using virtual temperature: 0.07
                                SWEAT index: 163.61
                                    K index: 31.70
                         Cross totals index: 17.10
                      Vertical totals index: 24.10
                        Totals totals index: 41.20
      Convective Available Potential Energy: 28.44
             CAPE using virtual temperature: 36.84
                      Convective Inhibition: -243.99
             CINS using virtual temperature: -197.52
                           Equilibrum Level: 505.39
 Equilibrum Level using virtual temperature: 501.53
                   Level of Free Convection: 582.87
             LFCT using virtual temperature: 603.47
                     Bulk Richardson Number: 200.22
          Bulk Richardson Number using CAPV: 259.33
  Temp [K] of the Lifted Condensation Level: 291.66
Pres [hPa] of the Lifted Condensation Level: 912.73
     Mean mixed layer potential temperature: 299.39
              Mean mixed layer mixing ratio: 14.95
              1000 hPa to 500 hPa thickness: 5774.00
Precipitable water [mm] for entire sounding: 52.15
</PRE>
<P>Description of the 
<A HREF="/upperair/columns.html">data columns</A>
or <A HREF="/upperair/indices.html">sounding indices</A>.

<P>
<FORM>
<INPUT CLASS="button" TYPE="button" VALUE=" Close this window " 
 onClick="window.close();">
<INPUT CLASS="button" TYPE="button" VALUE=" Select another map " 
 onClick="window.blur();">
</FORM>
<HR SIZE="1">
<I>Interested in graduate studies in atmospheric science?
Check out our program at the
<a href="http://www.uwyo.edu/atsc/howtoapply/"
target=_top>University of Wyoming
</a></I>
<HR SIZE="1"><FONT SIZE="-1">
Questions about the weather data provided by this site can be
addressed to <A HREF="mailto:ldoolman@uwyo.edu">
Larry Oolman (ldoolman@uwyo.edu)</A></FONT>
<HR SIZE="1">
<SCRIPT TYPE="text/javascript">
<!--
window.focus();
// -->
</SCRIPT>
</BODY>
</HTML>
