2018-12-11 12
<HTML>
<TITLE>University of Wyoming - Radiosonde Data</TITLE>
<LINK REL="StyleSheet" HREF="/resources/select.css" TYPE="text/css">
<BODY BGCOLOR="white">
<H2>97180 WAAA Ujung Pandang Observations at 00Z 11 Dec 2018</H2>
<PRE>
-----------------------------------------------------------------------------
   PRES   HGHT   TEMP   DWPT   RELH   MIXR   DRCT   SKNT   THTA   THTE   THTV
    hPa     m      C      C      %    g/kg    deg   knot     K      K      K 
-----------------------------------------------------------------------------
 1009.0     14   27.4   22.4     74  17.23     50      1  299.8  350.4  302.9
 1000.0     94   26.8   22.1     75  17.07     45      4  299.9  350.1  303.0
  977.0    299   25.6   21.4     78  16.77     15      6  300.7  350.1  303.7
  944.0    602   23.7   20.5     82  16.34    335      7  301.8  350.2  304.7
  925.0    781   22.6   19.9     85  16.09    320      8  302.4  350.2  305.3
  881.0   1203   19.7   18.0     90  15.01    295      5  303.7  348.5  306.4
  864.0   1372   18.6   17.3     92  14.60    292      5  304.2  347.9  306.9
  851.0   1502   17.9   15.8     88  13.46    290      5  304.7  345.1  307.2
  850.0   1512   17.8   15.7     88  13.37    290      5  304.8  344.9  307.2
  822.0   1797   16.3   13.4     83  11.92    250      4  306.1  342.1  308.3
  793.0   2102   14.6   11.0     79  10.51    275      2  307.5  339.6  309.4
  766.0   2396   13.1    8.7     75   9.28    255      1  308.9  337.4  310.6
  755.0   2519   12.4    7.7     73   8.81    297      1  309.4  336.6  311.1
  749.0   2586   12.0    7.7     75   8.88    321      0  309.7  337.1  311.4
  743.0   2653   11.6    9.0     84   9.79    344      0  310.0  340.2  311.8
  739.0   2698   11.8    7.4     75   8.82      0      0  310.6  338.0  312.3
  733.0   2767   12.0    5.0     62   7.52     36      1  311.6  335.2  313.0
  713.0   2998   11.2    3.0     57   6.68    160      3  313.2  334.3  314.4
  700.0   3152   10.6    1.6     54   6.18    135      5  314.2  333.9  315.4
  688.0   3295    9.8    0.3     51   5.73    130      7  314.9  333.3  316.0
  635.0   3958    6.4   -5.6     42   3.99    148      8  318.3  331.5  319.1
  619.0   4167    5.0   -2.0     61   5.37    154      8  319.0  336.6  320.0
  617.0   4193    4.8   -2.5     59   5.19    155      8  319.1  336.1  320.1
  596.0   4475    3.2   -7.8     44   3.59    146      8  320.4  332.4  321.1
  592.0   4530    3.0  -11.0     35   2.80    144      9  320.8  330.3  321.3
  583.0   4654    2.2   -9.8     41   3.13    140      9  321.2  331.9  321.9
  580.0   4695    1.8   -7.2     51   3.86    139      9  321.2  334.2  322.0
  575.0   4765    1.6   -5.4     60   4.47    136      9  321.8  336.7  322.7
  553.0   5079    0.0  -14.0     34   2.35    126      9  323.5  331.7  324.0
  544.0   5210   -1.1  -12.1     43   2.79    121     10  323.7  333.4  324.3
  540.0   5269   -1.3  -13.3     40   2.55    119     10  324.2  333.0  324.7
  531.0   5403   -1.5  -14.6     36   2.33    115     10  325.5  333.6  325.9
  524.0   5508   -1.7  -15.7     34   2.16    117     11  326.5  334.1  326.9
  500.0   5880   -3.9  -15.9     39   2.23    125     13  328.2  336.1  328.7
  487.0   6087   -5.5  -16.5     42   2.17    129     11  328.7  336.5  329.2
  466.0   6431   -7.5  -19.5     38   1.76    136      8  330.4  336.8  330.8
  452.0   6668   -9.7  -14.3     69   2.81    141      5  330.5  340.5  331.1
  439.0   6892  -11.1  -12.6     89   3.33    145      3  331.5  343.2  332.2
  422.0   7194  -13.2  -15.2     85   2.79    180      3  332.6  342.5  333.1
  417.0   7285  -13.9  -16.0     84   2.65    144      3  332.9  342.3  333.4
  408.0   7450  -14.9  -17.8     79   2.33     77      4  333.6  342.0  334.1
  405.0   7506  -15.2  -18.2     78   2.27     55      4  334.0  342.1  334.4
  404.0   7525  -15.3  -18.3     78   2.25     53      4  334.1  342.2  334.5
  401.0   7581  -15.5  -19.6     71   2.03     47      5  334.5  341.9  334.9
  400.0   7600  -15.3  -21.3     60   1.76     45      5  335.0  341.5  335.4
  398.0   7638  -15.3  -25.3     42   1.24     45      5  335.5  340.1  335.8
  394.0   7714  -15.7  -27.7     35   1.00     45      5  335.9  339.8  336.1
  392.0   7753  -15.7  -29.7     29   0.84     45      4  336.4  339.6  336.6
  391.0   7772  -15.7  -29.7     29   0.84     45      4  336.7  339.9  336.9
  390.0   7792  -15.9  -31.9     24   0.68     45      4  336.7  339.3  336.8
  389.0   7811  -15.9  -32.9     22   0.62     45      4  336.9  339.3  337.0
  388.0   7830  -15.9  -31.9     24   0.68     45      4  337.2  339.8  337.3
  387.0   7850  -16.1  -32.1     24   0.67     45      4  337.1  339.8  337.3
  386.0   7869  -16.1  -31.1     26   0.74     45      4  337.4  340.3  337.5
  385.0   7889  -16.3  -29.3     32   0.88     45      4  337.4  340.8  337.6
  384.0   7909  -16.3  -20.7     69   1.93     45      4  337.6  344.7  338.0
  374.0   8105  -17.8  -21.9     71   1.78     45      3  338.2  344.8  338.5
  359.0   8409  -20.2  -23.7     74   1.58    290      2  339.0  344.9  339.3
  345.0   8705  -22.5  -25.5     77   1.40    270      6  339.7  345.0  340.0
  338.0   8858  -23.7  -26.4     78   1.32    293      6  340.1  345.1  340.4
  318.0   9299  -27.0  -30.6     71   0.94      0      5  341.5  345.2  341.7
  305.0   9600  -29.2  -33.5     66   0.74      0      4  342.5  345.4  342.6
  300.0   9720  -30.1  -34.7     64   0.67      0      4  342.8  345.5  343.0
  289.0   9983  -31.9  -37.9     55   0.51    358      5  343.9  346.0  344.1
  267.0  10532  -36.5  -40.4     67   0.42    354      8  345.1  346.9  345.2
  251.0  10953  -39.7  -44.6     59   0.29    350     10  346.5  347.7  346.6
  250.0  10980  -40.1                         350     10  346.3         346.3
  246.0  11087  -41.0                         345      9  346.6         346.6
  225.0  11679  -45.8                         305      5  348.2         348.2
  215.0  11980  -48.2                           0      1  349.0         349.0
  200.0  12460  -52.1                          10      6  350.1         350.1
  187.0  12881  -55.7                          15     11  351.1         351.1
  178.0  13189  -58.3                          10      6  351.7         351.7
  154.0  14095  -66.1                          95     15  353.4         353.4
  150.0  14260  -67.5                         100     19  353.6         353.6
  144.0  14503  -69.7                         105     22  353.9         353.9
  132.0  15001  -73.1                         115     27  356.8         356.8
  102.0  16477  -83.1                         105     30  364.8         364.8
  100.0  16590  -83.9                         105     27  365.4         365.4
   86.0  17416  -87.6                         100     25  374.1         374.1
   82.0  17677  -88.7                          70     28  376.8         376.8
   80.8  17757  -89.1                          75     29  377.7         377.7
   74.8  18178  -85.9                          90     43  392.8         392.8
   73.0  18313  -82.2                          95     47  403.4         403.4
   72.4  18359  -80.9                          96     47  407.1         407.1
   70.0  18550  -79.3                         100     48  414.4         414.4
   68.5  18673  -79.3                          99     47  417.0         417.0
   63.0  19157  -72.5                          96     45  442.1         442.1
   54.0  20065  -71.8                          90     41  463.5         463.5
   52.1  20276  -71.7                          85     44  468.6         468.6
   50.0  20520  -69.3                          80     47  479.8         479.8
   46.0  21020  -67.7                          80     42  495.3         495.3
   45.2  21125  -67.3                          83     38  498.6         498.6
   43.1  21414  -63.1                          91     26  515.8         515.8
   42.0  21574  -62.1                          95     19  522.0         522.0
   40.0  21876  -60.3                          60      9  534.0         534.0
   39.2  22002  -59.5                          36     11  539.0         539.0
   38.0  22196  -59.6                           0     15  543.6         543.6
   36.9  22379  -59.7                           3     14  547.9         547.9
   36.0  22535  -57.1                           5     14  558.4         558.4
   35.1  22695  -54.5                         329     21  569.4         569.4
   35.0  22713  -54.6                         325     22  569.6         569.6
   31.9  23303  -57.3                         310     26  577.6         577.6
   31.0  23483  -57.4                         305     27  582.1         582.1
   30.2  23648  -57.5                         285     30  586.2         586.2
   30.0  23690  -57.5                         280     31  587.3         587.3
   29.3  23840  -54.5                         273     39  599.5         599.5
   29.0  23906  -54.8                         270     43  600.5         600.5
   27.1  24338  -56.7                         256     39  606.9         606.9
   24.0  25108  -56.6                         230     33  628.7         628.7
   23.0  25378  -56.5                         220     21  636.5         636.5
   22.8  25434  -56.5                         222     21  638.1         638.1
   20.0  26270  -54.1                         245     16  669.8         669.8
   19.0  26600  -53.0                         280     23  683.2         683.2
   18.6  26737  -52.5                         280     23  688.9         688.9
   15.7  27831  -52.9                         277     20  721.7         721.7
   14.0  28580  -47.1                         275     18  765.5         765.5
   13.9  28627  -46.7                                     768.3         768.3
</PRE><H3>Station information and sounding indices</H3><PRE>
                         Station identifier: WAAA
                             Station number: 97180
                           Observation time: 181211/0000
                           Station latitude: -5.06
                          Station longitude: 119.55
                          Station elevation: 14.0
                            Showalter index: 1.04
                               Lifted index: -0.88
    LIFT computed using virtual temperature: -1.52
                                SWEAT index: 211.38
                                    K index: 28.40
                         Cross totals index: 19.60
                      Vertical totals index: 21.70
                        Totals totals index: 41.30
      Convective Available Potential Energy: 453.22
             CAPE using virtual temperature: 608.29
                      Convective Inhibition: -36.32
             CINS using virtual temperature: -31.27
                           Equilibrum Level: 212.68
 Equilibrum Level using virtual temperature: 212.64
                   Level of Free Convection: 836.08
             LFCT using virtual temperature: 856.01
                     Bulk Richardson Number: 100.24
          Bulk Richardson Number using CAPV: 134.54
  Temp [K] of the Lifted Condensation Level: 293.71
Pres [hPa] of the Lifted Condensation Level: 922.53
     Mean mixed layer potential temperature: 300.57
              Mean mixed layer mixing ratio: 16.83
              1000 hPa to 500 hPa thickness: 5786.00
Precipitable water [mm] for entire sounding: 52.72
</PRE>
<P>Description of the 
<A HREF="/upperair/columns.html">data columns</A>
or <A HREF="/upperair/indices.html">sounding indices</A>.

<P>
<FORM>
<INPUT CLASS="button" TYPE="button" VALUE=" Close this window " 
 onClick="window.close();">
<INPUT CLASS="button" TYPE="button" VALUE=" Select another map " 
 onClick="window.blur();">
</FORM>
<HR SIZE="1">
<I>Interested in graduate studies in atmospheric science?
Check out our program at the
<a href="http://www.uwyo.edu/atsc/howtoapply/"
target=_top>University of Wyoming
</a></I>
<HR SIZE="1"><FONT SIZE="-1">
Questions about the weather data provided by this site can be
addressed to <A HREF="mailto:ldoolman@uwyo.edu">
Larry Oolman (ldoolman@uwyo.edu)</A></FONT>
<HR SIZE="1">
<SCRIPT TYPE="text/javascript">
<!--
window.focus();
// -->
</SCRIPT>
</BODY>
</HTML>
