2016-08-24 00
<HTML>
<TITLE>University of Wyoming - Radiosonde Data</TITLE>
<LINK REL="StyleSheet" HREF="/resources/select.css" TYPE="text/css">
<BODY BGCOLOR="white">
<H2>97180 WAAA Ujung Pandang Observations at 00Z 24 Aug 2016</H2>
<PRE>
-----------------------------------------------------------------------------
   PRES   HGHT   TEMP   DWPT   RELH   MIXR   DRCT   SKNT   THTA   THTE   THTV
    hPa     m      C      C      %    g/kg    deg   knot     K      K      K 
-----------------------------------------------------------------------------
 1008.0     14   26.4   23.0     82  17.91      0      0  298.9  351.3  302.1
 1002.0     65   25.2   20.2     74  15.11    124      3  298.2  342.3  300.9
 1000.0     82   25.0   20.0     74  14.95    165      4  298.1  341.8  300.8
  976.0    296   25.2   19.4     70  14.72    120      4  300.4  343.7  303.0
  970.0    350   25.2   19.2     69  14.66    117      4  301.0  344.2  303.6
  925.0    767   22.2   17.7     76  13.97     90      2  302.0  343.5  304.5
  911.0    899   21.1   17.3     79  13.86     90      3  302.1  343.3  304.7
  891.0   1091   19.4   16.8     85  13.69     69      3  302.4  343.1  304.8
  865.0   1346   19.0   13.0     68  10.99     41      3  304.5  337.6  306.5
  850.0   1496   18.4   12.4     68  10.75     25      3  305.4  337.9  307.4
  821.0   1791   16.7   11.5     71  10.49    300      8  306.7  338.6  308.6
  738.0   2697   11.6    8.8     83   9.69    325     15  310.6  340.5  312.4
  717.0   2942   10.2    8.0     86   9.47    320     18  311.6  341.1  313.4
  700.0   3143    9.6    6.8     83   8.93    315     20  313.1  341.1  314.8
  664.0   3580    7.8    2.8     71   7.10    315     20  315.8  338.5  317.2
  662.0   3605    7.6    2.7     71   7.05    315     20  315.9  338.4  317.2
  622.0   4115    3.8   -0.2     75   6.10    298     24  317.2  336.9  318.4
  616.0   4194    3.4   -0.6     75   5.98    295     25  317.6  337.0  318.8
  610.0   4273    3.6   -3.4     60   4.90    295     23  318.7  334.8  319.7
  604.0   4354    4.4  -10.6     33   2.84    295     21  320.6  330.2  321.1
  593.0   4503    4.2  -19.9     15   1.33    295     17  322.0  326.8  322.3
  592.0   4517    4.2  -20.8     14   1.24    297     17  322.2  326.6  322.4
  571.0   4809    3.8  -32.2      5   0.45    330      6  325.0  326.8  325.1
  551.0   5096    1.9  -29.1      8   0.63    315      4  326.1  328.5  326.2
  532.0   5378    0.0  -26.0     12   0.87    356      0  327.1  330.4  327.3
  530.0   5408   -0.3  -25.4     13   0.92      0      0  327.1  330.5  327.3
  506.0   5776   -3.7  -18.7     30   1.74     36      1  327.4  333.6  327.7
  500.0   5870   -4.7  -18.7     33   1.76     45      1  327.2  333.5  327.6
  492.0   5996   -6.0  -19.0     35   1.75      0      1  327.2  333.5  327.6
  476.0   6255   -8.5  -19.5     41   1.72    272      1  327.2  333.4  327.5
  473.0   6304   -8.9  -19.7     42   1.71    255      1  327.2  333.4  327.6
  465.0   6436  -10.1  -20.1     44   1.68    204      2  327.4  333.4  327.7
  460.0   6519  -10.1  -28.1     21   0.83    172      3  328.4  331.5  328.6
  455.0   6604  -10.2  -32.1     15   0.57    140      4  329.3  331.5  329.4
  441.0   6845  -10.5  -43.5      5   0.19    148     10  331.9  332.6  331.9
  438.0   6897  -10.8  -43.8      5   0.18    150     11  332.1  332.9  332.2
  400.0   7590  -14.9  -47.9      4   0.13    105      7  335.5  336.1  335.6
  389.0   7800  -16.5  -41.6      9   0.26     90      4  336.2  337.2  336.2
  386.0   7858  -16.9  -39.9     12   0.31     98      5  336.3  337.6  336.4
  374.0   8094  -17.3  -45.9      6   0.17    130      7  338.9  339.6  338.9
  367.0   8235  -17.5  -49.5      4   0.11    121     10  340.4  340.9  340.4
  359.0   8398  -18.6  -49.5      5   0.12    110     13  341.1  341.7  341.2
  331.0   8999  -22.5  -49.5      7   0.13    150     24  343.8  344.3  343.8
  305.0   9590  -27.8  -49.8     10   0.13    125     22  344.4  345.0  344.4
  300.0   9710  -28.9  -49.9     11   0.13    130     22  344.5  345.1  344.6
  268.0  10497  -36.3  -51.4     20   0.13    125     23  345.0  345.6  345.0
  253.0  10899  -40.1  -52.1     27   0.12     96     22  345.1  345.7  345.2
  250.0  10980  -40.7                          90     22  345.4         345.4
  235.0  11389  -44.3                          75     26  346.1         346.1
  205.0  12291  -52.3                          50     41  347.3         347.3
  200.0  12450  -53.5                          55     45  347.9         347.9
  180.0  13125  -56.1                          73     42  354.3         354.3
  178.0  13194  -56.7                          75     42  354.4         354.4
  150.0  14260  -65.7                         115     34  356.7         356.7
  147.0  14377  -66.6                         115     33  357.2         357.2
  120.0  15548  -75.9                         140     40  361.4         361.4
  102.0  16486  -83.4                          90     31  364.3         364.3
  100.0  16600  -84.3                          85     31  364.6         364.6
   96.5  16797  -85.3                          90     29  366.4         366.4
   92.3  17043  -82.9                          98     32  375.8         375.8
   91.0  17123  -82.2                         100     33  378.7         378.7
   90.8  17135  -82.1                         100     33  379.2         379.2
   89.5  17217  -77.7                          99     31  389.5         389.5
   87.6  17341  -74.1                          97     29  399.1         399.1
   81.3  17776  -74.5                          92     22  406.9         406.9
   77.8  18032  -74.1                          89     17  412.9         412.9
   74.2  18310  -71.5                          85     12  424.0         424.0
   74.0  18327  -71.1                          85     12  425.2         425.2
   72.2  18474  -67.3                          78     11  436.2         436.2
   70.0  18660  -68.1                          70     10  438.4         438.4
   67.0  18920  -68.4                          65     10  443.3         443.3
   59.7  19606  -69.1                          90     14  456.5         456.5
   55.2  20067  -72.7                         107     16  458.6         458.6
   52.0  20418  -70.0                         120     18  472.8         472.8
   51.2  20509  -69.3                         102     14  476.5         476.5
   50.2  20626  -68.1                          80      9  482.0         482.0
   50.0  20650  -67.5                          75      8  484.0         484.0
   49.2  20749  -62.7                          50     10  497.6         497.6
   48.4  20850  -60.7                          25     12  504.7         504.7
   47.0  21034  -60.2                         340     15  510.2         510.2
   44.4  21390  -59.1                         298     24  521.2         521.2
   43.0  21591  -60.6                         275     29  522.2         522.2
   42.4  21679  -61.3                         271     29  522.6         522.6
   37.0  22528  -60.7                         235     32  544.9         544.9
   34.0  23055  -60.4                         225     27  559.1         559.1
   33.4  23166  -60.3                         224     24  562.2         562.2
   32.0  23434  -59.9                         220     18  570.0         570.0
   31.1  23613  -59.7                         238     16  575.4         575.4
   30.0  23840  -56.7                         260     14  589.5         589.5
   29.0  24053  -57.2                         270     20  593.8         593.8
   27.3  24434  -58.1                         275     22  601.7         601.7
   26.1  24718  -55.5                         279     23  616.8         616.8
   23.0  25526  -54.1                         290     26  643.7         643.7
   20.0  26420  -52.5                         280     30  674.7         674.7
   19.8  26485  -52.1                         280     30  677.9         677.9
   14.0  28723  -52.8                         265     30  746.0         746.0
   13.0  29201  -53.0                         270     25  761.4         761.4
   12.4  29506  -53.1                                     771.4         771.4
</PRE><H3>Station information and sounding indices</H3><PRE>
                         Station identifier: WAAA
                             Station number: 97180
                           Observation time: 160824/0000
                           Station latitude: -5.06
                          Station longitude: 119.55
                          Station elevation: 14.0
                            Showalter index: 3.06
                               Lifted index: 0.73
    LIFT computed using virtual temperature: 0.18
                                SWEAT index: 155.77
                                    K index: 32.70
                         Cross totals index: 17.10
                      Vertical totals index: 23.10
                        Totals totals index: 40.20
      Convective Available Potential Energy: 15.53
             CAPE using virtual temperature: 32.09
                      Convective Inhibition: -170.36
             CINS using virtual temperature: -134.70
                           Equilibrum Level: 450.56
 Equilibrum Level using virtual temperature: 444.17
                   Level of Free Convection: 625.86
             LFCT using virtual temperature: 636.69
                     Bulk Richardson Number: 0.96
          Bulk Richardson Number using CAPV: 1.98
  Temp [K] of the Lifted Condensation Level: 291.48
Pres [hPa] of the Lifted Condensation Level: 905.28
     Mean mixed layer potential temperature: 299.91
              Mean mixed layer mixing ratio: 14.90
              1000 hPa to 500 hPa thickness: 5788.00
Precipitable water [mm] for entire sounding: 46.37
</PRE>
<P>Description of the 
<A HREF="/upperair/columns.html">data columns</A>
or <A HREF="/upperair/indices.html">sounding indices</A>.

<P>
<FORM>
<INPUT CLASS="button" TYPE="button" VALUE=" Close this window " 
 onClick="window.close();">
<INPUT CLASS="button" TYPE="button" VALUE=" Select another map " 
 onClick="window.blur();">
</FORM>
<HR SIZE="1">
<I>Interested in graduate studies in atmospheric science?
Check out our program at the
<a href="http://www.uwyo.edu/atsc/howtoapply/"
target=_top>University of Wyoming
</a></I>
<HR SIZE="1"><FONT SIZE="-1">
Questions about the weather data provided by this site can be
addressed to <A HREF="mailto:ldoolman@uwyo.edu">
Larry Oolman (ldoolman@uwyo.edu)</A></FONT>
<HR SIZE="1">
<SCRIPT TYPE="text/javascript">
<!--
window.focus();
// -->
</SCRIPT>
</BODY>
</HTML>
