2016-02-20 00
<HTML>
<TITLE>University of Wyoming - Radiosonde Data</TITLE>
<LINK REL="StyleSheet" HREF="/resources/select.css" TYPE="text/css">
<BODY BGCOLOR="white">
<H2>97180 WAAA Ujung Pandang Observations at 00Z 20 Feb 2016</H2>
<PRE>
-----------------------------------------------------------------------------
   PRES   HGHT   TEMP   DWPT   RELH   MIXR   DRCT   SKNT   THTA   THTE   THTV
    hPa     m      C      C      %    g/kg    deg   knot     K      K      K 
-----------------------------------------------------------------------------
 1011.0     14   24.8   23.0     90  17.85      0      0  297.0  348.8  300.2
 1000.0    111   26.2   21.2     74  16.13      0      0  299.4  346.6  302.2
  989.0    209   26.4   20.4     70  15.51     50      1  300.5  346.2  303.3
  979.0    298   25.9   19.9     70  15.22     95      2  300.9  345.9  303.7
  946.0    600   24.4   18.4     69  14.29    130      4  302.3  344.8  304.9
  925.0    798   23.4   17.4     69  13.70    170      4  303.2  344.1  305.7
  914.0    902   22.8   16.6     68  13.20    190      4  303.6  343.1  306.0
  883.0   1201   21.0   14.4     66  11.84    245      6  304.8  340.4  306.9
  853.0   1501   19.2   12.2     64  10.59    270      6  305.9  338.0  307.9
  850.0   1532   19.0   12.0     64  10.47    265      6  306.0  337.8  308.0
  840.0   1634   18.6   10.6     60   9.64    263      7  306.6  336.0  308.4
  824.0   1797   17.4   10.9     66  10.01    260      8  307.0  337.6  308.9
  796.0   2092   15.2   11.4     78  10.72    305      8  307.7  340.4  309.7
  772.0   2352   13.2   11.8     91  11.39    316      9  308.3  343.1  310.4
  764.0   2440   13.6    5.6     58   7.52    319      9  309.7  333.1  311.1
  758.0   2507   13.4    4.4     54   6.96    322      9  310.2  331.9  311.5
  741.0   2697   12.6    6.0     64   7.97    330     10  311.3  336.2  312.8
  721.0   2927   11.6    7.9     78   9.36    328     10  312.6  341.9  314.4
  700.0   3174   10.2    6.0     75   8.45    325     10  313.8  340.3  315.4
  628.0   4073    5.6    2.6     81   7.40    321      5  318.4  342.2  319.8
  618.0   4204    5.3   -1.6     61   5.53    320      4  319.4  337.6  320.5
  605.0   4379    4.8   -7.2     41   3.70    294      4  320.9  333.3  321.6
  599.0   4460    4.4   -4.6     52   4.56    281      4  321.3  336.5  322.2
  596.0   4501    4.1   -4.5     54   4.62    275      4  321.4  336.8  322.3
  556.0   5063    0.0   -3.0     80   5.55    252     10  323.0  341.4  324.1
  553.0   5107   -0.2   -3.5     78   5.38    250     10  323.3  341.2  324.4
  536.0   5357   -1.3   -6.3     69   4.48    247     12  324.9  340.0  325.8
  524.0   5538   -2.5   -8.5     63   3.86    245     13  325.5  338.7  326.3
  520.0   5599   -2.1  -13.1     43   2.70    244     14  326.7  336.1  327.3
  515.0   5676   -2.5  -14.5     39   2.43    243     14  327.1  335.7  327.6
  511.0   5738   -2.9   -8.9     63   3.84    242     15  327.4  340.6  328.2
  500.0   5910   -4.1  -11.1     58   3.29    240     16  328.0  339.4  328.6
  494.0   6005   -4.6  -12.4     54   2.99    240     16  328.4  338.9  329.1
  478.0   6262   -6.1  -16.1     45   2.29    248     13  329.8  337.9  330.2
  457.0   6611   -7.9  -14.4     59   2.75    260      8  331.8  341.5  332.3
  448.0   6766   -8.7  -13.7     67   2.98    291      8  332.6  343.2  333.2
  440.0   6904   -9.7  -16.2     59   2.47    320      8  333.1  341.9  333.6
  423.0   7206  -11.9  -21.6     45   1.62    330      8  334.0  339.9  334.3
  416.0   7333  -12.9  -23.9     39   1.34    317      8  334.4  339.4  334.6
  407.0   7499  -14.2  -24.7     41   1.28    300      8  334.7  339.5  335.0
  400.0   7630  -15.3  -25.3     42   1.23    300      8  335.0  339.6  335.3
  386.0   7898  -17.5  -26.5     45   1.14    309     10  335.6  339.9  335.8
  376.0   8094  -18.6  -30.1     36   0.84    315     12  336.6  339.8  336.8
  370.0   8214  -19.3  -32.3     31   0.69    306     12  337.2  339.9  337.4
  350.0   8625  -22.9  -30.9     48   0.84    276     10  337.8  341.0  338.0
  347.0   8688  -22.9  -36.9     27   0.47    272     10  338.6  340.5  338.7
  346.0   8709  -23.1  -36.9     27   0.47    270     10  338.7  340.6  338.8
  332.0   9010  -25.1  -37.3     31   0.47    275     10  339.8  341.7  339.9
  331.0   9032  -25.3  -37.3     32   0.47    280     10  339.9  341.8  340.0
  319.0   9299  -27.1  -36.9     39   0.51    335      6  341.1  343.1  341.2
  315.0   9390  -27.7  -36.7     42   0.53    346      7  341.4  343.6  341.5
  307.0   9575  -28.5  -32.3     70   0.83      7     10  342.8  346.1  343.0
  306.0   9598  -28.7  -32.8     68   0.80     10     10  342.9  346.0  343.0
  300.0   9740  -29.9  -35.9     56   0.60    345     10  343.1  345.5  343.2
  294.0   9883  -30.5  -45.5     22   0.22    322      9  344.3  345.2  344.3
  281.0  10201  -33.2  -42.1     40   0.34    270      6  344.8  346.2  344.9
  275.0  10353  -34.5  -40.5     54   0.41    264      7  345.1  346.8  345.2
  253.0  10929  -39.1  -48.1     38   0.19    243     13  346.6  347.4  346.6
  250.0  11010  -39.9  -47.9     42   0.20    240     14  346.6  347.5  346.6
  247.0  11091  -40.6                         240     14  346.8         346.8
  225.0  11714  -45.8                         255     14  348.2         348.2
  216.0  11986  -48.0                         285     12  348.8         348.8
  206.0  12303  -50.7                         345     10  349.4         349.4
  200.0  12500  -52.3                          10     12  349.8         349.8
  197.0  12594  -53.1                          20     14  350.0         350.0
  171.0  13475  -60.9                          35      8  351.6         351.6
  162.0  13811  -63.9                          55      4  352.0         352.0
  155.0  14086  -66.3                         325      2  352.4         352.4
  150.0  14290  -68.1                         330      6  352.6         352.6
  147.0  14409  -69.2                         330     10  352.8         352.8
  135.0  14913  -73.7                         300     10  353.4         353.4
  133.0  14999  -74.0                         295     10  354.5         354.5
  126.0  15312  -74.9                         340      2  358.3         358.3
  120.0  15593  -75.7                         220      6  361.8         361.8
  114.0  15889  -76.6                         180      6  365.5         365.5
  108.0  16202  -77.5                          30      6  369.4         369.4
  107.0  16255  -77.7                          15      7  370.1         370.1
  102.0  16527  -79.1                         295     12  372.5         372.5
  100.0  16640  -79.7                         300     14  373.5         373.5
   96.5  16841  -80.9                         305     16  375.0         375.0
   92.0  17113  -80.3                         305     17  381.3         381.3
   83.0  17698  -79.1                         265     16  395.2         395.2
   79.0  17978  -78.5                         230     17  402.1         402.1
   75.0  18274  -77.8                         245     17  409.4         409.4
   73.0  18427  -77.5                         265     21  413.3         413.3
   71.0  18588  -74.8                         285     25  422.4         422.4
   70.8  18604  -74.5                         285     25  423.3         423.3
   70.0  18670  -74.5                         285     25  424.7         424.7
   61.0  19476  -72.8                         265     16  445.5         445.5
   55.0  20082  -71.5                         305     17  461.9         461.9
   50.0  20640  -70.3                         255      8  477.4         477.4
   49.0  20761  -69.9                         250      6  481.2         481.2
   47.0  21010  -69.0                          65      6  489.0         489.0
   45.0  21270  -68.1                          65      8  497.4         497.4
   42.1  21668  -66.7                         119     14  510.4         510.4
   41.0  21831  -65.9                         140     17  516.2         516.2
   37.0  22463  -62.9                         110     35  539.4         539.4
   33.0  23168  -59.5                          60      8  566.3         566.3
   32.0  23357  -58.6                         275      4  573.7         573.7
   31.5  23454  -58.1                         265      7  577.6         577.6
   30.0  23760  -59.5                         235     16  581.9         581.9
   29.0  23970  -60.5                         250     19  584.8         584.8
   26.7  24482  -62.9                         215     12  592.0         592.0
   26.0  24649  -62.2                         215     12  598.4         598.4
   25.0  24894  -61.2                         215     14  608.0         608.0
   24.0  25149  -60.2                         180     16  618.1         618.1
   21.0  25984  -56.8                         150     10  652.4         652.4
   20.1  26258  -55.7                         150      6  664.0         664.0
   20.0  26290  -55.5                         150      6  665.5         665.5
   18.0  26969  -52.0                          90     17  696.9         696.9
   17.3  27224  -50.7                                     709.0         709.0
</PRE><H3>Station information and sounding indices</H3><PRE>
                         Station identifier: WAAA
                             Station number: 97180
                           Observation time: 160220/0000
                           Station latitude: -5.06
                          Station longitude: 119.55
                          Station elevation: 14.0
                            Showalter index: 3.72
                               Lifted index: 0.38
    LIFT computed using virtual temperature: 0.02
                                SWEAT index: 172.01
                                    K index: 30.90
                         Cross totals index: 16.10
                      Vertical totals index: 23.10
                        Totals totals index: 39.20
      Convective Available Potential Energy: 29.82
             CAPE using virtual temperature: 52.21
                      Convective Inhibition: -201.63
             CINS using virtual temperature: -101.41
                           Equilibrum Level: 318.68
 Equilibrum Level using virtual temperature: 314.80
                   Level of Free Convection: 558.97
             LFCT using virtual temperature: 774.91
                     Bulk Richardson Number: 5.66
          Bulk Richardson Number using CAPV: 9.92
  Temp [K] of the Lifted Condensation Level: 292.22
Pres [hPa] of the Lifted Condensation Level: 908.56
     Mean mixed layer potential temperature: 300.35
              Mean mixed layer mixing ratio: 15.57
              1000 hPa to 500 hPa thickness: 5799.00
Precipitable water [mm] for entire sounding: 52.02
</PRE>
<P>Description of the 
<A HREF="/upperair/columns.html">data columns</A>
or <A HREF="/upperair/indices.html">sounding indices</A>.

<P>
<FORM>
<INPUT CLASS="button" TYPE="button" VALUE=" Close this window " 
 onClick="window.close();">
<INPUT CLASS="button" TYPE="button" VALUE=" Select another map " 
 onClick="window.blur();">
</FORM>
<HR SIZE="1">
<I>Interested in graduate studies in atmospheric science?
Check out our program at the
<a href="http://www.uwyo.edu/atsc/howtoapply/"
target=_top>University of Wyoming
</a></I>
<HR SIZE="1"><FONT SIZE="-1">
Questions about the weather data provided by this site can be
addressed to <A HREF="mailto:ldoolman@uwyo.edu">
Larry Oolman (ldoolman@uwyo.edu)</A></FONT>
<HR SIZE="1">
<SCRIPT TYPE="text/javascript">
<!--
window.focus();
// -->
</SCRIPT>
</BODY>
</HTML>
