2018-03-11 00
<HTML>
<TITLE>University of Wyoming - Radiosonde Data</TITLE>
<LINK REL="StyleSheet" HREF="/resources/select.css" TYPE="text/css">
<BODY BGCOLOR="white">
<H2>97180 WAAA Ujung Pandang Observations at 00Z 11 Mar 2018</H2>
<PRE>
-----------------------------------------------------------------------------
   PRES   HGHT   TEMP   DWPT   RELH   MIXR   DRCT   SKNT   THTA   THTE   THTV
    hPa     m      C      C      %    g/kg    deg   knot     K      K      K 
-----------------------------------------------------------------------------
 1010.0     14   24.4   23.8     96  18.78    150      6  296.7  351.1  300.0
 1000.0     93   25.0   22.7     87  17.72    100      8  298.1  349.8  301.3
  999.0    102   25.4   22.9     86  17.96     98      8  298.6  351.1  301.8
  977.0    300   24.4   21.9     86  17.31     60      5  299.6  350.3  302.6
  944.0    605   22.9   20.5     86  16.34    335      8  301.0  349.2  303.9
  925.0    785   22.0   19.6     86  15.78    335     10  301.8  348.5  304.6
  882.0   1198   19.4   16.8     85  13.82    315     11  303.2  344.5  305.8
  852.0   1498   17.5   14.7     84  12.53    285     10  304.3  341.9  306.6
  850.0   1518   17.4   14.6     84  12.44    285     10  304.4  341.7  306.6
  828.0   1742   15.8   14.4     91  12.61    282     10  305.0  342.9  307.3
  760.0   2467   12.2   11.9     98  11.65    272     10  308.6  344.2  310.8
  748.0   2601   12.6   11.4     92  11.45    270     10  310.5  345.7  312.6
  713.0   3002   10.4    9.2     92  10.37    265     10  312.4  344.6  314.3
  700.0   3156    9.6    8.4     92   9.98    265     10  313.1  344.2  315.0
  682.0   3373    8.6    7.9     95   9.90    270     10  314.3  345.4  316.2
  663.0   3607    6.8    6.3     97   9.13    275     10  314.9  343.7  316.6
  652.0   3745    5.8    5.4     97   8.70    268     10  315.2  342.7  316.9
  630.0   4026    3.8    2.5     91   7.33    254     10  316.0  339.4  317.4
  622.0   4131    2.8   -1.7     72   5.46    248     10  316.0  333.7  317.1
  618.0   4183    3.6   -2.4     65   5.22    246     10  317.5  334.5  318.6
  617.0   4196    3.5   -2.3     65   5.25    245     10  317.6  334.7  318.6
  576.0   4753    0.0    0.0    100   6.69    233     10  319.8  341.5  321.1
  551.0   5106   -1.7   -1.7    100   6.16    225     10  321.9  342.1  323.1
  500.0   5880   -5.3   -5.5     98   5.11    265      8  326.5  343.7  327.5
  456.0   6593   -9.0  -11.8     80   3.42    295     12  330.6  342.5  331.3
  448.0   6730   -9.7  -13.0     77   3.16    288     11  331.4  342.5  332.0
  438.0   6902  -10.9  -13.4     82   3.12    280     10  332.0  343.0  332.6
  419.0   7240  -13.3  -14.2     93   3.06    303      8  333.2  344.0  333.8
  413.0   7349  -14.3  -14.5     98   3.03    310      7  333.3  344.0  333.9
  408.0   7441  -14.3  -17.2     79   2.45    316      6  334.4  343.2  334.9
  405.0   7497  -14.7  -17.7     78   2.36    320      6  334.6  343.2  335.1
  400.0   7590  -15.3  -18.6     76   2.22    335      8  335.0  343.1  335.5
  392.0   7743  -15.7  -21.7     60   1.73    338      8  336.4  342.8  336.8
  374.0   8094  -17.9  -22.2     69   1.74    345      8  338.0  344.5  338.4
  359.0   8400  -19.9  -22.6     79   1.74      0      7  339.4  345.9  339.7
  353.0   8526  -20.7  -22.8     83   1.74     40      6  339.9  346.4  340.3
  345.0   8694  -21.9  -23.9     84   1.62     95      4  340.5  346.6  340.8
  331.0   8996  -24.2  -25.8     86   1.42     65      4  341.5  346.9  341.8
  318.0   9289  -26.3  -27.7     88   1.24    185      5  342.4  347.2  342.7
  310.0   9475  -27.7  -28.9     89   1.14    198      6  343.0  347.4  343.2
  300.0   9710  -29.3  -31.4     82   0.93    215      7  344.0  347.6  344.2
  292.0   9898  -30.8  -33.0     81   0.82    225      8  344.5  347.7  344.6
  268.0  10496  -35.6  -38.1     77   0.53    230      6  346.0  348.2  346.1
  257.0  10788  -38.0  -40.6     76   0.43    205      5  346.8  348.5  346.8
  250.0  10980  -39.5  -42.3     75   0.37    205      4  347.2  348.8  347.3
  248.0  11035  -40.1  -43.0     74   0.35    220      4  347.1  348.6  347.2
  246.0  11089  -40.6                         235      3  347.2         347.2
  235.0  11394  -43.1                         330      2  347.9         347.9
  225.0  11684  -45.6                           0      1  348.4         348.4
  215.0  11988  -48.2                          40      5  349.0         349.0
  205.0  12305  -50.9                          75      8  349.5         349.5
  200.0  12470  -52.3                          75      8  349.8         349.8
  150.0  14260  -68.7                          75     21  351.6         351.6
  141.0  14626  -72.1                          79     23  351.9         351.9
  139.0  14708  -72.7                          80     23  352.2         352.2
  120.0  15554  -79.3                          80     37  355.3         355.3
  113.0  15893  -80.7                          80     43  358.8         358.8
  108.0  16147  -81.1                          78     36  362.7         362.7
  100.0  16580  -79.1                          75     25  374.6         374.6
   93.6  16954  -81.7                          86     21  376.7         376.7
   91.0  17114  -81.0                          90     19  381.1         381.1
   87.0  17368  -79.9                          25      4  388.3         388.3
   83.0  17634  -78.7                         305     11  395.9         395.9
   82.0  17703  -78.9                         285     13  397.0         397.0
   78.0  17987  -79.6                         305     12  401.1         401.1
   70.5  18560  -81.1                         258     17  409.7         409.7
   70.0  18600  -81.3                         255     17  410.1         410.1
   66.5  18890  -81.1                         168      9  416.6         416.6
   66.0  18933  -80.0                         155      8  419.9         419.9
   65.2  19002  -78.3                         145     11  425.1         425.1
   63.0  19199  -78.2                         115     19  429.6         429.6
   60.0  19479  -78.0                         135     17  436.1         436.1
   56.6  19814  -77.7                         121     19  444.0         444.0
   54.0  20088  -73.7                         110     21  459.1         459.1
   53.6  20131  -73.1                         100     20  461.6         461.6
   51.0  20423  -73.1                          35     15  468.2         468.2
   50.0  20540  -73.1                          10     17  470.8         470.8
   49.0  20657  -73.6                         355     16  472.4         472.4
   46.3  20986  -74.9                         337     10  476.9         476.9
   46.0  21024  -74.7                         335      9  478.3         478.3
   44.0  21284  -73.5                          90     10  487.4         487.4
   42.0  21556  -72.2                         110     26  497.2         497.2
   39.6  21900  -70.5                         103     34  509.8         509.8
   36.1  22454  -65.1                          92     46  537.4         537.4
   34.0  22817  -65.5                          85     54  545.8         545.8
   32.6  23072  -65.7                          88     55  551.7         551.7
   30.0  23580  -61.5                          95     56  576.4         576.4
   29.0  23790  -59.3                          94     58  588.1         588.1
   26.0  24477  -55.8                          90     66  616.6         616.6
   24.5  24851  -53.9                          89     68  632.7         632.7
   20.0  26150  -52.1                          85     75  675.9         675.9
   15.0  28022  -50.2                          95     73  740.0         740.0
   14.0  28470  -49.8                          90     89  756.3         756.3
   13.8  28564  -49.7                                     759.7         759.7
</PRE><H3>Station information and sounding indices</H3><PRE>
                         Station identifier: WAAA
                             Station number: 97180
                           Observation time: 180311/0000
                           Station latitude: -5.06
                          Station longitude: 119.55
                          Station elevation: 14.0
                            Showalter index: 0.91
                               Lifted index: -2.34
    LIFT computed using virtual temperature: -2.52
                                SWEAT index: 203.21
                                    K index: 36.10
                         Cross totals index: 19.90
                      Vertical totals index: 22.70
                        Totals totals index: 42.60
      Convective Available Potential Energy: 596.43
             CAPE using virtual temperature: 672.64
                      Convective Inhibition: -25.53
             CINS using virtual temperature: -18.82
                           Equilibrum Level: 205.69
 Equilibrum Level using virtual temperature: 205.67
                   Level of Free Convection: 863.27
             LFCT using virtual temperature: 880.90
                     Bulk Richardson Number: 35.28
          Bulk Richardson Number using CAPV: 39.79
  Temp [K] of the Lifted Condensation Level: 294.76
Pres [hPa] of the Lifted Condensation Level: 949.45
     Mean mixed layer potential temperature: 299.18
              Mean mixed layer mixing ratio: 17.47
              1000 hPa to 500 hPa thickness: 5787.00
Precipitable water [mm] for entire sounding: 63.28
</PRE>
<P>Description of the 
<A HREF="/upperair/columns.html">data columns</A>
or <A HREF="/upperair/indices.html">sounding indices</A>.

<P>
<FORM>
<INPUT CLASS="button" TYPE="button" VALUE=" Close this window " 
 onClick="window.close();">
<INPUT CLASS="button" TYPE="button" VALUE=" Select another map " 
 onClick="window.blur();">
</FORM>
<HR SIZE="1">
<I>Interested in graduate studies in atmospheric science?
Check out our program at the
<a href="http://www.uwyo.edu/atsc/howtoapply/"
target=_top>University of Wyoming
</a></I>
<HR SIZE="1"><FONT SIZE="-1">
Questions about the weather data provided by this site can be
addressed to <A HREF="mailto:ldoolman@uwyo.edu">
Larry Oolman (ldoolman@uwyo.edu)</A></FONT>
<HR SIZE="1">
<SCRIPT TYPE="text/javascript">
<!--
window.focus();
// -->
</SCRIPT>
</BODY>
</HTML>
