2018-12-17 00
<HTML>
<TITLE>University of Wyoming - Radiosonde Data</TITLE>
<LINK REL="StyleSheet" HREF="/resources/select.css" TYPE="text/css">
<BODY BGCOLOR="white">
<H2>97180 WAAA Ujung Pandang Observations at 00Z 17 Dec 2018</H2>
<PRE>
-----------------------------------------------------------------------------
   PRES   HGHT   TEMP   DWPT   RELH   MIXR   DRCT   SKNT   THTA   THTE   THTV
    hPa     m      C      C      %    g/kg    deg   knot     K      K      K 
-----------------------------------------------------------------------------
 1011.0     14   25.2   23.2     89  18.08      0      0  297.4  350.0  300.6
 1000.0    108   26.2   22.0     78  16.96     45      3  299.4  349.1  302.4
  978.0    302   25.1   20.9     78  16.21    355      5  300.1  347.8  303.0
  945.0    602   23.3   19.2     78  15.09    305      6  301.3  345.9  304.0
  925.0    789   22.2   18.2     78  14.43    285      8  302.0  344.8  304.6
  850.0   1519   18.0   14.1     78  12.04    285      9  305.0  341.2  307.2
  824.0   1784   16.2   12.7     80  11.32    271      7  305.8  340.0  307.9
  822.0   1805   16.1   12.5     79  11.20    270      7  305.9  339.8  308.0
  809.0   1940   15.4   11.2     76  10.43    254      7  306.6  338.3  308.5
  805.0   1983   15.2   10.2     72   9.80    249      7  306.8  336.6  308.6
  801.0   2025   16.2    6.2     52   7.48    244      7  308.3  331.4  309.7
  796.0   2078   16.6    3.6     42   6.26    238      7  309.3  328.9  310.4
  794.0   2099   16.8    2.8     39   5.93    235      7  309.7  328.3  310.8
  792.0   2121   17.0    2.0     36   5.61    237      7  310.1  327.9  311.2
  791.0   2132   16.8    4.8     45   6.86    237      7  310.0  331.5  311.3
  770.0   2360   14.8    8.8     67   9.31    255      9  310.3  339.1  312.0
  756.0   2515   15.0    7.0     59   8.38    266     10  312.1  338.4  313.7
  740.0   2695   13.9    6.2     60   8.11    280     11  312.9  338.4  314.4
  700.0   3162   11.2    4.2     62   7.44    275      9  314.9  338.5  316.3
  689.0   3292   10.4    3.7     63   7.28    285      8  315.4  338.6  316.8
  664.0   3594    8.7    2.4     65   6.92    245      5  316.8  339.0  318.1
  595.0   4492    3.4   -1.2     72   5.92    245     11  320.8  340.2  321.9
  573.0   4801    1.6   -2.5     74   5.60    270     12  322.1  340.6  323.2
  554.0   5077    0.0   -3.6     77   5.32    261      9  323.4  341.1  324.4
  552.0   5105   -0.2   -3.9     76   5.23    260      9  323.5  340.9  324.5
  532.0   5400   -2.1   -6.9     70   4.31    225     14  324.6  339.2  325.4
  528.0   5460   -2.5   -7.5     69   4.14    226     14  324.8  338.9  325.6
  506.0   5796   -4.9   -6.2     91   4.78    229     15  325.9  342.0  326.8
  500.0   5890   -5.7   -7.0     91   4.55    230     15  326.0  341.4  326.9
  493.0   5999   -6.3   -7.5     91   4.42    220     15  326.6  341.6  327.4
  456.0   6603   -9.8  -10.6     94   3.76    200     15  329.6  342.6  330.4
  422.0   7202  -13.2  -13.6     96   3.18    210      6  332.6  343.9  333.3
  417.0   7294  -13.7  -14.1     97   3.10    218      5  333.1  344.1  333.7
  400.0   7610  -15.3  -16.5     91   2.65    245      3  335.0  344.5  335.6
  390.0   7800  -16.2  -18.1     86   2.38    250      1  336.2  344.8  336.7
  377.0   8054  -17.5  -20.2     79   2.05     99      3  337.8  345.4  338.2
  375.0   8093  -17.8  -20.5     79   2.00     75      3  338.0  345.4  338.4
  360.0   8393  -19.8  -23.1     74   1.66    135      3  339.3  345.5  339.6
  346.0   8685  -21.7  -25.7     70   1.37    235      4  340.5  345.7  340.8
  323.0   9190  -25.1  -30.1     63   0.98    174      7  342.6  346.4  342.8
  318.0   9302  -26.0  -30.8     64   0.93    160      8  342.8  346.5  343.0
  300.0   9720  -29.5  -33.2     70   0.78    200      5  343.7  346.8  343.9
  295.0   9839  -30.5  -33.6     74   0.76    204      6  343.9  346.9  344.1
  293.0   9887  -30.9  -34.1     73   0.73    205      6  344.0  347.0  344.2
  269.0  10481  -35.7  -40.5     62   0.42    125      6  345.5  347.2  345.6
  257.0  10798  -38.3  -43.9     56   0.31    135      7  346.2  347.5  346.3
  250.0  10990  -39.9  -45.9     53   0.25    130      8  346.6  347.7  346.7
  235.0  11400  -43.5                          95     12  347.4         347.4
  200.0  12470  -52.7                          95     23  349.1         349.1
  170.0  13481  -61.6                          95     21  350.9         350.9
  150.0  14260  -68.5                          85     33  351.9         351.9
  140.0  14669  -72.3                          84     39  352.2         352.2
  101.0  16523  -84.7                          80     70  362.8         362.8
  100.0  16580  -85.1                          75     70  363.1         363.1
   90.9  17101  -87.5                          65     63  368.3         368.3
   86.0  17401  -88.0                          75     74  373.3         373.3
   82.4  17632  -88.3                          75     78  377.2         377.2
   82.0  17658  -88.3                          75     78  377.7         377.7
   81.5  17691  -88.3                          75     78  378.4         378.4
   81.0  17724  -88.3                          73     74  379.0         379.0
   79.8  17805  -86.5                          69     65  384.4         384.4
   77.2  17991  -75.1                          61     45  411.7         411.7
   77.0  18007  -74.7                          60     43  412.9         412.9
   75.4  18129  -71.1                          42     34  422.9         422.9
   73.6  18272  -69.5                          22     23  429.2         429.2
   73.0  18321  -69.7                          15     19  429.8         429.8
   70.0  18570  -70.5                         330     15  433.2         433.2
   66.0  18917  -71.8                         245      9  437.7         437.7
   60.0  19478  -74.0                         170     19  445.0         445.0
   57.5  19729  -74.9                         155     23  448.3         448.3
   51.0  20434  -72.0                         100     39  470.8         470.8
   50.0  20550  -71.5                          95     41  474.6         474.6
   49.6  20597  -72.3                          95     41  473.8         473.8
   45.5  21112  -66.9                          90     45  498.7         498.7
   42.0  21595  -66.9                          85     48  510.2         510.2
   40.0  21893  -64.4                          70     41  523.6         523.6
   37.9  22223  -61.7                          73     33  538.7         538.7
   36.8  22406  -60.1                          74     29  547.3         547.3
   36.0  22545  -56.0                          75     26  561.3         561.3
   35.9  22562  -55.5                          80     24  563.1         563.1
   35.0  22723  -56.0                         130      6  566.0         566.0
   33.0  23096  -57.0                         200      8  572.8         572.8
   32.0  23291  -57.6                         205     15  576.3         576.3
   31.8  23331  -57.7                         201     15  577.1         577.1
   30.0  23700  -56.3                         160     18  590.6         590.6
   29.6  23786  -54.5                         161     17  597.8         597.8
   27.1  24352  -53.5                         170     12  615.8         615.8
   27.0  24375  -53.5                         170     12  616.4         616.4
   26.0  24618  -53.6                         225      7  622.8         622.8
   25.0  24869  -53.8                         115      4  629.4         629.4
   24.0  25132  -53.9                         120      6  636.4         636.4
   23.0  25405  -54.0                         190     10  643.8         643.8
   22.5  25546  -54.1                                     647.7         647.7
</PRE><H3>Station information and sounding indices</H3><PRE>
                         Station identifier: WAAA
                             Station number: 97180
                           Observation time: 181217/0000
                           Station latitude: -5.06
                          Station longitude: 119.55
                          Station elevation: 14.0
                            Showalter index: 0.69
                               Lifted index: -1.92
    LIFT computed using virtual temperature: -2.13
                                SWEAT index: 202.18
                                    K index: 30.80
                         Cross totals index: 19.80
                      Vertical totals index: 23.70
                        Totals totals index: 43.50
      Convective Available Potential Energy: 171.02
             CAPE using virtual temperature: 209.94
                      Convective Inhibition: -151.82
             CINS using virtual temperature: -39.20
                           Equilibrum Level: 289.60
 Equilibrum Level using virtual temperature: 284.07
                   Level of Free Convection: 603.71
             LFCT using virtual temperature: 834.52
                     Bulk Richardson Number: 18.65
          Bulk Richardson Number using CAPV: 22.89
  Temp [K] of the Lifted Condensation Level: 293.42
Pres [hPa] of the Lifted Condensation Level: 927.68
     Mean mixed layer potential temperature: 299.80
              Mean mixed layer mixing ratio: 16.44
              1000 hPa to 500 hPa thickness: 5782.00
Precipitable water [mm] for entire sounding: 55.37
</PRE>
<P>Description of the 
<A HREF="/upperair/columns.html">data columns</A>
or <A HREF="/upperair/indices.html">sounding indices</A>.

<P>
<FORM>
<INPUT CLASS="button" TYPE="button" VALUE=" Close this window " 
 onClick="window.close();">
<INPUT CLASS="button" TYPE="button" VALUE=" Select another map " 
 onClick="window.blur();">
</FORM>
<HR SIZE="1">
<I>Interested in graduate studies in atmospheric science?
Check out our program at the
<a href="http://www.uwyo.edu/atsc/howtoapply/"
target=_top>University of Wyoming
</a></I>
<HR SIZE="1"><FONT SIZE="-1">
Questions about the weather data provided by this site can be
addressed to <A HREF="mailto:ldoolman@uwyo.edu">
Larry Oolman (ldoolman@uwyo.edu)</A></FONT>
<HR SIZE="1">
<SCRIPT TYPE="text/javascript">
<!--
window.focus();
// -->
</SCRIPT>
</BODY>
</HTML>
