2018-12-14 00
<HTML>
<TITLE>University of Wyoming - Radiosonde Data</TITLE>
<LINK REL="StyleSheet" HREF="/resources/select.css" TYPE="text/css">
<BODY BGCOLOR="white">
<H2>97180 WAAA Ujung Pandang Observations at 00Z 14 Dec 2018</H2>
<PRE>
-----------------------------------------------------------------------------
   PRES   HGHT   TEMP   DWPT   RELH   MIXR   DRCT   SKNT   THTA   THTE   THTV
    hPa     m      C      C      %    g/kg    deg   knot     K      K      K 
-----------------------------------------------------------------------------
 1010.0     14   25.0   23.5     91  18.44      0      0  297.3  350.9  300.6
 1009.0     23   25.8   20.9     74  15.68     13      0  298.2  343.9  301.0
 1004.0     65   25.4   21.4     79  16.27     81      1  298.2  345.7  301.1
 1000.0    100   26.6   20.6     70  15.53    135      2  299.8  345.4  302.5
  978.0    295   25.5   19.8     71  15.13    100      2  300.6  345.2  303.3
  945.0    597   23.8   18.6     73  14.52    280      7  301.8  344.9  304.5
  925.0    785   22.8   17.9     74  14.15    285     11  302.6  344.7  305.2
  852.0   1499   18.7   13.7     73  11.71    300     10  305.5  340.9  307.7
  850.0   1519   18.6   13.6     73  11.65    300     10  305.6  340.8  307.8
  740.0   2695   12.5    7.7     73   8.97    270     10  311.3  339.2  312.9
  714.0   2998   10.9    6.2     73   8.36    275      8  312.7  339.0  314.3
  700.0   3166   10.0    5.3     73   8.04    295      7  313.5  338.9  315.1
  695.0   3226   10.0    5.1     72   7.99    300      7  314.2  339.4  315.7
  689.0   3297    9.5    4.8     72   7.86    305      7  314.4  339.3  315.9
  634.0   3982    4.8    1.4     79   6.73    256      3  316.6  338.2  317.9
  623.0   4124    4.6    2.1     84   7.20    246      2  318.0  341.1  319.3
  617.0   4203    4.3   -0.3     72   6.08    240      2  318.5  338.3  319.7
  595.0   4498    3.3   -9.5     38   3.14    165      5  320.7  331.3  321.3
  592.0   4539    3.2  -10.8     35   2.85    160      6  321.0  330.7  321.6
  573.0   4801    1.1  -11.6     38   2.77    130      9  321.6  331.0  322.1
  563.0   4943    0.0  -12.0     40   2.72    135      9  321.9  331.2  322.4
  547.0   5172   -2.3   -8.3     63   3.76    144     10  321.8  334.4  322.5
  531.0   5407   -3.3  -10.3     58   3.31    154     10  323.4  334.6  324.0
  521.0   5557   -3.9  -17.9     33   1.81    160     11  324.4  330.8  324.7
  512.0   5694   -4.7  -14.8     45   2.39    165     11  325.1  333.4  325.5
  505.0   5802   -5.3  -12.3     58   2.96    168     12  325.6  335.8  326.2
  500.0   5880   -5.5  -16.5     42   2.12    170     12  326.3  333.7  326.7
  493.0   5991   -6.2  -15.8     47   2.28    150      8  326.7  334.7  327.1
  481.0   6184   -7.5  -14.5     57   2.60    158      7  327.4  336.5  327.9
  471.0   6348   -8.1  -18.1     44   1.96    165      6  328.7  335.7  329.1
  463.0   6482   -7.9  -23.9     26   1.21    170      6  330.5  335.0  330.8
  456.0   6600   -8.7  -23.8     28   1.24    175      5  331.0  335.6  331.2
  439.0   6895  -10.6  -23.4     34   1.33    150      8  332.2  337.1  332.4
  433.0   7002  -11.3  -23.3     36   1.36    167      6  332.6  337.6  332.9
  423.0   7182  -12.3  -23.3     39   1.39    197      3  333.5  338.7  333.8
  422.0   7200  -12.3  -22.4     43   1.52    200      3  333.7  339.3  334.0
  419.0   7255  -12.5  -19.5     56   1.96    206      3  334.2  341.3  334.6
  417.0   7291  -12.3  -26.3     30   1.08    210      3  334.9  339.0  335.1
  413.0   7365  -12.5  -24.5     36   1.28    218      3  335.6  340.4  335.8
  411.0   7403  -12.7  -24.7     36   1.26    222      3  335.8  340.5  336.0
  410.0   7421  -12.7  -30.7     21   0.73    224      3  336.0  338.8  336.2
  404.0   7534  -13.5  -30.5     22   0.75    237      3  336.4  339.3  336.6
  401.0   7591  -14.1  -27.1     32   1.04    243      3  336.3  340.3  336.6
  400.0   7610  -14.3  -24.3     42   1.35    245      3  336.3  341.4  336.6
  399.0   7629  -14.5  -22.5     51   1.58    246      3  336.3  342.2  336.6
  398.0   7648  -14.7  -21.7     55   1.70    247      3  336.3  342.6  336.6
  397.0   7667  -14.7  -23.7     46   1.43    248      3  336.5  341.9  336.8
  396.0   7686  -14.9  -30.9     24   0.74    249      3  336.5  339.4  336.6
  395.0   7705  -14.9  -20.9     60   1.84    250      3  336.7  343.5  337.1
  390.0   7801  -15.6  -21.6     60   1.75    255      3  337.0  343.5  337.4
  383.0   7937  -16.7  -22.7     60   1.62    254      4  337.4  343.4  337.7
  381.0   7977  -17.1  -21.1     71   1.88    254      5  337.3  344.3  337.7
  378.0   8036  -17.5  -21.2     73   1.87    253      5  337.6  344.5  337.9
  374.0   8115  -18.1  -24.1     59   1.47    252      6  337.8  343.3  338.1
  373.0   8135  -18.3  -24.3     59   1.44    252      6  337.8  343.2  338.1
  372.0   8155  -18.5  -29.5     37   0.90    252      7  337.8  341.2  338.0
  367.0   8256  -19.5  -28.5     45   1.00    251      8  337.8  341.6  338.0
  364.0   8316  -19.9  -24.2     69   1.49    251      8  338.0  343.6  338.3
  360.0   8398  -20.7  -24.6     71   1.46    250      9  338.0  343.5  338.3
  359.0   8419  -20.9  -24.3     74   1.50    251      9  338.0  343.6  338.3
  358.0   8439  -21.1  -24.2     76   1.52    251      9  338.0  343.7  338.3
  357.0   8460  -21.1  -29.1     49   0.97    252      9  338.3  342.0  338.5
  352.0   8564  -21.9  -28.9     53   1.00    255      9  338.6  342.4  338.8
  351.0   8584  -21.9  -26.5     66   1.26    255      9  338.9  343.6  339.1
  348.0   8647  -22.3  -28.3     58   1.07    257      8  339.1  343.3  339.4
  347.0   8669  -22.3  -27.2     64   1.19    257      8  339.4  344.0  339.7
  346.0   8690  -22.5  -33.5     36   0.66    258      8  339.4  342.0  339.6
  345.0   8711  -22.5  -28.5     58   1.06    259      8  339.7  343.8  339.9
  344.0   8732  -22.5  -31.5     44   0.80    259      8  340.0  343.1  340.2
  343.0   8754  -22.7  -30.7     48   0.87    260      8  340.0  343.4  340.2
  342.0   8775  -23.1  -27.0     70   1.23    260      8  339.8  344.4  340.0
  337.0   8882  -23.7  -30.7     53   0.88    263      8  340.4  343.8  340.6
  333.0   8969  -24.3  -34.3     39   0.63    266      8  340.7  343.2  340.8
  331.0   9013  -24.7  -34.7     39   0.61    267      8  340.8  343.2  340.9
  327.0   9101  -25.5  -29.8     67   0.99    269      7  340.8  344.7  341.0
  318.0   9303  -27.3  -30.2     76   0.98    275      7  341.1  344.9  341.3
  317.0   9325  -27.5  -30.3     77   0.98    273      7  341.1  344.9  341.3
  315.0   9371  -27.1  -33.1     57   0.75    270      7  342.3  345.2  342.4
  300.0   9720  -29.3  -35.3     56   0.64    245      6  344.0  346.5  344.1
  280.0  10207  -33.7  -41.6     45   0.36    225      7  344.5  346.0  344.6
  279.0  10232  -33.9  -41.9     44   0.35    225      7  344.6  346.0  344.6
  250.0  10990  -39.7  -44.4     61   0.30    225      6  346.9  348.2  347.0
  249.0  11017  -40.1  -44.7     61   0.29    225      6  346.7  347.9  346.8
  225.0  11689  -45.8                         215      5  348.1         348.1
  200.0  12470  -52.5                         180      5  349.5         349.5
  187.0  12891  -56.0                         165      8  350.6         350.6
  178.0  13199  -58.6                         120     14  351.4         351.4
  150.0  14270  -67.5                         145     20  353.6         353.6
  147.0  14386  -68.4                         140     19  354.1         354.1
  126.0  15268  -75.4                          60     25  357.4         357.4
  100.0  16590  -85.9                          85     52  361.5         361.5
   96.0  16812  -87.1                          85     55  363.4         363.4
   88.4  17260  -89.5                          85     47  367.3         367.3
   82.0  17665  -89.2                          95     59  375.8         375.8
   81.5  17698  -89.2                          95     59  376.5         376.5
   78.8  17880  -89.1                          91     57  380.4         380.4
   70.0  18530  -82.5                          75     51  407.6         407.6
   69.0  18610  -82.5                          75     51  409.3         409.3
   68.7  18634  -82.5                          75     51  409.8         409.8
   64.8  18967  -73.5                          80     46  436.3         436.3
   60.4  19383  -67.1                          86     41  459.5         459.5
   54.5  20002  -66.5                          94     34  474.5         474.5
   54.0  20058  -65.6                          95     33  477.9         477.9
   52.5  20230  -62.7                         110     29  488.4         488.4
   51.0  20408  -62.2                         125     25  493.6         493.6
   50.0  20530  -61.9                         135     21  497.2         497.2
   49.3  20617  -60.9                         163     18  501.6         501.6
   49.0  20655  -61.1                         175     17  501.9         501.9
   46.0  21041  -63.6                         195     21  505.2         505.2
   42.0  21596  -67.0                         170     26  509.8         509.8
   41.3  21699  -67.7                         160     24  510.7         510.7
   40.0  21893  -65.7                         160     12  520.4         520.4
   39.5  21969  -64.9                         175     11  524.3         524.3
   37.7  22252  -66.3                         230      9  527.7         527.7
   36.2  22498  -64.9                         278      6  537.5         537.5
   36.0  22532  -64.1                         285      6  540.5         540.5
   35.1  22688  -60.3                         286      7  554.2         554.2
   33.0  23074  -59.6                         290     11  566.0         566.0
   30.0  23670  -58.5                         315     16  584.6         584.6
   27.3  24262  -58.5                         288     14  600.5         600.5
   27.0  24333  -57.7                         285     14  604.6         604.6
   26.0  24573  -55.2                         320     11  618.4         618.4
   24.5  24953  -51.1                         303     23  640.8         640.8
   23.0  25364  -50.3                         285     35  654.9         654.9
   22.7  25450  -50.1                         285     35  657.8         657.8
   21.0  25954  -52.5                         285     35  665.4         665.4
   20.0  26270  -51.5                         285     35  677.8         677.8
   18.0  26950  -53.0                         275     28  693.9         693.9
   16.8  27395  -53.9                         255     16  704.7         704.7
   16.0  27713  -52.7                         240      7  718.5         718.5
   15.0  28133  -51.1                         260      7  737.3         737.3
   14.0  28583  -49.3                         230      5  757.8         757.8
   13.0  29066  -47.5                          30      6  780.4         780.4
   12.9  29116  -47.3                                     782.8         782.8
</PRE><H3>Station information and sounding indices</H3><PRE>
                         Station identifier: WAAA
                             Station number: 97180
                           Observation time: 181214/0000
                           Station latitude: -5.06
                          Station longitude: 119.55
                          Station elevation: 14.0
                            Showalter index: 1.07
                               Lifted index: -0.65
    LIFT computed using virtual temperature: -1.18
                                SWEAT index: 195.21
                                    K index: 33.00
                         Cross totals index: 19.10
                      Vertical totals index: 24.10
                        Totals totals index: 43.20
      Convective Available Potential Energy: 47.44
             CAPE using virtual temperature: 89.43
                      Convective Inhibition: -179.26
             CINS using virtual temperature: -139.58
                           Equilibrum Level: 466.89
 Equilibrum Level using virtual temperature: 427.06
                   Level of Free Convection: 648.70
             LFCT using virtual temperature: 662.86
                     Bulk Richardson Number: 17.70
          Bulk Richardson Number using CAPV: 33.37
  Temp [K] of the Lifted Condensation Level: 291.90
Pres [hPa] of the Lifted Condensation Level: 906.35
     Mean mixed layer potential temperature: 300.23
              Mean mixed layer mixing ratio: 15.28
              1000 hPa to 500 hPa thickness: 5780.00
Precipitable water [mm] for entire sounding: 50.88
</PRE>
<P>Description of the 
<A HREF="/upperair/columns.html">data columns</A>
or <A HREF="/upperair/indices.html">sounding indices</A>.

<P>
<FORM>
<INPUT CLASS="button" TYPE="button" VALUE=" Close this window " 
 onClick="window.close();">
<INPUT CLASS="button" TYPE="button" VALUE=" Select another map " 
 onClick="window.blur();">
</FORM>
<HR SIZE="1">
<I>Interested in graduate studies in atmospheric science?
Check out our program at the
<a href="http://www.uwyo.edu/atsc/howtoapply/"
target=_top>University of Wyoming
</a></I>
<HR SIZE="1"><FONT SIZE="-1">
Questions about the weather data provided by this site can be
addressed to <A HREF="mailto:ldoolman@uwyo.edu">
Larry Oolman (ldoolman@uwyo.edu)</A></FONT>
<HR SIZE="1">
<SCRIPT TYPE="text/javascript">
<!--
window.focus();
// -->
</SCRIPT>
</BODY>
</HTML>
