2016-11-10 12
<HTML>
<TITLE>University of Wyoming - Radiosonde Data</TITLE>
<LINK REL="StyleSheet" HREF="/resources/select.css" TYPE="text/css">
<BODY BGCOLOR="white">
<H2>97180 WAAA Ujung Pandang Observations at 00Z 10 Nov 2016</H2>
<PRE>
-----------------------------------------------------------------------------
   PRES   HGHT   TEMP   DWPT   RELH   MIXR   DRCT   SKNT   THTA   THTE   THTV
    hPa     m      C      C      %    g/kg    deg   knot     K      K      K 
-----------------------------------------------------------------------------
 1010.0     14   26.0   24.5     91  19.61      0      0  298.3  355.6  301.8
 1009.0     23   27.0   21.0     70  15.78      9      0  299.4  345.7  302.2
 1000.0    103   26.6   20.6     70  15.53     90      2  299.8  345.4  302.5
  978.0    299   25.2   20.2     74  15.49     80      1  300.3  345.9  303.1
  945.0    602   23.1   19.6     81  15.43    285      4  301.1  346.6  303.9
  925.0    791   21.8   19.2     85  15.38    270      5  301.6  347.1  304.4
  914.0    895   21.0   18.9     88  15.28    260      5  301.8  347.1  304.6
  882.0   1203   19.1   16.8     86  13.83    230      6  303.0  344.1  305.5
  852.0   1502   17.3   14.7     85  12.53    215      4  304.1  341.6  306.4
  850.0   1522   17.2   14.6     85  12.44    215      4  304.1  341.4  306.4
  823.0   1793   15.9   12.2     79  10.97    230      3  305.6  338.7  307.6
  794.0   2094   14.4    9.6     73   9.50    150      2  307.1  336.1  308.9
  766.0   2395   12.9    6.9     67   8.20     95      5  308.7  334.0  310.2
  739.0   2696   11.4    4.2     61   7.05     95      6  310.3  332.3  311.6
  700.0   3151    9.2    0.2     53   5.58    170      5  312.6  330.4  313.7
  688.0   3294    8.1    1.6     63   6.28    200      5  313.0  332.9  314.2
  671.0   3501    6.6    3.6     81   7.44    180      6  313.5  337.0  314.9
  663.0   3600    6.6   -4.4     45   4.18    170      6  314.6  328.2  315.4
  639.0   3901    5.1   -8.1     38   3.26    140      7  316.3  327.1  316.9
  621.0   4135    4.0  -11.0     33   2.67    136      6  317.6  326.6  318.1
  610.0   4280    3.6  -10.4     35   2.85    134      5  318.7  328.4  319.3
  602.0   4387    2.8   -4.2     60   4.68    132      5  319.0  334.4  319.9
  594.0   4495    2.2   -4.6     61   4.61    130      4  319.6  334.8  320.4
  572.0   4800    0.5   -5.7     63   4.41    100      7  321.1  335.7  321.9
  565.0   4899    0.0   -6.0     64   4.35    107      7  321.6  336.1  322.4
  559.0   4985   -0.7   -4.2     77   5.04    112      7  321.7  338.4  322.7
  553.0   5071   -0.5  -11.5     43   2.88    118      7  322.9  332.8  323.5
  551.0   5100   -0.8   -9.4     52   3.41    120      7  322.9  334.5  323.6
  548.0   5144   -1.3   -6.3     69   4.38    120      7  322.8  337.5  323.7
  530.0   5410   -2.5  -11.8     49   2.94    120      6  324.5  334.6  325.1
  527.0   5455   -2.7  -12.7     46   2.75    123      6  324.8  334.3  325.3
  511.0   5698   -4.7  -10.9     62   3.26    140      6  325.2  336.4  325.9
  500.0   5870   -6.1   -9.7     76   3.68    130      5  325.5  338.1  326.3
  499.0   5886   -6.3  -10.2     74   3.55    127      5  325.5  337.6  326.2
  492.0   5996   -6.7   -7.8     92   4.35    102      5  326.3  341.1  327.2
  477.0   6238   -7.3  -11.4     72   3.37     49      6  328.5  340.1  329.1
  473.0   6303   -7.8  -11.7     74   3.32     35      6  328.6  340.2  329.3
  455.0   6604  -10.2  -13.0     80   3.11    135      3  329.3  340.2  330.0
  451.0   6672  -10.7  -13.3     81   3.06     97      3  329.5  340.2  330.1
  438.0   6897  -11.0  -16.8     63   2.37    330      3  331.9  340.4  332.4
  433.0   6986  -11.1  -18.1     56   2.14    343      4  332.9  340.6  333.3
  421.0   7200  -12.5  -18.6     60   2.11     15      7  333.8  341.4  334.2
  407.0   7458  -14.1  -19.1     66   2.09     22      6  334.9  342.5  335.3
  400.0   7590  -14.9  -22.9     51   1.52     25      5  335.5  341.2  335.9
  399.0   7609  -15.1  -24.1     46   1.37     25      5  335.5  340.6  335.8
  388.0   7819  -16.7  -21.7     65   1.75     26      6  336.1  342.6  336.5
  359.0   8396  -20.9  -28.2     52   1.05     30      9  338.0  342.1  338.3
  351.0   8564  -22.1  -30.1     48   0.90     16      9  338.6  342.1  338.8
  347.0   8648  -22.7  -31.7     44   0.78      9      9  338.9  341.9  339.1
  345.0   8690  -23.1  -30.1     53   0.91      5      9  338.9  342.4  339.1
  331.0   8992  -24.6  -34.0     42   0.66     15      7  340.8  343.4  341.0
  327.0   9080  -25.1  -35.1     39   0.59      9      7  341.4  343.8  341.5
  317.0   9304  -26.8  -35.1     45   0.61    355      8  342.1  344.6  342.3
  309.0   9489  -28.1  -35.1     51   0.63    343      8  342.8  345.3  342.9
  304.0   9605  -28.9  -38.8     38   0.44    335      8  343.1  344.9  343.2
  302.0   9653  -29.3  -40.3     34   0.38    340      8  343.3  344.9  343.4
  300.0   9700  -29.7  -41.7     30   0.33    345      7  343.4  344.8  343.5
  288.0   9991  -31.7  -37.7     55   0.52    342      7  344.6  346.7  344.7
  280.0  10188  -33.4  -39.8     53   0.43    340      7  344.9  346.7  345.0
  268.0  10495  -36.0  -43.0     48   0.32     15      4  345.5  346.8  345.6
  257.0  10787  -38.5  -46.1     44   0.24    340      2  346.0  347.0  346.0
  251.0  10953  -39.9  -47.9     42   0.20    353      3  346.2  347.1  346.3
  250.0  10980  -40.3                         355      3  346.0         346.0
  246.0  11087  -41.2                          10      3  346.3         346.3
  205.0  12296  -51.1                          45      1  349.1         349.1
  200.0  12460  -52.5                         335      1  349.5         349.5
  196.0  12586  -53.6                         265      1  349.7         349.7
  187.0  12878  -56.3                         210      1  350.1         350.1
  178.0  13185  -59.1                         195      4  350.6         350.6
  154.0  14086  -67.2                         185     10  351.4         351.4
  150.0  14250  -68.7                         195     10  351.6         351.6
  139.0  14696  -73.0                         215      3  351.7         351.7
  133.0  14955  -75.5                         339      0  351.7         351.7
  132.0  14997  -75.7                           0      0  352.1         352.1
  113.0  15872  -80.6                          80     15  358.9         358.9
  101.0  16504  -84.2                          80     33  363.8         363.8
  100.0  16560  -84.5                          80     33  364.2         364.2
   91.4  17052  -88.1                          66     47  366.6         366.6
   91.0  17076  -88.0                          65     48  367.2         367.2
   86.0  17383  -86.8                          75     54  375.6         375.6
   84.8  17460  -86.5                                     377.8         377.8
</PRE><H3>Station information and sounding indices</H3><PRE>
                         Station identifier: WAAA
                             Station number: 97180
                           Observation time: 161110/0000
                           Station latitude: -5.06
                          Station longitude: 119.55
                          Station elevation: 14.0
                            Showalter index: 0.20
                               Lifted index: -1.53
    LIFT computed using virtual temperature: -1.82
                                SWEAT index: 188.20
                                    K index: 28.90
                         Cross totals index: 20.70
                      Vertical totals index: 23.30
                        Totals totals index: 44.00
      Convective Available Potential Energy: 106.54
             CAPE using virtual temperature: 209.22
                      Convective Inhibition: -52.33
             CINS using virtual temperature: -37.09
                           Equilibrum Level: 340.40
 Equilibrum Level using virtual temperature: 338.02
                   Level of Free Convection: 727.01
             LFCT using virtual temperature: 822.28
                     Bulk Richardson Number: 107.16
          Bulk Richardson Number using CAPV: 210.44
  Temp [K] of the Lifted Condensation Level: 292.26
Pres [hPa] of the Lifted Condensation Level: 911.09
     Mean mixed layer potential temperature: 300.16
              Mean mixed layer mixing ratio: 15.55
              1000 hPa to 500 hPa thickness: 5767.00
Precipitable water [mm] for entire sounding: 50.23
</PRE>
<P>Description of the 
<A HREF="/upperair/columns.html">data columns</A>
or <A HREF="/upperair/indices.html">sounding indices</A>.

<P>
<FORM>
<INPUT CLASS="button" TYPE="button" VALUE=" Close this window " 
 onClick="window.close();">
<INPUT CLASS="button" TYPE="button" VALUE=" Select another map " 
 onClick="window.blur();">
</FORM>
<HR SIZE="1">
<I>Interested in graduate studies in atmospheric science?
Check out our program at the
<a href="http://www.uwyo.edu/atsc/howtoapply/"
target=_top>University of Wyoming
</a></I>
<HR SIZE="1"><FONT SIZE="-1">
Questions about the weather data provided by this site can be
addressed to <A HREF="mailto:ldoolman@uwyo.edu">
Larry Oolman (ldoolman@uwyo.edu)</A></FONT>
<HR SIZE="1">
<SCRIPT TYPE="text/javascript">
<!--
window.focus();
// -->
</SCRIPT>
</BODY>
</HTML>
