2017-06-22 00
<HTML>
<TITLE>University of Wyoming - Radiosonde Data</TITLE>
<LINK REL="StyleSheet" HREF="/resources/select.css" TYPE="text/css">
<BODY BGCOLOR="white">
<H2>97180 WAAA Ujung Pandang Observations at 00Z 22 Jun 2017</H2>
<PRE>
-----------------------------------------------------------------------------
   PRES   HGHT   TEMP   DWPT   RELH   MIXR   DRCT   SKNT   THTA   THTE   THTV
    hPa     m      C      C      %    g/kg    deg   knot     K      K      K 
-----------------------------------------------------------------------------
 1011.0     14   24.0   23.1     95  17.96      0      0  296.2  348.2  299.4
 1010.0     23   22.2   20.1     88  14.89      8      0  294.5  337.3  297.1
 1007.0     48   22.0   19.7     87  14.56     33      1  294.6  336.4  297.1
 1001.0     99   24.8   20.6     77  15.51     82      3  297.9  343.1  300.6
 1000.0    108   25.2   20.7     76  15.63     90      3  298.4  344.0  301.1
  989.0    207   26.2   18.2     61  13.48     77      4  300.3  340.0  302.7
  979.0    297   25.6   17.5     61  12.99     65      5  300.6  339.0  302.9
  925.0    799   22.4   13.4     57  10.55      0      1  302.2  333.7  304.1
  914.0    902   21.7   12.3     55   9.93     50      1  302.5  332.2  304.3
  895.0   1084   20.4   10.4     53   8.92     64      6  303.0  329.9  304.6
  853.0   1496   18.9    7.0     46   7.44     95     16  305.6  328.4  307.0
  850.0   1526   18.8    6.8     46   7.34     95     16  305.8  328.3  307.2
  842.0   1607   18.6    4.6     40   6.35     92     15  306.4  326.1  307.6
  811.0   1929   16.4    0.4     34   4.88     81     12  307.4  322.8  308.3
  767.0   2402   12.5    4.1     56   6.74     65      8  308.2  329.1  309.4
  759.0   2490   11.8    4.8     62   7.15     56      7  308.3  330.5  309.6
  743.0   2669   11.0    7.1     77   8.59     38      6  309.3  335.9  310.9
  740.0   2703   10.9    6.7     75   8.36     35      6  309.6  335.4  311.1
  707.0   3085    9.6    1.6     57   6.11     60      8  312.2  331.6  313.4
  700.0   3168    9.2    1.2     57   6.00     65      9  312.6  331.7  313.8
  689.0   3297    8.4    0.8     59   5.93     80     11  313.2  332.1  314.3
  641.0   3887    4.8   -0.9     66   5.63     90     10  315.7  333.8  316.7
  617.0   4199    3.0   -1.8     71   5.47    120      6  317.0  334.7  318.0
  595.0   4495    1.2   -2.6     76   5.33     95     10  318.2  335.6  319.2
  581.0   4690    0.0   -3.2     79   5.23     97      9  319.0  336.1  320.0
  531.0   5403   -4.0   -7.0     80   4.29    105      7  322.5  336.9  323.3
  500.0   5880   -6.7   -9.5     80   3.74     80     13  324.8  337.5  325.5
  483.0   6150   -7.7  -10.7     79   3.52     70     14  326.8  338.9  327.5
  479.0   6215   -7.3  -18.3     41   1.90     68     14  328.1  334.9  328.4
  478.0   6231   -7.5  -17.5     45   2.04     67     14  328.0  335.3  328.4
  474.0   6296   -7.8  -18.0     44   1.97     65     14  328.4  335.5  328.9
  443.0   6821  -10.1  -22.1     37   1.48     71     14  331.9  337.4  332.2
  405.0   7505  -15.0  -25.3     41   1.22     80     14  334.2  338.8  334.4
  400.0   7600  -15.7  -25.7     42   1.19     80     15  334.5  338.9  334.7
  369.0   8202  -20.1  -31.1     37   0.78     72     17  336.4  339.4  336.6
  330.0   9018  -25.9  -31.9     57   0.81     60     20  339.4  342.5  339.6
  300.0   9700  -30.9  -37.9     50   0.49     50     23  341.7  343.7  341.8
  282.0  10137  -34.3  -38.5     66   0.49     47     28  342.9  344.9  343.0
  268.0  10490  -37.2  -42.9     55   0.32     45     32  343.6  345.0  343.7
  256.0  10808  -39.9  -46.9     47   0.22     55     32  344.3  345.2  344.3
  250.0  10970  -41.1                          60     32  344.8         344.8
  200.0  12440  -54.5                          60     38  346.3         346.3
  195.0  12598  -55.8                          60     38  346.8         346.8
  161.0  13790  -65.5                          75     25  349.9         349.9
  153.0  14107  -68.1                          70     24  350.6         350.6
  150.0  14230  -69.1                          70     22  350.9         350.9
  146.0  14388  -70.1                          80     17  351.8         351.8
  132.0  14978  -74.0                         160     12  355.2         355.2
  125.0  15296  -76.1                         175     12  356.9         356.9
  119.0  15579  -76.0                         215     11  362.2         362.2
  113.0  15877  -75.9                         195     19  367.7         367.7
  102.0  16466  -75.7                         230     22  379.0         379.0
  100.0  16580  -75.7                         245     21  381.2         381.2
   96.0  16819  -74.1                         275     23  388.8         388.8
   89.9  17202  -71.5                         248     30  401.4         401.4
   87.0  17392  -72.8                         235     33  402.6         402.6
   75.0  18253  -78.5                         230     39  407.9         407.9
   74.3  18307  -78.9                         230     38  408.3         408.3
   70.0  18650  -74.9                         250     23  423.8         423.8
   67.0  18907  -70.9                         275     23  437.8         437.8
   66.1  18987  -69.7                         275     24  442.1         442.1
   59.2  19649  -66.1                         275     34  464.3         464.3
   55.0  20094  -66.4                         275     40  473.6         473.6
   50.0  20670  -66.7                         265     24  485.9         485.9
   45.0  21308  -66.5                         265     22  501.2         501.2
   44.6  21362  -66.5                         268     22  502.5         502.5
   41.1  21860  -64.7                         290     18  518.9         518.9
   39.0  22184  -60.3                         305     16  537.8         537.8
   37.0  22510  -61.6                         340      9  542.6         542.6
   35.0  22854  -63.0                          10      7  547.8         547.8
   33.4  23143  -64.1                          31     12  552.1         552.1
   32.7  23273  -64.5                          41     14  554.4         554.4
   31.9  23426  -60.7                          52     16  568.5         568.5
   30.3  23748  -59.3                          75     21  580.7         580.7
   30.0  23810  -59.1                          80     22  582.9         582.9
   29.0  24021  -60.9                          90     25  583.6         583.6
   28.7  24085  -61.5                          90     26  583.8         583.8
   26.0  24703  -56.7                          88     34  614.1         614.1
   23.0  25483  -54.9                          85     45  641.4         641.4
   21.6  25883  -53.9                          94     46  655.9         655.9
   20.7  26157  -51.3                         100     47  671.8         671.8
   20.0  26380  -51.9                         105     47  676.6         676.6
   19.4  26577  -51.9                         105     51  682.5         682.5
   19.0                                       105     53                     
</PRE><H3>Station information and sounding indices</H3><PRE>
                         Station identifier: WAAA
                             Station number: 97180
                           Observation time: 170622/0000
                           Station latitude: -5.06
                          Station longitude: 119.55
                          Station elevation: 14.0
                            Showalter index: 5.43
                               Lifted index: 0.57
    LIFT computed using virtual temperature: 0.45
                                SWEAT index: 126.61
                                    K index: 24.30
                         Cross totals index: 13.50
                      Vertical totals index: 25.50
                        Totals totals index: 39.00
      Convective Available Potential Energy: 0.00
             CAPE using virtual temperature: 0.00
                      Convective Inhibition: 0.00
             CINS using virtual temperature: 0.00
                     Bulk Richardson Number: 0.00
          Bulk Richardson Number using CAPV: 0.00
  Temp [K] of the Lifted Condensation Level: 289.66
Pres [hPa] of the Lifted Condensation Level: 889.60
     Mean mixed layer potential temperature: 299.53
              Mean mixed layer mixing ratio: 13.53
              1000 hPa to 500 hPa thickness: 5772.00
Precipitable water [mm] for entire sounding: 41.28
</PRE>
<P>Description of the 
<A HREF="/upperair/columns.html">data columns</A>
or <A HREF="/upperair/indices.html">sounding indices</A>.

<P>
<FORM>
<INPUT CLASS="button" TYPE="button" VALUE=" Close this window " 
 onClick="window.close();">
<INPUT CLASS="button" TYPE="button" VALUE=" Select another map " 
 onClick="window.blur();">
</FORM>
<HR SIZE="1">
<I>Interested in graduate studies in atmospheric science?
Check out our program at the
<a href="http://www.uwyo.edu/atsc/howtoapply/"
target=_top>University of Wyoming
</a></I>
<HR SIZE="1"><FONT SIZE="-1">
Questions about the weather data provided by this site can be
addressed to <A HREF="mailto:ldoolman@uwyo.edu">
Larry Oolman (ldoolman@uwyo.edu)</A></FONT>
<HR SIZE="1">
<SCRIPT TYPE="text/javascript">
<!--
window.focus();
// -->
</SCRIPT>
</BODY>
</HTML>
