2016-07-17 12
<HTML>
<TITLE>University of Wyoming - Radiosonde Data</TITLE>
<LINK REL="StyleSheet" HREF="/resources/select.css" TYPE="text/css">
<BODY BGCOLOR="white">
<H2>97180 WAAA Ujung Pandang Observations at 00Z 17 Jul 2016</H2>
<PRE>
-----------------------------------------------------------------------------
   PRES   HGHT   TEMP   DWPT   RELH   MIXR   DRCT   SKNT   THTA   THTE   THTV
    hPa     m      C      C      %    g/kg    deg   knot     K      K      K 
-----------------------------------------------------------------------------
 1011.0     14   25.2   23.4     90  18.30    150      2  297.4  350.6  300.7
 1007.0     46   25.2   21.5     80  16.32    143      3  297.8  345.3  300.7
 1000.0    103   25.6   21.1     76  16.03    130      5  298.8  345.6  301.6
  991.0    183   26.4   20.4     70  15.48    124      6  300.3  345.9  303.1
  978.0    300   26.0   19.5     68  14.82    115      7  301.0  344.8  303.7
  962.0    446   25.4   18.4     65  14.04    122      7  301.9  343.5  304.4
  925.0    791   22.6   16.6     69  13.01    140      7  302.4  341.1  304.8
  913.0    904   21.6   16.6     74  13.23    130      7  302.5  341.8  304.9
  902.0   1009   20.6   16.7     78  13.44    122      7  302.5  342.5  305.0
  850.0   1521   18.4   14.8     80  12.61     80      7  305.4  343.4  307.7
  823.0   1798   17.3   13.2     77  11.71     70      4  307.1  342.7  309.3
  820.0   1829   17.2   13.0     76  11.61     62      4  307.3  342.6  309.4
  794.0   2102   15.3   11.8     80  11.10    350      2  308.1  342.1  310.2
  767.0   2396   13.3   10.6     84  10.58      0      0  309.1  341.5  311.0
  752.0   2563   12.2    9.9     86  10.28     58      3  309.6  341.2  311.5
  740.0   2698   11.6    9.1     85   9.92    105      5  310.4  341.0  312.2
  700.0   3162    9.6    6.5     81   8.75     95      9  313.1  340.5  314.7
  679.0   3416    9.0    4.0     71   7.56     93      9  315.1  339.2  316.6
  634.0   3983    5.8   -1.2     61   5.56     90      9  317.7  335.8  318.8
  579.0   4720    0.0   -6.0     64   4.24     86      8  319.3  333.4  320.1
  573.0   4804   -0.3   -9.3     51   3.32     85      8  319.9  331.1  320.6
  572.0   4818   -0.5  -10.5     47   3.02     85      8  319.8  330.0  320.4
  570.0   4846    0.0  -17.0     27   1.78     86      9  320.7  326.9  321.1
  567.0   4888    0.6  -23.4     15   1.03     86      9  321.9  325.6  322.1
  540.0   5279   -1.3  -33.3      7   0.43     93     15  324.2  325.8  324.3
  535.0   5353   -1.9  -33.9      7   0.41     94     17  324.3  325.9  324.4
  531.0   5413   -1.5  -36.5      5   0.32     95     17  325.5  326.8  325.6
  512.0   5702   -3.4  -37.2      5   0.31    100     22  326.6  327.8  326.6
  500.0   5890   -4.7  -37.7      6   0.30    105     23  327.2  328.4  327.3
  493.0   6000   -5.6  -38.2      6   0.29    110     23  327.4  328.6  327.5
  485.0   6129   -6.7  -38.7      6   0.28    106     23  327.6  328.8  327.7
  456.0   6605   -9.3  -43.3      4   0.18     90     24  330.2  330.9  330.2
  429.0   7076  -11.9  -47.9      3   0.12     97     31  332.7  333.2  332.7
  420.0   7238  -11.7  -49.7      3   0.10     99     33  335.0  335.4  335.0
  400.0   7610  -14.3  -47.3      4   0.13    105     38  336.3  336.9  336.3
  375.0   8088  -17.7  -49.7      4   0.11    100     35  338.1  338.6  338.1
  327.0   9102  -24.9  -54.9      4   0.07    100     25  341.7  342.0  341.7
  305.0   9601  -28.8  -58.0      4   0.05    100     20  343.1  343.3  343.1
  300.0   9720  -29.7  -58.7      4   0.05    100     20  343.4  343.6  343.4
  286.0  10059  -32.5  -60.5      4   0.04     97     18  344.1  344.3  344.1
  255.0  10855  -39.9  -51.9     27   0.12     91     15  344.6  345.2  344.7
  250.0  10990  -41.3                          90     14  344.5         344.5
  246.0  11096  -42.2                          90     14  344.8         344.8
  225.0  11684  -47.0                         110      9  346.4         346.4
  215.0  11984  -49.4                          80      5  347.1         347.1
  205.0  12297  -52.0                         115      4  347.8         347.8
  200.0  12460  -53.3                         105      5  348.2         348.2
  162.0  13778  -64.4                          85     20  351.1         351.1
  150.0  14260  -68.5                         100     17  351.9         351.9
  146.0  14417  -69.8                         110     17  352.3         352.3
  127.0  15229  -76.7                         103     31  354.2         354.2
  119.0  15594  -78.4                         100     38  357.8         357.8
  101.0  16514  -82.6                         110     51  366.8         366.8
  100.0  16570  -82.9                         110     52  367.3         367.3
   95.8  16814  -77.5                          88     42  382.4         382.4
   87.0  17367  -79.0                          40     19  390.0         390.0
   85.4  17474  -79.3                          54     18  391.5         391.5
   80.5  17816  -74.1                          97     16  408.9         408.9
   78.0  18002  -73.7                         120     15  413.3         413.3
   71.0  18556  -72.7                         100     24  426.9         426.9
   70.0  18640  -72.5                         100     24  428.9         428.9
   65.5  19033  -71.3                         100     28  439.8         439.8
   58.9  19667  -68.9                         100     34  458.7         458.7
   55.0  20083  -64.1                         100     39  478.8         478.8
   52.0  20429  -63.6                         100     42  487.6         487.6
   50.0  20670  -63.3                          95     44  493.9         493.9
   43.9  21464  -64.3                          91     41  510.1         510.1
   43.0  21591  -63.9                          90     41  514.2         514.2
   38.4  22285  -61.5                          82     21  537.1         537.1
   37.0  22518  -60.0                          80     14  546.7         546.7
   35.0  22866  -57.8                          65      3  561.2         561.2
   34.0  23048  -56.6                         310      7  568.9         568.9
   32.7  23292  -55.1                         299     14  579.4         579.4
   30.0  23840  -55.1                         275     30  593.8         593.8
   28.5  24166  -56.5                         271     32  598.7         598.7
   28.0  24279  -56.0                         270     33  603.2         603.2
   27.0  24511  -54.9                         266     35  612.5         612.5
   25.4  24899  -57.1                         261     39  617.0         617.0
   24.0  25262  -55.8                         255     42  630.8         630.8
   22.0  25820  -53.9                         245     27  652.6         652.6
   21.0  26118  -52.8                         265     26  664.5         664.5
   20.0  26430  -51.7                         265     30  677.2         677.2
   19.4  26628  -50.9                         262     29  685.5         685.5
   17.4  27335  -51.3                         253     25  705.9         705.9
   15.0  28307  -48.7                         240     19  745.0         745.0
   14.0  28760  -47.5                         305     11  763.9         763.9
   13.8  28854  -47.3                                     767.9         767.9
</PRE><H3>Station information and sounding indices</H3><PRE>
                         Station identifier: WAAA
                             Station number: 97180
                           Observation time: 160717/0000
                           Station latitude: -5.06
                          Station longitude: 119.55
                          Station elevation: 14.0
                            Showalter index: 0.83
                               Lifted index: 0.24
    LIFT computed using virtual temperature: -0.57
                                SWEAT index: 214.59
                                    K index: 34.80
                         Cross totals index: 19.50
                      Vertical totals index: 23.10
                        Totals totals index: 42.60
      Convective Available Potential Energy: 24.50
             CAPE using virtual temperature: 87.34
                      Convective Inhibition: -160.84
             CINS using virtual temperature: -121.87
                           Equilibrum Level: 445.69
 Equilibrum Level using virtual temperature: 426.67
                   Level of Free Convection: 615.38
             LFCT using virtual temperature: 629.65
                     Bulk Richardson Number: 17.95
          Bulk Richardson Number using CAPV: 64.01
  Temp [K] of the Lifted Condensation Level: 291.70
Pres [hPa] of the Lifted Condensation Level: 902.89
     Mean mixed layer potential temperature: 300.35
              Mean mixed layer mixing ratio: 15.16
              1000 hPa to 500 hPa thickness: 5787.00
Precipitable water [mm] for entire sounding: 47.62
</PRE>
<P>Description of the 
<A HREF="/upperair/columns.html">data columns</A>
or <A HREF="/upperair/indices.html">sounding indices</A>.

<P>
<FORM>
<INPUT CLASS="button" TYPE="button" VALUE=" Close this window " 
 onClick="window.close();">
<INPUT CLASS="button" TYPE="button" VALUE=" Select another map " 
 onClick="window.blur();">
</FORM>
<HR SIZE="1">
<I>Interested in graduate studies in atmospheric science?
Check out our program at the
<a href="http://www.uwyo.edu/atsc/howtoapply/"
target=_top>University of Wyoming
</a></I>
<HR SIZE="1"><FONT SIZE="-1">
Questions about the weather data provided by this site can be
addressed to <A HREF="mailto:ldoolman@uwyo.edu">
Larry Oolman (ldoolman@uwyo.edu)</A></FONT>
<HR SIZE="1">
<SCRIPT TYPE="text/javascript">
<!--
window.focus();
// -->
</SCRIPT>
</BODY>
</HTML>
