2018-07-22 00
<HTML>
<TITLE>University of Wyoming - Radiosonde Data</TITLE>
<LINK REL="StyleSheet" HREF="/resources/select.css" TYPE="text/css">
<BODY BGCOLOR="white">
<H2>97180 WAAA Ujung Pandang Observations at 00Z 22 Jul 2018</H2>
<PRE>
-----------------------------------------------------------------------------
   PRES   HGHT   TEMP   DWPT   RELH   MIXR   DRCT   SKNT   THTA   THTE   THTV
    hPa     m      C      C      %    g/kg    deg   knot     K      K      K 
-----------------------------------------------------------------------------
 1012.0     14   25.0   23.3     90  18.17    150      2  297.1  349.9  300.4
 1010.0     31   24.8   22.9     89  17.76    148      3  297.1  348.7  300.3
 1000.0    116   25.2   22.5     85  17.50    140      6  298.4  349.4  301.5
  982.0    276   25.2   20.9     77  16.12    133      8  299.9  347.3  302.8
  925.0    800   22.2   17.2     73  13.53    110     16  302.0  342.2  304.4
  884.0   1193   20.5   13.8     65  11.34    110     24  304.2  338.2  306.2
  877.0   1262   20.2   13.2     64  10.99    110     23  304.6  337.6  306.6
  853.0   1501   18.8   12.7     68  10.91    110     19  305.5  338.5  307.5
  850.0   1531   18.6   12.6     68  10.90    110     17  305.6  338.6  307.6
  802.0   2025   14.6   12.9     90  11.79     71     10  306.5  342.2  308.6
  795.0   2099   14.1   12.6     91  11.68     65      9  306.7  342.1  308.9
  777.0   2292   12.8   11.9     94  11.39     70      9  307.3  342.0  309.4
  767.0   2401   13.2   11.5     89  11.23     73      9  308.9  343.3  311.0
  700.0   3163    9.0    6.5     84   8.75     95     10  312.4  339.8  314.1
  650.0   3777    6.0    0.0     65   5.92    113     16  315.7  334.8  316.8
  617.0   4201    2.8   -0.9     76   5.84    125     21  316.8  335.7  317.9
  589.0   4580    0.0   -1.7     88   5.77    134     21  317.8  336.5  318.9
  573.0   4798   -1.3   -2.8     90   5.48    140     21  318.7  336.6  319.8
  531.0   5402   -4.9   -5.7     94   4.74    110     17  321.5  337.2  322.4
  500.0   5880   -7.7   -8.0     98   4.21    120     11  323.6  337.8  324.4
  473.0   6306  -10.1  -10.6     96   3.63    105      8  325.8  338.2  326.5
  455.0   6605  -11.8  -12.4     95   3.26     80      7  327.3  338.6  327.9
  452.0   6655  -12.1  -12.7     95   3.20     81      7  327.5  338.6  328.2
  442.0   6825  -13.5  -13.6     99   3.05     84      5  327.9  338.4  328.5
  438.0   6894  -13.9  -14.0     99   2.97     85      5  328.2  338.6  328.8
  436.0   6929  -14.1  -14.2     99   2.94     82      6  328.4  338.6  329.0
  434.0   6963  -14.3  -14.4     99   2.90     78      8  328.6  338.7  329.1
  432.0   6998  -13.9  -14.5     95   2.89     75      9  329.5  339.6  330.1
  421.0   7193  -13.9  -16.4     82   2.55     55     17  331.9  341.0  332.5
  416.0   7284  -13.9  -17.2     76   2.40     60     19  333.1  341.7  333.6
  400.0   7580  -13.9  -29.9     25   0.80     75     26  336.8  339.9  337.0
  399.0   7599  -13.9  -30.9     22   0.73     75     26  337.1  339.9  337.2
  389.0   7789  -15.6  -31.0     25   0.75     80     27  337.3  340.2  337.5
  346.0   8665  -23.3  -31.3     48   0.81     83     34  338.4  341.5  338.5
  340.0   8793  -24.3  -30.3     58   0.91     83     36  338.7  342.2  338.9
  336.0   8880  -24.3  -29.1     64   1.03     84     36  339.8  343.8  340.1
  326.0   9100  -25.5  -37.5     32   0.47     84     38  341.1  343.0  341.2
  317.0   9303  -26.7  -33.7     52   0.70     85     40  342.2  345.0  342.4
  307.0   9534  -28.1  -39.1     34   0.42     76     42  343.4  345.1  343.5
  300.0   9700  -29.5  -39.5     37   0.41     70     44  343.7  345.4  343.8
  279.0  10203  -34.0  -41.9     45   0.35     65     42  344.4  345.8  344.4
  254.0  10853  -39.9  -44.9     59   0.28     78     38  345.0  346.2  345.1
  250.0  10960  -40.9                          80     37  345.1         345.1
  214.0  11998  -48.8                          80     22  348.5         348.5
  200.0  12450  -52.3                         110     25  349.8         349.8
  178.0  13179  -57.7                         165     31  352.7         352.7
  154.0  14085  -64.5                         120     35  356.1         356.1
  150.0  14250  -65.7                         120     37  356.7         356.7
  128.0  15192  -74.3                         117     38  357.8         357.8
  119.0  15611  -77.1                         115     39  360.2         360.2
  114.0  15858  -78.7                         109     40  361.6         361.6
  100.0  16600  -79.9                          90     41  373.1         373.1
   87.2  17368  -84.3                          55     29  379.2         379.2
   87.0  17381  -84.3                          60     27  379.4         379.4
   85.3  17490  -84.1                          70     24  382.0         382.0
   82.7  17664  -79.9                          86     18  393.9         393.9
   82.0  17713  -77.6                          90     17  399.6         399.6
   80.4  17827  -72.3                          88     12  412.7         412.7
   78.5  17969  -69.3                          86      7  421.8         421.8
   78.0  18007  -69.1                          85      5  422.9         422.9
   74.0  18324  -67.4                         355      5  432.9         432.9
   71.4  18540  -66.3                         269      4  439.7         439.7
   71.0  18574  -66.5                         255      4  440.1         440.1
   70.0  18660  -66.9                         250      4  440.9         440.9
   64.0  19198  -67.1                         130     10  452.0         452.0
   58.0  19789  -67.2                          90     23  464.5         464.5
   52.0  20445  -67.4                         100     33  478.8         478.8
   50.0  20680  -67.5                          90     37  484.0         484.0
   48.0  20926  -68.5                          86     40  487.3         487.3
   45.0  21318  -63.6                          80     44  508.2         508.2
   44.7  21359  -63.1                          80     45  510.4         510.4
   35.0  22870  -62.3                          85     63  549.4         549.4
   34.8  22905  -62.3                          85     63  550.4         550.4
   32.0  23425  -61.3                          91     66  566.4         566.4
   30.0  23830  -57.7                          95     68  586.8         586.8
   28.6  24132  -55.3                          96     70  601.4         601.4
   25.4  24900  -51.0                         100     76  634.6         634.6
   25.0  25003  -50.4                         100     76  639.1         639.1
   22.6  25656  -46.7                          84     54  668.7         668.7
   22.0  25833  -47.0                          80     48  672.8         672.8
   20.0  26460  -48.3                          25     20  687.6         687.6
   19.0  26796  -50.7                         340     14  690.3         690.3
   18.0  27151  -50.1                         265     19  702.8         702.8
   17.0  27526  -49.5                         250     15  716.4         716.4
   16.0  27924  -48.9                         205      6  731.0         731.0
   15.0  28348  -48.2                         100      7  746.9         746.9
   13.3  29138  -46.9                         321     17  777.4         777.4
   13.0                                       295     19                     
</PRE><H3>Station information and sounding indices</H3><PRE>
                         Station identifier: WAAA
                             Station number: 97180
                           Observation time: 180722/0000
                           Station latitude: -5.06
                          Station longitude: 119.55
                          Station elevation: 14.0
                            Showalter index: -0.22
                               Lifted index: -3.67
    LIFT computed using virtual temperature: -3.92
                                SWEAT index: 196.19
                                    K index: 36.40
                         Cross totals index: 20.30
                      Vertical totals index: 26.30
                        Totals totals index: 46.60
      Convective Available Potential Energy: 463.86
             CAPE using virtual temperature: 541.47
                      Convective Inhibition: -80.34
             CINS using virtual temperature: -55.56
                           Equilibrum Level: 243.79
 Equilibrum Level using virtual temperature: 243.96
                   Level of Free Convection: 807.90
             LFCT using virtual temperature: 817.92
                     Bulk Richardson Number: 74.07
          Bulk Richardson Number using CAPV: 86.46
  Temp [K] of the Lifted Condensation Level: 293.43
Pres [hPa] of the Lifted Condensation Level: 932.24
     Mean mixed layer potential temperature: 299.39
              Mean mixed layer mixing ratio: 16.39
              1000 hPa to 500 hPa thickness: 5764.00
Precipitable water [mm] for entire sounding: 55.28
</PRE>
<P>Description of the 
<A HREF="/upperair/columns.html">data columns</A>
or <A HREF="/upperair/indices.html">sounding indices</A>.

<P>
<FORM>
<INPUT CLASS="button" TYPE="button" VALUE=" Close this window " 
 onClick="window.close();">
<INPUT CLASS="button" TYPE="button" VALUE=" Select another map " 
 onClick="window.blur();">
</FORM>
<HR SIZE="1">
<I>Interested in graduate studies in atmospheric science?
Check out our program at the
<a href="http://www.uwyo.edu/atsc/howtoapply/"
target=_top>University of Wyoming
</a></I>
<HR SIZE="1"><FONT SIZE="-1">
Questions about the weather data provided by this site can be
addressed to <A HREF="mailto:ldoolman@uwyo.edu">
Larry Oolman (ldoolman@uwyo.edu)</A></FONT>
<HR SIZE="1">
<SCRIPT TYPE="text/javascript">
<!--
window.focus();
// -->
</SCRIPT>
</BODY>
</HTML>
