2017-08-16 12
<HTML>
<TITLE>University of Wyoming - Radiosonde Data</TITLE>
<LINK REL="StyleSheet" HREF="/resources/select.css" TYPE="text/css">
<BODY BGCOLOR="white">
<H2>97180 WAAA Ujung Pandang Observations at 00Z 16 Aug 2017</H2>
<PRE>
-----------------------------------------------------------------------------
   PRES   HGHT   TEMP   DWPT   RELH   MIXR   DRCT   SKNT   THTA   THTE   THTV
    hPa     m      C      C      %    g/kg    deg   knot     K      K      K 
-----------------------------------------------------------------------------
 1010.0     14   25.0   23.9     94  18.90      0      0  297.3  352.2  300.7
 1009.0     22   24.4   19.8     76  14.63     10      1  296.8  339.2  299.4
 1003.0     71   24.2   19.2     74  14.16     70      3  297.1  338.2  299.6
 1000.0     95   25.4   19.4     69  14.39    100      5  298.6  340.6  301.1
  982.0    254   24.8   17.8     65  13.23    151      2  299.5  338.4  301.9
  977.0    299   24.5   17.6     65  13.14    165      1  299.7  338.3  302.0
  944.0    598   22.7   16.4     67  12.54    185      3  300.8  337.8  303.0
  925.0    775   21.6   15.6     69  12.19    150      3  301.4  337.5  303.6
  912.0    896   20.8   15.3     71  12.15    110      5  301.8  337.9  304.0
  850.0   1500   16.8   14.0     84  11.96     75      8  303.7  339.5  305.9
  832.0   1682   15.2   13.8     91  12.06     47      8  303.9  340.0  306.1
  821.0   1794   14.8   13.3     90  11.81     30      8  304.7  340.2  306.9
  792.0   2098   13.9   11.9     87  11.14     20      6  306.8  340.7  308.9
  765.0   2391   13.0   10.5     85  10.53     45      8  308.9  341.2  310.9
  738.0   2691   11.3    8.5     83   9.51     70     10  310.2  339.6  312.0
  711.0   3002    9.5    6.4     81   8.54     70      6  311.6  338.3  313.2
  700.0   3132    8.8    5.5     80   8.16     50      5  312.2  337.7  313.7
  686.0   3299    7.8    4.7     81   7.88     20      6  312.8  337.6  314.3
  666.0   3543    6.2    3.6     83   7.50     45      8  313.8  337.4  315.2
  662.0   3592    6.1    2.4     77   6.93     50      9  314.2  336.2  315.5
  650.0   3743    5.8   -1.2     61   5.42     55     10  315.5  333.0  316.5
  638.0   3895    5.6   -1.4     61   5.44     60     11  316.9  334.6  318.0
  630.0   3998    6.2  -13.8     22   2.10     74     12  318.8  326.0  319.2
  617.0   4169    5.6  -27.4      7   0.66     96     14  320.0  322.4  320.1
  615.0   4195    5.4  -27.1      7   0.68    100     14  320.1  322.6  320.2
  592.0   4503    3.1  -24.1     11   0.92    115     16  320.9  324.3  321.1
  562.0   4924    0.0  -20.0     21   1.40    103     15  322.0  327.0  322.3
  547.0   5140   -1.3  -32.3      7   0.47     96     14  323.0  324.8  323.1
  537.0   5286   -1.9  -16.9     31   1.91     92     14  324.0  330.7  324.4
  529.0   5405   -2.9  -16.9     33   1.93     88     13  324.2  331.0  324.6
  525.0   5466   -3.3  -12.3     50   2.85     87     13  324.4  334.2  325.0
  513.0   5648   -4.3  -16.3     39   2.10     81     13  325.3  332.7  325.8
  508.0   5725   -4.7  -12.7     54   2.85     79     12  325.8  335.6  326.3
  500.0   5850   -5.7  -10.7     68   3.40     75     12  326.0  337.7  326.7
  497.0   5897   -6.1  -10.7     70   3.42     73     12  326.1  337.9  326.8
  492.0   5977   -6.3  -14.3     53   2.58     71     13  326.8  335.8  327.3
  491.0   5993   -6.4  -14.2     54   2.62     70     13  326.9  336.0  327.4
  483.0   6121   -7.1  -13.1     62   2.90     71     14  327.5  337.6  328.1
  477.0   6219   -7.3  -17.3     45   2.08     72     15  328.5  335.9  328.9
  420.0   7200  -14.4  -16.3     85   2.57     80     25  331.6  340.7  332.1
  416.0   7274  -14.9  -16.2     90   2.61     78     24  331.8  341.1  332.3
  404.0   7495  -16.8  -17.2     97   2.46     70     22  332.1  340.9  332.6
  400.0   7570  -17.5  -17.6     99   2.41     70     22  332.2  340.8  332.6
  391.0   7740  -16.7  -19.6     78   2.08     71     22  335.4  343.0  335.8
  363.0   8295  -19.1  -28.1     45   1.05     75     23  339.4  343.4  339.6
  330.0   8995  -24.3  -34.3     39   0.64     80     23  341.6  344.1  341.7
  300.0   9680  -29.9  -37.9     46   0.49     70     30  343.1  345.1  343.2
  267.0  10493  -36.9  -42.5     56   0.34     55     36  344.5  345.9  344.6
  254.0  10842  -39.9  -44.5     61   0.29     55     38  345.0  346.2  345.1
  250.0  10950  -40.9                          55     38  345.1         345.1
  224.0  11678  -47.2                          60     32  346.5         346.5
  200.0  12430  -53.7                          40     34  347.6         347.6
  177.0  13199  -60.8                          45     39  348.2         348.2
  172.0  13380  -62.5                          48     40  348.3         348.3
  150.0  14210  -69.3                          65     42  350.5         350.5
  147.0  14330  -70.3                          66     42  350.8         350.8
  118.0  15599  -76.5                          75     47  362.2         362.2
  107.0  16164  -79.2                          50     29  367.2         367.2
  103.0  16384  -80.3                          50     25  369.2         369.2
  100.0  16550  -80.3                          55     25  372.3         372.3
   96.0  16785  -76.2                          55     22  384.8         384.8
   93.9  16913  -73.9                          24     18  391.7         391.7
   91.0  17096  -74.2                         340     13  394.6         394.6
   84.7  17515  -74.9                         312     14  401.4         401.4
   82.0  17707  -74.1                         300     14  406.8         406.8
   78.0  18002  -72.8                         255     13  415.2         415.2
   70.0  18640  -70.1                         270     17  434.1         434.1
   65.0  19083  -66.9                         274     27  450.4         450.4
   64.0  19177  -66.8                         275     29  452.6         452.6
   50.0  20670  -64.9                         265     26  490.1         490.1
   46.7  21087  -63.3                         262     23  503.6         503.6
   45.0  21313  -64.0                         260     21  507.3         507.3
   41.0  21881  -65.7                         220     11  516.6         516.6
   40.2  22001  -66.1                         187     12  518.6         518.6
   39.0  22185  -65.9                         135     13  523.6         523.6
   37.0  22504  -65.6                         130     16  532.3         532.3
   36.3  22620  -65.5                         118     19  535.5         535.5
   35.2  22807  -62.9                          98     23  547.0         547.0
   34.0  23020  -64.0                          75     28  549.7         549.7
   33.2  23166  -64.7                          77     31  551.5         551.5
   32.1  23372  -61.9                          80     35  564.3         564.3
   30.0  23790  -62.1                          85     43  574.8         574.8
   28.2  24173  -62.9                          76     51  582.8         582.8
   28.0  24217  -62.5                          75     52  585.2         585.2
   26.3  24608  -58.5                          79     51  607.0         607.0
   22.6  25571  -55.3                          88     49  643.3         643.3
   22.0  25742  -55.6                          90     49  647.4         647.4
   20.0  26350  -56.7                         100     54  661.9         661.9
   19.7  26446  -56.9                          99     54  664.1         664.1
   15.7  27899  -51.9                          87     56  725.0         725.0
   15.0  28195  -51.7                          85     56  735.2         735.2
   14.0  28643  -51.4                          80     56  750.9         750.9
   13.2  29024  -51.1                                     764.6         764.6
</PRE><H3>Station information and sounding indices</H3><PRE>
                         Station identifier: WAAA
                             Station number: 97180
                           Observation time: 170816/0000
                           Station latitude: -5.06
                          Station longitude: 119.55
                          Station elevation: 14.0
                            Showalter index: 1.38
                               Lifted index: 1.70
    LIFT computed using virtual temperature: 1.54
                                SWEAT index: 196.01
                                    K index: 33.20
                         Cross totals index: 19.70
                      Vertical totals index: 22.50
                        Totals totals index: 42.20
      Convective Available Potential Energy: 0.00
             CAPE using virtual temperature: 0.00
                      Convective Inhibition: 0.00
             CINS using virtual temperature: 0.00
                     Bulk Richardson Number: 0.00
          Bulk Richardson Number using CAPV: 0.00
  Temp [K] of the Lifted Condensation Level: 289.78
Pres [hPa] of the Lifted Condensation Level: 894.33
     Mean mixed layer potential temperature: 299.19
              Mean mixed layer mixing ratio: 13.52
              1000 hPa to 500 hPa thickness: 5755.00
Precipitable water [mm] for entire sounding: 47.24
</PRE>
<P>Description of the 
<A HREF="/upperair/columns.html">data columns</A>
or <A HREF="/upperair/indices.html">sounding indices</A>.

<P>
<FORM>
<INPUT CLASS="button" TYPE="button" VALUE=" Close this window " 
 onClick="window.close();">
<INPUT CLASS="button" TYPE="button" VALUE=" Select another map " 
 onClick="window.blur();">
</FORM>
<HR SIZE="1">
<I>Interested in graduate studies in atmospheric science?
Check out our program at the
<a href="http://www.uwyo.edu/atsc/howtoapply/"
target=_top>University of Wyoming
</a></I>
<HR SIZE="1"><FONT SIZE="-1">
Questions about the weather data provided by this site can be
addressed to <A HREF="mailto:ldoolman@uwyo.edu">
Larry Oolman (ldoolman@uwyo.edu)</A></FONT>
<HR SIZE="1">
<SCRIPT TYPE="text/javascript">
<!--
window.focus();
// -->
</SCRIPT>
</BODY>
</HTML>
