2017-06-24 00
<HTML>
<TITLE>University of Wyoming - Radiosonde Data</TITLE>
<LINK REL="StyleSheet" HREF="/resources/select.css" TYPE="text/css">
<BODY BGCOLOR="white">
<H2>97180 WAAA Ujung Pandang Observations at 00Z 24 Jun 2017</H2>
<PRE>
-----------------------------------------------------------------------------
   PRES   HGHT   TEMP   DWPT   RELH   MIXR   DRCT   SKNT   THTA   THTE   THTV
    hPa     m      C      C      %    g/kg    deg   knot     K      K      K 
-----------------------------------------------------------------------------
 1009.0     14   24.4   22.4     89  17.23      0      0  296.8  346.7  299.8
 1008.0     23   25.6   21.2     77  16.00    356      0  298.1  344.7  300.9
 1004.0     57   26.4   21.4     74  16.27    341      1  299.2  346.9  302.1
 1000.0     92   26.2   21.9     77  16.85    325      2  299.4  348.8  302.4
  977.0    296   24.9   20.6     77  15.95    335      3  300.1  347.0  302.9
  944.0    598   23.1   18.8     77  14.68     50      8  301.2  344.6  303.8
  925.0    777   22.0   17.7     77  13.97     50      9  301.8  343.2  304.3
  852.0   1487   17.6   15.1     85  12.83     70     19  304.4  342.8  306.7
  851.0   1497   17.6   15.1     85  12.84     70     19  304.5  343.0  306.8
  850.0   1507   17.6   15.1     85  12.86     70     19  304.6  343.2  306.9
  822.0   1793   16.1   13.8     86  12.19     55     14  305.9  342.7  308.1
  788.0   2154   14.2   12.1     87  11.38     93     10  307.6  342.2  309.7
  765.0   2404   13.7    7.6     67   8.63    120      7  309.7  336.4  311.3
  760.0   2460   13.6    6.6     63   8.11    117      7  310.1  335.3  311.6
  739.0   2695   12.4    5.7     64   7.84    105      5  311.3  335.8  312.8
  713.0   2996   10.8    4.6     65   7.50     35      2  312.8  336.4  314.2
  700.0   3150   10.0    4.0     66   7.33     15      5  313.5  336.7  314.9
  687.0   3304    9.0    3.5     68   7.20     15      4  314.1  336.9  315.4
  639.0   3900    5.0    1.4     78   6.68      5      7  316.1  337.5  317.4
  616.0   4201    2.9    0.4     83   6.43     15      9  317.1  337.8  318.3
  610.0   4282    2.4    0.1     85   6.36     14     10  317.4  337.9  318.6
  593.0   4510    1.6   -1.7     79   5.73     10     12  318.9  337.6  320.0
  572.0   4801    0.5   -4.0     72   5.00    355      8  321.0  337.5  321.9
  563.0   4929    0.0   -5.0     69   4.71      1      7  321.9  337.5  322.8
  551.0   5101   -1.3   -5.4     74   4.68     10      5  322.3  337.9  323.2
  530.0   5410   -3.6   -6.1     83   4.61     65     11  323.1  338.5  324.0
  526.0   5471   -4.1   -6.2     85   4.60     65     11  323.3  338.7  324.2
  500.0   5870   -6.5   -8.9     83   3.92     65     12  325.1  338.4  325.8
  473.0   6296   -8.9  -11.6     81   3.36     65     11  327.3  338.9  327.9
  404.0   7505  -15.7  -19.1     75   2.10     45     14  333.6  341.2  334.0
  400.0   7580  -16.1  -21.1     65   1.79     45     13  334.0  340.5  334.3
  358.0   8392  -21.9  -25.8     71   1.32     60     19  336.9  341.8  337.2
  309.0   9470  -29.7  -32.0     80   0.85     56     22  340.5  343.8  340.7
  300.0   9680  -30.7  -35.6     62   0.62     55     23  342.0  344.4  342.1
  294.0   9822  -31.9  -37.9     55   0.50     54     24  342.3  344.3  342.4
  258.0  10726  -39.3  -46.3     47   0.23     47     28  344.4  345.4  344.4
  253.0  10859  -40.1  -51.1     30   0.14     46     29  345.1  345.7  345.2
  250.0  10940  -40.7                          45     29  345.4         345.4
  200.0  12430  -52.5                          25     27  349.5         349.5
  195.0  12592  -53.6                          25     25  350.2         350.2
  188.0  12826  -55.3                          10     17  351.2         351.2
  186.0  12892  -55.9                           5     15  351.3         351.3
  177.0  13198  -58.7                         330     11  351.7         351.7
  161.0  13783  -64.1                         265      9  352.3         352.3
  150.0  14220  -68.1                         240     16  352.6         352.6
  146.0  14381  -70.9                         232     17  350.5         350.5
  138.0  14709  -72.8                         215     18  352.8         352.8
  120.0  15521  -77.5                         202     14  358.6         358.6
  118.0  15617  -77.7                         200     13  360.0         360.0
  107.0  16175  -78.5                         230     12  368.6         368.6
  100.0  16560  -79.1                         215     19  374.6         374.6
   97.5  16704  -76.3                         212     20  382.8         382.8
   96.0  16793  -76.5                         210     20  384.1         384.1
   89.4  17201  -77.5                         255     24  390.0         390.0
   86.0  17425  -74.8                         280     26  399.7         399.7
   83.6  17588  -72.9                         281     29  406.9         406.9
   82.3  17680  -69.1                         282     31  416.5         416.5
   75.1  18228  -66.7                         287     42  432.6         432.6
   71.0  18565  -68.0                         290     49  436.9         436.9
   70.0  18650  -68.3                         290     49  437.9         437.9
   63.9  19196  -71.1                         280     44  443.4         443.4
   59.5  19625  -67.3                         273     42  461.0         461.0
   54.2  20187  -69.9                         263     39  467.5         467.5
   50.0  20670  -69.3                         255     36  479.8         479.8
   45.0  21300  -67.3                         250     34  499.2         499.2
   44.0  21435  -66.9                         255     31  503.5         503.5
   41.8  21747  -62.5                         265     26  521.8         521.8
   39.0  22175  -60.4                         280     18  537.6         537.6
   38.9  22191  -60.3                         280     18  538.2         538.2
   35.8  22704  -63.1                         280     15  543.9         543.9
   35.0  22842  -63.2                         280     14  547.2         547.2
   34.0  23019  -63.3                         335      3  551.4         551.4
   32.4  23315  -63.5                          86      8  558.5         558.5
   32.0  23391  -62.8                         115      9  562.3         562.3
   30.4  23708  -60.1                          87     30  578.0         578.0
   30.0  23790  -59.5                          80     36  581.9         581.9
   28.4  24130  -61.3                          80     34  586.0         586.0
   28.0  24218  -60.8                          80     33  589.9         589.9
   26.0  24681  -57.9                          95     34  610.5         610.5
   24.9  24951  -56.3                          93     35  622.9         622.9
   22.7  25537  -55.5                          90     37  641.9         641.9
   20.0  26350  -50.3                          85     40  681.5         681.5
   19.7  26449  -49.7                          85     40  686.2         686.2
   17.0  27413  -49.5                          85     40  716.3         716.3
   16.7  27530  -49.5                          84     41  720.0         720.0
   15.8  27891  -51.7                          82     43  724.3         724.3
   15.0  28228  -51.0                          80     45  737.4         737.4
   14.4  28494  -50.5                          68     44  747.8         747.8
   14.0                                        60     44                     
</PRE><H3>Station information and sounding indices</H3><PRE>
                         Station identifier: WAAA
                             Station number: 97180
                           Observation time: 170624/0000
                           Station latitude: -5.06
                          Station longitude: 119.55
                          Station elevation: 14.0
                            Showalter index: -0.88
                               Lifted index: -2.30
    LIFT computed using virtual temperature: -2.58
                                SWEAT index: 231.20
                                    K index: 33.20
                         Cross totals index: 21.60
                      Vertical totals index: 24.10
                        Totals totals index: 45.70
      Convective Available Potential Energy: 383.65
             CAPE using virtual temperature: 448.60
                      Convective Inhibition: -77.38
             CINS using virtual temperature: -39.84
                           Equilibrum Level: 254.62
 Equilibrum Level using virtual temperature: 254.04
                   Level of Free Convection: 682.93
             LFCT using virtual temperature: 801.56
                     Bulk Richardson Number: 78.53
          Bulk Richardson Number using CAPV: 91.82
  Temp [K] of the Lifted Condensation Level: 292.88
Pres [hPa] of the Lifted Condensation Level: 920.66
     Mean mixed layer potential temperature: 299.89
              Mean mixed layer mixing ratio: 16.01
              1000 hPa to 500 hPa thickness: 5778.00
Precipitable water [mm] for entire sounding: 54.95
</PRE>
<P>Description of the 
<A HREF="/upperair/columns.html">data columns</A>
or <A HREF="/upperair/indices.html">sounding indices</A>.

<P>
<FORM>
<INPUT CLASS="button" TYPE="button" VALUE=" Close this window " 
 onClick="window.close();">
<INPUT CLASS="button" TYPE="button" VALUE=" Select another map " 
 onClick="window.blur();">
</FORM>
<HR SIZE="1">
<I>Interested in graduate studies in atmospheric science?
Check out our program at the
<a href="http://www.uwyo.edu/atsc/howtoapply/"
target=_top>University of Wyoming
</a></I>
<HR SIZE="1"><FONT SIZE="-1">
Questions about the weather data provided by this site can be
addressed to <A HREF="mailto:ldoolman@uwyo.edu">
Larry Oolman (ldoolman@uwyo.edu)</A></FONT>
<HR SIZE="1">
<SCRIPT TYPE="text/javascript">
<!--
window.focus();
// -->
</SCRIPT>
</BODY>
</HTML>
