2016-04-19 00
<HTML>
<TITLE>University of Wyoming - Radiosonde Data</TITLE>
<LINK REL="StyleSheet" HREF="/resources/select.css" TYPE="text/css">
<BODY BGCOLOR="white">
<H2>97180 WAAA Ujung Pandang Observations at 00Z 19 Apr 2016</H2>
<PRE>
-----------------------------------------------------------------------------
   PRES   HGHT   TEMP   DWPT   RELH   MIXR   DRCT   SKNT   THTA   THTE   THTV
    hPa     m      C      C      %    g/kg    deg   knot     K      K      K 
-----------------------------------------------------------------------------
 1010.0     14   26.2   24.5     90  19.61      0      0  298.5  355.9  302.0
 1000.0    100   25.6   22.5     83  17.50     30      4  298.8  349.9  301.9
  940.0    647   24.2   19.2     74  15.13     18      6  302.6  347.7  305.4
  925.0    789   23.2   18.2     73  14.43     15      7  303.0  346.0  305.6
  914.0    893   22.2   17.9     77  14.28     25      7  303.0  345.6  305.6
  906.0    970   21.4   17.6     79  14.18     34      7  303.0  345.2  305.6
  878.0   1242   21.6   12.6     57  10.54     65      6  305.9  337.9  307.9
  852.0   1502   19.4   11.3     60   9.96     95      6  306.2  336.5  308.1
  850.0   1522   19.2   11.2     60   9.92     95      7  306.2  336.4  308.1
  832.0   1705   17.8    9.8     59   9.22     88     10  306.6  334.8  308.4
  823.0   1798   17.0   10.6     66   9.85     85     11  306.7  336.8  308.6
  821.0   1819   16.8   10.8     68  10.00     87     11  306.8  337.2  308.6
  794.0   2103   15.8    7.1     56   8.02    110      6  308.7  333.5  310.2
  782.0   2232   15.4    5.4     51   7.24    147      4  309.6  332.1  310.9
  767.0   2396   14.1    7.3     64   8.46    195      1  309.9  336.1  311.4
  759.0   2485   13.4    8.4     72   9.19    213      2  310.0  338.5  311.8
  740.0   2697   12.6    6.6     67   8.34    255      3  311.4  337.4  312.9
  719.0   2939   11.6    4.6     62   7.45    231      4  312.9  336.4  314.3
  714.0   2997   11.6    0.3     46   5.52    225      4  313.5  331.2  314.6
  712.0   3020   11.6   -1.4     40   4.87    225      4  313.8  329.5  314.7
  700.0   3162   11.0   -1.0     43   5.11    225      3  314.6  331.1  315.6
  688.0   3305   10.2   -1.5     44   5.00    270      5  315.3  331.5  316.3
  617.0   4207    5.3   -4.8     48   4.36    265      8  319.6  334.1  320.5
  613.0   4261    5.0   -5.0     48   4.32    261      8  319.9  334.2  320.7
  608.0   4328    4.6   -1.4     65   5.71    255      8  320.2  338.9  321.3
  595.0   4504    3.7   -2.3     65   5.45    240      8  321.1  339.1  322.1
  594.0   4518    3.6   -2.4     65   5.43    240      8  321.2  339.1  322.2
  573.0   4810    1.8   -2.0     76   5.80    240      6  322.4  341.6  323.5
  552.0   5112    0.0   -1.6     89   6.20    205      4  323.7  344.2  324.9
  532.0   5407   -2.3   -3.5     91   5.58    210      3  324.4  343.0  325.5
  515.0   5666   -4.3   -5.2     93   5.07    176      2  325.0  342.0  326.0
  512.0   5713   -4.5   -5.4     94   5.03    170      2  325.2  342.1  326.2
  500.0   5900   -5.5   -6.1     96   4.88      0      1  326.3  342.7  327.2
  494.0   5995   -5.9   -6.0     99   4.98    343      2  326.9  343.7  327.9
  493.0   6010   -6.0   -6.2     98   4.92    340      2  327.0  343.7  328.0
  475.0   6301   -7.0   -9.6     82   3.92     40      6  329.2  342.7  330.0
  467.0   6433   -7.5  -11.1     75   3.53     58      8  330.2  342.5  330.9
  457.0   6601   -8.2  -18.5     43   1.96     80     11  331.4  338.4  331.8
  453.0   6669   -8.5  -21.5     34   1.52     81     11  331.8  337.4  332.1
  439.0   6911  -10.1  -34.1     12   0.49     85     12  332.8  334.7  332.9
  400.0   7620  -14.5  -45.5      5   0.16     95     14  336.1  336.8  336.1
  397.0   7677  -14.9  -45.9      5   0.16     95     14  336.3  336.9  336.3
  377.0   8066  -17.1  -47.1      5   0.15     95     12  338.4  339.0  338.4
  375.0   8105  -17.3  -44.9      7   0.19     95     12  338.6  339.4  338.6
  362.0   8369  -18.9  -29.9     37   0.89    134      5  339.9  343.4  340.1
  360.0   8410  -19.2  -30.4     36   0.85    140      4  340.1  343.4  340.2
  332.0   9006  -23.2  -38.3     24   0.42    135      7  342.5  344.2  342.6
  326.0   9140  -24.1  -40.1     21   0.36    112      6  343.1  344.5  343.1
  319.0   9297  -25.3  -40.9     22   0.34     85      5  343.5  344.9  343.6
  309.0   9528  -27.1  -42.1     23   0.31     77      7  344.1  345.4  344.2
  306.0   9598  -27.6  -42.3     23   0.30     75      8  344.4  345.6  344.4
  300.0   9740  -28.7  -42.7     25   0.30     85      8  344.8  346.1  344.9
  299.0   9764  -29.1  -43.1     25   0.28     85      8  344.6  345.8  344.6
  295.0   9860  -29.9  -44.9     22   0.24     85      9  344.8  345.8  344.8
  293.0   9909  -30.2  -44.5     23   0.25     85      9  345.1  346.1  345.1
  292.0   9933  -30.3  -44.3     24   0.26     82      9  345.2  346.3  345.3
  288.0  10031  -31.1  -41.1     37   0.37     71      9  345.4  346.9  345.5
  287.0  10056  -31.5  -37.5     55   0.53     68      9  345.2  347.4  345.3
  281.0  10205  -32.6  -37.0     64   0.57     50      8  345.7  348.0  345.8
  270.0  10486  -34.7  -36.2     86   0.65      4      6  346.6  349.2  346.8
  269.0  10512  -34.9  -36.5     86   0.63      0      6  346.7  349.3  346.8
  258.0  10802  -37.2  -39.3     81   0.49    355      6  347.5  349.5  347.6
  250.0  11020  -38.9  -41.4     77   0.41     20     10  348.1  349.8  348.2
  247.0  11103  -39.6  -42.1     77   0.38     25     11  348.2  349.8  348.3
  245.0  11158  -40.1  -42.6     77   0.37     24     11  348.3  349.9  348.4
  206.0  12313  -50.4                           5     10  349.9         349.9
  200.0  12510  -52.1                         350      9  350.1         350.1
  197.0  12606  -52.9                         345      9  350.3         350.3
  179.0  13216  -58.1                         280     14  351.6         351.6
  177.0  13288  -58.7                         278     15  351.7         351.7
  150.0  14310  -64.9                         250     23  358.1         358.1
  121.0  15555  -74.5                         215     22  363.1         363.1
  100.0  16660  -83.1                         235     24  366.9         366.9
   98.0  16773  -84.0                         235     25  367.3         367.3
   96.4  16864  -84.7                         230     26  367.7         367.7
   89.9  17252  -84.7                         203     18  375.1         375.1
   88.0  17372  -83.9                         195     15  379.1         379.1
   83.0  17700  -81.6                           5      9  390.1         390.1
   81.2  17823  -80.7                         356     17  394.3         394.3
   79.4  17952  -76.9                         347     24  404.7         404.7
   79.0  17981  -76.9                         345     26  405.3         405.3
   71.0  18598  -77.1                         305     25  417.5         417.5
   70.0  18680  -77.1                         300     23  419.1         419.1
   64.0  19190  -78.6                         290     17  426.8         426.8
   62.7  19306  -78.9                         279     15  428.6         428.6
   61.0  19463  -78.1                         265     13  433.7         433.7
   59.0  19652  -77.1                         268      6  440.1         440.1
   58.0  19751  -74.5                         270      2  448.1         448.1
   57.0  19852  -71.9                         229      5  456.2         456.2
   55.0  20061  -72.0                         145     10  460.8         460.8
   50.0  20620  -72.1                         115     20  473.2         473.2
   49.0  20738  -73.0                         110     20  473.9         473.9
   48.4  20810  -73.5                         109     22  474.3         474.3
   46.4  21059  -68.9                         107     28  491.1         491.1
   45.0  21242  -68.6                         105     33  496.1         496.1
   44.4  21322  -68.5                         101     34  498.3         498.3
   42.0  21662  -65.0                          85     37  515.0         515.0
   38.4  22210  -59.3                          81     29  542.7         542.7
   37.0  22443  -58.5                          80     25  550.5         550.5
   35.6  22684  -57.7                          35     17  558.8         558.8
   35.0  22791  -58.2                          15     13  560.1         560.1
   33.0  23158  -60.0                         330     19  564.9         564.9
   32.0  23350  -60.9                         310     18  567.5         567.5
   31.8  23389  -61.1                         305     18  568.0         568.0
   30.0  23750  -61.3                         255     15  577.0         577.0
   29.0  23961  -61.2                         235     18  582.8         582.8
   27.5  24291  -61.1                         233     13  592.0         592.0
   26.2  24593  -60.5                         230      8  602.0         602.0
   26.0  24641  -59.8                         230      7  605.2         605.2
   25.1  24862  -56.7                         203      7  620.3         620.3
   25.0  24888  -56.5                         200      7  621.4         621.4
   24.0  25150  -55.0                         195     12  633.1         633.1
   23.0  25424  -53.5                         170     12  645.5         645.5
   22.0  25710  -51.8                         240      5  658.6         658.6
   21.7  25798  -51.3                         228      6  662.8         662.8
   21.0  26012  -50.9                         200      7  670.2         670.2
   20.0  26330  -50.3                         135     13  681.5         681.5
   18.5  26838  -50.5                         113      9  696.2         696.2
   18.0  27019  -49.8                         105      8  703.8         703.8
   17.0  27395  -48.4                          60     14  719.9         719.9
   16.0  27793  -46.9                          50     21  737.3         737.3
   15.6  27960  -46.3                                     744.7         744.7
</PRE><H3>Station information and sounding indices</H3><PRE>
                         Station identifier: WAAA
                             Station number: 97180
                           Observation time: 160419/0000
                           Station latitude: -5.06
                          Station longitude: 119.55
                          Station elevation: 14.0
                            Showalter index: 2.91
                               Lifted index: -2.29
    LIFT computed using virtual temperature: -2.49
                                SWEAT index: 149.38
                                    K index: 23.90
                         Cross totals index: 16.70
                      Vertical totals index: 24.70
                        Totals totals index: 41.40
      Convective Available Potential Energy: 187.70
             CAPE using virtual temperature: 305.52
                      Convective Inhibition: -118.41
             CINS using virtual temperature: -61.44
                           Equilibrum Level: 272.25
 Equilibrum Level using virtual temperature: 271.39
                   Level of Free Convection: 635.28
             LFCT using virtual temperature: 828.48
                     Bulk Richardson Number: 83.12
          Bulk Richardson Number using CAPV: 135.29
  Temp [K] of the Lifted Condensation Level: 293.95
Pres [hPa] of the Lifted Condensation Level: 932.18
     Mean mixed layer potential temperature: 299.94
              Mean mixed layer mixing ratio: 16.95
              1000 hPa to 500 hPa thickness: 5800.00
Precipitable water [mm] for entire sounding: 49.35
</PRE>
<P>Description of the 
<A HREF="/upperair/columns.html">data columns</A>
or <A HREF="/upperair/indices.html">sounding indices</A>.

<P>
<FORM>
<INPUT CLASS="button" TYPE="button" VALUE=" Close this window " 
 onClick="window.close();">
<INPUT CLASS="button" TYPE="button" VALUE=" Select another map " 
 onClick="window.blur();">
</FORM>
<HR SIZE="1">
<I>Interested in graduate studies in atmospheric science?
Check out our program at the
<a href="http://www.uwyo.edu/atsc/howtoapply/"
target=_top>University of Wyoming
</a></I>
<HR SIZE="1"><FONT SIZE="-1">
Questions about the weather data provided by this site can be
addressed to <A HREF="mailto:ldoolman@uwyo.edu">
Larry Oolman (ldoolman@uwyo.edu)</A></FONT>
<HR SIZE="1">
<SCRIPT TYPE="text/javascript">
<!--
window.focus();
// -->
</SCRIPT>
</BODY>
</HTML>
