2017-04-26 00
<HTML>
<TITLE>University of Wyoming - Radiosonde Data</TITLE>
<LINK REL="StyleSheet" HREF="/resources/select.css" TYPE="text/css">
<BODY BGCOLOR="white">
<H2>97180 WAAA Ujung Pandang Observations at 00Z 26 Apr 2017</H2>
<PRE>
-----------------------------------------------------------------------------
   PRES   HGHT   TEMP   DWPT   RELH   MIXR   DRCT   SKNT   THTA   THTE   THTV
    hPa     m      C      C      %    g/kg    deg   knot     K      K      K 
-----------------------------------------------------------------------------
 1008.0     14   24.8   23.3     91  18.25      0      0  297.3  350.3  300.5
 1007.0     23   24.8   20.0     75  14.84     17      0  297.4  340.5  300.0
 1002.0     66   24.4   19.4     74  14.36    101      2  297.4  339.1  299.9
 1000.0     84   24.6   19.6     74  14.57    135      2  297.8  340.2  300.4
  991.0    164   26.0   20.0     70  15.09    191      2  299.9  344.3  302.6
  976.0    298   25.4   19.4     69  14.73    285      2  300.6  344.1  303.3
  967.0    380   25.0   19.0     69  14.52    297      3  301.0  343.9  303.6
  943.0    601   23.8   17.8     69  13.75    330      6  301.9  342.7  304.4
  925.0    770   22.8   16.8     69  13.18    350      5  302.6  341.9  305.0
  911.0    902   21.8   15.8     69  12.54     10      4  302.9  340.3  305.2
  880.0   1203   19.5   13.5     68  11.17    335      5  303.5  337.0  305.6
  868.0   1322   18.6   12.6     68  10.67    345      5  303.8  335.8  305.7
  850.0   1502   18.2    9.2     56   8.66      0      5  305.2  331.5  306.8
  827.0   1736   16.8    7.8     55   8.09     31      5  306.1  330.9  307.6
  812.0   1892   17.6    1.6     34   5.32     52      5  308.6  325.3  309.6
  766.0   2387   15.4   -7.6     20   2.83    119      5  311.4  320.7  311.9
  765.0   2398   15.3   -7.5     20   2.85    120      5  311.4  320.8  312.0
  726.0   2838   12.4   -5.6     28   3.49    131      2  312.9  324.3  313.6
  712.0   3001   11.8   -2.3     37   4.54    135      1  314.0  328.7  314.8
  708.0   3048   11.6   -1.4     40   4.90    170      1  314.3  330.1  315.2
  700.0   3143   11.6   -5.4     30   3.67    240      2  315.3  327.4  316.0
  695.0   3203   11.8  -12.2     17   2.17    238      3  316.2  323.5  316.6
  687.0   3300   11.6  -13.1     17   2.05    235      5  316.9  323.9  317.3
  669.0   3522   11.0  -15.0     15   1.79    239      5  318.7  324.9  319.1
  663.0   3597   10.5  -14.3     16   1.91    240      5  318.9  325.6  319.3
  649.0   3775    9.2  -12.8     20   2.21    254      7  319.5  327.1  319.9
  639.0   3903    7.8   -1.5     52   5.38    265      8  319.2  336.9  320.3
  638.0   3916    7.6   -0.4     57   5.86    265      8  319.2  338.3  320.4
  594.0   4499    3.1   -2.4     67   5.44    250     12  320.5  338.4  321.6
  566.0   4893    0.0   -3.7     76   5.17    253     11  321.4  338.5  322.4
  552.0   5092   -1.1   -5.2     73   4.72    255     11  322.4  338.1  323.3
  531.0   5401   -2.7   -7.6     69   4.08    225      8  324.0  337.8  324.8
  500.0   5880   -5.3  -11.3     63   3.24    255     10  326.5  337.7  327.1
  496.0   5943   -5.9  -11.9     63   3.11    257     10  326.5  337.3  327.1
  492.0   6006   -6.3  -12.3     62   3.05    260      9  326.8  337.4  327.4
  481.0   6182   -7.3  -13.3     62   2.87    290      7  327.7  337.7  328.2
  474.0   6296   -8.0  -19.2     40   1.77    310      6  328.2  334.6  328.6
  469.0   6378   -8.5  -23.5     29   1.23    335      5  328.6  333.1  328.8
  462.0   6494   -8.7  -30.7     15   0.65     10      4  329.7  332.2  329.9
  456.0   6594   -9.5  -29.7     18   0.72     40      3  330.0  332.7  330.1
  442.0   6834  -11.3  -27.3     25   0.93     36      4  330.6  334.1  330.8
  438.0   6903  -11.9  -29.9     21   0.73     35      4  330.7  333.5  330.9
  437.0   6921  -11.9  -31.9     17   0.61     36      4  331.0  333.3  331.1
  434.0   6973  -12.1  -34.1     14   0.49     40      5  331.4  333.3  331.5
  430.0   7043  -12.7  -28.7     25   0.84     46      5  331.5  334.6  331.6
  429.0   7061  -12.7  -21.7     47   1.58     47      6  331.7  337.5  332.0
  428.0   7079  -12.7  -31.7     19   0.63     48      6  331.9  334.4  332.0
  425.0   7132  -12.9  -29.9     23   0.76     52      6  332.3  335.2  332.5
  420.0   7222  -13.7  -21.7     51   1.61     59      7  332.4  338.3  332.8
  416.0   7295  -14.3  -22.3     51   1.55     65      8  332.6  338.2  332.9
  413.0   7349  -14.5  -26.5     35   1.07     69      9  333.0  337.0  333.2
  412.0   7368  -14.5  -30.5     24   0.74     70      9  333.2  336.1  333.4
  411.0   7386  -14.7  -32.7     20   0.60     72      9  333.2  335.5  333.3
  409.0   7423  -14.9  -24.9     42   1.25     74      9  333.4  338.1  333.7
  408.0   7441  -15.1  -21.1     60   1.75     76      9  333.4  339.8  333.7
  405.0   7497  -15.5  -21.1     62   1.76     80     10  333.6  340.1  334.0
  400.0   7590  -16.1  -21.1     65   1.79     85     10  334.0  340.5  334.3
  396.0   7666  -16.5  -25.5     46   1.22     87      9  334.4  339.0  334.7
  389.0   7799  -17.3  -26.1     46   1.18     90      7  335.1  339.5  335.4
  356.0   8459  -21.1  -29.1     49   0.97    159      7  338.6  342.3  338.8
  334.0   8927  -24.1  -37.1     29   0.48    208      7  340.7  342.6  340.8
  331.0   8992  -24.6  -37.6     29   0.46    215      7  340.8  342.7  340.9
  317.0   9303  -27.3  -39.8     29   0.38    180      5  341.4  342.9  341.4
  304.0   9605  -29.9  -42.0     30   0.31    210      2  341.8  343.1  341.9
  300.0   9700  -30.7  -42.7     30   0.30    255      2  342.0  343.2  342.1
  292.0   9891  -32.3  -42.2     37   0.32    280      4  342.3  343.6  342.4
  278.0  10237  -35.3  -41.3     54   0.37    299      7  342.9  344.4  343.0
  256.0  10808  -39.7  -48.6     38   0.18    330     13  344.6  345.4  344.6
  255.0  10835  -39.9  -48.9     38   0.18    330     13  344.6  345.4  344.7
  250.0  10970  -41.1                         330     14  344.8         344.8
  234.0  11408  -44.9                         345     14  345.6         345.6
  224.0  11697  -47.4                          15     13  346.1         346.1
  208.0  12188  -51.7                          38     21  346.8         346.8
  200.0  12440  -53.7                          50     25  347.6         347.6
  186.0  12894  -56.7                          65     43  350.0         350.0
  169.0  13494  -60.7                          65     34  353.0         353.0
  153.0  14116  -64.9                          45     14  356.1         356.1
  150.0  14240  -65.7                          20     11  356.7         356.7
  146.0  14401  -67.0                         350      7  357.2         357.2
  139.0  14694  -69.4                         260     12  358.1         358.1
  132.0  15003  -71.9                         244     12  358.9         358.9
  126.0  15270  -73.3                         230     12  361.2         361.2
  113.0  15897  -76.6                         260     22  366.4         366.4
  100.0  16600  -80.3                         260     11  372.3         372.3
   92.0  17067  -83.7                         265     13  374.5         374.5
   90.3  17172  -84.5                         260     12  375.0         375.0
   87.0  17378  -84.5                         215      8  379.0         379.0
   83.9  17579  -84.5                         243     10  383.0         383.0
   80.1  17838  -81.3                         279     13  394.6         394.6
   78.0  17987  -81.5                         300     14  397.1         397.1
   75.2  18193  -81.9                         278     12  400.6         400.6
   70.0  18600  -77.3                         235      8  418.7         418.7
   68.0  18767  -75.9                         239     10  425.2         425.2
   66.9  18863  -71.9                         242     12  435.8         435.8
   64.8  19052  -68.7                         246     14  446.8         446.8
   60.8  19434  -69.5                         256     20  453.2         453.2
   57.5  19769  -67.9                         264     24  464.2         464.2
   57.0  19822  -66.8                         265     25  467.8         467.8
   55.8  19951  -64.1                         263     31  476.8         476.8
   54.0  20151  -64.9                         260     41  479.5         479.5
   50.0  20620  -66.7                         245     37  485.9         485.9
   45.0  21249  -70.0                         240     26  492.7         492.7
   44.9  21263  -70.1                         240     28  492.8         492.8
   42.0  21666  -67.6                         275      8  508.5         508.5
   40.0  21960  -65.7                         270     13  520.3         520.3
   38.0  22270  -63.8                         295     20  532.9         532.9
   36.7  22480  -62.5                         289     20  541.6         541.6
   35.0  22772  -62.5                         280     21  549.0         549.0
   34.3  22896  -62.5                         285     20  552.1         552.1
   33.0  23138  -58.9                         295     18  567.8         567.8
   31.4  23449  -54.3                         274     15  588.3         588.3
   30.0  23740  -55.1                         255     13  593.8         593.8
   29.0  23956  -55.0                         275     19  599.8         599.8
   26.8  24459  -54.9                         277     21  613.8         613.8
   24.0  25157  -58.5                         280     23  623.1         623.1
   23.0  25424  -58.3                         305     20  631.2         631.2
   22.8  25479  -58.3                         304     19  632.8         632.8
   21.1  25968  -55.9                         291     13  654.2         654.2
   21.0  25998  -55.6                         290     13  656.0         656.0
   20.0  26310  -52.7                         265      3  674.1         674.1
   19.9  26342  -51.1                         260      4  680.0         680.0
   17.0  27362  -52.2                         100     35  707.6         707.6
   15.1  28128  -53.1                          82     37  729.1         729.1
   14.5  28389  -54.1                          75     38  734.3         734.3
   14.0  28616  -52.9                          70     39  745.8         745.8
   13.0  29097  -50.3                          90     34  770.7         770.7
   12.7  29248  -49.5                                     778.6         778.6
</PRE><H3>Station information and sounding indices</H3><PRE>
                         Station identifier: WAAA
                             Station number: 97180
                           Observation time: 170426/0000
                           Station latitude: -5.06
                          Station longitude: 119.55
                          Station elevation: 14.0
                            Showalter index: 5.31
                               Lifted index: 0.35
    LIFT computed using virtual temperature: 0.06
                                SWEAT index: 130.39
                                    K index: 15.70
                         Cross totals index: 14.50
                      Vertical totals index: 23.50
                        Totals totals index: 38.00
      Convective Available Potential Energy: 0.00
             CAPE using virtual temperature: 8.38
                      Convective Inhibition: 0.00
             CINS using virtual temperature: -270.20
 Equilibrum Level using virtual temperature: 413.77
             LFCT using virtual temperature: 567.22
                     Bulk Richardson Number: 0.00
          Bulk Richardson Number using CAPV: 23.29
  Temp [K] of the Lifted Condensation Level: 291.18
Pres [hPa] of the Lifted Condensation Level: 901.11
     Mean mixed layer potential temperature: 299.98
              Mean mixed layer mixing ratio: 14.67
              1000 hPa to 500 hPa thickness: 5796.00
Precipitable water [mm] for entire sounding: 38.99
</PRE>
<P>Description of the 
<A HREF="/upperair/columns.html">data columns</A>
or <A HREF="/upperair/indices.html">sounding indices</A>.

<P>
<FORM>
<INPUT CLASS="button" TYPE="button" VALUE=" Close this window " 
 onClick="window.close();">
<INPUT CLASS="button" TYPE="button" VALUE=" Select another map " 
 onClick="window.blur();">
</FORM>
<HR SIZE="1">
<I>Interested in graduate studies in atmospheric science?
Check out our program at the
<a href="http://www.uwyo.edu/atsc/howtoapply/"
target=_top>University of Wyoming
</a></I>
<HR SIZE="1"><FONT SIZE="-1">
Questions about the weather data provided by this site can be
addressed to <A HREF="mailto:ldoolman@uwyo.edu">
Larry Oolman (ldoolman@uwyo.edu)</A></FONT>
<HR SIZE="1">
<SCRIPT TYPE="text/javascript">
<!--
window.focus();
// -->
</SCRIPT>
</BODY>
</HTML>
