2016-02-09 12
<HTML>
<TITLE>University of Wyoming - Radiosonde Data</TITLE>
<LINK REL="StyleSheet" HREF="/resources/select.css" TYPE="text/css">
<BODY BGCOLOR="white">
<H2>97180 WAAA Ujung Pandang Observations at 00Z 09 Feb 2016</H2>
<PRE>
-----------------------------------------------------------------------------
   PRES   HGHT   TEMP   DWPT   RELH   MIXR   DRCT   SKNT   THTA   THTE   THTV
    hPa     m      C      C      %    g/kg    deg   knot     K      K      K 
-----------------------------------------------------------------------------
 1009.0     14   25.4   24.5     95  19.63      0      0  297.8  355.0  301.3
 1000.0     90   26.4   22.9     81  17.94     65      2  299.6  352.2  302.8
  997.0    117   26.8   22.9     79  18.00     65      2  300.2  353.2  303.4
  977.0    296   26.0   21.2     75  16.50     65      4  301.1  349.8  304.1
  950.0    544   24.8   18.8     69  14.59     12      4  302.4  345.7  305.0
  944.0    599   24.3   19.1     73  14.98      0      4  302.4  346.9  305.1
  925.0    778   22.8   20.1     85  16.29    340      6  302.6  351.0  305.6
  914.0    882   22.0   19.9     88  16.28    327      6  302.8  351.3  305.8
  912.0    901   21.9   19.8     88  16.17    325      6  302.9  351.1  305.9
  850.0   1512   19.4   15.1     76  12.86    305     12  306.4  345.4  308.8
  794.0   2092   16.6   12.4     77  11.55    290      4  309.5  344.9  311.6
  766.0   2398   15.1   11.0     77  10.90    325      4  311.0  344.8  313.1
  718.0   2949   12.4    8.5     77   9.79    353      4  313.9  344.6  315.8
  714.0   2996   12.1    8.4     78   9.76    355      4  314.0  344.6  315.9
  700.0   3162   10.8    7.9     82   9.64    320      4  314.4  344.7  316.2
  688.0   3304   10.0    7.3     83   9.38    285      4  315.1  344.7  316.9
  664.0   3595    8.3    5.9     85   8.87    340      6  316.4  344.6  318.1
  640.0   3898    6.6    4.6     87   8.37    325      2  317.8  344.6  319.4
  617.0   4198    4.9    3.2     89   7.88    275      2  319.2  344.6  320.7
  595.0   4496    3.2    1.9     91   7.42     85      4  320.6  344.7  322.0
  574.0   4791    1.6    0.6     93   6.99    120      6  321.9  344.8  323.3
  555.0   5067    0.0   -0.7     95   6.60     70      4  323.2  344.9  324.5
  553.0   5096   -0.1   -0.8     95   6.55     65      4  323.4  345.0  324.6
  532.0   5405   -1.7   -2.4     95   6.08     50      4  325.1  345.4  326.3
  500.0   5900   -4.1   -4.8     95   5.39     70      6  328.0  346.2  329.0
  475.0   6299   -6.2   -7.3     92   4.68     80     10  330.2  346.2  331.1
  423.0   7201  -11.1  -13.0     86   3.34     65     14  335.1  346.9  335.8
  417.0   7312  -11.7  -13.7     85   3.20     72     13  335.7  347.1  336.3
  416.0   7331  -11.7  -16.7     66   2.50     74     12  335.9  345.0  336.4
  415.0   7349  -11.9  -12.9     92   3.44     75     12  335.9  348.1  336.6
  407.0   7498  -12.8  -14.3     88   3.13     85     10  336.7  347.9  337.3
  400.0   7630  -13.5  -15.5     85   2.88     80     10  337.4  347.7  337.9
  367.0   8281  -17.5  -18.2     94   2.50     62      9  340.4  349.6  340.9
  357.0   8487  -19.1  -21.7     80   1.90     56      8  341.0  348.1  341.4
  356.0   8508  -19.1  -19.1    100   2.39     55      8  341.2  350.1  341.8
  347.0   8695  -20.4  -20.5     99   2.16     50      8  341.9  350.0  342.4
  300.0   9760  -28.1  -28.7     95   1.20     75      8  345.7  350.3  345.9
  282.0  10194  -31.6  -32.6     91   0.88     75      8  346.8  350.2  346.9
  270.0  10500  -34.1  -35.4     88   0.70     55      8  347.5  350.3  347.6
  250.0  11040  -38.5  -40.3     83   0.46     60      8  348.7  350.6  348.8
  244.0  11207  -40.1  -41.7     85   0.41     60      8  348.7  350.4  348.8
  227.0  11687  -44.5                          60      8  349.3         349.3
  200.0  12530  -52.1                          45      4  350.1         350.1
  198.0  12593  -52.6                          40      4  350.2         350.2
  189.0  12882  -55.2                         315      2  350.9         350.9
  180.0  13186  -57.8                         100      2  351.5         351.5
  163.0  13803  -63.2                         110     10  352.6         352.6
  150.0  14320  -67.7                         115     16  353.3         353.3
  141.0  14681  -70.3                         105     21  355.0         355.0
  114.0  15922  -79.2                          75     47  360.7         360.7
  111.0  16077  -80.3                          83     43  361.4         361.4
  105.0  16393  -78.5                          99     34  370.6         370.6
  103.0  16502  -79.1                         105     31  371.4         371.4
  100.0  16670  -80.1                         100     31  372.7         372.7
   93.0  17078  -81.8                          95     17  377.3         377.3
   88.0  17389  -83.0                          50      6  380.8         380.8
   86.9  17460  -83.3                          35      4  381.6         381.6
   83.0  17718  -81.2                          50      4  390.9         390.9
   79.7  17947  -79.3                         303      7  399.3         399.3
   79.0  17997  -79.5                         280      8  399.9         399.9
   70.0  18680  -82.3                         210     12  408.0         408.0
   67.5  18884  -81.3                         193      9  414.4         414.4
   67.0  18926  -81.1                         190      8  415.8         415.8
   64.0  19188  -79.6                         315      6  424.6         424.6
   60.0  19556  -77.5                          40      4  437.1         437.1
   57.0  19849  -75.8                          65     17  447.4         447.4
   55.4  20012  -74.9                          60     20  453.1         453.1
   52.0  20387  -69.5                          50     27  474.0         474.0
   50.0  20620  -66.1                          25     31  487.3         487.3
   49.6  20669  -65.5                          23     32  489.8         489.8
   49.0  20742  -65.5                          20     33  491.4         491.4
   47.0  20995  -65.7                          65     29  497.0         497.0
   45.0  21258  -65.8                          10     12  502.9         502.9
   43.0  21534  -66.0                         155      4  509.1         509.1
   41.0  21822  -66.1                         175      8  515.6         515.6
   34.8  22815  -66.7                         155     22  538.9         538.9
   32.0  23326  -64.4                         145     29  558.0         558.0
   30.0  23720  -62.7                         125     27  573.1         573.1
   29.0  23931  -61.6                         105     21  581.7         581.7
   25.5  24733  -57.5                         348     26  615.2         615.2
   25.0  24858  -57.6                         330     27  618.3         618.3
   22.0  25661  -58.6                         275     23  638.5         638.5
   21.0  25953  -58.9                         270     16  646.0         646.0
   20.0  26260  -59.3                         255     10  653.9         653.9
   19.0  26581  -59.0                         140      6  664.3         664.3
   18.4  26782  -58.9                         115      7  671.0         671.0
   17.0  27287  -56.3                          55     10  694.7         694.7
   15.0  28085  -52.1                          75     23  733.7         733.7
   14.8  28171  -51.7                                     738.0         738.0
</PRE><H3>Station information and sounding indices</H3><PRE>
                         Station identifier: WAAA
                             Station number: 97180
                           Observation time: 160209/0000
                           Station latitude: -5.06
                          Station longitude: 119.55
                          Station elevation: 14.0
                            Showalter index: 0.67
                               Lifted index: -1.12
    LIFT computed using virtual temperature: -1.25
                                SWEAT index: 211.21
                                    K index: 35.70
                         Cross totals index: 19.20
                      Vertical totals index: 23.50
                        Totals totals index: 42.70
      Convective Available Potential Energy: 138.24
             CAPE using virtual temperature: 167.82
                      Convective Inhibition: -126.85
             CINS using virtual temperature: -96.54
                           Equilibrum Level: 322.89
 Equilibrum Level using virtual temperature: 333.77
                   Level of Free Convection: 678.16
             LFCT using virtual temperature: 701.67
                     Bulk Richardson Number: 77.92
          Bulk Richardson Number using CAPV: 94.59
  Temp [K] of the Lifted Condensation Level: 293.65
Pres [hPa] of the Lifted Condensation Level: 920.24
     Mean mixed layer potential temperature: 300.72
              Mean mixed layer mixing ratio: 16.85
              1000 hPa to 500 hPa thickness: 5810.00
Precipitable water [mm] for entire sounding: 64.46
</PRE>
<P>Description of the 
<A HREF="/upperair/columns.html">data columns</A>
or <A HREF="/upperair/indices.html">sounding indices</A>.

<P>
<FORM>
<INPUT CLASS="button" TYPE="button" VALUE=" Close this window " 
 onClick="window.close();">
<INPUT CLASS="button" TYPE="button" VALUE=" Select another map " 
 onClick="window.blur();">
</FORM>
<HR SIZE="1">
<I>Interested in graduate studies in atmospheric science?
Check out our program at the
<a href="http://www.uwyo.edu/atsc/howtoapply/"
target=_top>University of Wyoming
</a></I>
<HR SIZE="1"><FONT SIZE="-1">
Questions about the weather data provided by this site can be
addressed to <A HREF="mailto:ldoolman@uwyo.edu">
Larry Oolman (ldoolman@uwyo.edu)</A></FONT>
<HR SIZE="1">
<SCRIPT TYPE="text/javascript">
<!--
window.focus();
// -->
</SCRIPT>
</BODY>
</HTML>
