2016-06-28 12
<HTML>
<TITLE>University of Wyoming - Radiosonde Data</TITLE>
<LINK REL="StyleSheet" HREF="/resources/select.css" TYPE="text/css">
<BODY BGCOLOR="white">
<H2>97180 WAAA Ujung Pandang Observations at 00Z 28 Jun 2016</H2>
<PRE>
-----------------------------------------------------------------------------
   PRES   HGHT   TEMP   DWPT   RELH   MIXR   DRCT   SKNT   THTA   THTE   THTV
    hPa     m      C      C      %    g/kg    deg   knot     K      K      K 
-----------------------------------------------------------------------------
 1010.0     14   25.2   23.5     90  18.44      0      0  297.5  351.1  300.8
 1000.0     98   26.0   22.0     79  16.96    150      5  299.1  348.8  302.2
  977.0    303   25.5   19.8     71  15.15    110      9  300.6  345.2  303.3
  958.0    477   25.0   18.0     65  13.75    101      9  301.8  342.6  304.3
  925.0    784   22.6   16.6     69  13.01     85     10  302.4  341.1  304.8
  922.0    812   22.4   17.4     73  13.75     84     10  302.5  343.4  305.0
  913.0    897   22.2   16.6     71  13.21     80     11  303.1  342.5  305.5
  890.0   1119   21.6   14.6     64  11.87     76      8  304.7  340.5  306.9
  882.0   1197   21.1   14.3     65  11.74     75      7  305.0  340.4  307.1
  852.0   1496   19.1   13.1     68  11.23     35      3  306.0  340.0  308.0
  850.0   1516   19.0   13.0     68  11.19     35      3  306.0  339.9  308.1
  822.0   1801   17.0   11.8     71  10.69    350      5  306.9  339.4  308.9
  786.0   2182   14.4   10.2     76  10.04    352      5  308.0  338.8  309.9
  739.0   2698   12.2    8.1     76   9.23    355      5  311.1  339.8  312.8
  713.0   2998   10.9    6.8     76   8.79     40      9  312.8  340.4  314.5
  700.0   3152   10.2    6.2     76   8.57     40     10  313.8  340.7  315.4
  688.0   3294    9.4    5.5     76   8.29     35     10  314.4  340.6  316.0
  617.0   4186    4.4    0.9     78   6.69     80      8  318.6  340.2  319.9
  594.0   4497    2.6   -0.6     79   6.19     65     11  320.0  340.2  321.2
  572.0   4807    0.9   -2.2     80   5.73     90     14  321.5  340.3  322.6
  561.0   4966    0.0   -3.0     80   5.50     74     13  322.2  340.4  323.3
  551.0   5109   -1.1   -3.6     83   5.35     60     13  322.6  340.3  323.7
  523.0   5525   -4.1   -5.4     91   4.92     71     17  323.8  340.2  324.8
  500.0   5880   -5.3   -8.4     79   4.08     80     21  326.5  340.4  327.3
  492.0   6004   -6.0   -9.5     76   3.81     80     21  327.2  340.2  327.9
  408.0   7441  -14.1  -22.1     51   1.60     71     22  334.7  340.6  335.0
  400.0   7590  -14.7  -23.7     46   1.42     70     22  335.8  341.1  336.1
  391.0   7762  -16.3  -24.3     50   1.38     70     22  335.9  341.0  336.2
  388.0   7820  -16.5  -22.5     60   1.63     71     22  336.4  342.4  336.7
  387.0   7839  -16.7  -21.6     66   1.77     71     22  336.4  342.9  336.7
  386.0   7859  -16.7  -20.5     72   1.95     71     23  336.6  343.8  337.0
  385.0   7878  -16.7  -25.7     46   1.23     71     23  336.9  341.5  337.1
  344.0   8716  -21.9  -37.9     22   0.43     73     24  340.8  342.6  340.9
  311.0   9451  -26.9  -38.9     31   0.43     74     25  343.8  345.5  343.9
  300.0   9710  -28.5  -45.5     18   0.22     75     26  345.1  346.0  345.1
  297.0   9782  -28.9  -48.9     13   0.15     75     26  345.5  346.2  345.6
  257.0  10796  -37.5  -54.1     16   0.10     80     30  347.5  347.9  347.5
  250.0  10990  -39.1  -55.1     17   0.09     80     29  347.8  348.2  347.8
  247.0  11072  -40.1  -55.1     19   0.09     79     29  347.5  347.9  347.5
  225.0  11690  -45.8                          75     27  348.2         348.2
  200.0  12470  -52.9                          65     30  348.8         348.8
  150.0  14260  -69.3                          50     27  350.5         350.5
  147.0  14379  -70.5                          55     27  350.5         350.5
  138.0  14751  -74.1                          64     30  350.5         350.5
  119.0  15603  -78.5                          85     36  357.6         357.6
  113.0  15898  -77.5                          92     33  364.8         364.8
  100.0  16590  -80.9                         110     26  371.2         371.2
   96.0  16819  -82.0                         115     33  373.3         373.3
   93.1  16991  -82.9                         105     35  374.9         374.9
   90.3  17163  -78.7                          97     28  386.5         386.5
   86.2  17430  -75.7                          84     17  397.7         397.7
   82.0  17718  -76.5                          70      6  401.7         401.7
   78.0  18006  -77.4                           0      1  405.8         405.8
   75.7  18178  -77.9                           0      1  408.2         408.2
   74.0  18309  -77.0                           0      1  412.8         412.8
   70.0  18630  -74.7                         125      7  424.2         424.2
   68.1  18791  -73.7                         120     11  429.8         429.8
   60.0  19533  -73.2                          95     28  446.8         446.8
   57.0  19834  -72.9                          70     31  453.9         453.9
   54.2  20129  -72.7                          68     34  461.0         461.0
   51.2  20468  -68.3                          66     38  478.9         478.9
   50.0  20610  -68.7                          65     39  481.2         481.2
   49.0  20731  -69.3                          70     40  482.5         482.5
   48.4  20804  -69.7                          72     41  483.3         483.3
   45.0  21240  -68.2                          85     45  497.0         497.0
   44.7  21280  -68.1                          84     44  498.3         498.3
   43.4  21458  -64.5                          80     40  511.3         511.3
   42.0  21664  -56.6                          75     36  535.8         535.8
   41.4  21754  -53.1                          36     22  546.6         546.6
   41.0  21817  -51.3                          10     12  552.6         552.6
   39.0  22137  -53.0                         300     13  556.2         556.2
   37.0  22473  -54.9                         270     13  559.9         559.9
   33.3  23146  -58.5                         270     19  567.4         567.4
   31.0  23595  -59.3                         280     29  576.9         576.9
   30.0  23800  -59.7                         280     26  581.3         581.3
   29.9  23821  -59.7                         280     26  581.9         581.9
   28.0  24235  -57.8                         280     31  598.2         598.2
   24.2  25155  -53.5                         261     38  636.1         636.1
   23.0  25481  -52.5                         255     41  648.2         648.2
   22.0  25767  -51.7                         258     41  659.0         659.0
   20.5  26221  -52.7                         263     40  669.4         669.4
   20.0  26380  -51.7                         265     40  677.2         677.2
   19.0  26713  -50.7                         266     38  690.3         690.3
   17.3  27320  -53.1                         268     33  701.4         701.4
   16.3  27703  -53.5                         270     31  712.1         712.1
   16.0  27825  -52.7                         270     30  718.4         718.4
   14.0  28698  -47.1                         250     17  765.3         765.3
   13.6  28888  -45.9                         260     18  775.9         775.9
   12.0  29723  -44.6                         305     23  808.7         808.7
   11.9  29779  -44.5                                     811.0         811.0
</PRE><H3>Station information and sounding indices</H3><PRE>
                         Station identifier: WAAA
                             Station number: 97180
                           Observation time: 160628/0000
                           Station latitude: -5.06
                          Station longitude: 119.55
                          Station elevation: 14.0
                            Showalter index: 1.62
                               Lifted index: -0.77
    LIFT computed using virtual temperature: -1.00
                                SWEAT index: 182.98
                                    K index: 33.30
                         Cross totals index: 18.30
                      Vertical totals index: 24.30
                        Totals totals index: 42.60
      Convective Available Potential Energy: 66.87
             CAPE using virtual temperature: 99.62
                      Convective Inhibition: -162.17
             CINS using virtual temperature: -112.58
                           Equilibrum Level: 390.04
 Equilibrum Level using virtual temperature: 386.29
                   Level of Free Convection: 613.06
             LFCT using virtual temperature: 645.53
                     Bulk Richardson Number: 13.49
          Bulk Richardson Number using CAPV: 20.10
  Temp [K] of the Lifted Condensation Level: 292.28
Pres [hPa] of the Lifted Condensation Level: 910.91
     Mean mixed layer potential temperature: 300.20
              Mean mixed layer mixing ratio: 15.63
              1000 hPa to 500 hPa thickness: 5782.00
Precipitable water [mm] for entire sounding: 53.84
</PRE>
<P>Description of the 
<A HREF="/upperair/columns.html">data columns</A>
or <A HREF="/upperair/indices.html">sounding indices</A>.

<P>
<FORM>
<INPUT CLASS="button" TYPE="button" VALUE=" Close this window " 
 onClick="window.close();">
<INPUT CLASS="button" TYPE="button" VALUE=" Select another map " 
 onClick="window.blur();">
</FORM>
<HR SIZE="1">
<I>Interested in graduate studies in atmospheric science?
Check out our program at the
<a href="http://www.uwyo.edu/atsc/howtoapply/"
target=_top>University of Wyoming
</a></I>
<HR SIZE="1"><FONT SIZE="-1">
Questions about the weather data provided by this site can be
addressed to <A HREF="mailto:ldoolman@uwyo.edu">
Larry Oolman (ldoolman@uwyo.edu)</A></FONT>
<HR SIZE="1">
<SCRIPT TYPE="text/javascript">
<!--
window.focus();
// -->
</SCRIPT>
</BODY>
</HTML>
