2016-08-22 12
<HTML>
<TITLE>University of Wyoming - Radiosonde Data</TITLE>
<LINK REL="StyleSheet" HREF="/resources/select.css" TYPE="text/css">
<BODY BGCOLOR="white">
<H2>97180 WAAA Ujung Pandang Observations at 00Z 22 Aug 2016</H2>
<PRE>
-----------------------------------------------------------------------------
   PRES   HGHT   TEMP   DWPT   RELH   MIXR   DRCT   SKNT   THTA   THTE   THTV
    hPa     m      C      C      %    g/kg    deg   knot     K      K      K 
-----------------------------------------------------------------------------
 1009.0     14   24.8   21.3     81  16.08      0      0  297.2  343.9  300.1
 1004.0     57   25.0   20.0     74  14.89     80      2  297.8  341.2  300.5
 1000.0     92   25.6   19.6     69  14.57    145      3  298.8  341.4  301.4
  977.0    297   25.2   20.2     74  15.50    170      3  300.3  346.0  303.1
  944.0    597   23.2   18.6     76  14.53    185      2  301.3  344.2  303.9
  925.0    775   22.0   17.7     77  13.97     95      1  301.8  343.2  304.3
  912.0    897   21.0   17.2     79  13.76     10      1  302.0  342.8  304.5
  881.0   1196   18.6   16.1     85  13.24      0      1  302.5  341.9  304.9
  876.0   1245   18.6   16.5     88  13.66    339      1  303.0  343.7  305.5
  863.0   1373   19.0    8.0     49   7.86    283      3  304.7  328.6  306.1
  851.0   1493   17.9    7.8     52   7.87    230      4  304.8  328.7  306.2
  850.0   1503   17.8    7.8     52   7.87    235      4  304.8  328.7  306.2
  821.0   1798   15.2    9.9     71   9.43    245      6  305.1  333.7  306.9
  816.0   1850   14.8   10.3     74   9.73    251      7  305.2  334.6  307.0
  792.0   2102   13.3   10.3     82  10.03    280      9  306.1  336.6  308.0
  782.0   2209   12.6   10.3     86  10.16    286     10  306.6  337.4  308.4
  765.0   2394   12.1    9.1     82   9.56    295     12  308.0  337.2  309.7
  761.0   2438   12.0    8.8     81   9.42    293     13  308.3  337.2  310.0
  738.0   2695   12.2    1.2     47   5.69    280     17  311.2  329.2  312.3
  729.0   2797   12.2    3.2     54   6.65    283     16  312.3  333.3  313.6
  712.0   2994   10.9    4.2     63   7.34    290     15  313.0  336.2  314.4
  700.0   3136   10.0    5.0     71   7.87    290     15  313.5  338.4  315.0
  699.0   3148    9.8    4.8     71   7.77    289     15  313.4  337.9  314.9
  662.0   3599    7.6   -0.2     58   5.74    270     18  315.9  334.3  316.9
  659.0   3637    7.4   -0.6     57   5.59    271     18  316.1  334.1  317.1
  626.0   4059    4.4    0.8     77   6.52    285     14  317.3  338.3  318.5
  615.0   4203    3.5   -0.0     78   6.25    290     13  317.9  338.1  319.1
  597.0   4444    2.0   -1.4     78   5.82    278     14  318.8  337.8  320.0
  571.0   4803    0.5  -11.4     40   2.81    260     15  321.2  330.8  321.7
  562.0   4931    0.0  -15.0     31   2.13    279     11  322.0  329.4  322.4
  550.0   5103   -0.9  -16.4     30   1.94    305      5  322.9  329.7  323.3
  530.0   5398   -2.5  -18.8     27   1.65    295      5  324.5  330.3  324.8
  513.0   5658   -3.9  -20.9     25   1.42    261     13  325.8  330.9  326.1
  510.0   5704   -4.1  -20.4     27   1.48    255     14  326.1  331.4  326.4
  500.0   5860   -4.9  -18.9     33   1.73    260     13  327.0  333.2  327.3
  481.0   6164   -6.5  -14.5     53   2.60    276     11  328.7  337.8  329.2
  455.0   6593   -9.7  -18.3     50   2.00    300      9  330.0  337.1  330.4
  439.0   6870  -11.7  -20.7     47   1.69    331      8  330.8  336.9  331.1
  437.0   6905  -11.9  -21.1     46   1.64    335      8  331.0  337.0  331.3
  429.0   7046  -12.5  -22.5     43   1.47     10     11  331.9  337.4  332.2
  421.0   7190  -11.7  -26.7     28   1.03     46     15  334.8  338.7  335.0
  420.0   7208  -11.8  -26.9     28   1.02     50     15  334.8  338.7  335.0
  400.0   7580  -14.3  -30.3     24   0.77     55     20  336.3  339.3  336.5
  388.0   7810  -15.9  -36.4     15   0.44     55     15  337.1  338.9  337.2
  371.0   8147  -18.3  -45.3      7   0.18     74     14  338.3  339.1  338.4
  344.0   8701  -22.3  -48.9      7   0.13    105     11  340.3  340.9  340.3
  308.0   9512  -28.1  -54.1      6   0.08    123     14  343.1  343.4  343.1
  304.0   9605  -29.0  -54.0      7   0.08    125     14  343.1  343.5  343.1
  300.0   9700  -29.9  -53.9      8   0.08    120     15  343.1  343.5  343.1
  268.0  10489  -37.0  -51.6     21   0.12    100     18  343.9  344.5  344.0
  257.0  10782  -39.7  -50.7     30   0.14     79     21  344.2  344.8  344.2
  250.0  10970  -41.3                          65     23  344.5         344.5
  245.0  11103  -42.3                          60     25  345.0         345.0
  204.0  12310  -51.3                          55     44  349.4         349.4
  200.0  12440  -52.3                          50     46  349.8         349.8
  161.0  13802  -64.1                          35     47  352.3         352.3
  154.0  14081  -66.5                          41     51  352.7         352.7
  150.0  14240  -67.7                          45     54  353.3         353.3
  132.0  14978  -72.6                          60     42  357.6         357.6
  119.0  15576  -76.6                          95     42  361.1         361.1
  102.0  16466  -82.5                          95     36  365.9         365.9
  100.0  16580  -83.3                          90     39  366.5         366.5
   94.4  16901  -84.5                          80     37  370.3         370.3
   87.0  17366  -75.5                          70     25  397.2         397.2
   86.4  17406  -74.7                          71     23  399.5         399.5
   82.0  17710  -75.3                          75     11  404.4         404.4
   74.4  18276  -76.3                         113     17  413.6         413.6
   74.0  18307  -76.2                         115     17  414.5         414.5
   70.0  18630  -74.9                         150     24  423.8         423.8
   67.0  18885  -73.6                         135     28  431.9         431.9
   66.7  18911  -73.5                         133     28  432.8         432.8
   63.0  19249  -67.3                         104     30  453.5         453.5
   60.0  19547  -65.0                          80     32  464.9         464.9
   58.0  19754  -63.5                          70     18  473.0         473.0
   55.1  20068  -61.1                         329     13  485.4         485.4
   55.0  20079  -61.1                         325     13  485.7         485.7
   50.0  20670  -61.1                         270     21  499.1         499.1
   46.6  21105  -63.1                         254     17  504.4         504.4
   43.0  21600  -62.0                         235     13  518.8         518.8
   42.6  21658  -61.9                         236     12  520.5         520.5
   41.0  21898  -59.7                         240      8  531.7         531.7
   38.1  22359  -55.5                         276     20  553.6         553.6
   37.0  22546  -54.8                         290     25  560.0         560.0
   35.6  22792  -53.9                         279     30  568.6         568.6
   34.0  23085  -55.0                         265     36  573.2         573.2
   30.5  23776  -57.7                         265     34  584.0         584.0
   30.0  23880  -57.5                         265     34  587.3         587.3
   28.0  24313  -58.3                         265     22  596.7         596.7
   26.2  24730  -59.1                         280     26  605.9         605.9
   24.1  25256  -55.9                         299     32  629.9         629.9
   24.0  25282  -55.9                         300     32  630.6         630.6
   20.0  26440  -55.3                         260     22  666.2         666.2
   16.2  27780  -56.5                         265     29  703.6         703.6
   16.0  27859  -56.3                         265     29  706.8         706.8
   14.0  28712  -54.1                         245     26  741.7         741.7
   13.5  28944  -53.5                                     751.5         751.5
</PRE><H3>Station information and sounding indices</H3><PRE>
                         Station identifier: WAAA
                             Station number: 97180
                           Observation time: 160822/0000
                           Station latitude: -5.06
                          Station longitude: 119.55
                          Station elevation: 14.0
                            Showalter index: 7.04
                               Lifted index: 0.36
    LIFT computed using virtual temperature: -0.20
                                SWEAT index: 114.60
                                    K index: 25.50
                         Cross totals index: 12.70
                      Vertical totals index: 22.70
                        Totals totals index: 35.40
      Convective Available Potential Energy: 10.84
             CAPE using virtual temperature: 58.68
                      Convective Inhibition: -69.55
             CINS using virtual temperature: -49.12
                           Equilibrum Level: 428.92
 Equilibrum Level using virtual temperature: 427.42
                   Level of Free Convection: 805.98
             LFCT using virtual temperature: 828.85
                     Bulk Richardson Number: 0.93
          Bulk Richardson Number using CAPV: 5.02
  Temp [K] of the Lifted Condensation Level: 291.79
Pres [hPa] of the Lifted Condensation Level: 910.20
     Mean mixed layer potential temperature: 299.76
              Mean mixed layer mixing ratio: 15.10
              1000 hPa to 500 hPa thickness: 5768.00
Precipitable water [mm] for entire sounding: 46.24
</PRE>
<P>Description of the 
<A HREF="/upperair/columns.html">data columns</A>
or <A HREF="/upperair/indices.html">sounding indices</A>.

<P>
<FORM>
<INPUT CLASS="button" TYPE="button" VALUE=" Close this window " 
 onClick="window.close();">
<INPUT CLASS="button" TYPE="button" VALUE=" Select another map " 
 onClick="window.blur();">
</FORM>
<HR SIZE="1">
<I>Interested in graduate studies in atmospheric science?
Check out our program at the
<a href="http://www.uwyo.edu/atsc/howtoapply/"
target=_top>University of Wyoming
</a></I>
<HR SIZE="1"><FONT SIZE="-1">
Questions about the weather data provided by this site can be
addressed to <A HREF="mailto:ldoolman@uwyo.edu">
Larry Oolman (ldoolman@uwyo.edu)</A></FONT>
<HR SIZE="1">
<SCRIPT TYPE="text/javascript">
<!--
window.focus();
// -->
</SCRIPT>
</BODY>
</HTML>
