2017-06-05 00
<HTML>
<TITLE>University of Wyoming - Radiosonde Data</TITLE>
<LINK REL="StyleSheet" HREF="/resources/select.css" TYPE="text/css">
<BODY BGCOLOR="white">
<H2>97180 WAAA Ujung Pandang Observations at 00Z 05 Jun 2017</H2>
<PRE>
-----------------------------------------------------------------------------
   PRES   HGHT   TEMP   DWPT   RELH   MIXR   DRCT   SKNT   THTA   THTE   THTV
    hPa     m      C      C      %    g/kg    deg   knot     K      K      K 
-----------------------------------------------------------------------------
 1010.0     14   24.0   22.5     91  17.32    140      4  296.3  346.4  299.4
 1009.0     23   25.0   20.8     78  15.58    137      4  297.4  342.7  300.2
 1000.0    101   25.6   19.6     69  14.57    110      5  298.8  341.4  301.4
  994.0    154   25.6   19.6     69  14.66    107      6  299.3  342.3  301.9
  978.0    296   24.9   18.9     69  14.28    100      7  300.0  342.0  302.6
  929.0    747   22.8   16.8     69  13.12     95      4  302.2  341.3  304.6
  925.0    785   22.4   16.4     69  12.84     95      4  302.2  340.4  304.5
  913.0    898   21.5   16.0     71  12.67     85      3  302.4  340.2  304.8
  882.0   1198   19.2   14.9     76  12.23    310      3  303.1  339.6  305.3
  876.0   1258   18.8   14.7     77  12.15    321      3  303.2  339.5  305.4
  851.0   1507   17.4   14.0     80  11.97     10      5  304.3  340.2  306.5
  850.0   1517   17.4   14.0     80  11.96     15      5  304.4  340.3  306.6
  834.0   1680   17.0   12.9     77  11.33     65      5  305.6  339.8  307.7
  823.0   1793   17.6   11.7     69  10.61    100      5  307.3  339.7  309.3
  822.0   1803   17.6   11.6     68  10.54    101      5  307.5  339.7  309.4
  794.0   2098   15.2   10.4     73  10.08    135      5  308.0  338.9  309.9
  780.0   2250   14.0    9.8     76   9.84    103      5  308.3  338.4  310.1
  766.0   2402   13.4    9.1     75   9.59     70      6  309.3  338.8  311.0
  714.0   2993   11.2    6.6     73   8.63    119      4  313.1  340.2  314.7
  713.0   3004   11.1    6.5     73   8.60    120      4  313.1  340.1  314.8
  700.0   3158   10.4    5.6     72   8.21    185      3  314.0  339.9  315.5
  688.0   3301    9.2    5.3     76   8.16    180      2  314.2  339.9  315.7
  664.0   3595    6.7    4.6     86   8.05    355      4  314.6  340.0  316.1
  652.0   3745    5.4    4.2     92   7.99    344      8  314.8  340.1  316.3
  617.0   4193    3.4    2.0     91   7.22    310     19  317.4  340.6  318.8
  564.0   4921    0.0   -1.6     89   6.07    301     15  321.7  341.7  322.9
  510.0   5724   -3.3   -6.7     77   4.57    292     11  327.1  342.6  328.0
  500.0   5880   -4.5   -7.3     81   4.45    290     10  327.5  342.6  328.4
  438.0   6900  -11.3  -13.1     86   3.20    285      7  331.6  342.8  332.2
  422.0   7187  -13.2  -14.8     88   2.90    285      3  332.7  342.9  333.2
  406.0   7485  -15.1  -16.4     90   2.62      0      3  333.8  343.2  334.3
  400.0   7600  -15.9  -17.1     90   2.52     15      4  334.2  343.3  334.8
  399.0   7619  -16.1  -17.0     93   2.55     16      4  334.2  343.4  334.7
  361.0   8369  -20.7  -22.3     87   1.78     64     13  337.8  344.4  338.1
  360.0   8389  -20.8  -22.6     86   1.74     65     13  337.9  344.4  338.2
  331.0   9008  -24.1  -31.1     52   0.87     70     13  341.6  345.0  341.8
  300.0   9720  -29.7  -36.7     51   0.55     75     13  343.4  345.6  343.5
  253.0  10909  -39.7  -47.7     42   0.20     80     15  345.7  346.6  345.8
  250.0  10990  -40.5                          80     15  345.7         345.7
  215.0  11984  -49.6                          75     17  346.9         346.9
  200.0  12460  -53.9                          65     18  347.2         347.2
  191.0  12756  -56.3                          62     23  348.0         348.0
  150.0  14260  -67.1                          45     51  354.3         354.3
  139.0  14712  -69.9                          35     53  357.2         357.2
  132.0  15018  -68.9                          50     28  364.3         364.3
  114.0  15869  -73.3                         150     10  371.6         371.6
  108.0  16183  -75.0                         160      5  374.3         374.3
  100.0  16630  -77.3                         220     22  378.1         378.1
   97.0  16804  -77.8                         240     19  380.4         380.4
   88.0  17359  -79.6                         255     18  387.6         387.6
   81.8  17775  -80.9                         275     26  393.1         393.1
   80.5  17866  -78.7                         277     31  399.4         399.4
   79.0  17974  -79.0                         280     36  401.0         401.0
   75.4  18239  -79.7                         276     32  404.9         404.9
   75.0  18270  -79.5                         275     31  406.0         406.0
   73.4  18393  -78.5                         257     29  410.5         410.5
   72.3  18480  -74.7                         245     28  420.4         420.4
   71.0  18586  -72.5                         230     26  427.3         427.3
   70.8  18603  -72.1                         228     26  428.4         428.4
   70.0  18670  -72.5                         220     26  428.9         428.9
   58.0  19785  -70.3                         280     51  457.6         457.6
   53.3  20286  -69.3                         271     46  471.1         471.1
   50.0  20670  -67.5                         265     42  484.0         484.0
   45.0  21314  -62.2                         260     30  511.8         511.8
   42.7  21635  -59.5                         268     19  526.0         526.0
   41.0  21890  -59.0                         275     10  533.4         533.4
   39.0  22203  -58.4                         295     17  542.6         542.6
   36.2  22670  -57.5                         282     15  556.6         556.6
   32.0  23438  -60.3                         260     13  569.2         569.2
   30.0  23840  -61.7                         170      9  575.9         575.9
   29.3  23986  -62.3                         135     12  578.1         578.1
   29.0  24050  -62.3                         130     13  579.7         579.7
   27.7  24333  -62.5                         104     30  586.9         586.9
   27.0  24493  -59.9                          90     39  598.5         598.5
   26.0  24729  -56.1                          84     37  615.8         615.8
   24.9  25006  -53.3                          76     34  631.5         631.5
   24.0  25243  -53.1                          70     32  638.6         638.6
   20.0  26420  -52.3                          85     55  675.3         675.3
   18.6  26889  -52.7                          89     55  688.2         688.2
   17.0  27474  -50.1                          95     55  714.5         714.5
   16.2  27788  -48.7                          84     57  728.9         728.9
   15.2  28207  -48.9                          70     60  741.7         741.7
   15.0                                        70     60                     
</PRE><H3>Station information and sounding indices</H3><PRE>
                         Station identifier: WAAA
                             Station number: 97180
                           Observation time: 170605/0000
                           Station latitude: -5.06
                          Station longitude: 119.55
                          Station elevation: 14.0
                            Showalter index: 2.28
                               Lifted index: 1.60
    LIFT computed using virtual temperature: 1.54
                                SWEAT index: 187.99
                                    K index: 31.10
                         Cross totals index: 18.50
                      Vertical totals index: 21.90
                        Totals totals index: 40.40
      Convective Available Potential Energy: 0.00
             CAPE using virtual temperature: 0.00
                      Convective Inhibition: 0.00
             CINS using virtual temperature: 0.00
                     Bulk Richardson Number: 0.00
          Bulk Richardson Number using CAPV: 0.00
  Temp [K] of the Lifted Condensation Level: 290.92
Pres [hPa] of the Lifted Condensation Level: 901.89
     Mean mixed layer potential temperature: 299.64
              Mean mixed layer mixing ratio: 14.42
              1000 hPa to 500 hPa thickness: 5779.00
Precipitable water [mm] for entire sounding: 55.51
</PRE>
<P>Description of the 
<A HREF="/upperair/columns.html">data columns</A>
or <A HREF="/upperair/indices.html">sounding indices</A>.

<P>
<FORM>
<INPUT CLASS="button" TYPE="button" VALUE=" Close this window " 
 onClick="window.close();">
<INPUT CLASS="button" TYPE="button" VALUE=" Select another map " 
 onClick="window.blur();">
</FORM>
<HR SIZE="1">
<I>Interested in graduate studies in atmospheric science?
Check out our program at the
<a href="http://www.uwyo.edu/atsc/howtoapply/"
target=_top>University of Wyoming
</a></I>
<HR SIZE="1"><FONT SIZE="-1">
Questions about the weather data provided by this site can be
addressed to <A HREF="mailto:ldoolman@uwyo.edu">
Larry Oolman (ldoolman@uwyo.edu)</A></FONT>
<HR SIZE="1">
<SCRIPT TYPE="text/javascript">
<!--
window.focus();
// -->
</SCRIPT>
</BODY>
</HTML>
