2017-05-16 12
<HTML>
<TITLE>University of Wyoming - Radiosonde Data</TITLE>
<LINK REL="StyleSheet" HREF="/resources/select.css" TYPE="text/css">
<BODY BGCOLOR="white">
<H2>97180 WAAA Ujung Pandang Observations at 00Z 16 May 2017</H2>
<PRE>
-----------------------------------------------------------------------------
   PRES   HGHT   TEMP   DWPT   RELH   MIXR   DRCT   SKNT   THTA   THTE   THTV
    hPa     m      C      C      %    g/kg    deg   knot     K      K      K 
-----------------------------------------------------------------------------
 1009.0     14   25.2   23.7     91  18.69    150      2  297.6  352.0  300.9
 1000.0     86   25.0   22.0     83  16.96    190      4  298.1  347.6  301.2
  990.0    175   26.6   20.6     70  15.69    178      4  300.6  346.9  303.4
  925.0    777   22.8   16.8     69  13.18    100      6  302.6  341.9  305.0
  912.0    900   22.1   16.1     69  12.80     90      8  303.2  341.4  305.5
  881.0   1199   20.5   14.5     68  11.91     95     11  304.5  340.3  306.6
  851.0   1500   18.9   12.9     68  11.07    120      5  305.8  339.3  307.8
  850.0   1510   18.8   12.8     68  11.04    120      5  305.8  339.2  307.9
  837.0   1642   19.4   12.4     64  10.92    176      5  307.8  341.1  309.8
  821.0   1807   18.8   11.2     62  10.31    245      6  308.9  340.5  310.8
  793.0   2102   17.7    9.2     57   9.28    100      5  310.8  339.6  312.5
  780.0   2243   17.2    8.2     55   8.82     83      6  311.7  339.2  313.4
  766.0   2395   16.1    7.4     56   8.49     65      8  312.1  338.6  313.7
  739.0   2696   13.8    5.8     59   7.87     80      6  312.8  337.6  314.3
  701.0   3139   10.4    3.4     62   7.02     61      7  313.8  336.1  315.2
  700.0   3151   10.2    3.2     62   6.93     60      7  313.8  335.7  315.1
  688.0   3295    9.6    2.8     63   6.87     60      6  314.7  336.6  316.0
  663.0   3602    8.4    2.1     64   6.75    100      5  316.7  338.4  318.0
  642.0   3870    7.4    1.4     66   6.64    111      5  318.4  339.9  319.7
  617.0   4196    4.9   -1.1     65   5.76    125      4  319.2  338.0  320.3
  610.0   4290    4.2   -1.8     65   5.53    104      4  319.4  337.5  320.5
  594.0   4506    2.7   -4.8     58   4.52     55      3  320.1  335.1  321.0
  589.0   4575    2.2   -5.8     55   4.23     57      5  320.3  334.4  321.1
  582.0   4671    2.2  -11.8     35   2.67     61      8  321.4  330.6  321.9
  552.0   5098    0.9  -25.2     12   0.90     75     20  324.8  328.1  325.0
  532.0   5395    0.1  -34.5      5   0.39    105     21  327.2  328.7  327.2
  531.0   5410    0.0  -35.0      5   0.37    105     21  327.3  328.8  327.4
  500.0   5890   -2.7  -36.7      5   0.33    115     21  329.7  331.0  329.8
  474.0   6307   -6.4  -39.6      5   0.26    110     21  330.2  331.2  330.2
  465.0   6457   -7.7  -40.7      5   0.24    108     23  330.4  331.3  330.4
  442.0   6848   -8.7  -43.7      4   0.18    104     27  333.9  334.7  334.0
  400.0   7610  -14.1  -48.1      4   0.12     95     36  336.6  337.1  336.6
  399.0   7629  -14.3  -48.3      4   0.12     95     36  336.6  337.1  336.6
  392.0   7763  -14.5  -49.5      3   0.11     92     36  338.0  338.5  338.0
  385.0   7900  -15.3  -26.3     38   1.17     89     37  338.7  343.1  338.9
  381.0   7979  -16.1  -27.1     38   1.10     87     37  338.6  342.8  338.9
  379.0   8018  -16.3  -29.3     32   0.90     87     37  338.9  342.4  339.1
  377.0   8058  -15.7  -45.7      6   0.17     86     37  340.2  340.9  340.2
  375.0   8098  -16.0  -45.9      6   0.17     85     37  340.3  341.0  340.4
  305.0   9621  -27.7  -53.7      7   0.08    104     35  344.6  345.0  344.6
  300.0   9740  -28.7  -52.7      8   0.10    105     35  344.8  345.2  344.8
  285.0  10104  -32.1  -47.1     21   0.19     97     34  345.0  345.9  345.1
  281.0  10202  -33.0  -46.4     25   0.21     95     34  345.1  346.0  345.2
  268.0  10533  -36.1  -44.1     44   0.29     89     33  345.3  346.5  345.4
  266.0  10585  -36.7  -44.7     43   0.27     88     33  345.2  346.3  345.2
  264.0  10637  -37.1  -45.1     43   0.26     87     32  345.4  346.4  345.4
  263.0  10663  -37.3  -46.3     39   0.23     87     32  345.4  346.4  345.5
  262.0  10689  -37.5  -41.1     69   0.40     86     32  345.5  347.2  345.6
  261.0  10715  -37.7  -39.3     85   0.49     86     32  345.6  347.6  345.7
  250.0  11010  -39.7  -44.7     59   0.29     80     31  346.9  348.1  347.0
  248.0  11065  -39.9  -46.9     47   0.23     81     31  347.4  348.4  347.4
  236.0  11396  -42.8                          85     28  348.0         348.0
  200.0  12500  -52.3                          95     32  349.8         349.8
  159.0  13938  -64.9                          95     31  352.2         352.2
  150.0  14290  -67.5                          95     31  353.6         353.6
  133.0  14987  -71.9                          95     34  358.2         358.2
  114.0  15881  -77.5                          60     34  363.8         363.8
  100.0  16640  -82.3                         110     25  368.5         368.5
   97.0  16810  -83.0                         120     24  370.4         370.4
   92.2  17092  -84.1                         125     12  373.6         373.6
   92.0  17104  -84.1                         125     12  373.8         373.8
   87.3  17395  -83.7                         224      4  380.2         380.2
   87.0  17415  -82.9                         230      3  382.2         382.2
   86.0  17479  -80.3                         231      3  388.7         388.7
   78.0  18029  -81.9                         240      4  396.4         396.4
   77.9  18036  -81.9                         242      4  396.6         396.6
   74.0  18329  -77.0                         330      5  412.6         412.6
   72.5  18446  -75.1                         313      7  419.2         419.2
   71.0  18568  -75.1                         295     10  421.7         421.7
   70.4  18617  -75.1                         295     11  422.7         422.7
   70.0  18650  -75.1                         295     12  423.4         423.4
   67.6  18856  -68.1                         289     24  442.8         442.8
   65.9  19009  -66.3                         285     32  449.9         449.9
   64.0  19184  -67.0                         280     42  452.2         452.2
   55.4  20048  -70.3                         245     37  463.6         463.6
   52.0  20426  -68.8                         235     33  475.6         475.6
   50.0  20660  -67.9                         240     29  483.1         483.1
   47.0  21033  -67.1                         255     23  493.6         493.6
   46.2  21136  -66.9                         265     22  496.5         496.5
   45.1  21282  -64.3                         279     20  506.2         506.2
   45.0  21296  -64.3                         280     20  506.6         506.6
   39.0  22170  -64.5                         240     32  527.2         527.2
   38.6  22233  -64.5                         240     30  528.8         528.8
   36.2  22628  -61.1                         240     18  547.3         547.3
   35.0  22837  -61.7                         240     12  551.0         551.0
   34.0  23016  -62.2                         255     11  554.2         554.2
   32.8  23238  -62.9                         294      7  558.2         558.2
   32.0  23391  -62.3                         320      5  563.8         563.8
   30.3  23728  -60.9                         324     11  576.4         576.4
   30.0  23790  -60.7                         325     12  578.6         578.6
   29.0  24001  -59.4                         325     17  587.7         587.7
   28.9  24022  -59.3                         329     16  588.6         588.6
   28.2  24177  -55.5                         357      8  603.3         603.3
   28.0  24222  -55.6                           5      6  604.4         604.4
   26.0  24692  -56.2                          90      5  615.6         615.6
   25.0  24941  -56.5                         100     15  621.6         621.6
   24.2  25146  -56.3                         108     23  628.0         628.0
   24.0  25199  -55.4                         110     25  632.1         632.1
   23.6  25306  -53.5                          98     28  640.6         640.6
   23.0  25472  -52.6                          80     32  647.9         647.9
   22.5  25614  -51.9                          82     34  654.2         654.2
   20.6  26181  -53.9                          88     40  664.8         664.8
   20.2  26306  -54.5                          89     41  666.7         666.7
   20.0  26370  -54.3                          90     42  669.2         669.2
   19.6  26500  -50.7                          91     43  684.2         684.2
   17.9  27095  -47.7                          96     46  711.6         711.6
   15.0  28258  -48.5                         105     52  745.7         745.7
   13.0  29199  -49.2                          95     47  774.5         774.5
   12.7  29352  -49.3                                     779.3         779.3
</PRE><H3>Station information and sounding indices</H3><PRE>
                         Station identifier: WAAA
                             Station number: 97180
                           Observation time: 170516/0000
                           Station latitude: -5.06
                          Station longitude: 119.55
                          Station elevation: 14.0
                            Showalter index: 4.50
                               Lifted index: 1.72
    LIFT computed using virtual temperature: 0.88
                                SWEAT index: 184.58
                                    K index: 27.30
                         Cross totals index: 15.50
                      Vertical totals index: 21.50
                        Totals totals index: 37.00
      Convective Available Potential Energy: 1.23
             CAPE using virtual temperature: 19.25
                      Convective Inhibition: -267.84
             CINS using virtual temperature: -198.32
                           Equilibrum Level: 584.06
 Equilibrum Level using virtual temperature: 454.15
                   Level of Free Convection: 601.83
             LFCT using virtual temperature: 617.10
                     Bulk Richardson Number: 0.25
          Bulk Richardson Number using CAPV: 3.90
  Temp [K] of the Lifted Condensation Level: 292.31
Pres [hPa] of the Lifted Condensation Level: 909.89
     Mean mixed layer potential temperature: 300.33
              Mean mixed layer mixing ratio: 15.66
              1000 hPa to 500 hPa thickness: 5804.00
Precipitable water [mm] for entire sounding: 44.42
</PRE>
<P>Description of the 
<A HREF="/upperair/columns.html">data columns</A>
or <A HREF="/upperair/indices.html">sounding indices</A>.

<P>
<FORM>
<INPUT CLASS="button" TYPE="button" VALUE=" Close this window " 
 onClick="window.close();">
<INPUT CLASS="button" TYPE="button" VALUE=" Select another map " 
 onClick="window.blur();">
</FORM>
<HR SIZE="1">
<I>Interested in graduate studies in atmospheric science?
Check out our program at the
<a href="http://www.uwyo.edu/atsc/howtoapply/"
target=_top>University of Wyoming
</a></I>
<HR SIZE="1"><FONT SIZE="-1">
Questions about the weather data provided by this site can be
addressed to <A HREF="mailto:ldoolman@uwyo.edu">
Larry Oolman (ldoolman@uwyo.edu)</A></FONT>
<HR SIZE="1">
<SCRIPT TYPE="text/javascript">
<!--
window.focus();
// -->
</SCRIPT>
</BODY>
</HTML>
