2018-04-11 00
<HTML>
<TITLE>University of Wyoming - Radiosonde Data</TITLE>
<LINK REL="StyleSheet" HREF="/resources/select.css" TYPE="text/css">
<BODY BGCOLOR="white">
<H2>97180 WAAA Ujung Pandang Observations at 00Z 11 Apr 2018</H2>
<PRE>
-----------------------------------------------------------------------------
   PRES   HGHT   TEMP   DWPT   RELH   MIXR   DRCT   SKNT   THTA   THTE   THTV
    hPa     m      C      C      %    g/kg    deg   knot     K      K      K 
-----------------------------------------------------------------------------
 1010.0     14   24.4   21.1     82  15.86     80      2  296.7  342.7  299.5
 1008.0     31   24.2   20.5     80  15.31     84      3  296.7  341.0  299.4
 1007.0     39   24.0   20.3     80  15.13     86      3  296.6  340.4  299.2
 1001.0     90   26.6   22.1     76  17.05     98      5  299.7  349.7  302.7
 1000.0     98   26.8   22.3     76  17.28    100      5  299.9  350.8  303.1
  995.0    142   27.0   22.2     75  17.26     93      5  300.6  351.5  303.7
  951.0    541   23.6   21.2     86  16.98     29      6  301.0  351.2  304.1
  945.0    597   23.4   20.4     83  16.22     20      6  301.4  349.3  304.3
  925.0    784   22.6   17.6     73  13.88     70      5  302.4  343.7  304.9
  913.0    898   22.1   16.1     69  12.78     90      5  303.0  341.1  305.3
  912.0    907   22.0   16.0     69  12.70     90      5  303.0  340.9  305.3
  850.0   1516   18.4   15.1     81  12.86     65      6  305.4  344.1  307.8
  822.0   1803   16.4   13.9     85  12.33     45     10  306.3  343.6  308.5
  816.0   1865   16.0   13.7     86  12.22     47     10  306.4  343.4  308.7
  713.0   3000   10.2    6.0     75   8.32     85      8  312.1  338.1  313.7
  700.0   3155    9.4    5.0     74   7.87     85      9  312.9  337.6  314.4
  659.0   3655    6.8    0.8     66   6.19     72     10  315.4  335.2  316.6
  640.0   3896    5.1    1.7     79   6.79     65     11  316.1  337.8  317.4
  637.0   3934    4.8    1.8     81   6.89     66     11  316.2  338.2  317.5
  564.0   4922    0.0   -7.0     59   4.03     89     20  321.7  335.2  322.5
  538.0   5299   -2.5   -6.7     73   4.33     98     23  323.1  337.6  323.9
  531.0   5403   -2.9   -8.1     67   3.94    100     24  323.9  337.2  324.6
  519.0   5585   -3.5  -10.5     58   3.33     98     22  325.2  336.6  325.9
  500.0   5880   -5.1  -10.0     68   3.60     95     19  326.8  339.1  327.5
  474.0   6294   -8.1  -11.6     76   3.35    110     17  328.1  339.7  328.7
  459.0   6544   -9.9  -12.5     81   3.21    102     16  328.9  340.0  329.5
  456.0   6594  -10.0  -13.0     79   3.10    100     16  329.4  340.2  330.0
  452.0   6662  -10.1  -13.7     75   2.95    107     16  330.0  340.4  330.6
  450.0   6696  -10.3  -13.6     77   2.99    110     16  330.2  340.7  330.8
  448.0   6730  -10.3  -15.1     68   2.66    113     16  330.6  340.0  331.2
  447.0   6747  -10.1  -19.1     48   1.90    115     16  331.1  337.9  331.5
  438.0   6903  -11.4  -22.0     41   1.50    130     15  331.4  336.9  331.7
  436.0   6938  -11.7  -22.7     40   1.42    131     15  331.4  336.7  331.7
  434.0   6973  -11.7  -26.7     28   1.00    132     14  331.9  335.6  332.1
  428.0   7079  -12.5  -25.5     33   1.13    135     14  332.2  336.4  332.4
  425.0   7132  -13.1  -23.1     43   1.41    137     13  332.1  337.3  332.4
  424.0   7150  -13.3  -19.3     61   1.97    137     13  332.0  339.2  332.4
  423.0   7168  -13.3  -23.3     43   1.39    138     13  332.3  337.4  332.5
  419.0   7240  -13.5  -29.5     25   0.80    140     13  332.9  335.9  333.1
  400.0   7590  -15.3  -34.3     18   0.53    150     10  335.0  337.1  335.1
  374.0   8091  -18.8  -35.0     23   0.53    165     10  336.9  339.0  337.0
  347.0   8651  -22.7  -35.7     30   0.53    150      9  338.9  341.0  339.0
  331.0   8997  -23.9  -35.2     34   0.58    140      9  341.9  344.2  342.0
  328.0   9063  -24.1  -35.1     36   0.59    142      9  342.5  344.8  342.6
  317.0   9312  -25.6  -36.0     37   0.56    150      8  343.8  346.1  343.9
  310.0   9474  -26.5  -36.5     38   0.55    173      7  344.7  346.9  344.8
  305.0   9591  -28.1  -39.1     34   0.42    190      7  344.1  345.9  344.2
  301.0   9686  -29.3  -41.3     30   0.34    206     11  343.6  345.1  343.7
  300.0   9710  -30.1  -41.1     33   0.35    210     12  342.8  344.3  342.9
  280.0  10191  -33.9  -47.1     25   0.20    210     10  344.2  345.1  344.3
  268.0  10496  -36.3  -51.0     20   0.13    270      3  345.1  345.6  345.1
  257.0  10788  -38.6  -54.7     17   0.09     10      2  345.8  346.2  345.8
  250.0  10980  -40.1  -57.1     15   0.07     90      4  346.3  346.6  346.3
  246.0  11087  -41.1                          95      5  346.4         346.4
  225.0  11679  -46.5                          65      1  347.1         347.1
  215.0  11980  -49.3                         100      3  347.3         347.3
  200.0  12460  -53.7                          95     11  347.6         347.6
  188.0  12853  -56.7                          91      8  348.9         348.9
  186.0  12918  -57.2                          90      8  349.2         349.2
  169.0  13507  -61.9                           5      5  351.1         351.1
  161.0  13805  -64.2                         320      5  352.0         352.0
  150.0  14240  -67.7                         275      5  353.3         353.3
  139.0  14685  -71.3                         200      1  354.7         354.7
  132.0  14987  -73.7                         110      4  355.6         355.6
  125.0  15305  -76.3                         110      7  356.6         356.6
  124.0  15352  -76.7                         106      8  356.7         356.7
  113.0  15874  -79.5                          55     21  361.0         361.0
  100.0  16560  -83.3                          55     36  366.5         366.5
   95.7  16803  -85.3                          45     35  367.3         367.3
   91.3  17069  -83.5                          50     35  375.7         375.7
   82.0  17678  -79.5                          90     29  395.6         395.6
   77.8  17983  -77.5                          40     19  406.0         406.0
   73.7  18288  -75.4                         345     16  416.5         416.5
   70.0  18580  -73.5                         300      8  426.8         426.8
   69.8  18593  -73.5                           0      8  427.1         427.1
   66.3  18898  -72.9                         295      9  434.8         434.8
   59.8  19507  -71.8                         275     15  450.4         450.4
   56.7  19812  -71.2                         285     16  458.4         458.4
   53.8  20117  -70.7                         255     16  466.5         466.5
   51.1  20422  -70.1                         250     14  474.8         474.8
   50.0  20550  -69.9                         175      5  478.4         478.4
   48.6  20726  -69.2                         200      8  484.1         484.1
   46.2  21031  -67.8                         130      6  494.2         494.2
   41.8  21641  -65.2                         100     23  515.1         515.1
   37.8  22250  -62.7                         100     22  536.7         536.7
   35.9  22555  -61.4                         100     32  547.8         547.8
   34.2  22860  -60.1                          80     42  559.1         559.1
   30.0  23650  -56.7                          70     47  589.5         589.5
   28.0  24079  -56.1                          70     47  602.5         602.5
   24.3  24994  -54.9                          90     50  631.3         631.3
   20.0  26230  -53.3                          90     62  672.3         672.3
   16.2                                        90     73                     
</PRE><H3>Station information and sounding indices</H3><PRE>
                         Station identifier: WAAA
                             Station number: 97180
                           Observation time: 180411/0000
                           Station latitude: -5.06
                          Station longitude: 119.55
                          Station elevation: 14.0
                            Showalter index: 0.14
                               Lifted index: -2.04
    LIFT computed using virtual temperature: -2.46
                                SWEAT index: 212.20
                                    K index: 34.20
                         Cross totals index: 20.20
                      Vertical totals index: 23.50
                        Totals totals index: 43.70
      Convective Available Potential Energy: 647.50
             CAPE using virtual temperature: 782.67
                      Convective Inhibition: -51.33
             CINS using virtual temperature: -33.21
                           Equilibrum Level: 182.16
 Equilibrum Level using virtual temperature: 182.03
                   Level of Free Convection: 821.09
             LFCT using virtual temperature: 835.22
                     Bulk Richardson Number: 148.12
          Bulk Richardson Number using CAPV: 179.05
  Temp [K] of the Lifted Condensation Level: 293.91
Pres [hPa] of the Lifted Condensation Level: 928.54
     Mean mixed layer potential temperature: 300.22
              Mean mixed layer mixing ratio: 16.94
              1000 hPa to 500 hPa thickness: 5782.00
Precipitable water [mm] for entire sounding: 54.26
</PRE>
<P>Description of the 
<A HREF="/upperair/columns.html">data columns</A>
or <A HREF="/upperair/indices.html">sounding indices</A>.

<P>
<FORM>
<INPUT CLASS="button" TYPE="button" VALUE=" Close this window " 
 onClick="window.close();">
<INPUT CLASS="button" TYPE="button" VALUE=" Select another map " 
 onClick="window.blur();">
</FORM>
<HR SIZE="1">
<I>Interested in graduate studies in atmospheric science?
Check out our program at the
<a href="http://www.uwyo.edu/atsc/howtoapply/"
target=_top>University of Wyoming
</a></I>
<HR SIZE="1"><FONT SIZE="-1">
Questions about the weather data provided by this site can be
addressed to <A HREF="mailto:ldoolman@uwyo.edu">
Larry Oolman (ldoolman@uwyo.edu)</A></FONT>
<HR SIZE="1">
<SCRIPT TYPE="text/javascript">
<!--
window.focus();
// -->
</SCRIPT>
</BODY>
</HTML>
