2017-11-30 00
<HTML>
<TITLE>University of Wyoming - Radiosonde Data</TITLE>
<LINK REL="StyleSheet" HREF="/resources/select.css" TYPE="text/css">
<BODY BGCOLOR="white">
<H2>97180 WAAA Ujung Pandang Observations at 00Z 30 Nov 2017</H2>
<PRE>
-----------------------------------------------------------------------------
   PRES   HGHT   TEMP   DWPT   RELH   MIXR   DRCT   SKNT   THTA   THTE   THTV
    hPa     m      C      C      %    g/kg    deg   knot     K      K      K 
-----------------------------------------------------------------------------
 1007.0     14   25.8   24.3     91  19.43      0      0  298.4  355.1  301.8
 1000.0     72   25.8   22.2     81  17.17     65      3  298.9  349.2  302.0
  997.0     99   26.2   22.0     78  17.01     58      4  299.6  349.5  302.6
  975.0    295   24.9   21.4     81  16.77      5      8  300.3  349.6  303.3
  942.0    598   23.0   20.5     86  16.39    325     10  301.3  349.7  304.2
  925.0    758   22.0   20.0     88  16.19    305     12  301.8  349.7  304.7
  851.0   1481   17.8   16.2     90  13.80    280     20  304.7  346.1  307.2
  850.0   1491   17.6   16.0     90  13.64    280     20  304.6  345.5  307.1
  849.0   1501   17.6   15.9     90  13.60    280     20  304.6  345.4  307.1
  789.0   2128   16.2   11.9     76  11.21    278     19  309.6  344.1  311.7
  712.0   2995   11.4    6.8     73   8.75    275     17  313.6  341.0  315.2
  700.0   3139   10.6    5.9     73   8.39    275     13  314.2  340.6  315.8
  615.0   4208    5.3    0.6     72   6.53    320      6  319.9  341.1  321.2
  614.0   4222    5.2    0.5     72   6.51    322      6  320.0  341.2  321.2
  593.0   4504    3.4   -0.5     76   6.27     15      7  321.1  341.6  322.3
  572.0   4795    1.5   -1.5     81   6.03    340      6  322.2  342.0  323.3
  556.0   5025    0.0   -2.3     84   5.85    321      7  323.0  342.4  324.2
  553.0   5069    0.8   -2.4     79   5.84    317      7  324.5  343.9  325.6
  551.0   5098    0.6   -2.6     79   5.78    315      7  324.6  343.8  325.7
  530.0   5407   -1.8   -4.4     82   5.22      0      8  325.3  342.8  326.4
  512.0   5683   -3.9   -6.1     85   4.76     19      5  326.0  342.1  326.9
  511.0   5698   -3.9   -6.2     84   4.74     20      5  326.2  342.2  327.1
  500.0   5870   -4.1   -7.2     79   4.48     40      4  328.0  343.3  328.9
  492.0   5995   -4.8   -8.0     78   4.28     75      7  328.6  343.3  329.5
  455.0   6602   -8.3  -11.8     76   3.42    100      9  331.7  343.7  332.4
  438.0   6897  -10.0  -13.7     74   3.05     85      6  333.2  344.0  333.8
  429.0   7058  -10.9  -14.7     74   2.87     88      6  334.0  344.2  334.6
  400.0   7590  -14.5  -16.5     85   2.65    100      6  336.1  345.6  336.6
  392.0   7743  -15.7  -16.7     92   2.66    104      6  336.4  346.0  337.0
  389.0   7800  -16.1  -17.3     90   2.55    105      6  336.7  345.9  337.2
  359.0   8400  -20.0  -23.3     75   1.63    140     14  339.2  345.3  339.6
  354.0   8504  -20.7  -24.4     72   1.51    140     14  339.6  345.3  340.0
  350.0   8588  -21.1  -22.6     88   1.79    140     14  340.2  346.9  340.6
  340.0   8802  -22.5  -27.1     66   1.23    140     14  341.1  345.8  341.4
  318.0   9288  -25.4  -29.6     68   1.04    140     15  343.7  347.7  343.9
  306.0   9568  -27.1  -31.0     69   0.95    143     17  345.1  348.8  345.3
  300.0   9710  -28.1  -32.1     69   0.87    145     18  345.7  349.1  345.8
  292.0   9902  -29.9  -33.5     71   0.78    140     19  345.8  348.9  346.0
  279.0  10227  -32.9  -35.9     74   0.64    135     19  346.0  348.6  346.1
  257.0  10798  -37.5  -40.7     72   0.43    125     19  347.4  349.1  347.4
  250.0  10990  -39.1  -42.3     72   0.37    125     17  347.8  349.4  347.9
  246.0  11101  -39.9  -43.2     71   0.34    127     17  348.2  349.6  348.3
  206.0  12283  -50.2                         150     16  350.2         350.2
  200.0  12480  -51.9                         140     14  350.4         350.4
  170.0  13493  -61.5                         115     18  351.2         351.2
  152.0  14191  -68.1                         128     21  351.2         351.2
  150.0  14270  -69.1                         130     21  350.9         350.9
  147.0  14389  -70.2                         130     21  351.0         351.0
  144.0  14511  -71.3                         125     22  351.1         351.1
  138.0  14762  -70.7                         114     25  356.5         356.5
  119.0  15603  -77.6                          75     33  359.2         359.2
  100.0  16590  -85.7                          70     46  361.9         361.9
   94.4  16906  -88.5                          75     53  362.4         362.4
   87.4  17326  -87.1                          71     51  373.3         373.3
   86.0  17415  -86.6                          70     50  376.0         376.0
   85.6  17441  -86.5                          70     47  376.7         376.7
   84.1  17539  -80.9                          72     37  390.0         390.0
   82.3  17663  -77.9                          75     24  398.5         398.5
   82.0  17684  -77.8                          75     22  399.1         399.1
   78.0  17974  -77.0                         215      4  406.5         406.5
   70.0  18600  -75.3                         270     25  423.0         423.0
   68.0  18768  -75.3                         270     24  426.5         426.5
   62.5  19259  -71.7                         270     22  444.8         444.8
   57.0  19804  -70.7                         270     20  458.9         458.9
   52.0  20348  -69.7                         300     12  473.4         473.4
   50.0  20580  -69.3                         290     11  479.8         479.8
   49.0  20700  -69.4                         280     11  482.3         482.3
   44.0  21341  -70.0                         310      3  495.9         495.9
   43.4  21423  -70.1                         347      4  497.6         497.6
   42.0  21619  -69.4                          75      6  503.9         503.9
   35.2  22679  -65.9                          94     40  539.2         539.2
   35.0  22715  -65.3                          95     41  541.8         541.8
   33.2  23040  -59.3                          98     47  565.8         565.8
   30.1  23659  -55.3                         105     58  592.7         592.7
   30.0  23680  -55.1                         105     58  593.8         593.8
   27.0  24352  -54.8                         100     65  612.7         612.7
   24.0  25103  -54.5                          80     58  634.5         634.5
   23.5  25237  -54.5                          81     59  638.5         638.5
   20.0  26270  -52.9                          90     66  673.5         673.5
   19.7  26367  -52.9                          90     66  676.4         676.4
   17.9  26991  -48.7                          88     67  708.4         708.4
   14.3  28479  -45.1                          85     70  767.3         767.3
   14.0  28620  -44.8                          85     70  773.1         773.1
   13.9  28668  -44.7                                     775.1         775.1
</PRE><H3>Station information and sounding indices</H3><PRE>
                         Station identifier: WAAA
                             Station number: 97180
                           Observation time: 171130/0000
                           Station latitude: -5.06
                          Station longitude: 119.55
                          Station elevation: 14.0
                            Showalter index: 0.63
                               Lifted index: -0.98
    LIFT computed using virtual temperature: -1.25
                                SWEAT index: 236.02
                                    K index: 33.00
                         Cross totals index: 20.10
                      Vertical totals index: 21.70
                        Totals totals index: 41.80
      Convective Available Potential Energy: 192.17
             CAPE using virtual temperature: 252.66
                      Convective Inhibition: -70.71
             CINS using virtual temperature: -24.61
                           Equilibrum Level: 255.11
 Equilibrum Level using virtual temperature: 253.82
                   Level of Free Convection: 660.34
             LFCT using virtual temperature: 853.81
                     Bulk Richardson Number: 15.52
          Bulk Richardson Number using CAPV: 20.41
  Temp [K] of the Lifted Condensation Level: 293.98
Pres [hPa] of the Lifted Condensation Level: 931.27
     Mean mixed layer potential temperature: 300.04
              Mean mixed layer mixing ratio: 16.97
              1000 hPa to 500 hPa thickness: 5798.00
Precipitable water [mm] for entire sounding: 60.69
</PRE>
<P>Description of the 
<A HREF="/upperair/columns.html">data columns</A>
or <A HREF="/upperair/indices.html">sounding indices</A>.

<P>
<FORM>
<INPUT CLASS="button" TYPE="button" VALUE=" Close this window " 
 onClick="window.close();">
<INPUT CLASS="button" TYPE="button" VALUE=" Select another map " 
 onClick="window.blur();">
</FORM>
<HR SIZE="1">
<I>Interested in graduate studies in atmospheric science?
Check out our program at the
<a href="http://www.uwyo.edu/atsc/howtoapply/"
target=_top>University of Wyoming
</a></I>
<HR SIZE="1"><FONT SIZE="-1">
Questions about the weather data provided by this site can be
addressed to <A HREF="mailto:ldoolman@uwyo.edu">
Larry Oolman (ldoolman@uwyo.edu)</A></FONT>
<HR SIZE="1">
<SCRIPT TYPE="text/javascript">
<!--
window.focus();
// -->
</SCRIPT>
</BODY>
</HTML>
