2018-03-18 00
<HTML>
<TITLE>University of Wyoming - Radiosonde Data</TITLE>
<LINK REL="StyleSheet" HREF="/resources/select.css" TYPE="text/css">
<BODY BGCOLOR="white">
<H2>97180 WAAA Ujung Pandang Observations at 00Z 18 Mar 2018</H2>
<PRE>
-----------------------------------------------------------------------------
   PRES   HGHT   TEMP   DWPT   RELH   MIXR   DRCT   SKNT   THTA   THTE   THTV
    hPa     m      C      C      %    g/kg    deg   knot     K      K      K 
-----------------------------------------------------------------------------
 1011.0     14   24.4   23.3     94  18.19      0      0  296.6  349.3  299.8
 1000.0    109   25.4   21.7     80  16.64     70      5  298.6  347.2  301.5
  999.0    118   25.4   21.6     80  16.56     70      5  298.6  347.0  301.6
  979.0    294   24.1   21.1     83  16.33     60      6  299.1  346.9  302.0
  945.0    601   21.9   20.1     89  15.92    330      5  299.9  346.7  302.8
  925.0    787   20.6   19.5     93  15.68    295      9  300.4  346.5  303.2
  913.0    900   20.0   18.7     92  15.14    285     12  300.9  345.6  303.6
  850.0   1520   17.0   14.6     86  12.44    285     20  303.9  341.2  306.2
  818.0   1847   14.4   13.6     95  12.11    284     19  304.5  340.9  306.8
  760.0   2467   12.6    7.8     73   8.81    281     18  309.1  336.2  310.7
  739.0   2701   11.3    7.2     76   8.73    280     17  310.1  337.2  311.8
  700.0   3154    8.8    6.2     84   8.57    295     16  312.2  339.0  313.8
  663.0   3598    6.3    3.9     85   7.68    295     10  314.2  338.6  315.7
  640.0   3886    4.6    2.4     85   7.15    325     16  315.6  338.4  316.9
  579.0   4704    0.0   -1.9     87   5.78    329     13  319.3  338.2  320.4
  572.0   4801   -0.6   -2.3     89   5.70    330     13  319.7  338.3  320.8
  547.0   5158   -2.9   -3.6     95   5.39    327     17  321.1  338.9  322.1
  531.0   5394   -2.5   -5.1     82   4.96    325     19  324.3  340.9  325.3
  511.0   5698   -4.4   -7.2     81   4.38    335     15  325.6  340.4  326.4
  500.0   5870   -5.5   -8.4     80   4.08    330     13  326.3  340.2  327.1
  492.0   5995   -6.2   -9.1     80   3.93    325     13  326.9  340.3  327.6
  455.0   6602   -9.8  -12.5     81   3.25    350      5  329.8  341.1  330.4
  435.0   6951  -11.9  -14.4     82   2.90    327      6  331.4  341.6  332.0
  421.0   7200  -13.1  -17.7     68   2.27    310      7  333.0  341.2  333.5
  400.0   7590  -14.9  -22.9     51   1.52    315      8  335.5  341.2  335.9
  397.0   7647  -15.3  -24.3     46   1.36    315      8  335.7  340.8  336.0
  375.0   8075  -17.5  -26.5     45   1.18    315      7  338.3  342.8  338.6
  374.0   8095  -17.6  -26.4     46   1.19    315      7  338.4  342.9  338.6
  357.0   8440  -20.3  -24.7     68   1.45    296      7  339.4  344.9  339.7
  342.0   8756  -23.1  -25.7     79   1.39    278      8  339.8  345.0  340.0
  331.0   8991  -24.9  -27.9     76   1.17    265      8  340.6  345.0  340.8
  317.0   9303  -27.2  -30.9     71   0.93    285      8  341.6  345.2  341.8
  300.0   9700  -30.1  -34.6     65   0.68    280      6  342.8  345.6  343.0
  279.0  10212  -33.9  -40.9     49   0.39    285      9  344.6  346.1  344.6
  256.0  10806  -38.8  -44.0     58   0.30    290     13  345.9  347.2  346.0
  251.0  10943  -39.9  -44.7     60   0.29    298     12  346.2  347.4  346.3
  250.0  10970  -40.1                         300     12  346.3         346.3
  214.0  12001  -48.9                         355     12  348.4         348.4
  205.0  12286  -51.3                          10     11  348.9         348.9
  200.0  12450  -52.7                          25     10  349.1         349.1
  196.0  12576  -53.8                          45      9  349.4         349.4
  154.0  14085  -66.9                         100     33  352.0         352.0
  150.0  14250  -68.3                          95     39  352.2         352.2
  142.0  14575  -71.3                          92     42  352.6         352.6
  125.0  15302  -76.1                          85     49  357.0         357.0
  107.0  16189  -81.9                          55     19  362.2         362.2
  103.0  16407  -83.3                          55     13  363.5         363.5
  100.0  16570  -83.3                         110     11  366.5         366.5
   96.0  16799  -83.1                         125     19  371.3         371.3
   91.0  17099  -82.8                          65     16  377.6         377.6
   86.4  17390  -82.5                         356     10  383.8         383.8
   86.0  17417  -82.3                         350      9  384.6         384.6
   83.4  17590  -81.3                         302     11  390.1         390.1
   82.0  17687  -78.2                         275     12  398.4         398.4
   80.9  17765  -75.7                         273     13  405.0         405.0
   74.0  18280  -78.1                         260     18  410.5         410.5
   71.7  18462  -78.9                         240     16  412.4         412.4
   70.0  18600  -77.9                         225     15  417.4         417.4
   66.0  18934  -79.3                         200     13  421.5         421.5
   64.8  19038  -79.7                         202     12  422.8         422.8
   63.0  19199  -78.8                         205     10  428.1         428.1
   57.0  19773  -75.7                          70      9  447.7         447.7
   54.0  20083  -74.0                         355      4  458.5         458.5
   53.5  20136  -73.7                           5      4  460.4         460.4
   51.0  20415  -73.7                          55      7  466.8         466.8
   50.0  20530  -73.7                          55      9  469.4         469.4
   46.2  20992  -72.9                           8     10  482.1         482.1
   46.0  21018  -72.6                           5     10  483.4         483.4
   44.0  21281  -69.5                          80     12  497.1         497.1
   43.6  21335  -68.9                          83     13  499.9         499.9
   40.0  21851  -68.6                         115     24  513.1         513.1
   38.6  22064  -68.5                         112     29  518.6         518.6
   33.0  23012  -64.5                          98     51  553.0         553.0
   30.0  23600  -59.9                          90     65  580.8         580.8
   29.2  23770  -56.9                          88     66  593.5         593.5
   28.0  24037  -55.4                          85     68  604.8         604.8
   27.0  24269  -54.1                          86     69  614.8         614.8
   22.5  25432  -55.9                          92     73  642.3         642.3
   20.0  26190  -50.7                          95     76  680.2         680.2
   19.0  26527  -49.0                          95     75  695.5         695.5
   17.8  26955  -46.9                          93     75  715.3         715.3
   15.6  27836  -43.3                          89     75  754.6         754.6
   12.0  29606  -42.4                          80     76  816.5         816.5
   11.8  29719  -42.3                          80     76  820.6         820.6
   11.0  30193  -42.1                                     838.1         838.1
</PRE><H3>Station information and sounding indices</H3><PRE>
                         Station identifier: WAAA
                             Station number: 97180
                           Observation time: 180318/0000
                           Station latitude: -5.06
                          Station longitude: 119.55
                          Station elevation: 14.0
                            Showalter index: 0.90
                               Lifted index: -1.38
    LIFT computed using virtual temperature: -1.64
                                SWEAT index: 228.21
                                    K index: 34.50
                         Cross totals index: 20.10
                      Vertical totals index: 22.50
                        Totals totals index: 42.60
      Convective Available Potential Energy: 283.49
             CAPE using virtual temperature: 360.89
                      Convective Inhibition: -17.37
             CINS using virtual temperature: -12.10
                           Equilibrum Level: 295.55
 Equilibrum Level using virtual temperature: 293.26
                   Level of Free Convection: 847.48
             LFCT using virtual temperature: 873.29
                     Bulk Richardson Number: 10.16
          Bulk Richardson Number using CAPV: 12.93
  Temp [K] of the Lifted Condensation Level: 293.74
Pres [hPa] of the Lifted Condensation Level: 941.79
     Mean mixed layer potential temperature: 298.84
              Mean mixed layer mixing ratio: 16.52
              1000 hPa to 500 hPa thickness: 5761.00
Precipitable water [mm] for entire sounding: 57.98
</PRE>
<P>Description of the 
<A HREF="/upperair/columns.html">data columns</A>
or <A HREF="/upperair/indices.html">sounding indices</A>.

<P>
<FORM>
<INPUT CLASS="button" TYPE="button" VALUE=" Close this window " 
 onClick="window.close();">
<INPUT CLASS="button" TYPE="button" VALUE=" Select another map " 
 onClick="window.blur();">
</FORM>
<HR SIZE="1">
<I>Interested in graduate studies in atmospheric science?
Check out our program at the
<a href="http://www.uwyo.edu/atsc/howtoapply/"
target=_top>University of Wyoming
</a></I>
<HR SIZE="1"><FONT SIZE="-1">
Questions about the weather data provided by this site can be
addressed to <A HREF="mailto:ldoolman@uwyo.edu">
Larry Oolman (ldoolman@uwyo.edu)</A></FONT>
<HR SIZE="1">
<SCRIPT TYPE="text/javascript">
<!--
window.focus();
// -->
</SCRIPT>
</BODY>
</HTML>
