2018-04-09 12
<HTML>
<TITLE>University of Wyoming - Radiosonde Data</TITLE>
<LINK REL="StyleSheet" HREF="/resources/select.css" TYPE="text/css">
<BODY BGCOLOR="white">
<H2>97180 WAAA Ujung Pandang Observations at 00Z 09 Apr 2018</H2>
<PRE>
-----------------------------------------------------------------------------
   PRES   HGHT   TEMP   DWPT   RELH   MIXR   DRCT   SKNT   THTA   THTE   THTV
    hPa     m      C      C      %    g/kg    deg   knot     K      K      K 
-----------------------------------------------------------------------------
 1010.0     14   24.8   23.1     90  17.98      0      0  297.1  349.3  300.3
 1002.0     84   26.4   20.4     70  15.30    128      3  299.4  344.3  302.1
 1000.0    101   26.6   20.6     70  15.53    160      4  299.8  345.4  302.5
  978.0    299   26.2   18.4     62  13.82    135      4  301.3  342.2  303.8
  964.0    427   26.0   17.0     58  12.80    108      5  302.3  340.4  304.6
  945.0    602   24.6   16.1     59  12.35     70      6  302.6  339.5  304.9
  925.0    791   23.2   15.2     61  11.88     70      9  303.0  338.5  305.2
  850.0   1524   17.8    9.8     59   9.02     95      7  304.8  332.1  306.4
  823.0   1800   16.6    6.9     53   7.64     95     15  306.3  329.8  307.7
  802.0   2022   15.6    4.6     48   6.67     93     14  307.5  328.2  308.8
  740.0   2701   11.7    3.0     55   6.44     85      9  310.5  330.7  311.7
  720.0   2933   10.4    2.4     58   6.36     96      5  311.4  331.5  312.6
  714.0   3003   10.1    3.0     61   6.69    100      4  311.9  333.0  313.1
  700.0   3168    9.4    4.4     71   7.55     50      3  312.9  336.6  314.3
  689.0   3300    9.2    3.8     69   7.33     70      3  314.1  337.3  315.5
  676.0   3458    9.0    3.0     66   7.07    104      3  315.6  338.1  316.9
  664.0   3604    8.1    2.3     67   6.87    135      3  316.1  338.1  317.4
  641.0   3892    6.2    1.0     70   6.48     70      5  317.2  338.1  318.4
  595.0   4500    2.3   -1.7     75   5.70     55      9  319.5  338.1  320.6
  570.0   4850    0.0   -3.3     78   5.29     69     11  320.7  338.2  321.8
  552.0   5105   -1.4   -5.0     76   4.80     80     12  322.0  338.0  323.0
  512.0   5702   -4.7   -9.0     72   3.79     75      8  325.1  338.0  325.8
  500.0   5890   -5.7  -10.3     70   3.51     50      5  326.0  338.1  326.7
  493.0   6000   -6.3  -10.8     71   3.43     45      5  326.6  338.4  327.2
  476.0   6275   -7.9  -11.9     73   3.25     63      9  327.9  339.2  328.6
  474.0   6307   -8.1  -12.2     72   3.18     65      9  328.1  339.2  328.7
  439.0   6898  -11.1  -17.4     59   2.23     35      7  331.6  339.5  332.0
  415.0   7331  -13.3  -21.3     51   1.69     47      8  334.1  340.3  334.4
  400.0   7610  -15.5  -20.5     66   1.88     55      9  334.8  341.6  335.1
  390.0   7799  -16.7  -23.5     56   1.48     55     10  335.6  341.1  335.9
  362.0   8356  -20.3  -32.3     33   0.71     31      6  338.0  340.8  338.2
  346.0   8690  -22.5  -35.5     30   0.54     16      4  339.4  341.6  339.6
  345.0   8711  -22.6  -36.2     28   0.50     15      4  339.6  341.6  339.7
  341.0   8796  -23.1  -39.1     22   0.38    360      4  340.0  341.6  340.1
  332.0   8992  -24.7  -39.9     23   0.36    325      4  340.4  341.9  340.5
  330.0   9036  -25.1  -40.1     23   0.35    327      4  340.5  341.9  340.6
  325.0   9146  -26.1  -40.1     26   0.36    331      5  340.6  342.1  340.7
  321.0   9236  -26.9  -33.9     52   0.68    335      5  340.7  343.4  340.8
  315.0   9371  -28.1  -33.1     62   0.75    340      6  340.9  343.8  341.0
  307.0   9556  -29.3  -38.3     41   0.46    348      7  341.7  343.6  341.8
  305.0   9602  -29.5  -37.7     45   0.49    350      7  342.0  344.0  342.1
  300.0   9720  -30.1  -36.1     56   0.59    355      8  342.8  345.2  343.0
  292.0   9912  -31.7  -38.6     51   0.47    345      8  343.2  345.1  343.3
  291.0   9936  -31.9  -38.9     50   0.46    341      8  343.3  345.1  343.4
  284.0  10108  -33.1  -46.1     26   0.22    315      7  343.9  344.9  344.0
  280.0  10206  -33.9  -46.9     26   0.20    300      7  344.1  345.0  344.2
  253.0  10909  -39.9  -52.9     24   0.11    273     11  345.4  345.9  345.4
  250.0  10990  -40.5                         270     11  345.7         345.7
  215.0  11990  -48.9                         255     15  347.9         347.9
  200.0  12470  -52.9                         255     16  348.8         348.8
  178.0  13199  -58.9                         235     10  350.8         350.8
  154.0  14105  -66.3                         275     10  352.9         352.9
  150.0  14270  -67.7                         275     11  353.3         353.3
  147.0  14388  -68.7                         270     10  353.6         353.6
  139.0  14713  -71.5                         230      6  354.3         354.3
  122.0  15472  -78.1                         222      7  355.8         355.8
  119.0  15611  -78.9                         220      7  356.8         356.8
  113.0  15899  -80.6                         255      5  358.9         358.9
  107.0  16203  -82.5                          40      9  361.1         361.1
  102.0  16470  -84.0                          55     12  363.1         363.1
  100.0  16580  -84.7                          80     10  363.8         363.8
   98.8  16647  -84.9                         100     10  364.7         364.7
   96.0  16809  -84.6                         120     14  368.3         368.3
   91.0  17109  -84.0                          95     19  375.1         375.1
   82.0  17694  -82.9                         125     21  388.7         388.7
   77.2  18032  -82.3                         119     18  396.8         396.8
   70.0  18590  -79.3                         110     12  414.4         414.4
   66.0  18923  -78.0                          55     16  424.3         424.3
   63.4  19151  -77.1                          29     19  431.1         431.1
   63.0  19187  -76.5                          25     19  433.3         433.3
   60.0  19472  -71.8                         345     13  449.8         449.8
   57.5  19720  -67.7                         316     11  464.6         464.6
   57.0  19772  -67.5                         310     11  466.3         466.3
   54.0  20097  -66.1                           0     10  476.8         476.8
   52.0  20324  -65.1                          69      7  484.2         484.2
   51.0  20441  -65.5                         105      6  486.0         486.0
   50.0  20560  -65.9                         110      8  487.8         487.8
   49.0  20681  -66.6                         100      7  488.9         488.9
   47.0  20930  -68.2                          35      8  491.1         491.1
   43.1  21449  -71.3                          85      8  495.6         495.6
   42.0  21601  -71.4                          90     12  499.2         499.2
   40.0  21889  -71.5                          95     26  505.9         505.9
   39.9  21904  -71.5                          94     27  506.2         506.2
   39.3  21994  -71.5                          90     32  508.4         508.4
   38.8  22070  -67.5                          86     37  520.4         520.4
   38.0  22198  -66.8                          80     44  525.3         525.3
   33.0  23065  -62.1                         100     61  559.4         559.4
   30.0  23650  -58.9                          95     66  583.5         583.5
   27.1  24293  -55.1                          91     66  611.3         611.3
   21.0  25944  -50.1                          80     65  672.7         672.7
   20.5  26100  -49.6                          80     65  678.8         678.8
   20.0  26260  -49.1                          80     65  685.1         685.1
   19.3  26493  -47.5                          80     65  697.1         697.1
   14.1  28568  -45.1                          83     60  770.6         770.6
   12.7  29264  -43.9                          84     59  798.1         798.1
   12.0  29649  -41.9                          85     58  818.4         818.4
   11.0  30239  -38.7                          85     33  850.4         850.4
   10.4  30620  -36.7                          61     22  871.6         871.6
   10.0  30890  -36.5                          45     15  882.1         882.1
    9.2  31468  -35.9                                     905.7         905.7
</PRE><H3>Station information and sounding indices</H3><PRE>
                         Station identifier: WAAA
                             Station number: 97180
                           Observation time: 180409/0000
                           Station latitude: -5.06
                          Station longitude: 119.55
                          Station elevation: 14.0
                            Showalter index: 4.63
                               Lifted index: 0.06
    LIFT computed using virtual temperature: -0.18
                                SWEAT index: 136.58
                                    K index: 28.30
                         Cross totals index: 15.50
                      Vertical totals index: 23.50
                        Totals totals index: 39.00
      Convective Available Potential Energy: 0.02
             CAPE using virtual temperature: 10.54
                      Convective Inhibition: -228.15
             CINS using virtual temperature: -145.91
                           Equilibrum Level: 539.28
 Equilibrum Level using virtual temperature: 474.64
                   Level of Free Convection: 558.83
             LFCT using virtual temperature: 583.79
                     Bulk Richardson Number: 0.01
          Bulk Richardson Number using CAPV: 2.71
  Temp [K] of the Lifted Condensation Level: 290.42
Pres [hPa] of the Lifted Condensation Level: 884.55
     Mean mixed layer potential temperature: 300.80
              Mean mixed layer mixing ratio: 14.30
              1000 hPa to 500 hPa thickness: 5789.00
Precipitable water [mm] for entire sounding: 45.60
</PRE>
<P>Description of the 
<A HREF="/upperair/columns.html">data columns</A>
or <A HREF="/upperair/indices.html">sounding indices</A>.

<P>
<FORM>
<INPUT CLASS="button" TYPE="button" VALUE=" Close this window " 
 onClick="window.close();">
<INPUT CLASS="button" TYPE="button" VALUE=" Select another map " 
 onClick="window.blur();">
</FORM>
<HR SIZE="1">
<I>Interested in graduate studies in atmospheric science?
Check out our program at the
<a href="http://www.uwyo.edu/atsc/howtoapply/"
target=_top>University of Wyoming
</a></I>
<HR SIZE="1"><FONT SIZE="-1">
Questions about the weather data provided by this site can be
addressed to <A HREF="mailto:ldoolman@uwyo.edu">
Larry Oolman (ldoolman@uwyo.edu)</A></FONT>
<HR SIZE="1">
<SCRIPT TYPE="text/javascript">
<!--
window.focus();
// -->
</SCRIPT>
</BODY>
</HTML>
