2017-09-11 12
<HTML>
<TITLE>University of Wyoming - Radiosonde Data</TITLE>
<LINK REL="StyleSheet" HREF="/resources/select.css" TYPE="text/css">
<BODY BGCOLOR="white">
<H2>97180 WAAA Ujung Pandang Observations at 00Z 11 Sep 2017</H2>
<PRE>
-----------------------------------------------------------------------------
   PRES   HGHT   TEMP   DWPT   RELH   MIXR   DRCT   SKNT   THTA   THTE   THTV
    hPa     m      C      C      %    g/kg    deg   knot     K      K      K 
-----------------------------------------------------------------------------
 1010.0     14   26.0   21.0     74  15.77      0      0  298.3  344.3  301.1
 1004.0     65   26.4   18.4     61  13.45     90      2  299.2  338.7  301.6
 1001.0     90   27.4   18.4     58  13.49    135      3  300.5  340.3  302.9
 1000.0     99   27.6   18.6     58  13.67    150      3  300.8  341.1  303.2
  977.0    304   26.8   16.9     55  12.55     80      6  301.9  339.2  304.2
  973.0    340   26.6   16.6     54  12.36     81      6  302.1  338.9  304.4
  925.0    782   22.8   14.8     61  11.57     95      7  302.6  337.1  304.7
  908.0    943   21.6   14.6     64  11.64     97      9  303.0  337.8  305.1
  884.0   1175   21.0   14.0     64  11.49    100     11  304.7  339.3  306.8
  882.0   1194   20.9   13.9     64  11.46    100     11  304.8  339.2  306.9
  850.0   1512   18.6   12.6     68  10.90     85      5  305.6  338.6  307.6
  822.0   1798   16.6   11.6     73  10.55     75     11  306.4  338.4  308.4
  760.0   2467   11.8    9.3     85   9.77     68     12  308.2  338.1  310.0
  739.0   2703   12.6    5.0     60   7.47     65     13  311.5  334.9  312.9
  733.0   2772   12.8    3.8     54   6.90     73     13  312.5  334.3  313.8
  714.0   2993   11.8   -3.2     35   4.25     99     14  313.7  327.5  314.6
  713.0   3005   11.7   -3.3     35   4.23    100     14  313.8  327.5  314.6
  700.0   3159   10.8   -4.2     35   4.02    105     14  314.4  327.5  315.2
  685.0   3339    9.8   -6.2     32   3.53    106     15  315.2  326.9  315.9
  677.0   3437    8.8   -1.2     49   5.20    107     15  315.2  332.0  316.2
  640.0   3900    5.5   -3.5     52   4.63    110     17  316.5  331.6  317.4
  639.0   3913    5.4   -3.6     52   4.61    110     17  316.6  331.6  317.5
  595.0   4491    1.1   -7.1     54   3.80    125     19  318.1  330.7  318.9
  584.0   4642    0.0   -8.0     55   3.60    118     19  318.5  330.5  319.2
  571.0   4822   -1.5   -5.6     74   4.44    109     18  318.8  333.4  319.7
  556.0   5034   -2.7  -10.7     54   3.06     98     18  319.8  330.1  320.4
  531.0   5397   -5.5  -10.6     67   3.23     80     17  320.7  331.6  321.4
  529.0   5427   -5.7  -10.6     68   3.24     74     17  320.8  331.8  321.4
  511.0   5699   -5.3  -15.3     45   2.29     20     14  324.5  332.5  324.9
  504.0   5807   -6.3  -13.3     58   2.74     14     11  324.6  334.0  325.1
  503.0   5823   -5.7  -16.7     42   2.07     13     11  325.5  332.8  325.9
  502.0   5839   -4.9  -23.9     21   1.11     12     11  326.6  330.7  326.9
  500.0   5870   -4.7  -27.7     15   0.79     10     10  327.2  330.2  327.4
  494.0   5965   -4.7  -33.7      8   0.45     32      9  328.4  330.1  328.5
  492.0   5997   -4.9  -34.0      8   0.44     40      8  328.5  330.2  328.6
  473.0   6305   -6.6  -37.1      7   0.34     90     12  330.1  331.4  330.1
  466.0   6421   -7.3  -38.3      6   0.30     89     12  330.7  331.9  330.7
  421.0   7199  -13.4  -41.5      7   0.24     80     13  332.5  333.5  332.6
  407.0   7459  -15.5  -42.5      8   0.22     88      7  333.1  334.0  333.1
  404.0   7515  -14.5  -44.5      6   0.18     90      6  335.1  335.9  335.2
  400.0   7590  -13.1  -47.1      4   0.14    115      4  337.9  338.5  337.9
  389.0   7800  -14.8  -45.0      6   0.18    120      1  338.3  339.1  338.3
  380.0   7977  -16.3  -43.3      8   0.22    116      3  338.6  339.6  338.7
  368.0   8217  -16.5  -51.5      3   0.09    111      7  341.5  341.9  341.5
  345.0   8689  -20.5  -54.2      3   0.07    100     13  342.5  342.8  342.5
  300.0   9710  -29.1  -60.1      3   0.04    125     18  344.2  344.4  344.3
  292.0   9898  -30.7  -60.9      4   0.04    120     19  344.7  344.9  344.7
  250.0  10980  -39.7  -65.7      5   0.02     80     16  346.9  347.0  346.9
  249.0  11007  -39.9  -65.9      5   0.02     81     15  347.0  347.1  347.0
  246.0  11088  -40.6                          85     13  347.2         347.2
  225.0  11684  -45.5                         220      6  348.6         348.6
  205.0  12305  -50.7                         205      2  349.8         349.8
  200.0  12470  -52.1                          50      2  350.1         350.1
  196.0  12596  -53.2                          50      4  350.3         350.3
  187.0  12889  -55.9                          30      9  350.7         350.7
  162.0  13782  -64.1                          40     24  351.6         351.6
  151.0  14220  -68.1                          54     17  351.9         351.9
  150.0  14260  -68.7                          55     16  351.6         351.6
  146.0  14415  -69.8                          70     14  352.4         352.4
  139.0  14697  -71.7                          60     10  353.9         353.9
  132.0  14993  -73.8                          85      5  355.5         355.5
  126.0  15259  -75.7                         130      6  356.9         356.9
  107.0  16196  -82.2                         145     15  361.6         361.6
  102.0  16471  -84.1                         130     22  362.9         362.9
  101.0  16525  -83.6                         125     24  364.9         364.9
  100.0  16580  -83.1                         120     25  366.9         366.9
   95.0  16869  -79.5                          74     26  379.4         379.4
   91.0  17113  -80.2                          35     26  382.7         382.7
   88.1  17297  -80.7                          21     22  385.3         385.3
   87.0  17369  -79.2                          15     20  389.6         389.6
   84.1  17563  -75.3                         329     22  401.4         401.4
   82.0  17710  -75.7                         295     23  403.5         403.5
   78.0  18000  -76.4                         255     21  407.8         407.8
   76.6  18105  -76.7                         256     22  409.3         409.3
   70.0  18630  -72.7                         260     27  428.5         428.5
   65.2  19048  -68.9                         264     26  445.6         445.6
   55.0  20067  -65.9                         275     25  474.8         474.8
   53.9  20188  -65.5                         279     26  478.3         478.3
   52.0  20404  -66.5                         285     29  481.0         481.0
   50.0  20640  -67.5                         270     30  484.0         484.0
   45.0  21272  -68.7                         215     12  496.0         496.0
   44.8  21299  -68.7                         205     12  496.5         496.5
   43.0  21547  -66.2                         110     12  508.6         508.6
   41.3  21792  -63.7                          80     23  520.6         520.6
   41.0  21836  -63.9                          75     25  521.2         521.2
   38.3  22252  -65.9                          66     24  526.4         526.4
   36.0  22630  -63.1                          59     23  543.0         543.0
   35.0  22803  -62.9                          55     23  547.9         547.9
   32.9  23184  -62.5                          90     26  558.8         558.8
   32.0  23357  -60.8                         105     28  567.7         567.7
   30.8  23595  -58.5                         102     39  580.2         580.2
   30.0  23760  -58.7                         100     47  584.0         584.0
   28.0  24190  -60.2                          85     60  591.4         591.4
   27.4  24325  -60.7                          87     61  593.8         593.8
   25.5  24773  -57.5                          95     63  615.2         615.2
   23.0  25419  -59.7                         105     67  627.1         627.1
   22.7  25502  -59.2                         105     67  630.9         630.9
   20.3  26205  -55.1                          96     66  663.9         663.9
   20.0  26300  -54.9                          95     66  667.4         667.4
   16.0  27737  -51.3                                     723.0         723.0
</PRE><H3>Station information and sounding indices</H3><PRE>
                         Station identifier: WAAA
                             Station number: 97180
                           Observation time: 170911/0000
                           Station latitude: -5.06
                          Station longitude: 119.55
                          Station elevation: 14.0
                            Showalter index: 2.78
                               Lifted index: 2.38
    LIFT computed using virtual temperature: 1.78
                                SWEAT index: 171.19
                                    K index: 20.90
                         Cross totals index: 17.30
                      Vertical totals index: 23.30
                        Totals totals index: 40.60
      Convective Available Potential Energy: 18.71
             CAPE using virtual temperature: 32.96
                      Convective Inhibition: -320.95
             CINS using virtual temperature: -261.08
                           Equilibrum Level: 518.19
 Equilibrum Level using virtual temperature: 514.75
                   Level of Free Convection: 580.43
             LFCT using virtual temperature: 596.36
                     Bulk Richardson Number: 3.12
          Bulk Richardson Number using CAPV: 5.50
  Temp [K] of the Lifted Condensation Level: 288.46
Pres [hPa] of the Lifted Condensation Level: 858.68
     Mean mixed layer potential temperature: 301.31
              Mean mixed layer mixing ratio: 12.94
              1000 hPa to 500 hPa thickness: 5771.00
Precipitable water [mm] for entire sounding: 41.34
</PRE>
<P>Description of the 
<A HREF="/upperair/columns.html">data columns</A>
or <A HREF="/upperair/indices.html">sounding indices</A>.

<P>
<FORM>
<INPUT CLASS="button" TYPE="button" VALUE=" Close this window " 
 onClick="window.close();">
<INPUT CLASS="button" TYPE="button" VALUE=" Select another map " 
 onClick="window.blur();">
</FORM>
<HR SIZE="1">
<I>Interested in graduate studies in atmospheric science?
Check out our program at the
<a href="http://www.uwyo.edu/atsc/howtoapply/"
target=_top>University of Wyoming
</a></I>
<HR SIZE="1"><FONT SIZE="-1">
Questions about the weather data provided by this site can be
addressed to <A HREF="mailto:ldoolman@uwyo.edu">
Larry Oolman (ldoolman@uwyo.edu)</A></FONT>
<HR SIZE="1">
<SCRIPT TYPE="text/javascript">
<!--
window.focus();
// -->
</SCRIPT>
</BODY>
</HTML>
