2017-02-04 12
<HTML>
<TITLE>University of Wyoming - Radiosonde Data</TITLE>
<LINK REL="StyleSheet" HREF="/resources/select.css" TYPE="text/css">
<BODY BGCOLOR="white">
<H2>97180 WAAA Ujung Pandang Observations at 00Z 04 Feb 2017</H2>
<PRE>
-----------------------------------------------------------------------------
   PRES   HGHT   TEMP   DWPT   RELH   MIXR   DRCT   SKNT   THTA   THTE   THTV
    hPa     m      C      C      %    g/kg    deg   knot     K      K      K 
-----------------------------------------------------------------------------
 1007.0     14   25.0   23.3     90  18.26     35      4  297.6  350.7  300.8
 1000.0     77   25.2   22.9     87  17.94     85      3  298.4  350.7  301.6
  995.0    121   25.4   23.3     88  18.49     58      5  299.0  353.1  302.3
  975.0    300   24.4   22.4     89  17.83    310     14  299.7  352.1  302.9
  925.0    762   21.8   20.0     90  16.19    300     23  301.6  349.5  304.5
  911.0    894   21.0   18.9     88  15.33    295     26  302.1  347.6  304.9
  850.0   1492   17.4   13.9     80  11.88    280     40  304.4  340.0  306.5
  833.0   1665   16.4   12.4     77  10.97    279     40  305.1  338.2  307.1
  737.0   2702   12.2    6.3     67   8.21    275     42  311.3  336.9  312.9
  729.0   2795   11.8    5.8     67   7.99    274     42  311.9  336.9  313.4
  700.0   3134    9.6    5.7     77   8.27    270     41  313.1  339.1  314.6
  663.0   3584    6.8    4.1     83   7.80    270     39  314.8  339.6  316.3
  593.0   4491    2.7   -1.4     74   5.86    270     35  320.3  339.5  321.4
  551.0   5088    0.0   -5.0     69   4.81    274     34  323.9  340.0  324.8
  507.0   5750   -4.5   -8.3     75   4.06    279     32  326.2  340.0  327.0
  500.0   5860   -5.1   -8.1     79   4.18    280     32  326.8  341.0  327.6
  491.0   6003   -4.9  -10.9     63   3.41    282     29  328.7  340.5  329.4
  473.0   6293   -6.8  -11.8     67   3.28    285     23  329.9  341.3  330.5
  438.0   6888  -10.7  -13.8     78   3.03    260      9  332.2  342.9  332.8
  421.0   7195  -12.7  -14.8     85   2.91    210      4  333.4  343.8  334.0
  402.0   7552  -15.1  -15.9     94   2.77    237      6  334.8  344.7  335.4
  400.0   7590  -15.3  -15.8     96   2.81    240      6  335.0  345.1  335.6
  389.0   7799  -16.7  -17.1     96   2.58    245      3  335.9  345.2  336.4
  375.0   8074  -18.5  -18.9     97   2.30    110      4  337.0  345.4  337.5
  374.0   8094  -18.6  -19.2     95   2.26    100      4  337.2  345.4  337.6
  366.0   8255  -19.3  -21.5     83   1.89    100      6  338.3  345.3  338.7
  345.0   8684  -22.4  -25.2     78   1.44    100     11  339.8  345.2  340.1
  331.0   8985  -24.7  -27.8     75   1.19    120     10  340.8  345.4  341.1
  300.0   9700  -29.9  -33.9     68   0.73    120     19  343.1  346.0  343.3
  292.0   9892  -30.9  -35.9     61   0.61    120     20  344.4  346.8  344.5
  268.0  10488  -36.1  -40.6     64   0.42    120     25  345.3  347.0  345.4
  252.0  10916  -39.9  -43.9     65   0.31    116     25  345.8  347.1  345.9
  250.0  10970  -40.5                         115     25  345.7         345.7
  200.0  12450  -53.3                         100     40  348.2         348.2
  169.0  13498  -63.1                          95     56  349.0         349.0
  150.0  14240  -70.1                         105     67  349.1         349.1
  146.0  14399  -72.1                         105     67  348.4         348.4
  118.0  15604  -79.9                         105     66  355.9         355.9
  101.0  16484  -85.5                          95     75  361.2         361.2
  100.0  16540  -85.9                          95     73  361.5         361.5
   98.0  16652  -82.9                          92     67  369.4         369.4
   86.5  17350  -81.5                          71     32  385.7         385.7
   83.5  17551  -77.1                          65     22  398.5         398.5
   81.0  17725  -77.3                          60     13  401.5         401.5
   77.1  18009  -77.7                         274      8  406.5         406.5
   77.0  18016  -77.5                         270      8  406.9         406.9
   74.8  18184  -74.1                         278     13  417.6         417.6
   70.0  18570  -74.7                         295     26  424.2         424.2
   66.0  18914  -73.4                         310     24  434.3         434.3
   65.7  18941  -73.3                         308     24  435.1         435.1
   64.1  19087  -69.5                         297     23  446.5         446.5
   59.9  19491  -71.5                         267     21  450.7         450.7
   57.0  19785  -71.7                         245     19  456.8         456.8
   54.0  20105  -71.8                         275     20  463.5         463.5
   51.0  20443  -72.0                         280     25  470.6         470.6
   50.2  20536  -72.1                         276     23  472.6         472.6
   50.0  20560  -72.1                         275     22  473.2         473.2
   45.1  21172  -69.5                         206     13  493.6         493.6
   44.1  21307  -64.9                         192     11  508.0         508.0
   44.0  21322  -64.8                         190     11  508.6         508.6
   42.0  21609  -63.2                         210      7  519.2         519.2
   40.0  21911  -61.6                           0      1  530.6         530.6
   38.0  22228  -59.9                         295     10  542.9         542.9
   37.8  22261  -59.7                         294     11  544.2         544.2
   34.8  22775  -62.1                         286     19  550.9         550.9
   33.0  23106  -61.0                         280     25  562.2         562.2
   30.9  23515  -59.7                         266     23  576.4         576.4
   30.0  23700  -60.3                         260     22  579.7         579.7
   29.0  23909  -61.3                         235     21  582.6         582.6
   27.2  24305  -63.1                         241     16  588.3         588.3
   26.0  24584  -62.0                         245     12  599.0         599.0
   25.0  24827  -61.0                         180      7  608.5         608.5
   24.0  25080  -60.0                         160      5  618.5         618.5
   22.7  25425  -58.7                          90      6  632.5         632.5
   22.0  25621  -58.3                          50      6  639.3         639.3
   21.0  25914  -57.7                          35      9  649.6         649.6
   20.0  26220  -57.1                         340      8  660.6         660.6
   19.0  26544  -57.5                         330     13  669.3         669.3
   18.0  26885  -57.8                         340     15  678.6         678.6
   17.8  26956  -57.9                         335     14  680.5         680.5
   17.0  27246  -57.5                         315     10  690.8         690.8
   16.0  27633  -53.7                         325      8  715.3         715.3
   15.6  27795  -52.1                         319      8  725.7         725.7
   15.0  28046  -52.8                         310      7  731.6         731.6
   14.0  28487  -54.0                         245     10  742.0         742.0
   13.0  28961  -55.3                         255      4  753.4         753.4
   12.0  29473  -56.7                         195     10  765.9         765.9
   11.6  29689  -57.3                                     771.2         771.2
</PRE><H3>Station information and sounding indices</H3><PRE>
                         Station identifier: WAAA
                             Station number: 97180
                           Observation time: 170204/0000
                           Station latitude: -5.06
                          Station longitude: 119.55
                          Station elevation: 14.0
                            Showalter index: 1.78
                               Lifted index: -2.65
    LIFT computed using virtual temperature: -3.03
                                SWEAT index: 278.79
                                    K index: 32.50
                         Cross totals index: 19.00
                      Vertical totals index: 22.50
                        Totals totals index: 41.50
      Convective Available Potential Energy: 1012.69
             CAPE using virtual temperature: 1146.87
                      Convective Inhibition: -13.09
             CINS using virtual temperature: -8.77
                           Equilibrum Level: 133.23
 Equilibrum Level using virtual temperature: 132.70
                   Level of Free Convection: 883.29
             LFCT using virtual temperature: 901.43
                     Bulk Richardson Number: 11.06
          Bulk Richardson Number using CAPV: 12.52
  Temp [K] of the Lifted Condensation Level: 295.13
Pres [hPa] of the Lifted Condensation Level: 950.61
     Mean mixed layer potential temperature: 299.45
              Mean mixed layer mixing ratio: 17.85
              1000 hPa to 500 hPa thickness: 5783.00
Precipitable water [mm] for entire sounding: 57.37
</PRE>
<P>Description of the 
<A HREF="/upperair/columns.html">data columns</A>
or <A HREF="/upperair/indices.html">sounding indices</A>.

<P>
<FORM>
<INPUT CLASS="button" TYPE="button" VALUE=" Close this window " 
 onClick="window.close();">
<INPUT CLASS="button" TYPE="button" VALUE=" Select another map " 
 onClick="window.blur();">
</FORM>
<HR SIZE="1">
<I>Interested in graduate studies in atmospheric science?
Check out our program at the
<a href="http://www.uwyo.edu/atsc/howtoapply/"
target=_top>University of Wyoming
</a></I>
<HR SIZE="1"><FONT SIZE="-1">
Questions about the weather data provided by this site can be
addressed to <A HREF="mailto:ldoolman@uwyo.edu">
Larry Oolman (ldoolman@uwyo.edu)</A></FONT>
<HR SIZE="1">
<SCRIPT TYPE="text/javascript">
<!--
window.focus();
// -->
</SCRIPT>
</BODY>
</HTML>
