2018-02-19 12
<HTML>
<TITLE>University of Wyoming - Radiosonde Data</TITLE>
<LINK REL="StyleSheet" HREF="/resources/select.css" TYPE="text/css">
<BODY BGCOLOR="white">
<H2>97180 WAAA Ujung Pandang Observations at 00Z 19 Feb 2018</H2>
<PRE>
-----------------------------------------------------------------------------
   PRES   HGHT   TEMP   DWPT   RELH   MIXR   DRCT   SKNT   THTA   THTE   THTV
    hPa     m      C      C      %    g/kg    deg   knot     K      K      K 
-----------------------------------------------------------------------------
 1010.0     14   24.8   23.1     90  17.98    110      2  297.1  349.3  300.3
 1005.0     57   24.6   21.4     82  16.25    103      4  297.3  344.5  300.2
 1001.0     91   25.6   21.9     80  16.84     97      6  298.7  347.9  301.7
 1000.0    100   26.4   22.3     78  17.28     95      7  299.6  350.3  302.6
  996.0    135   26.6   22.4     78  17.46     92      6  300.1  351.5  303.2
  977.0    305   25.4   21.4     79  16.76     80      3  300.5  349.9  303.6
  945.0    597   23.3   19.8     80  15.61    295      5  301.3  347.4  304.1
  925.0    785   22.0   18.7     82  14.90    285      8  301.8  345.9  304.5
  882.0   1196   19.3   16.5     84  13.55    290      9  303.1  343.5  305.6
  860.0   1414   17.8   15.3     85  12.87    272     12  303.8  342.3  306.1
  851.0   1504   17.6   13.7     78  11.70    265     13  304.5  339.6  306.6
  850.0   1514   17.6   13.5     77  11.57    270     13  304.6  339.4  306.7
  739.0   2696   11.0    6.6     74   8.34    266     17  309.8  335.6  311.4
  700.0   3147    9.0    4.7     74   7.71    265     18  312.4  336.6  313.9
  687.0   3302    7.7    5.3     85   8.22    270     19  312.6  338.4  314.2
  684.0   3338    7.4    5.5     88   8.35    270     19  312.7  338.9  314.3
  658.0   3657    6.4    1.6     71   6.57    273     18  315.1  336.1  316.3
  599.0   4422    2.2   -2.1     73   5.51    279     15  318.8  336.7  319.8
  567.0   4864    0.0   -6.0     64   4.33    283     13  321.2  335.7  322.1
  551.0   5093   -1.1   -9.8     52   3.32    285     12  322.5  333.8  323.2
  543.0   5209   -1.7  -11.7     46   2.89    279     12  323.2  333.1  323.8
  506.0   5767   -5.7  -10.4     69   3.44    250     12  324.9  336.7  325.6
  500.0   5860   -5.9  -11.9     63   3.09    245     12  325.8  336.4  326.4
  491.0   6002   -6.6  -13.4     59   2.80    235      9  326.6  336.3  327.1
  473.0   6294   -8.1  -16.4     52   2.27    240      8  328.2  336.2  328.7
  464.0   6444   -8.9  -17.9     48   2.03    225      7  329.1  336.3  329.5
  455.0   6594   -9.9  -18.0     52   2.05    210      6  329.7  337.0  330.1
  438.0   6885  -11.8  -18.2     59   2.09    145      5  330.8  338.3  331.2
  404.0   7504  -16.0  -18.7     79   2.17    150     15  333.2  341.0  333.6
  400.0   7580  -16.5  -18.8     82   2.18    145     16  333.5  341.3  333.9
  395.0   7674  -17.3  -19.4     84   2.10    141     16  333.6  341.2  334.0
  384.0   7885  -18.9  -20.0     91   2.05    131     17  334.2  341.6  334.6
  377.0   8022  -19.9  -20.8     93   1.95    125     17  334.6  341.8  335.1
  372.0   8120  -20.5  -23.5     77   1.55    120     17  335.1  340.9  335.4
  364.0   8280  -21.9  -28.9     53   0.97    113     17  335.4  339.1  335.6
  362.0   8321  -22.1  -30.1     48   0.87    111     18  335.6  339.0  335.8
  353.0   8505  -22.7  -25.0     81   1.43    103     18  337.2  342.6  337.5
  330.0   8992  -25.6  -27.8     82   1.19     80     19  339.8  344.4  340.1
  301.0   9656  -29.5  -31.6     82   0.91     80     33  343.4  346.9  343.6
  300.0   9680  -29.5  -31.6     82   0.91     80     33  343.7  347.3  343.9
  250.0  10960  -39.9  -42.3     78   0.37     90     45  346.6  348.2  346.7
  204.0  12309  -51.8                          95     53  348.7         348.7
  200.0  12440  -52.9                          95     52  348.8         348.8
  155.0  14025  -68.3                          95     57  349.0         349.0
  150.0  14220  -70.7                          95     58  348.1         348.1
  138.0  14706  -73.6                          95     54  351.4         351.4
  127.0  15190  -76.5                          91     35  354.6         354.6
  125.0  15282  -75.3                          90     31  358.4         358.4
  122.0  15423  -73.5                          75     23  364.2         364.2
  118.0  15613  -74.8                          55     13  365.3         365.3
  112.0  15912  -76.8                         335      9  367.1         367.1
  107.0  16173  -78.5                         305      7  368.6         368.6
  101.0  16503  -80.7                         325      2  370.5         370.5
  100.0  16560  -81.1                           0      0  370.8         370.8
   96.0  16787  -83.0                         145      9  371.5         371.5
   91.0  17085  -85.4                         145     18  372.3         372.3
   88.9  17215  -86.5                         140     22  372.7         372.7
   77.0  18004  -86.1                          85     15  389.1         389.1
   76.8  18019  -86.1                          81     15  389.4         389.4
   73.9  18231  -84.3                          27     10  397.5         397.5
   73.0  18301  -82.0                          10      8  403.8         403.8
   71.5  18418  -78.1                         303      7  414.5         414.5
   70.0  18540  -75.9                         235      5  421.7         421.7
   69.9  18548  -75.9                         234      5  421.9         421.9
   69.0  18623  -76.0                         225      6  423.1         423.1
   66.0  18878  -76.5                         250      8  427.5         427.5
   62.0  19237  -77.2                         245     14  433.7         433.7
   59.0  19522  -77.7                         205     12  438.7         438.7
   58.0  19620  -77.9                         180     13  440.4         440.4
   56.0  19821  -77.7                         130     16  445.3         445.3
   53.0  20136  -77.5                          85     11  453.0         453.0
   51.4  20311  -77.3                          73     13  457.3         457.3
   51.0  20356  -77.1                          70     13  458.9         458.9
   50.0  20470  -76.5                          70     13  462.8         462.8
   48.3  20671  -73.3                          85     15  475.0         475.0
   46.0  20958  -73.0                         105     17  482.5         482.5
   43.0  21354  -72.5                         103     22  493.0         493.0
   36.6  22317  -66.7                         100     35  531.2         531.2
   32.1  23110  -67.9                          97     45  548.3         548.3
   30.0  23520  -65.1                          95     50  566.6         566.6
   25.6  24494  -59.5                          88     61  608.8         608.8
   24.0  24896  -59.0                          85     65  621.7         621.7
   21.7  25525  -58.1                          88     66  642.5         642.5
   20.0  26040  -54.7                          90     66  668.0         668.0
   19.5  26202  -54.1                          90     67  674.7         674.7
   15.6  27645  -50.3                          90     76  731.6         731.6
   13.1  28784  -50.5                          90     83  768.4         768.4
   13.0  28834  -50.5                          90     83  770.1         770.1
   12.7  28986  -50.5                                     775.2         775.2
</PRE><H3>Station information and sounding indices</H3><PRE>
                         Station identifier: WAAA
                             Station number: 97180
                           Observation time: 180219/0000
                           Station latitude: -5.06
                          Station longitude: 119.55
                          Station elevation: 14.0
                            Showalter index: 1.26
                               Lifted index: -2.58
    LIFT computed using virtual temperature: -3.06
                                SWEAT index: 200.00
                                    K index: 32.70
                         Cross totals index: 19.40
                      Vertical totals index: 23.50
                        Totals totals index: 42.90
      Convective Available Potential Energy: 648.65
             CAPE using virtual temperature: 780.15
                      Convective Inhibition: -27.82
             CINS using virtual temperature: -19.64
                           Equilibrum Level: 146.06
 Equilibrum Level using virtual temperature: 146.00
                   Level of Free Convection: 862.46
             LFCT using virtual temperature: 877.69
                     Bulk Richardson Number: 23.22
          Bulk Richardson Number using CAPV: 27.93
  Temp [K] of the Lifted Condensation Level: 293.76
Pres [hPa] of the Lifted Condensation Level: 929.02
     Mean mixed layer potential temperature: 300.02
              Mean mixed layer mixing ratio: 16.78
              1000 hPa to 500 hPa thickness: 5760.00
Precipitable water [mm] for entire sounding: 53.90
</PRE>
<P>Description of the 
<A HREF="/upperair/columns.html">data columns</A>
or <A HREF="/upperair/indices.html">sounding indices</A>.

<P>
<FORM>
<INPUT CLASS="button" TYPE="button" VALUE=" Close this window " 
 onClick="window.close();">
<INPUT CLASS="button" TYPE="button" VALUE=" Select another map " 
 onClick="window.blur();">
</FORM>
<HR SIZE="1">
<I>Interested in graduate studies in atmospheric science?
Check out our program at the
<a href="http://www.uwyo.edu/atsc/howtoapply/"
target=_top>University of Wyoming
</a></I>
<HR SIZE="1"><FONT SIZE="-1">
Questions about the weather data provided by this site can be
addressed to <A HREF="mailto:ldoolman@uwyo.edu">
Larry Oolman (ldoolman@uwyo.edu)</A></FONT>
<HR SIZE="1">
<SCRIPT TYPE="text/javascript">
<!--
window.focus();
// -->
</SCRIPT>
</BODY>
</HTML>
