2017-06-26 00
<HTML>
<TITLE>University of Wyoming - Radiosonde Data</TITLE>
<LINK REL="StyleSheet" HREF="/resources/select.css" TYPE="text/css">
<BODY BGCOLOR="white">
<H2>97180 WAAA Ujung Pandang Observations at 00Z 26 Jun 2017</H2>
<PRE>
-----------------------------------------------------------------------------
   PRES   HGHT   TEMP   DWPT   RELH   MIXR   DRCT   SKNT   THTA   THTE   THTV
    hPa     m      C      C      %    g/kg    deg   knot     K      K      K 
-----------------------------------------------------------------------------
 1011.0     14   22.8   21.9     95  16.67      0      0  295.0  342.9  298.0
 1008.0     39   23.6   20.3     82  15.11     29      1  296.1  339.8  298.8
 1004.0     72   25.0   20.3     75  15.18     67      3  297.8  342.0  300.5
 1000.0    106   25.2   20.4     75  15.33    105      5  298.4  343.1  301.1
  984.0    248   25.4   19.4     69  14.63     83      5  299.9  342.9  302.6
  978.0    302   25.0   19.1     70  14.46     75      5  300.1  342.6  302.7
  945.0    603   22.9   17.6     72  13.56     40      8  300.9  340.9  303.3
  925.0    791   21.6   16.6     73  13.01     35      9  301.4  339.9  303.7
  913.0    904   20.8   16.3     75  12.93     43      8  301.7  340.1  304.0
  882.0   1201   19.4   15.2     77  12.46     65      6  303.2  340.4  305.4
  852.0   1499   17.9   14.1     78  11.99     35      5  304.7  340.7  306.9
  850.0   1519   17.8   14.0     78  11.96     25      5  304.8  340.8  307.0
  823.0   1791   16.4   12.2     76  10.97     30      4  306.1  339.3  308.1
  794.0   2094   14.8   10.2     74   9.94    340      4  307.6  337.9  309.4
  766.0   2396   13.2    8.2     72   8.99     10      3  309.0  336.7  310.7
  739.0   2699   11.6    6.2     70   8.12     65      4  310.4  335.7  312.0
  713.0   3001   10.0    4.2     67   7.32     70      7  311.9  334.9  313.3
  700.0   3156    9.2    3.2     66   6.93     85      9  312.6  334.5  313.9
  697.0   3192    9.4    1.4     57   6.11     88      9  313.2  332.7  314.4
  663.0   3600    6.8   -0.3     60   5.68    120     13  314.9  333.1  316.0
  594.0   4498    1.2   -4.0     68   4.82    115     17  318.4  334.2  319.3
  580.0   4693    0.0   -4.8     70   4.64    116     17  319.1  334.4  320.0
  542.0   5234   -3.1   -8.1     68   3.85    120     17  321.7  334.6  322.4
  536.0   5322   -3.5   -8.5     68   3.78    121     17  322.2  334.9  323.0
  533.0   5367   -3.5  -12.5     50   2.76    121     17  322.8  332.2  323.3
  523.0   5517   -4.5  -10.5     63   3.30    122     17  323.3  334.6  323.9
  503.0   5823   -6.3  -11.3     68   3.22    125     17  324.7  335.8  325.4
  500.0   5870   -6.5  -11.5     68   3.19    125     17  325.1  336.0  325.7
  498.0   5901   -6.5  -13.5     58   2.72    126     17  325.4  334.9  326.0
  479.0   6205   -6.5  -16.5     45   2.21    133     15  329.1  336.9  329.5
  473.0   6303   -7.1  -17.1     45   2.12    135     15  329.5  337.1  329.9
  449.0   6707   -9.7  -19.7     44   1.80    125     18  331.2  337.7  331.5
  438.0   6898  -10.7  -25.3     29   1.12    120     19  332.2  336.4  332.4
  430.0   7040  -11.5  -29.5     21   0.78    122     20  333.0  336.0  333.2
  405.0   7496  -14.5  -28.3     30   0.92    130     23  334.9  338.4  335.1
  400.0   7590  -15.1  -28.1     32   0.95    130     21  335.3  338.9  335.5
  362.0   8337  -20.7  -25.7     64   1.31    117     17  337.5  342.4  337.8
  350.0   8586  -21.9  -29.9     48   0.92    113     15  339.1  342.7  339.3
  304.0   9604  -30.1  -37.2     50   0.52     95      9  341.5  343.6  341.6
  300.0   9700  -30.9  -37.9     50   0.49     95      9  341.7  343.7  341.8
  292.0   9889  -32.5  -39.0     52   0.45     95     12  342.0  343.8  342.1
  279.0  10208  -35.3  -40.9     57   0.39     70     17  342.5  344.1  342.6
  258.0  10755  -40.1  -44.1     65   0.30     77     18  343.2  344.4  343.3
  250.0  10970  -41.7                          80     19  343.9         343.9
  224.0  11693  -47.6                          75     20  345.8         345.8
  200.0  12440  -53.7                          70     28  347.6         347.6
  195.0  12598  -55.1                          75     27  347.9         347.9
  158.0  13908  -66.7                         103     14  349.8         349.8
  150.0  14220  -69.3                         110     11  350.5         350.5
  146.0  14380  -70.6                         110      8  351.0         351.0
  138.0  14714  -73.3                          95      7  351.9         351.9
  131.0  15015  -74.1                         345      5  355.8         355.8
  125.0  15287  -74.8                         290     16  359.4         359.4
  119.0  15572  -75.5                         280     17  363.1         363.1
  107.0  16188  -77.1                         215     27  371.3         371.3
  100.0  16580  -78.1                         215     20  376.6         376.6
   99.3  16620  -78.5                         215     19  376.6         376.6
   96.0  16816  -76.6                         225     19  383.9         383.9
   93.1  16993  -74.9                         248     26  390.7         390.7
   91.0  17126  -75.0                         265     31  393.1         393.1
   84.5  17558  -75.1                         273     37  401.2         401.2
   83.0  17663  -73.2                         275     39  407.2         407.2
   82.2  17720  -72.1                         273     39  410.5         410.5
   78.0  18029  -72.7                         260     40  415.5         415.5
   75.4  18229  -73.1                         265     42  418.7         418.7
   72.5  18462  -70.7                         270     45  428.5         428.5
   70.0  18670  -71.7                         275     47  430.7         430.7
   65.3  19077  -72.3                         272     47  438.0         438.0
   61.9  19394  -67.5                         271     47  455.4         455.4
   61.0  19481  -67.8                         270     47  456.5         456.5
   58.3  19751  -68.9                         269     44  460.1         460.1
   52.0  20441  -63.3                         266     37  488.4         488.4
   50.0  20680  -64.7                         265     35  490.6         490.6
   49.1  20790  -65.3                         264     36  491.7         491.7
   47.0  21057  -64.3                         260     38  500.4         500.4
   44.7  21364  -63.1                         264     33  510.4         510.4
   40.8  21921  -65.3                         271     25  518.5         518.5
   39.2  22164  -65.7                         275     21  523.4         523.4
   39.0  22195  -65.3                         275     21  525.3         525.3
   37.0  22519  -60.8                         175      3  544.7         544.7
   36.7  22569  -60.1                         164      3  547.7         547.7
   35.0  22863  -61.4                         100      6  551.9         551.9
   33.8  23079  -62.3                          98     12  555.0         555.0
   32.0  23418  -60.3                          95     22  569.0         569.0
   31.8  23457  -60.1                          95     24  570.6         570.6
   30.0  23820  -59.5                         100     46  581.9         581.9
   29.0  24031  -61.0                         100     48  583.5         583.5
   28.9  24053  -61.1                         100     48  583.7         583.7
   26.1  24694  -54.9                          93     51  618.5         618.5
   22.7  25592  -51.5                          84     54  653.7         653.7
   20.0  26410  -53.5                          75     57  671.7         671.7
   18.0  27089  -53.2                          80     54  693.1         693.1
   15.0  28263  -52.7                          90     57  731.7         731.7
   14.8  28349  -52.7                                     734.7         734.7
</PRE><H3>Station information and sounding indices</H3><PRE>
                         Station identifier: WAAA
                             Station number: 97180
                           Observation time: 170626/0000
                           Station latitude: -5.06
                          Station longitude: 119.55
                          Station elevation: 14.0
                            Showalter index: 0.09
                               Lifted index: -0.52
    LIFT computed using virtual temperature: -0.81
                                SWEAT index: 194.98
                                    K index: 32.30
                         Cross totals index: 20.50
                      Vertical totals index: 24.30
                        Totals totals index: 44.80
      Convective Available Potential Energy: 30.59
             CAPE using virtual temperature: 57.44
                      Convective Inhibition: -180.41
             CINS using virtual temperature: -133.61
                           Equilibrum Level: 494.56
 Equilibrum Level using virtual temperature: 490.90
                   Level of Free Convection: 615.41
             LFCT using virtual temperature: 646.94
                     Bulk Richardson Number: 15.74
          Bulk Richardson Number using CAPV: 29.56
  Temp [K] of the Lifted Condensation Level: 291.32
Pres [hPa] of the Lifted Condensation Level: 909.73
     Mean mixed layer potential temperature: 299.32
              Mean mixed layer mixing ratio: 14.67
              1000 hPa to 500 hPa thickness: 5764.00
Precipitable water [mm] for entire sounding: 48.78
</PRE>
<P>Description of the 
<A HREF="/upperair/columns.html">data columns</A>
or <A HREF="/upperair/indices.html">sounding indices</A>.

<P>
<FORM>
<INPUT CLASS="button" TYPE="button" VALUE=" Close this window " 
 onClick="window.close();">
<INPUT CLASS="button" TYPE="button" VALUE=" Select another map " 
 onClick="window.blur();">
</FORM>
<HR SIZE="1">
<I>Interested in graduate studies in atmospheric science?
Check out our program at the
<a href="http://www.uwyo.edu/atsc/howtoapply/"
target=_top>University of Wyoming
</a></I>
<HR SIZE="1"><FONT SIZE="-1">
Questions about the weather data provided by this site can be
addressed to <A HREF="mailto:ldoolman@uwyo.edu">
Larry Oolman (ldoolman@uwyo.edu)</A></FONT>
<HR SIZE="1">
<SCRIPT TYPE="text/javascript">
<!--
window.focus();
// -->
</SCRIPT>
</BODY>
</HTML>
