2016-10-31 00
<HTML>
<TITLE>University of Wyoming - Radiosonde Data</TITLE>
<LINK REL="StyleSheet" HREF="/resources/select.css" TYPE="text/css">
<BODY BGCOLOR="white">
<H2>97180 WAAA Ujung Pandang Observations at 00Z 31 Oct 2016</H2>
<PRE>
-----------------------------------------------------------------------------
   PRES   HGHT   TEMP   DWPT   RELH   MIXR   DRCT   SKNT   THTA   THTE   THTV
    hPa     m      C      C      %    g/kg    deg   knot     K      K      K 
-----------------------------------------------------------------------------
 1009.0     14   24.8   23.1     90  18.00      0      0  297.2  349.5  300.4
 1008.0     22   25.2   19.2     69  14.09     15      0  297.7  338.7  300.2
 1004.0     54   25.2   20.2     74  15.08     75      2  298.0  342.0  300.7
 1000.0     86   26.0   20.0     70  14.95    135      4  299.1  343.0  301.8
  998.0    104   27.2   20.2     66  15.17    135      4  300.5  345.2  303.2
  976.0    301   26.2   18.9     64  14.32    140      4  301.5  343.9  304.1
  927.0    758   24.0   16.0     61  12.49    116      7  303.7  341.0  305.9
  925.0    777   24.0   16.0     61  12.51    115      7  303.8  341.3  306.1
  851.0   1498   18.2   15.1     82  12.84     85     13  305.1  343.7  307.4
  850.0   1508   18.0   15.1     83  12.86     85     13  305.0  343.6  307.3
  793.0   2100   14.1   11.7     86  11.02     60      6  306.9  340.4  308.9
  767.0   2384   12.2   10.1     87  10.22     31      5  307.8  339.0  309.7
  766.0   2395   12.2    9.9     86  10.07     30      5  307.9  338.7  309.8
  750.0   2573   12.0    6.0     67   7.88     26      6  309.6  334.0  311.1
  717.0   2950   10.0    3.0     62   6.67     16      8  311.4  332.4  312.6
  713.0   2997    9.8    3.6     65   7.00     15      8  311.7  333.7  313.0
  700.0   3150    9.2    5.6     78   8.21     40     10  312.6  338.4  314.2
  690.0   3270    8.6    7.1     90   9.25     55     12  313.3  342.2  315.0
  687.0   3306    8.3    7.0     91   9.21     60     13  313.4  342.2  315.1
  664.0   3587    6.4    6.0     97   8.91     70     14  314.2  342.3  315.9
  663.0   3600    6.4    6.0     97   8.94     70     14  314.4  342.5  316.1
  657.0   3675    6.4    6.2     99   9.13     79     13  315.2  344.0  316.9
  652.0   3737    5.6    3.4     86   7.55     87     12  315.0  338.9  316.4
  651.0   3750    5.4    2.0     79   6.84     89     12  314.9  336.7  316.2
  650.0   3763    5.2    0.7     73   6.23     90     12  314.8  334.7  316.0
  648.0   3788    6.8   -3.2     49   4.69     93     12  316.9  332.2  317.8
  647.0   3801    7.8   -4.2     42   4.35     95     12  318.2  332.5  319.0
  645.0   3826    8.4   -9.6     27   2.88     98     11  319.1  328.9  319.7
  644.0   3839    8.2  -10.8     25   2.62    100     11  319.0  327.9  319.6
  622.0   4125    6.2  -15.8     19   1.80    135      8  319.9  326.2  320.3
  616.0   4204    5.5  -12.5     26   2.39    145      7  320.0  328.2  320.5
  610.0   4284    4.8   -9.2     36   3.14    149      8  320.1  330.7  320.7
  601.0   4406    5.0  -16.0     20   1.84    155      8  321.7  328.1  322.1
  594.0   4501    4.5  -17.1     19   1.70    160      9  322.2  328.1  322.5
  575.0   4765    3.0  -20.0     17   1.37    151      8  323.4  328.4  323.7
  572.0   4807    2.6  -19.1     18   1.49    150      8  323.5  328.8  323.8
  551.0   5109    0.1  -12.3     39   2.71    205      5  324.0  333.4  324.5
  550.0   5123    0.0  -12.0     40   2.79    204      5  324.0  333.6  324.6
  513.0   5678   -3.9  -18.9     30   1.68    158      5  325.8  331.8  326.1
  511.0   5708   -4.0  -19.7     29   1.58    155      5  326.0  331.7  326.3
  500.0   5880   -4.9  -23.9     21   1.12     80      2  327.0  331.1  327.2
  499.0   5896   -5.1  -25.1     19   1.00     75      2  326.9  330.6  327.1
  492.0   6006   -5.5  -28.0     15   0.78     40      5  327.8  330.7  328.0
  488.0   6069   -5.7  -29.7     13   0.67     40      5  328.3  330.8  328.4
  479.0   6214   -6.7  -31.7     12   0.57     40      5  328.8  331.0  328.9
  471.0   6344   -7.3  -30.3     14   0.66     40      6  329.6  332.2  329.8
  468.0   6394   -7.7  -33.7     10   0.48     40      6  329.8  331.6  329.9
  466.0   6427   -8.1  -34.1     10   0.46     40      6  329.7  331.5  329.8
  465.0   6443   -8.1  -33.1     11   0.51     40      6  329.9  331.8  330.0
  464.0   6460   -8.3  -33.3     11   0.50     40      6  329.8  331.8  329.9
  463.0   6476   -8.3  -32.3     13   0.55     40      6  330.0  332.2  330.1
  462.0   6493   -8.3  -32.3     13   0.55     40      6  330.2  332.4  330.3
  461.0   6510   -8.5  -17.5     48   2.11     40      6  330.2  337.7  330.6
  460.0   6527   -8.7  -14.7     62   2.67     40      6  330.1  339.6  330.7
  458.0   6560   -8.9  -16.9     52   2.24     40      6  330.3  338.3  330.8
  456.0   6594   -9.3  -18.3     48   1.99     40      6  330.2  337.4  330.6
  454.0   6627   -9.7  -14.7     67   2.71     40      6  330.1  339.7  330.7
  453.0   6644   -9.9  -13.6     74   2.97     40      6  330.1  340.5  330.7
  438.0   6902  -10.7  -29.7     19   0.75     40      7  332.3  335.1  332.4
  432.0   7007  -11.3  -38.3      9   0.33     57      7  332.8  334.1  332.9
  422.0   7185  -12.1  -40.1      8   0.28     87      7  334.0  335.1  334.1
  421.0   7203  -12.2  -39.1      9   0.31     90      7  334.1  335.3  334.1
  416.0   7294  -12.9  -33.9     15   0.53     91      8  334.4  336.4  334.5
  415.0   7312  -13.1  -39.1      9   0.31     91      8  334.3  335.6  334.4
  413.0   7349  -13.3  -30.3     23   0.75     92      9  334.5  337.4  334.7
  412.0   7367  -13.5  -25.5     36   1.17     92      9  334.5  338.9  334.8
  411.0   7385  -13.3  -29.3     25   0.83     92      9  335.0  338.2  335.2
  409.0   7422  -13.3  -41.3      8   0.25     93     10  335.5  336.5  335.5
  400.0   7590  -14.5  -39.5     10   0.31     95     12  336.1  337.3  336.1
  383.0   7918  -16.5  -39.5     12   0.33     94     14  337.6  338.9  337.7
  379.0   7997  -16.9  -29.9     31   0.85     93     14  338.1  341.4  338.3
  361.0   8361  -19.7  -29.7     41   0.91     92     16  339.1  342.6  339.3
  356.0   8465  -20.5  -29.5     44   0.94     91     17  339.4  343.0  339.6
  354.0   8507  -20.9  -28.9     49   1.00     91     17  339.4  343.2  339.6
  350.0   8591  -21.3  -37.3     22   0.45     90     17  339.9  341.7  340.0
  346.0   8676  -22.1  -42.1     15   0.27     90     18  340.0  341.1  340.0
  345.0   8697  -22.3  -40.7     17   0.32     90     18  340.0  341.3  340.1
  339.0   8826  -23.5  -32.5     43   0.74     89     17  340.1  343.0  340.2
  337.0   8869  -23.9  -30.9     52   0.87     89     17  340.1  343.5  340.3
  335.0   8913  -23.7  -30.7     53   0.89     89     17  340.9  344.4  341.1
  333.0   8957  -24.1  -33.1     43   0.71     89     17  341.0  343.8  341.1
  332.0   8978  -24.3  -38.3     26   0.42     89     17  341.0  342.7  341.1
  329.0   9045  -24.9  -37.9     29   0.45     88     16  341.1  342.9  341.1
  326.0   9111  -25.3  -37.3     32   0.48     88     16  341.4  343.3  341.5
  325.0   9134  -25.5  -36.5     35   0.52     88     16  341.4  343.5  341.5
  324.0   9156  -25.9  -31.9     57   0.82     88     16  341.2  344.4  341.4
  312.0   9429  -27.9  -36.9     42   0.52     86     14  342.1  344.2  342.2
  300.0   9710  -29.9  -36.9     51   0.54     85     13  343.1  345.3  343.2
  296.0   9805  -30.7  -35.3     64   0.64     80     14  343.3  345.9  343.4
  292.0   9901  -31.4  -38.2     51   0.49     75     15  343.7  345.7  343.8
  283.0  10122  -32.9  -44.9     29   0.25     66     15  344.6  345.6  344.6
  268.0  10500  -36.2  -49.1     25   0.16     50     15  345.2  345.9  345.2
  252.0  10926  -39.9  -53.9     21   0.10     46     19  345.8  346.3  345.8
  250.0  10980  -40.5                          45     19  345.7         345.7
  205.0  12296  -51.4                          25     21  348.8         348.8
  200.0  12460  -52.7                          30     21  349.1         349.1
  154.0  14086  -66.5                          45     26  352.7         352.7
  150.0  14250  -67.9                          40     25  352.9         352.9
  101.0  16503  -86.0                          60     34  360.2         360.2
  100.0  16560  -86.5                          60     35  360.4         360.4
   96.0  16783  -88.1                          65     44  361.5         361.5
   90.4  17110  -87.7                          70     46  368.5         368.5
   86.0  17384  -85.2                          75     47  378.9         378.9
   84.9  17455  -84.5                          80     42  381.7         381.7
   82.3  17630  -79.1                          93     30  396.1         396.1
   81.0  17720  -79.3                         100     24  397.5         397.5
   75.7  18105  -80.1                         103     25  403.6         403.6
   73.1  18304  -77.7                         105     26  412.7         412.7
   73.0  18312  -77.3                         105     26  413.8         413.8
   71.5  18434  -70.9                         103     22  429.8         429.8
   70.0  18560  -70.1                         100     17  434.1         434.1
   66.0  18912  -68.7                          90     11  444.4         444.4
   63.7  19124  -67.9                         339     12  450.8         450.8
   63.0  19191  -68.2                         305     12  451.5         451.5
   59.6  19523  -69.9                         280     14  454.9         454.9
   57.0  19791  -68.8                         260     16  463.3         463.3
   54.0  20116  -67.4                         280     19  473.6         473.6
   51.2  20436  -66.1                         256     20  484.0         484.0
   50.0  20580  -67.1                         245     21  484.9         484.9
   49.0  20702  -67.1                         240     18  487.8         487.8
   48.9  20714  -67.1                         242     18  488.0         488.0
   47.0  20955  -64.6                         285     12  499.5         499.5
   46.9  20968  -64.5                         285     12  500.1         500.1
   43.7  21398  -65.9                         279     27  506.9         506.9
   42.0  21639  -65.6                         275     35  513.5         513.5
   39.6  21997  -65.1                         260     30  523.4         523.4
   38.0  22251  -63.2                         250     27  534.5         534.5
   35.9  22601  -60.5                         260     24  550.2         550.2
   33.0  23126  -60.5                         275     20  563.6         563.6
   30.9  23535  -60.5                         268     18  574.3         574.3
   30.0  23720  -58.9                         265     17  583.5         583.5
   25.0  24879  -55.9                         305     17  623.4         623.4
   23.0  25409  -54.5                         285     18  642.5         642.5
   22.0  25691  -53.7                         295     22  653.0         653.0
   21.2  25927  -53.1                                     661.8         661.8
</PRE><H3>Station information and sounding indices</H3><PRE>
                         Station identifier: WAAA
                             Station number: 97180
                           Observation time: 161031/0000
                           Station latitude: -5.06
                          Station longitude: 119.55
                          Station elevation: 14.0
                            Showalter index: 0.53
                               Lifted index: 0.61
    LIFT computed using virtual temperature: -0.04
                                SWEAT index: 209.19
                                    K index: 34.40
                         Cross totals index: 20.00
                      Vertical totals index: 22.90
                        Totals totals index: 42.90
      Convective Available Potential Energy: 0.00
             CAPE using virtual temperature: 2.15
                      Convective Inhibition: -142.94
             CINS using virtual temperature: -109.10
                           Equilibrum Level: 649.49
 Equilibrum Level using virtual temperature: 495.44
                   Level of Free Convection: 667.73
             LFCT using virtual temperature: 773.79
                     Bulk Richardson Number: 0.00
          Bulk Richardson Number using CAPV: 1.25
  Temp [K] of the Lifted Condensation Level: 290.64
Pres [hPa] of the Lifted Condensation Level: 885.81
     Mean mixed layer potential temperature: 300.90
              Mean mixed layer mixing ratio: 14.43
              1000 hPa to 500 hPa thickness: 5794.00
Precipitable water [mm] for entire sounding: 46.13
</PRE>
<P>Description of the 
<A HREF="/upperair/columns.html">data columns</A>
or <A HREF="/upperair/indices.html">sounding indices</A>.

<P>
<FORM>
<INPUT CLASS="button" TYPE="button" VALUE=" Close this window " 
 onClick="window.close();">
<INPUT CLASS="button" TYPE="button" VALUE=" Select another map " 
 onClick="window.blur();">
</FORM>
<HR SIZE="1">
<I>Interested in graduate studies in atmospheric science?
Check out our program at the
<a href="http://www.uwyo.edu/atsc/howtoapply/"
target=_top>University of Wyoming
</a></I>
<HR SIZE="1"><FONT SIZE="-1">
Questions about the weather data provided by this site can be
addressed to <A HREF="mailto:ldoolman@uwyo.edu">
Larry Oolman (ldoolman@uwyo.edu)</A></FONT>
<HR SIZE="1">
<SCRIPT TYPE="text/javascript">
<!--
window.focus();
// -->
</SCRIPT>
</BODY>
</HTML>
