2017-04-05 00
<HTML>
<TITLE>University of Wyoming - Radiosonde Data</TITLE>
<LINK REL="StyleSheet" HREF="/resources/select.css" TYPE="text/css">
<BODY BGCOLOR="white">
<H2>97180 WAAA Ujung Pandang Observations at 00Z 05 Apr 2017</H2>
<PRE>
-----------------------------------------------------------------------------
   PRES   HGHT   TEMP   DWPT   RELH   MIXR   DRCT   SKNT   THTA   THTE   THTV
    hPa     m      C      C      %    g/kg    deg   knot     K      K      K 
-----------------------------------------------------------------------------
 1010.0     14   25.2   21.7     81  16.48      0      0  297.5  345.4  300.4
 1002.0     77   26.8   22.4     77  17.35     76      2  299.8  350.8  302.9
 1000.0     93   27.0   22.7     77  17.72     95      3  300.1  352.3  303.3
  977.0    299   25.7   21.3     77  16.62    320      1  300.8  349.9  303.8
  944.0    603   23.8   19.2     76  15.09    300     11  301.8  346.6  304.6
  925.0    783   22.6   18.0     75  14.24    315     16  302.4  344.7  305.0
  882.0   1193   19.7   16.7     83  13.75    310     16  303.5  344.6  306.0
  850.0   1512   17.4   15.7     90  13.37    300     17  304.4  344.4  306.8
  791.0   2126   13.8   12.6     92  11.72    294     20  306.8  342.4  309.0
  758.0   2485   12.4    8.4     77   9.21    291     22  309.1  337.4  310.8
  700.0   3151    8.6    7.0     90   9.06    285     25  312.0  340.2  313.7
  676.0   3439    6.8    5.7     93   8.57    288     24  313.1  340.0  314.7
  663.0   3599    7.3    4.0     79   7.72    290     23  315.3  339.9  316.8
  659.0   3649    7.4    3.4     76   7.47    289     22  316.1  339.9  317.5
  639.0   3902    5.5    2.2     79   7.07    285     15  316.7  339.3  318.0
  626.0   4070    4.2    1.4     82   6.81    265     13  317.1  339.0  318.4
  616.0   4201    3.9    0.9     81   6.69    250     12  318.2  339.8  319.4
  601.0   4402    3.4    0.2     80   6.50    248     10  319.9  341.0  321.1
  572.0   4801    0.6   -2.0     83   5.80    245      6  321.1  340.2  322.2
  566.0   4886    0.0   -2.5     83   5.66    249      6  321.4  340.0  322.5
  555.0   5043   -1.5   -3.0     90   5.56    257      6  321.4  339.7  322.5
  551.0   5101   -1.9   -2.9     93   5.64    260      6  321.6  340.2  322.7
  546.0   5173   -0.9   -3.7     81   5.36    264      6  323.6  341.5  324.7
  511.0   5698   -4.7   -7.2     83   4.40    290      6  325.3  340.1  326.1
  500.0   5870   -5.9   -8.3     83   4.11    310      2  325.8  339.8  326.6
  492.0   5996   -6.5   -9.4     80   3.84    330      2  326.6  339.8  327.4
  480.0   6190   -7.3  -11.0     75   3.46    349      1  327.9  339.8  328.6
  473.0   6304   -8.2  -11.2     79   3.47      0      0  328.1  340.1  328.8
  457.0   6571  -10.3  -11.5     91   3.49    115      3  328.8  340.9  329.4
  455.0   6605  -10.5  -11.7     91   3.46    130      3  328.9  340.9  329.6
  405.0   7496  -15.1  -16.2     91   2.68    155      9  334.1  343.7  334.6
  403.0   7533  -15.3  -16.4     91   2.65    155      9  334.3  343.8  334.8
  400.0   7590  -15.7  -16.3     95   2.69    155      9  334.5  344.1  335.0
  398.0   7628  -15.9  -16.5     95   2.66    154      9  334.7  344.3  335.2
  396.0   7666  -16.1  -17.8     87   2.40    153      9  334.9  343.6  335.4
  375.0   8073  -18.3  -23.3     65   1.57    140     10  337.3  343.1  337.6
  359.0   8395  -20.2  -26.9     55   1.18    130     10  338.9  343.5  339.2
  347.0   8647  -21.7  -29.7     48   0.94    139     10  340.2  343.9  340.4
  337.0   8861  -23.1  -30.1     53   0.94    147     10  341.2  344.8  341.4
  319.0   9260  -25.7  -34.7     43   0.63    162      9  343.0  345.5  343.1
  309.0   9489  -27.7  -34.7     51   0.65    171      9  343.3  345.9  343.4
  304.0   9605  -28.5  -37.1     43   0.52    175      9  343.8  345.9  343.9
  300.0   9700  -29.1  -39.1     37   0.43    170     10  344.2  346.0  344.3
  250.0  10970  -39.7  -43.3     68   0.33     55      8  346.9  348.3  347.0
  249.0  10998  -40.1  -43.5     70   0.33     53      8  346.7  348.1  346.8
  235.0  11384  -43.5                          20      8  347.3         347.3
  205.0  12295  -51.6                          15      9  348.4         348.4
  200.0  12460  -53.1                          20      8  348.5         348.5
  187.0  12876  -56.8                          45      9  349.3         349.3
  178.0  13181  -59.5                          85     12  349.8         349.8
  154.0  14077  -67.5                         100     25  351.0         351.0
  150.0  14240  -68.9                          95     27  351.2         351.2
  139.0  14680  -72.4                          75     36  352.7         352.7
  113.0  15875  -82.0                          75     48  356.3         356.3
  110.0  16030  -83.3                          75     42  356.7         356.7
  109.0  16081  -81.3                          75     38  361.4         361.4
  107.0  16186  -80.6                          75     30  364.7         364.7
  100.0  16570  -77.9                         130     13  377.0         377.0
   96.0  16802  -79.2                         150     14  378.9         378.9
   91.9  17049  -80.5                         142     17  381.0         381.0
   91.0  17105  -80.2                         140     18  382.7         382.7
   87.1  17353  -78.9                         113     14  390.1         390.1
   86.0  17426  -77.4                         105     13  394.6         394.6
   84.2  17547  -74.9                         127      9  402.0         402.0
   82.0  17702  -74.3                         155      3  406.4         406.4
   78.0  17995  -73.0                          20      3  414.8         414.8
   74.0  18303  -71.8                         330     17  423.7         423.7
   72.0  18464  -71.1                         318     23  428.5         428.5
   70.0  18630  -71.7                         305     30  430.7         430.7
   65.3  19039  -72.7                         278     27  437.1         437.1
   64.0  19157  -72.6                         270     26  439.8         439.8
   62.3  19315  -72.5                         270     25  443.5         443.5
   61.3  19410  -69.9                         270     24  451.3         451.3
   55.0  20044  -74.9                         270     20  454.1         454.1
   52.4  20327  -77.1                         285     14  455.3         455.3
   50.0  20600  -71.5                         345     15  474.6         474.6
   49.0  20720  -69.7                         345     16  481.6         481.6
   48.9  20732  -69.5                         343     16  482.4         482.4
   47.0  20971  -67.9                         305     24  491.6         491.6
   44.0  21368  -65.3                         290     23  507.4         507.4
   42.5  21578  -63.9                         260     22  515.9         515.9
   42.0  21651  -63.6                         250     22  518.5         518.5
   38.0  22268  -60.6                         230     18  540.9         540.9
   37.3  22383  -60.1                         237     16  545.2         545.2
   35.0  22776  -61.6                         260      9  551.2         551.2
   33.8  22992  -62.5                         281     10  554.5         554.5
   33.0  23140  -62.1                         295     11  559.4         559.4
   32.0  23331  -61.5                         305     10  565.9         565.9
   30.0  23730  -60.3                         290      9  579.7         579.7
   29.0  23941  -59.6                         305     15  587.2         587.2
   28.0  24160  -58.9                         297     17  595.1         595.1
   27.3  24320  -56.3                         291     19  606.7         606.7
   25.0  24876  -56.5                         270     25  621.5         621.5
   22.0  25684  -56.9                         200      7  643.6         643.6
   21.6  25800  -56.9                         157      7  646.9         646.9
   21.0  25980  -55.7                          90      8  655.9         655.9
   20.0  26290  -53.5                          70     14  671.7         671.7
   19.3  26521  -49.7                          48     17  690.3         690.3
   18.0  26979  -48.3                           5     24  708.6         708.6
   17.5  27164  -47.7                         358     25  716.2         716.2
   17.0  27354  -48.2                         350     26  720.6         720.6
   16.0  27751  -49.2                         320     12  730.0         730.0
   15.0  28174  -50.2                         280     12  740.1         740.1
   14.4  28442  -50.9                                     746.5         746.5
</PRE><H3>Station information and sounding indices</H3><PRE>
                         Station identifier: WAAA
                             Station number: 97180
                           Observation time: 170405/0000
                           Station latitude: -5.06
                          Station longitude: 119.55
                          Station elevation: 14.0
                            Showalter index: -0.77
                               Lifted index: -2.69
    LIFT computed using virtual temperature: -3.02
                                SWEAT index: 224.39
                                    K index: 37.40
                         Cross totals index: 21.60
                      Vertical totals index: 23.30
                        Totals totals index: 44.90
      Convective Available Potential Energy: 539.11
             CAPE using virtual temperature: 634.00
                      Convective Inhibition: -36.64
             CINS using virtual temperature: -26.13
                           Equilibrum Level: 191.18
 Equilibrum Level using virtual temperature: 191.09
                   Level of Free Convection: 853.80
             LFCT using virtual temperature: 864.40
                     Bulk Richardson Number: 27.11
          Bulk Richardson Number using CAPV: 31.88
  Temp [K] of the Lifted Condensation Level: 293.55
Pres [hPa] of the Lifted Condensation Level: 921.52
     Mean mixed layer potential temperature: 300.50
              Mean mixed layer mixing ratio: 16.69
              1000 hPa to 500 hPa thickness: 5777.00
Precipitable water [mm] for entire sounding: 58.95
</PRE>
<P>Description of the 
<A HREF="/upperair/columns.html">data columns</A>
or <A HREF="/upperair/indices.html">sounding indices</A>.

<P>
<FORM>
<INPUT CLASS="button" TYPE="button" VALUE=" Close this window " 
 onClick="window.close();">
<INPUT CLASS="button" TYPE="button" VALUE=" Select another map " 
 onClick="window.blur();">
</FORM>
<HR SIZE="1">
<I>Interested in graduate studies in atmospheric science?
Check out our program at the
<a href="http://www.uwyo.edu/atsc/howtoapply/"
target=_top>University of Wyoming
</a></I>
<HR SIZE="1"><FONT SIZE="-1">
Questions about the weather data provided by this site can be
addressed to <A HREF="mailto:ldoolman@uwyo.edu">
Larry Oolman (ldoolman@uwyo.edu)</A></FONT>
<HR SIZE="1">
<SCRIPT TYPE="text/javascript">
<!--
window.focus();
// -->
</SCRIPT>
</BODY>
</HTML>
