2017-05-18 00
<HTML>
<TITLE>University of Wyoming - Radiosonde Data</TITLE>
<LINK REL="StyleSheet" HREF="/resources/select.css" TYPE="text/css">
<BODY BGCOLOR="white">
<H2>97180 WAAA Ujung Pandang Observations at 00Z 18 May 2017</H2>
<PRE>
-----------------------------------------------------------------------------
   PRES   HGHT   TEMP   DWPT   RELH   MIXR   DRCT   SKNT   THTA   THTE   THTV
    hPa     m      C      C      %    g/kg    deg   knot     K      K      K 
-----------------------------------------------------------------------------
 1010.0     14   25.0   23.5     91  18.44      0      0  297.3  350.9  300.6
 1003.0     70   24.6   22.1     86  17.01    108      5  297.5  347.0  300.5
 1000.0     94   24.6   21.8     84  16.75    155      7  297.8  346.5  300.7
  977.0    299   24.9   21.0     79  16.33    100      5  300.1  348.1  303.0
  956.0    490   25.2   20.3     74  15.95     75      5  302.2  349.6  305.1
  944.0    601   24.4   19.9     76  15.73     60      5  302.5  349.3  305.4
  925.0    779   23.2   19.2     78  15.38     75     10  303.0  348.8  305.8
  882.0   1197   20.6   17.4     82  14.44     80     14  304.5  347.8  307.1
  850.0   1521   18.6   16.1     85  13.73     60     13  305.6  347.0  308.1
  822.0   1807   16.6   15.0     91  13.24     55      9  306.4  346.4  308.8
  796.0   2081   14.6   14.0     96  12.78     64     10  307.1  345.9  309.5
  740.0   2694   12.6   11.5     93  11.66     85     12  311.4  347.5  313.6
  708.0   3066   11.4   10.0     91  11.01     73     15  314.1  348.5  316.1
  700.0   3161   11.0    9.3     89  10.62     70     16  314.6  347.9  316.6
  664.0   3597    8.2    6.4     88   9.19     60     11  316.3  345.5  318.1
  596.0   4489    2.6    0.6     87   6.75     65     14  319.7  341.6  321.0
  595.0   4503    2.5    0.6     87   6.74     65     14  319.8  341.7  321.1
  574.0   4793    1.6   -0.4     87   6.53     95     17  322.0  343.4  323.2
  541.0   5272    0.0   -1.9     87   6.19    104     20  325.6  346.2  326.8
  503.0   5853   -4.9   -5.6     95   5.04    114     24  326.4  343.4  327.4
  500.0   5900   -3.9   -8.4     71   4.08    115     24  328.2  342.2  329.0
  482.0   6189   -5.1  -24.1     21   1.14    117     28  330.2  334.4  330.4
  472.0   6354   -6.5  -18.5     38   1.89    118     30  330.4  337.3  330.8
  457.0   6605   -7.5  -27.3     19   0.90    120     34  332.2  335.6  332.4
  449.0   6743   -8.1  -32.1     13   0.58    118     33  333.2  335.4  333.3
  434.0   7006   -9.9  -35.9     10   0.41    114     32  334.1  335.8  334.2
  415.0   7350  -12.9  -29.9     23   0.77    109     31  334.6  337.6  334.8
  413.0   7387  -13.1  -32.1     19   0.63    109     31  334.8  337.3  334.9
  404.0   7554  -14.1  -22.1     51   1.62    106     30  335.6  341.6  335.9
  403.0   7573  -13.9  -26.9     32   1.06    106     30  336.1  340.1  336.3
  400.0   7630  -13.9  -27.9     30   0.97    105     30  336.8  340.5  337.0
  398.0   7668  -13.9  -41.9      7   0.24    104     30  337.3  338.3  337.4
  390.0   7821  -15.1  -32.1     22   0.67    102     29  337.7  340.3  337.9
  387.0   7879  -15.1  -41.1      9   0.27    101     29  338.4  339.6  338.5
  374.0   8136  -16.9  -45.9      6   0.17     98     28  339.4  340.1  339.4
  371.0   8196  -17.1  -36.1     18   0.47     97     28  339.9  341.8  340.0
  353.0   8565  -20.1  -34.1     28   0.61     91     26  340.7  343.1  340.9
  333.0   8992  -22.6  -44.2     12   0.23     85     24  343.1  344.1  343.1
  315.0   9399  -24.9  -53.9      5   0.08     98     26  345.3  345.7  345.3
  300.0   9750  -27.7  -54.7      6   0.08    110     27  346.2  346.6  346.2
  282.0  10184  -31.3  -55.2      8   0.08    125     31  347.2  347.6  347.2
  250.0  11030  -38.3  -56.3     13   0.07    100     26  349.0  349.3  349.0
  243.0  11226  -40.1  -57.1     15   0.07     97     25  349.1  349.4  349.1
  217.0  11984  -46.6                          85     22  350.5         350.5
  200.0  12530  -51.3                          80     28  351.4         351.4
  172.0  13474  -59.7                          60     22  353.0         353.0
  150.0  14330  -67.3                          95     32  354.0         354.0
  148.0  14408  -68.0                          95     32  354.2         354.2
  118.0  15729  -78.9                          95     34  357.7         357.7
  109.0  16175  -80.2                          95     35  363.6         363.6
  100.0  16660  -81.5                          95     19  370.0         370.0
   98.0  16773  -82.5                         100     19  370.2         370.2
   96.4  16864  -83.3                         105     19  370.4         370.4
   93.0  17063  -83.5                         120     24  373.8         373.8
   88.0  17369  -83.9                         115     24  379.0         379.0
   83.0  17698  -80.5                         110     24  392.2         392.2
   79.6  17932  -78.1                          46     14  401.9         401.9
   79.0  17976  -77.9                          35     12  403.1         403.1
   75.0  18274  -76.8                         290      7  411.5         411.5
   71.0  18588  -75.7                         245     15  420.4         420.4
   70.4  18637  -75.5                         242     14  421.9         421.9
   70.0  18670  -75.5                         240     13  422.5         422.5
   65.2  19086  -70.3                         284     15  442.6         442.6
   64.0  19196  -70.4                         295     16  444.7         444.7
   57.2  19861  -70.9                         291     25  458.1         458.1
   55.0  20094  -70.3                         290     28  464.6         464.6
   50.4  20612  -68.9                         263     34  479.6         479.6
   50.0  20660  -68.1                         260     35  482.6         482.6
   45.0  21304  -63.7                         280     26  508.0         508.0
   43.0  21582  -61.8                         260     22  519.4         519.4
   42.1  21712  -60.9                         263     22  524.7         524.7
   37.7  22396  -62.3                         278     21  537.9         537.9
   37.0  22512  -62.2                         280     21  540.9         540.9
   35.0  22856  -62.1                         275     23  550.0         550.0
   34.7  22909  -62.1                         269     22  551.4         551.4
   31.9  23432  -60.1                         212     17  570.1         570.1
   31.2  23571  -57.3                         197     16  581.3         581.3
   30.0  23820  -56.3                         170     13  590.6         590.6
   29.0  24035  -56.3                         170     12  596.3         596.3
   28.0  24257  -56.3                         170     12  602.3         602.3
   25.0  24975  -56.3                          80     28  622.1         622.1
   24.0  25233  -56.3                          65     33  629.4         629.4
   22.0  25784  -56.3                          81     36  645.3         645.3
   21.1  26048  -56.9                          89     38  651.2         651.2
   21.0  26079  -56.5                          90     38  653.4         653.4
   20.4  26263  -53.9                          87     37  666.7         666.7
   20.0  26390  -53.3                          85     37  672.3         672.3
   15.0  28269  -47.3                          95     55  749.9         749.9
   14.6  28446  -46.7                                     757.6         757.6
</PRE><H3>Station information and sounding indices</H3><PRE>
                         Station identifier: WAAA
                             Station number: 97180
                           Observation time: 170518/0000
                           Station latitude: -5.06
                          Station longitude: 119.55
                          Station elevation: 14.0
                            Showalter index: 0.27
                               Lifted index: -0.14
    LIFT computed using virtual temperature: -0.43
                                SWEAT index: 243.20
                                    K index: 36.90
                         Cross totals index: 20.00
                      Vertical totals index: 22.50
                        Totals totals index: 42.50
      Convective Available Potential Energy: 41.91
             CAPE using virtual temperature: 81.81
                      Convective Inhibition: -93.32
             CINS using virtual temperature: -85.55
                           Equilibrum Level: 401.95
 Equilibrum Level using virtual temperature: 389.37
                   Level of Free Convection: 800.99
             LFCT using virtual temperature: 804.97
                     Bulk Richardson Number: 4.58
          Bulk Richardson Number using CAPV: 8.94
  Temp [K] of the Lifted Condensation Level: 293.57
Pres [hPa] of the Lifted Condensation Level: 931.21
     Mean mixed layer potential temperature: 299.63
              Mean mixed layer mixing ratio: 16.53
              1000 hPa to 500 hPa thickness: 5806.00
Precipitable water [mm] for entire sounding: 60.81
</PRE>
<P>Description of the 
<A HREF="/upperair/columns.html">data columns</A>
or <A HREF="/upperair/indices.html">sounding indices</A>.

<P>
<FORM>
<INPUT CLASS="button" TYPE="button" VALUE=" Close this window " 
 onClick="window.close();">
<INPUT CLASS="button" TYPE="button" VALUE=" Select another map " 
 onClick="window.blur();">
</FORM>
<HR SIZE="1">
<I>Interested in graduate studies in atmospheric science?
Check out our program at the
<a href="http://www.uwyo.edu/atsc/howtoapply/"
target=_top>University of Wyoming
</a></I>
<HR SIZE="1"><FONT SIZE="-1">
Questions about the weather data provided by this site can be
addressed to <A HREF="mailto:ldoolman@uwyo.edu">
Larry Oolman (ldoolman@uwyo.edu)</A></FONT>
<HR SIZE="1">
<SCRIPT TYPE="text/javascript">
<!--
window.focus();
// -->
</SCRIPT>
</BODY>
</HTML>
