2018-05-25 12
<HTML>
<TITLE>University of Wyoming - Radiosonde Data</TITLE>
<LINK REL="StyleSheet" HREF="/resources/select.css" TYPE="text/css">
<BODY BGCOLOR="white">
<H2>97180 WAAA Ujung Pandang Observations at 00Z 25 May 2018</H2>
<PRE>
-----------------------------------------------------------------------------
   PRES   HGHT   TEMP   DWPT   RELH   MIXR   DRCT   SKNT   THTA   THTE   THTV
    hPa     m      C      C      %    g/kg    deg   knot     K      K      K 
-----------------------------------------------------------------------------
 1007.0     14   25.8   24.5     93  19.67      0      0  298.4  355.8  301.9
 1000.0     78   26.0   22.6     82  17.61    155      2  299.1  350.7  302.3
  996.0    113   26.8   22.4     77  17.46    148      2  300.3  351.7  303.4
  975.0    300   25.8   21.2     76  16.60    110      3  301.1  350.1  304.1
  942.0    602   24.1   19.4     75  15.28     75      8  302.4  347.7  305.1
  925.0    762   23.2   18.4     74  14.62     85      8  303.0  346.6  305.7
  880.0   1196   20.5   16.8     79  13.88     80     12  304.6  346.2  307.1
  850.0   1498   18.6   15.7     83  13.37     80     19  305.6  345.9  308.1
  817.0   1837   16.4   14.3     87  12.70     82     19  306.8  345.2  309.1
  764.0   2401   13.5   12.0     90  11.63     85     19  309.6  345.3  311.8
  700.0   3137    9.8    8.9     94  10.33     90     20  313.3  345.6  315.2
  698.0   3161    9.8    9.0     95  10.43     90     20  313.6  346.2  315.5
  684.0   3330    8.2    5.9     85   8.59     93     19  313.6  340.6  315.2
  675.0   3440    8.8    5.8     81   8.64     94     19  315.5  342.8  317.1
  648.0   3778    6.8    4.8     87   8.39     99     18  316.9  343.6  318.5
  641.0   3867    6.4    4.9     90   8.55    100     17  317.4  344.7  319.1
  637.0   3919    6.4    3.1     79   7.57    101     17  318.0  342.3  319.4
  616.0   4193    4.8    0.1     72   6.29    105     16  319.2  339.6  320.4
  582.0   4657    2.0   -5.0     60   4.56     96     17  321.2  336.3  322.1
  555.0   5040    0.0   -8.0     55   3.79     88     17  323.2  336.0  323.9
  534.0   5348   -2.5   -6.2     76   4.53     81     18  323.8  339.0  324.7
  530.0   5408   -2.8   -6.4     76   4.49     80     18  324.2  339.2  325.0
  513.0   5667   -3.9   -7.4     77   4.30     94     17  325.8  340.4  326.7
  511.0   5698   -4.1   -7.2     79   4.38     96     17  325.9  340.8  326.8
  500.0   5870   -3.3  -10.3     58   3.51    105     17  328.9  341.1  329.6
  496.0   5934   -3.3  -10.3     58   3.54    107     14  329.7  342.0  330.4
  492.0   5997   -3.8  -10.6     59   3.50    110     11  329.9  342.0  330.6
  473.0   6306   -6.1  -11.8     64   3.28     75      3  330.7  342.2  331.4
  459.0   6542   -7.9  -12.8     68   3.13     71      4  331.3  342.4  332.0
  448.0   6730   -8.7  -16.7     52   2.32     68      4  332.6  341.0  333.1
  421.0   7209  -11.5  -18.0     59   2.22     60      6  335.0  343.0  335.4
  414.0   7338  -12.3  -18.3     61   2.20     65      7  335.6  343.6  336.1
  400.0   7600  -13.5  -20.5     56   1.88     75      8  337.4  344.3  337.7
  390.0   7793  -14.7  -22.7     51   1.59     70     11  338.2  344.2  338.6
  360.0   8393  -19.5  -24.9     62   1.42     70      9  339.7  345.0  340.0
  355.0   8498  -20.3  -25.3     64   1.39     72      9  339.9  345.2  340.2
  342.0   8774  -22.5  -26.8     68   1.25     76     11  340.6  345.4  340.8
  339.0   8839  -22.9  -26.5     72   1.30     77     11  340.9  345.8  341.1
  334.0   8948  -22.5  -31.5     44   0.83     79     11  342.9  346.1  343.1
  318.0   9307  -24.7  -37.0     31   0.50     85     13  344.6  346.7  344.7
  310.0   9493  -25.9  -39.9     26   0.39     83     13  345.5  347.1  345.6
  300.0   9730  -27.9  -40.9     28   0.36     80     12  345.9  347.4  346.0
  281.0  10189  -31.8  -44.4     28   0.26     75      7  346.9  348.0  346.9
  258.0  10789  -36.8  -49.0     27   0.17     85     12  348.0  348.8  348.1
  250.0  11010  -38.7  -50.7     27   0.15     85     12  348.4  349.0  348.4
  245.0  11148  -39.9  -49.9     34   0.16     89     12  348.6  349.3  348.6
  236.0  11398  -42.0                          95     11  349.2         349.2
  226.0  11686  -44.4                         115     14  349.8         349.8
  206.0  12303  -49.6                         125     14  351.0         351.0
  200.0  12500  -51.3                         110     12  351.4         351.4
  179.0  13198  -57.0                          90     14  353.4         353.4
  163.0  13787  -61.8                          65     10  354.9         354.9
  155.0  14104  -64.4                          20      6  355.6         355.6
  150.0  14310  -66.1                          15      5  356.0         356.0
  148.0  14387  -66.7                          30      5  356.3         356.3
  141.0  14667  -69.0                         135      6  357.4         357.4
  134.0  14961  -71.3                         170     16  358.4         358.4
  109.0  16153  -80.9                         165     19  362.1         362.1
  100.0  16650  -84.9                         115     17  363.4         363.4
   97.9  16767  -85.5                         110     20  364.5         364.5
   92.8  17062  -84.9                          88     27  371.3         371.3
   92.0  17111  -83.8                          85     28  374.3         374.3
   89.5  17265  -80.5                          48     22  383.9         383.9
   87.0  17426  -79.4                          10     15  389.2         389.2
   83.6  17653  -77.9                         290     19  396.8         396.8
   83.0  17694  -77.9                         275     20  397.5         397.5
   75.0  18275  -78.2                         215      9  408.7         408.7
   71.8  18524  -78.3                         330      3  413.5         413.5
   71.0  18589  -77.7                           0      1  416.2         416.2
   70.0  18670  -76.9                         345      3  419.6         419.6
   67.0  18923  -75.2                         330      7  428.5         428.5
   64.5  19142  -73.7                         330     10  436.5         436.5
   61.4  19434  -66.7                         330     14  458.2         458.2
   61.0  19473  -66.9                         330     14  458.7         458.7
   58.0  19774  -68.2                         285      5  462.4         462.4
   53.8  20224  -70.1                          42      8  468.0         468.0
   52.0  20426  -69.1                          95     10  474.9         474.9
   50.9  20553  -68.5                          90     17  479.2         479.2
   50.0  20660  -67.5                          85     22  484.0         484.0
   49.8  20684  -67.3                          85     23  485.0         485.0
   49.3  20746  -63.7                          85     24  494.9         494.9
   47.0  21038  -64.3                          85     32  500.4         500.4
   45.0  21304  -64.8                         100     39  505.4         505.4
   43.1  21567  -65.3                          92     40  510.4         510.4
   39.0  22189  -62.9                          75     42  531.2         531.2
   35.0  22862  -60.4                         105     45  554.5         554.5
   30.0  23820  -56.7                          95     49  589.5         589.5
   23.2  25477  -50.3                          95     51  653.1         653.1
   23.0  25534  -50.2                          95     51  654.9         654.9
   20.0  26450  -49.3                         100     53  684.5         684.5
   18.0  27147  -48.2                          85     58  708.9         708.9
   15.0  28353  -46.3                         100     45  753.2         753.2
   13.4  29099  -45.1                          72     27  781.9         781.9
   13.0  29301  -45.0                          65     22  789.1         789.1
   12.8  29405  -44.9                          70     19  792.9         792.9
   12.0  29841  -42.5                          90      8  816.2         816.2
   11.2  30307  -39.9                         311     11  841.8         841.8
   11.0                                       275     12                     
</PRE><H3>Station information and sounding indices</H3><PRE>
                         Station identifier: WAAA
                             Station number: 97180
                           Observation time: 180525/0000
                           Station latitude: -5.06
                          Station longitude: 119.55
                          Station elevation: 14.0
                            Showalter index: 1.26
                               Lifted index: -0.39
    LIFT computed using virtual temperature: -0.83
                                SWEAT index: 243.39
                                    K index: 36.70
                         Cross totals index: 19.00
                      Vertical totals index: 21.90
                        Totals totals index: 40.90
      Convective Available Potential Energy: 235.09
             CAPE using virtual temperature: 325.12
                      Convective Inhibition: -61.17
             CINS using virtual temperature: -46.35
                           Equilibrum Level: 326.16
 Equilibrum Level using virtual temperature: 320.19
                   Level of Free Convection: 803.14
             LFCT using virtual temperature: 825.50
                     Bulk Richardson Number: 11.98
          Bulk Richardson Number using CAPV: 16.57
  Temp [K] of the Lifted Condensation Level: 293.71
Pres [hPa] of the Lifted Condensation Level: 920.83
     Mean mixed layer potential temperature: 300.73
              Mean mixed layer mixing ratio: 16.89
              1000 hPa to 500 hPa thickness: 5792.00
Precipitable water [mm] for entire sounding: 59.08
</PRE>
<P>Description of the 
<A HREF="/upperair/columns.html">data columns</A>
or <A HREF="/upperair/indices.html">sounding indices</A>.

<P>
<FORM>
<INPUT CLASS="button" TYPE="button" VALUE=" Close this window " 
 onClick="window.close();">
<INPUT CLASS="button" TYPE="button" VALUE=" Select another map " 
 onClick="window.blur();">
</FORM>
<HR SIZE="1">
<I>Interested in graduate studies in atmospheric science?
Check out our program at the
<a href="http://www.uwyo.edu/atsc/howtoapply/"
target=_top>University of Wyoming
</a></I>
<HR SIZE="1"><FONT SIZE="-1">
Questions about the weather data provided by this site can be
addressed to <A HREF="mailto:ldoolman@uwyo.edu">
Larry Oolman (ldoolman@uwyo.edu)</A></FONT>
<HR SIZE="1">
<SCRIPT TYPE="text/javascript">
<!--
window.focus();
// -->
</SCRIPT>
</BODY>
</HTML>
