2017-08-12 12
<HTML>
<TITLE>University of Wyoming - Radiosonde Data</TITLE>
<LINK REL="StyleSheet" HREF="/resources/select.css" TYPE="text/css">
<BODY BGCOLOR="white">
<H2>97180 WAAA Ujung Pandang Observations at 00Z 12 Aug 2017</H2>
<PRE>
-----------------------------------------------------------------------------
   PRES   HGHT   TEMP   DWPT   RELH   MIXR   DRCT   SKNT   THTA   THTE   THTV
    hPa     m      C      C      %    g/kg    deg   knot     K      K      K 
-----------------------------------------------------------------------------
 1010.0     14   24.6   23.5     94  18.44      0      0  296.9  350.4  300.2
 1003.0     74   23.8   21.5     87  16.39     94      3  296.7  344.2  299.6
 1000.0    100   24.0   20.3     80  15.24    135      5  297.1  341.4  299.9
  977.0    304   24.9   17.5     64  13.04     95      7  300.0  338.4  302.3
  973.0    340   25.0   17.0     61  12.68     95      7  300.5  337.9  302.8
  925.0    782   21.4   15.4     69  12.03    100     13  301.2  336.9  303.4
  886.0   1153   19.0   14.8     77  12.09    100     17  302.4  338.4  304.6
  853.0   1478   19.2   14.7     75  12.48    100     21  305.9  343.6  308.2
  850.0   1508   19.0   14.4     75  12.28    100     21  306.0  343.1  308.3
  822.0   1793   17.0   13.3     79  11.85     95     21  306.8  342.8  309.0
  766.0   2393   12.7   11.1     91  10.98     80     15  308.4  342.0  310.5
  748.0   2596   11.2   10.4     95  10.70     80     14  308.9  341.7  310.9
  700.0   3149    8.4    7.8     96   9.57     80     12  311.8  341.5  313.6
  688.0   3291    7.6    6.8     95   9.12     80     13  312.4  340.9  314.1
  663.0   3595    5.9    4.8     93   8.20     95     13  313.8  339.6  315.3
  637.0   3924    4.0    2.6     91   7.30     91     16  315.3  338.5  316.6
  613.0   4236    3.6    0.8     82   6.66     88     19  318.3  339.8  319.6
  593.0   4504    1.6   -0.6     85   6.20     85     22  319.0  339.2  320.2
  577.0   4725    0.0   -1.8     88   5.85     89     21  319.6  338.7  320.8
  551.0   5093   -2.4   -5.8     78   4.53     95     20  321.0  336.0  321.9
  544.0   5195   -3.1   -6.9     75   4.21     90     20  321.4  335.4  322.2
  534.0   5342   -3.1  -15.1     39   2.23     84     19  323.1  330.8  323.5
  528.0   5431   -3.3  -17.3     33   1.87     80     19  323.9  330.5  324.2
  514.0   5643   -4.7  -10.7     63   3.31     70     18  324.7  336.0  325.3
  500.0   5860   -5.7  -10.7     68   3.40     60     17  326.0  337.7  326.7
  496.0   5923   -6.3  -10.6     72   3.46     58     17  326.0  337.9  326.7
  491.0   6003   -6.9  -10.5     76   3.53     55     17  326.3  338.4  327.0
  489.0   6034   -7.1  -10.4     77   3.56     56     17  326.4  338.6  327.1
  485.0   6099   -7.7  -10.5     80   3.56     58     17  326.4  338.6  327.1
  483.0   6131   -7.9  -10.5     82   3.58     59     18  326.6  338.8  327.3
  482.0   6147   -7.9  -10.5     82   3.59     59     18  326.8  339.1  327.5
  480.0   6180   -6.7  -15.7     49   2.36     60     18  328.6  336.9  329.1
  479.0   6196   -5.9  -15.9     45   2.32     60     18  329.8  338.1  330.3
  475.0   6262   -5.9  -18.9     35   1.82     62     18  330.6  337.2  331.0
  466.0   6412   -7.3  -14.3     57   2.73     66     19  330.7  340.3  331.2
  464.0   6445   -7.3  -13.3     62   2.97     67     19  331.1  341.5  331.7
  463.0   6462   -7.3  -14.3     57   2.74     68     19  331.3  341.0  331.8
  461.0   6496   -7.3  -17.3     45   2.15     69     19  331.7  339.4  332.1
  460.0   6513   -7.3  -24.3     24   1.17     69     19  331.9  336.2  332.1
  457.0   6564   -7.5  -27.5     18   0.88     71     19  332.3  335.6  332.4
  450.0   6684   -8.7  -18.7     44   1.95     74     20  332.2  339.3  332.6
  447.0   6736   -9.1  -17.1     52   2.25     76     20  332.4  340.4  332.8
  435.0   6947  -10.3  -19.3     48   1.92     82     21  333.4  340.4  333.8
  433.0   6982  -10.7  -18.7     52   2.03     83     21  333.4  340.7  333.8
  431.0   7018  -10.9  -18.9     52   2.00     84     21  333.5  340.8  333.9
  430.0   7036  -11.1  -19.1     52   1.98     84     22  333.5  340.7  333.9
  429.0   7054  -11.3  -19.3     52   1.95     85     22  333.5  340.6  333.9
  428.0   7072  -11.3  -19.3     52   1.95     85     22  333.7  340.8  334.1
  427.0   7090  -10.9  -31.9     16   0.62     86     22  334.4  336.9  334.6
  425.0   7126  -10.7  -32.7     15   0.58     87     22  335.1  337.4  335.2
  400.0   7590  -14.1  -43.1      7   0.21    100     24  336.6  337.5  336.6
  389.0   7800  -15.6  -43.9      7   0.20    100     24  337.3  338.1  337.3
  384.0   7898  -16.3  -44.3      7   0.20    100     24  337.6  338.4  337.7
  376.0   8055  -17.7  -42.7      9   0.24    100     24  337.8  338.8  337.9
  370.0   8175  -18.9  -30.9     34   0.79    100     24  337.8  340.9  337.9
  369.0   8195  -18.9  -25.9     54   1.26    100     24  338.0  342.8  338.3
  367.0   8235  -19.3  -25.3     59   1.34    100     24  338.0  343.1  338.3
  363.0   8317  -19.5  -29.5     41   0.92    100     24  338.8  342.4  339.0
  360.0   8378  -19.9  -34.9     25   0.55    100     24  339.1  341.3  339.2
  343.0   8734  -23.1  -31.1     48   0.84    100     25  339.5  342.7  339.6
  332.0   8971  -24.9  -32.9     47   0.73    100     25  340.2  343.0  340.3
  328.0   9059  -25.1  -38.1     29   0.44    100     25  341.1  342.9  341.2
  317.0   9305  -26.7  -41.8     23   0.31    100     25  342.1  343.4  342.2
  312.0   9420  -27.5  -43.5     20   0.26    101     25  342.6  343.7  342.7
  303.0   9629  -29.3  -39.3     37   0.42    104     24  343.0  344.7  343.1
  300.0   9700  -29.9  -39.9     37   0.40    105     24  343.1  344.8  343.2
  286.0  10038  -33.1  -41.1     45   0.37     95     23  343.3  344.8  343.3
  280.0  10187  -34.1  -46.1     29   0.22     91     22  343.9  344.8  343.9
  279.0  10212  -34.3  -46.3     29   0.22     90     22  343.9  344.9  344.0
  254.0  10862  -39.9  -51.9     27   0.13     77     24  345.0  345.6  345.1
  250.0  10970  -41.1                          75     24  344.8         344.8
  204.0  12310  -53.1                          55     23  346.5         346.5
  200.0  12440  -54.3                          55     23  346.6         346.6
  197.0  12538  -55.3                          57     23  346.5         346.5
  150.0  14240  -68.3                         100     26  352.2         352.2
  146.0  14400  -69.8                         105     27  352.4         352.4
  139.0  14691  -72.5                         112     29  352.6         352.6
  132.0  14988  -73.8                         120     31  355.4         355.4
  113.0  15879  -77.9                          90     45  364.0         364.0
  101.0  16523  -80.8                          75     19  370.2         370.2
  100.0  16580  -81.1                          75     19  370.8         370.8
   99.9  16586  -81.1                          75     19  370.9         370.9
   98.6  16659  -78.9                          76     19  376.6         376.6
   91.0  17119  -77.6                          80     17  387.8         387.8
   87.0  17376  -76.9                           0      6  394.3         394.3
   82.0  17715  -76.0                         295     15  402.9         402.9
   78.0  18001  -75.2                         265     19  410.4         410.4
   75.8  18165  -74.7                         265     21  414.7         414.7
   73.8  18321  -72.1                         265     23  423.4         423.4
   70.4  18597  -72.9                         265     27  427.4         427.4
   70.0  18630  -72.7                         265     27  428.5         428.5
   66.2  18961  -69.5                         271     28  442.4         442.4
   60.0  19545  -71.3                         281     29  450.9         450.9
   58.0  19746  -70.8                         285     30  456.5         456.5
   57.0  19849  -70.5                         285     29  459.4         459.4
   52.7  20324  -62.9                         285     27  487.4         487.4
   50.0  20650  -60.1                         285     25  501.4         501.4
   48.9  20788  -59.9                         283     26  505.1         505.1
   47.0  21035  -59.9                         280     28  510.9         510.9
   43.0  21588  -59.9                         245      9  524.0         524.0
   41.0  21884  -59.9                         110      9  531.2         531.2
   39.9  22053  -59.9                          99     14  535.3         535.3
   39.0  22193  -60.9                          90     18  536.3         536.3
   35.3  22805  -65.3                          90     30  540.4         540.4
   33.3  23159  -64.9                          90     37  550.5         550.5
   31.9  23422  -61.9                          90     43  565.3         565.3
   30.0  23800  -62.3                          90     50  574.2         574.2
   28.1  24203  -60.7                          90     56  589.5         589.5
   27.3  24383  -58.1                          90     59  601.7         601.7
   25.2  24889  -57.1                          90     66  618.5         618.5
   25.0  24939  -57.0                          90     66  620.2         620.2
   20.0  26350  -54.1                         100     60  669.8         669.8
   17.2  27318  -53.5                         109     65  701.2         701.2
   17.0                                       110     65                     
</PRE><H3>Station information and sounding indices</H3><PRE>
                         Station identifier: WAAA
                             Station number: 97180
                           Observation time: 170812/0000
                           Station latitude: -5.06
                          Station longitude: 119.55
                          Station elevation: 14.0
                            Showalter index: -0.07
                               Lifted index: 1.26
    LIFT computed using virtual temperature: 1.07
                                SWEAT index: 231.79
                                    K index: 38.50
                         Cross totals index: 20.10
                      Vertical totals index: 24.70
                        Totals totals index: 44.80
      Convective Available Potential Energy: 0.00
             CAPE using virtual temperature: 0.56
                      Convective Inhibition: 0.00
             CINS using virtual temperature: -235.31
 Equilibrum Level using virtual temperature: 540.42
             LFCT using virtual temperature: 553.94
                     Bulk Richardson Number: 0.00
          Bulk Richardson Number using CAPV: 0.05
  Temp [K] of the Lifted Condensation Level: 290.38
Pres [hPa] of the Lifted Condensation Level: 901.96
     Mean mixed layer potential temperature: 299.08
              Mean mixed layer mixing ratio: 14.00
              1000 hPa to 500 hPa thickness: 5760.00
Precipitable water [mm] for entire sounding: 52.78
</PRE>
<P>Description of the 
<A HREF="/upperair/columns.html">data columns</A>
or <A HREF="/upperair/indices.html">sounding indices</A>.

<P>
<FORM>
<INPUT CLASS="button" TYPE="button" VALUE=" Close this window " 
 onClick="window.close();">
<INPUT CLASS="button" TYPE="button" VALUE=" Select another map " 
 onClick="window.blur();">
</FORM>
<HR SIZE="1">
<I>Interested in graduate studies in atmospheric science?
Check out our program at the
<a href="http://www.uwyo.edu/atsc/howtoapply/"
target=_top>University of Wyoming
</a></I>
<HR SIZE="1"><FONT SIZE="-1">
Questions about the weather data provided by this site can be
addressed to <A HREF="mailto:ldoolman@uwyo.edu">
Larry Oolman (ldoolman@uwyo.edu)</A></FONT>
<HR SIZE="1">
<SCRIPT TYPE="text/javascript">
<!--
window.focus();
// -->
</SCRIPT>
</BODY>
</HTML>
