2018-09-24 00
<HTML>
<TITLE>University of Wyoming - Radiosonde Data</TITLE>
<LINK REL="StyleSheet" HREF="/resources/select.css" TYPE="text/css">
<BODY BGCOLOR="white">
<H2>97180 WAAA Ujung Pandang Observations at 00Z 24 Sep 2018</H2>
<PRE>
-----------------------------------------------------------------------------
   PRES   HGHT   TEMP   DWPT   RELH   MIXR   DRCT   SKNT   THTA   THTE   THTV
    hPa     m      C      C      %    g/kg    deg   knot     K      K      K 
-----------------------------------------------------------------------------
 1012.0     14   25.6   20.6     74  15.34      0      0  297.7  342.4  300.5
 1011.0     22   26.0   16.0     54  11.43    348      0  298.2  331.7  300.3
 1000.0    113   26.0   16.0     54  11.56    220      2  299.1  333.2  301.2
  979.0    299   25.5   14.9     52  10.97      0      3  300.5  332.9  302.4
  967.0    407   25.2   14.2     50  10.63     29      5  301.2  332.8  303.1
  946.0    599   24.3   12.3     47   9.60     80      8  302.2  331.0  304.0
  925.0    795   23.4   10.4     44   8.63     80     14  303.2  329.3  304.8
  853.0   1496   18.6    4.7     40   6.29    105     23  305.3  324.7  306.5
  850.0   1526   18.4    4.4     40   6.20    105     24  305.4  324.5  306.6
  813.0   1907   16.8    1.8     36   5.39     99     20  307.6  324.5  308.6
  714.0   2998    9.2    3.9     70   7.13     80      9  310.8  333.2  312.2
  700.0   3164    8.0    4.2     77   7.44     70      9  311.3  334.6  312.7
  689.0   3295    7.1    4.0     80   7.44     60     12  311.8  335.1  313.1
  685.0   3343    6.8    3.9     82   7.44     66     13  311.9  335.3  313.3
  666.0   3575    7.6    0.6     61   6.04     92     16  315.3  334.7  316.5
  664.0   3599    7.7   -1.0     54   5.37     95     16  315.7  333.1  316.7
  658.0   3674    8.0   -6.0     36   3.73     96     16  316.9  329.2  317.6
  637.0   3941    6.6  -14.4     21   1.98     99     16  318.2  325.0  318.6
  617.0   4202    5.2  -22.8     11   1.00    102     16  319.5  323.1  319.7
  606.0   4348    4.4  -12.6     28   2.41    104     16  320.2  328.5  320.7
  602.0   4402    4.0  -26.0      9   0.77    105     16  320.4  323.2  320.6
  573.0   4800    1.1  -23.8     14   0.98    110     16  321.5  325.1  321.7
  563.0   4942    0.0  -23.0     16   1.07    108     15  321.9  325.8  322.1
  532.0   5392   -3.5  -32.5      9   0.47    100     13  322.9  324.7  323.0
  527.0   5467   -3.7  -14.7     42   2.33     91     11  323.6  331.7  324.0
  512.0   5694   -5.5  -12.3     59   2.92     65      6  324.0  334.1  324.6
  506.0   5787   -6.3  -11.3     68   3.20     60      6  324.2  335.1  324.8
  500.0   5880   -7.1  -11.3     72   3.24     55      5  324.3  335.4  325.0
  478.0   6229  -10.3  -12.2     86   3.16     63      7  324.6  335.4  325.2
  474.0   6294  -10.5  -12.8     83   3.02     65      7  325.1  335.5  325.7
  452.0   6660  -11.5  -16.4     67   2.36     79     11  328.3  336.6  328.8
  442.0   6831  -12.1  -18.1     61   2.09     86     13  329.6  337.1  330.1
  435.0   6954  -12.7  -22.7     43   1.43     90     14  330.4  335.6  330.7
  421.0   7202  -14.0  -26.4     34   1.06    100     17  331.8  335.8  332.0
  400.0   7590  -16.1  -32.1     24   0.65    110     19  334.0  336.5  334.1
  383.0   7916  -17.9  -36.9     17   0.42    104     20  335.8  337.5  335.9
  359.0   8393  -21.2  -39.4     18   0.35     95     22  337.6  339.1  337.7
  326.0   9104  -26.1  -43.1     19   0.26     92     20  340.3  341.4  340.4
  300.0   9700  -31.3  -44.3     27   0.25     90     19  341.1  342.2  341.2
  291.0   9911  -33.1  -46.1     26   0.21     95     14  341.5  342.4  341.6
  259.0  10720  -40.1  -53.1     24   0.11     95     17  342.8  343.3  342.9
  250.0  10960  -42.1                          95     18  343.3         343.3
  224.0  11683  -48.3                         100     28  344.8         344.8
  200.0  12430  -54.7                          95     39  346.0         346.0
  186.0  12890  -58.4                          80     36  347.2         347.2
  178.0  13169  -60.7                          78     37  347.9         347.9
  153.0  14098  -67.8                          70     42  351.1         351.1
  150.0  14220  -68.7                          70     43  351.6         351.6
  133.0  14929  -74.1                          73     40  354.2         354.2
  125.0  15286  -75.6                          75     38  357.8         357.8
  113.0  15866  -78.1                          85     22  363.7         363.7
  110.0  16020  -77.9                          87     20  366.8         366.8
  107.0  16179  -74.7                          90     18  375.8         375.8
  101.0  16512  -75.4                         120     19  380.8         380.8
  100.0  16570  -75.5                         120     20  381.6         381.6
   93.4  16961  -79.3                         115     23  381.6         381.6
   91.0  17109  -79.0                         105     20  385.0         385.0
   87.0  17365  -78.6                          75      7  390.9         390.9
   83.3  17612  -78.1                         126      6  396.8         396.8
   82.0  17703  -76.6                         145      6  401.6         401.6
   80.9  17780  -75.3                         145      7  405.8         405.8
   78.0  17991  -75.7                         145     10  409.3         409.3
   74.8  18233  -76.1                         121     12  413.4         413.4
   74.0  18296  -75.4                         115     12  416.1         416.1
   70.0  18620  -71.9                         115     13  430.2         430.2
   67.8  18811  -69.1                          89     16  440.2         440.2
   67.0  18881  -69.5                          80     17  440.9         440.9
   61.5  19392  -72.3                         103     20  445.6         445.6
   60.0  19538  -72.3                         110     21  448.7         448.7
   59.5  19587  -72.3                         106     22  449.8         449.8
   57.2  19823  -67.5                          87     27  465.8         465.8
   57.0  19845  -67.5                          85     27  466.3         466.3
   52.0  20402  -66.8                         100     33  480.3         480.3
   50.0  20640  -66.5                          90     36  486.4         486.4
   45.0  21286  -61.3                          80     54  513.8         513.8
   44.6  21340  -60.9                          80     54  516.1         516.1
   42.3  21668  -62.1                          81     54  521.0         521.0
   32.0  23416  -57.2                          85     55  577.3         577.3
   30.0  23820  -56.1                         100     39  591.1         591.1
   29.0  24035  -56.1                                     596.9         596.9
</PRE><H3>Station information and sounding indices</H3><PRE>
                         Station identifier: WAAA
                             Station number: 97180
                           Observation time: 180924/0000
                           Station latitude: -5.06
                          Station longitude: 119.55
                          Station elevation: 14.0
                            Showalter index: 6.95
                               Lifted index: 2.94
    LIFT computed using virtual temperature: 2.89
                                SWEAT index: 105.81
                                    K index: 26.10
                         Cross totals index: 11.50
                      Vertical totals index: 25.50
                        Totals totals index: 37.00
      Convective Available Potential Energy: 0.00
             CAPE using virtual temperature: 0.00
                      Convective Inhibition: 0.00
             CINS using virtual temperature: 0.00
                     Bulk Richardson Number: 0.00
          Bulk Richardson Number using CAPV: 0.00
  Temp [K] of the Lifted Condensation Level: 285.80
Pres [hPa] of the Lifted Condensation Level: 842.82
     Mean mixed layer potential temperature: 300.13
              Mean mixed layer mixing ratio: 11.06
              1000 hPa to 500 hPa thickness: 5767.00
Precipitable water [mm] for entire sounding: 32.56
</PRE>
<P>Description of the 
<A HREF="/upperair/columns.html">data columns</A>
or <A HREF="/upperair/indices.html">sounding indices</A>.

<P>
<FORM>
<INPUT CLASS="button" TYPE="button" VALUE=" Close this window " 
 onClick="window.close();">
<INPUT CLASS="button" TYPE="button" VALUE=" Select another map " 
 onClick="window.blur();">
</FORM>
<HR SIZE="1">
<I>Interested in graduate studies in atmospheric science?
Check out our program at the
<a href="http://www.uwyo.edu/atsc/howtoapply/"
target=_top>University of Wyoming
</a></I>
<HR SIZE="1"><FONT SIZE="-1">
Questions about the weather data provided by this site can be
addressed to <A HREF="mailto:ldoolman@uwyo.edu">
Larry Oolman (ldoolman@uwyo.edu)</A></FONT>
<HR SIZE="1">
<SCRIPT TYPE="text/javascript">
<!--
window.focus();
// -->
</SCRIPT>
</BODY>
</HTML>
