2018-05-12 12
<HTML>
<TITLE>University of Wyoming - Radiosonde Data</TITLE>
<LINK REL="StyleSheet" HREF="/resources/select.css" TYPE="text/css">
<BODY BGCOLOR="white">
<H2>97180 WAAA Ujung Pandang Observations at 00Z 12 May 2018</H2>
<PRE>
-----------------------------------------------------------------------------
   PRES   HGHT   TEMP   DWPT   RELH   MIXR   DRCT   SKNT   THTA   THTE   THTV
    hPa     m      C      C      %    g/kg    deg   knot     K      K      K 
-----------------------------------------------------------------------------
 1009.0     14   25.6   23.9     90  18.92      0      0  298.0  353.1  301.4
 1003.0     67   27.0   22.9     78  17.89    347      1  299.9  352.5  303.1
 1000.0     94   27.2   23.0     78  18.05    340      2  300.4  353.5  303.6
  977.0    300   25.8   21.6     78  16.90    290      5  300.9  350.8  303.9
  944.0    604   23.6   19.4     77  15.31    280      4  301.7  347.1  304.5
  925.0    784   22.4   18.2     77  14.43    260      3  302.2  345.0  304.8
  913.0    896   21.4   17.8     80  14.20    245      1  302.3  344.4  304.9
  886.0   1155   19.0   16.7     87  13.68    106      9  302.4  343.1  304.9
  882.0   1193   18.9   16.5     86  13.59     85     10  302.7  343.1  305.1
  850.0   1509   17.8   15.1     84  12.86    105     16  304.8  343.4  307.1
  822.0   1796   16.8   13.6     81  12.07    105     20  306.7  343.3  308.9
  776.0   2290   15.2   11.1     77  10.81    105     19  310.0  343.3  312.0
  700.0   3161   10.0    5.6     74   8.21    105     16  313.5  339.4  315.1
  688.0   3302    9.2    4.9     74   7.96    110     15  314.2  339.3  315.7
  640.0   3893    5.8    2.0     76   6.95     95      9  316.9  339.3  318.3
  617.0   4192    4.2    0.5     77   6.48    135     10  318.3  339.3  319.6
  573.0   4796    0.7   -2.5     79   5.60    135      9  321.1  339.6  322.2
  564.0   4925    0.0   -3.1     80   5.43    156      8  321.7  339.6  322.8
  532.0   5388   -2.8   -6.3     76   4.50    235      5  323.8  338.9  324.7
  512.0   5692   -4.6   -8.5     74   3.96    215      4  325.2  338.6  326.0
  500.0   5880   -5.7   -9.8     73   3.65    225      2  326.0  338.5  326.8
  493.0   5990   -6.4  -11.3     68   3.28    270      3  326.5  337.8  327.1
  484.0   6135   -7.3  -13.3     62   2.85    282      3  327.1  337.0  327.7
  474.0   6297   -8.2  -13.7     65   2.82    295      4  327.9  337.7  328.4
  456.0   6597  -10.0  -14.5     70   2.75     15      5  329.3  339.0  329.9
  455.0   6614  -10.1  -14.5     70   2.75     15      5  329.4  339.1  330.0
  442.0   6838  -11.3  -14.9     75   2.74     13      6  330.6  340.3  331.2
  438.0   6907  -11.5  -15.6     72   2.61     12      6  331.2  340.5  331.8
  432.0   7013  -11.5  -18.5     56   2.07     11      7  332.6  340.0  333.0
  410.0   7413  -14.1  -18.2     71   2.24      7      8  334.2  342.3  334.7
  400.0   7600  -14.9  -20.9     60   1.82      5      9  335.5  342.2  335.9
  389.0   7810  -16.2  -22.7     57   1.60     15      8  336.5  342.5  336.9
  378.0   8025  -17.5  -24.5     54   1.40      4      8  337.6  342.8  337.9
  374.0   8104  -18.2  -24.8     56   1.37      0      8  337.7  342.9  338.0
  359.0   8407  -20.7  -26.1     62   1.27      0      5  338.2  343.1  338.5
  348.0   8637  -22.7  -27.1     67   1.20     20      7  338.6  343.2  338.9
  345.0   8700  -23.0  -28.0     64   1.11     25      7  339.0  343.2  339.2
  331.0   9002  -24.7  -32.3     49   0.77     45      8  340.8  343.8  341.0
  324.0   9158  -25.5  -34.5     43   0.64     45      9  341.7  344.3  341.9
  305.0   9592  -28.9  -38.9     38   0.43     45     12  342.9  344.7  343.0
  300.0   9710  -29.7  -39.7     37   0.41     45     13  343.4  345.1  343.5
  257.0  10788  -38.7  -43.4     61   0.32     55     22  345.6  347.0  345.7
  251.0  10953  -40.1  -44.0     66   0.31     59     23  345.9  347.2  346.0
  250.0  10980  -40.1                          60     23  346.3         346.3
  215.0  11980  -48.4                          75     32  348.8         348.8
  200.0  12460  -52.3                          65     25  349.8         349.8
  170.0  13477  -61.0                          35      7  352.0         352.0
  162.0  13778  -63.6                           5      3  352.5         352.5
  154.0  14095  -66.3                         245      5  353.0         353.0
  150.0  14260  -67.7                         265      9  353.3         353.3
  147.0  14377  -68.5                         280     10  353.9         353.9
  132.0  15000  -72.9                         230     24  357.1         357.1
  107.0  16217  -81.5                         215     26  362.9         362.9
  104.0  16381  -82.7                         215     22  363.6         363.6
  102.0  16490  -82.6                         210     18  365.8         365.8
  100.0  16600  -82.5                         200     12  368.1         368.1
   97.0  16771  -82.5                         180      5  371.4         371.4
   92.0  17068  -82.4                         200      4  377.2         377.2
   86.7  17401  -82.3                         187      6  383.8         383.8
   84.0  17580  -78.7                         180      6  394.6         394.6
   82.0  17717  -79.3                         175      7  396.0         396.0
   80.3  17837  -79.9                         181     10  397.2         397.2
   78.0  18004  -76.8                         190     13  407.1         407.1
   76.1  18147  -74.1                         176     10  415.5         415.5
   74.0  18311  -72.1                         160      7  423.1         423.1
   73.8  18327  -71.9                         167      7  423.8         423.8
   70.0  18640  -71.9                         310     13  430.2         430.2
   64.0  19162  -73.2                         295     29  438.5         438.5
   55.0  20044  -75.5                         250      4  452.7         452.7
   52.9  20268  -75.7                         358     10  457.3         457.3
   52.0  20369  -73.1                          45     12  465.5         465.5
   50.0  20600  -67.3                          80     21  484.5         484.5
   49.8  20624  -66.9                          83     22  486.0         486.0
   49.0  20722  -65.3                          95     27  492.0         492.0
   48.5  20784  -64.3                          96     30  495.8         495.8
   45.0  21237  -66.3                         100     52  501.6         501.6
   41.9  21668  -68.3                         100     43  507.1         507.1
   38.6  22162  -65.3                         100     45  526.7         526.7
   38.0  22258  -62.9                         100     45  535.2         535.2
   37.9  22274  -62.5                         100     45  536.6         536.6
   33.9  22970  -56.5                         100     49  569.8         569.8
   30.8  23574  -58.1                         100     52  581.3         581.3
   30.0  23740  -56.1                         100     53  591.1         591.1
   29.2  23913  -53.7                          98     53  602.3         602.3
   23.0  25465  -49.2                          80     50  657.9         657.9
   21.4  25934  -47.9                          80     48  675.6         675.6
   20.0  26380  -47.9                          80     46  688.8         688.8
   18.9  26752  -48.9                          80     46  696.9         696.9
   15.7  27981  -44.9                          80     47  747.9         747.9
   14.0  28745  -45.6                          80     47  770.4         770.4
   13.4  29037  -45.9                          89     33  779.1         779.1
   13.0  29240  -45.1                          95     23  788.8         788.8
   12.0  29776  -42.9                                     814.7         814.7
</PRE><H3>Station information and sounding indices</H3><PRE>
                         Station identifier: WAAA
                             Station number: 97180
                           Observation time: 180512/0000
                           Station latitude: -5.06
                          Station longitude: 119.55
                          Station elevation: 14.0
                            Showalter index: -0.17
                               Lifted index: -3.01
    LIFT computed using virtual temperature: -3.45
                                SWEAT index: 215.21
                                    K index: 34.20
                         Cross totals index: 20.80
                      Vertical totals index: 23.50
                        Totals totals index: 44.30
      Convective Available Potential Energy: 727.48
             CAPE using virtual temperature: 845.96
                      Convective Inhibition: -18.05
             CINS using virtual temperature: -11.10
                           Equilibrum Level: 190.79
 Equilibrum Level using virtual temperature: 190.19
                   Level of Free Convection: 892.96
             LFCT using virtual temperature: 902.39
                     Bulk Richardson Number: 40.15
          Bulk Richardson Number using CAPV: 46.68
  Temp [K] of the Lifted Condensation Level: 294.00
Pres [hPa] of the Lifted Condensation Level: 924.79
     Mean mixed layer potential temperature: 300.66
              Mean mixed layer mixing ratio: 17.12
              1000 hPa to 500 hPa thickness: 5786.00
Precipitable water [mm] for entire sounding: 57.16
</PRE>
<P>Description of the 
<A HREF="/upperair/columns.html">data columns</A>
or <A HREF="/upperair/indices.html">sounding indices</A>.

<P>
<FORM>
<INPUT CLASS="button" TYPE="button" VALUE=" Close this window " 
 onClick="window.close();">
<INPUT CLASS="button" TYPE="button" VALUE=" Select another map " 
 onClick="window.blur();">
</FORM>
<HR SIZE="1">
<I>Interested in graduate studies in atmospheric science?
Check out our program at the
<a href="http://www.uwyo.edu/atsc/howtoapply/"
target=_top>University of Wyoming
</a></I>
<HR SIZE="1"><FONT SIZE="-1">
Questions about the weather data provided by this site can be
addressed to <A HREF="mailto:ldoolman@uwyo.edu">
Larry Oolman (ldoolman@uwyo.edu)</A></FONT>
<HR SIZE="1">
<SCRIPT TYPE="text/javascript">
<!--
window.focus();
// -->
</SCRIPT>
</BODY>
</HTML>
