2016-07-28 12
<HTML>
<TITLE>University of Wyoming - Radiosonde Data</TITLE>
<LINK REL="StyleSheet" HREF="/resources/select.css" TYPE="text/css">
<BODY BGCOLOR="white">
<H2>97180 WAAA Ujung Pandang Observations at 00Z 28 Jul 2016</H2>
<PRE>
-----------------------------------------------------------------------------
   PRES   HGHT   TEMP   DWPT   RELH   MIXR   DRCT   SKNT   THTA   THTE   THTV
    hPa     m      C      C      %    g/kg    deg   knot     K      K      K 
-----------------------------------------------------------------------------
 1011.0     14   23.8   20.1     80  14.88     95      4  296.0  339.0  298.7
 1004.0     74   24.8   18.8     69  13.79    117      4  297.6  337.8  300.1
 1001.0    100   25.8   19.8     69  14.75    127      4  298.9  342.0  301.5
 1000.0    109   25.8   19.8     69  14.76    130      4  298.9  342.2  301.6
  978.0    303   24.5   18.8     70  14.14    155      4  299.5  341.1  302.1
  925.0    790   21.2   16.2     73  12.68    100      8  301.0  338.5  303.3
  913.0    902   20.7   15.7     73  12.45     90     11  301.6  338.5  303.8
  850.0   1518   17.8   13.1     74  11.27     90      8  304.8  338.7  306.8
  830.0   1722   16.0   13.9     87  12.17     90      7  305.0  341.6  307.2
  816.0   1867   15.0   12.7     86  11.43     90      6  305.4  339.9  307.5
  806.0   1972   15.8    8.8     63   8.89     90      5  307.3  334.6  309.0
  794.0   2100   15.0    5.7     53   7.26     90      4  307.8  330.3  309.2
  781.0   2240   14.2    2.2     44   5.78    135      3  308.4  326.4  309.4
  767.0   2393   13.5    1.1     43   5.41    185      1  309.2  326.3  310.3
  752.0   2559   12.8   -0.2     41   5.04    268      2  310.2  326.2  311.2
  740.0   2694   11.9    2.3     52   6.13    335      2  310.7  330.0  311.9
  727.0   2843   11.0    5.0     66   7.58    337      2  311.2  335.0  312.7
  700.0   3159    8.6    3.9     72   7.28    340      3  312.0  334.9  313.4
  688.0   3302    7.7    2.8     71   6.86      0      6  312.5  334.2  313.8
  679.0   3411    7.0    2.0     70   6.55     20      6  312.9  333.7  314.1
  664.0   3595    6.7   -2.2     53   4.91     55      7  314.6  330.4  315.5
  649.0   3783    6.4   -6.6     39   3.61     66      8  316.3  328.2  317.0
  637.0   3937    5.8  -10.2     31   2.78     76      9  317.3  326.6  317.9
  631.0   4014    5.6   -5.4     45   4.07     81      9  317.9  331.4  318.7
  617.0   4198    5.0   -9.0     36   3.15     92     10  319.3  329.9  319.9
  605.0   4358    3.6   -3.4     60   4.95    102     11  319.5  335.8  320.4
  595.0   4493    2.7   -5.9     53   4.15    110     12  320.0  333.8  320.8
  573.0   4797    0.8  -11.6     39   2.76    115     15  321.2  330.6  321.8
  564.0   4925    0.0  -14.0     34   2.31    108     14  321.7  329.7  322.2
  545.0   5199   -2.3  -15.3     36   2.15     92     11  322.1  329.6  322.6
  534.0   5361   -3.5  -19.5     28   1.54     83      9  322.6  328.0  322.9
  531.0   5406   -3.7  -21.5     24   1.30     80      9  322.8  327.5  323.1
  529.0   5436   -3.9  -22.9     21   1.15     83      9  323.0  327.1  323.2
  527.0   5465   -3.9  -29.9     11   0.61     85     10  323.3  325.6  323.4
  523.0   5526   -4.3  -24.3     19   1.03     90     11  323.6  327.3  323.8
  522.0   5541   -4.3  -27.3     15   0.79     92     11  323.7  326.6  323.9
  521.0   5556   -4.3  -29.3     12   0.65     93     11  323.9  326.3  324.0
  520.0   5571   -4.5  -33.5      8   0.44     94     11  323.8  325.5  323.9
  519.0   5586   -4.5  -33.5      8   0.44     96     12  324.0  325.7  324.1
  518.0   5601   -4.7  -26.7     16   0.84     97     12  323.9  327.0  324.1
  517.0   5617   -4.7  -13.7     49   2.58     98     12  324.1  333.1  324.6
  515.0   5647   -4.9  -11.9     58   3.00    101     12  324.2  334.6  324.8
  513.0   5678   -5.1  -13.1     53   2.73    104     13  324.4  333.8  324.9
  512.0   5693   -5.0  -15.0     45   2.34    105     13  324.6  332.8  325.1
  506.0   5786   -4.7  -26.7     16   0.86    110     14  326.1  329.3  326.3
  500.0   5880   -5.5  -24.5     21   1.06    115     15  326.3  330.1  326.5
  478.0   6233   -6.9  -30.9     13   0.61    115     14  328.8  331.1  328.9
  456.0   6598  -10.0  -23.9     31   1.22    115     13  329.3  333.8  329.6
  454.0   6633  -10.3  -23.3     34   1.30    114     13  329.4  334.1  329.6
  449.0   6718  -11.1  -18.1     56   2.06    112     14  329.4  336.8  329.8
  447.0   6752  -11.3  -18.3     56   2.03    111     14  329.6  336.9  330.0
  446.0   6769  -11.5  -16.3     68   2.41    110     14  329.5  338.1  330.0
  445.0   6787  -11.3  -21.3     43   1.58    110     14  330.0  335.7  330.3
  444.0   6804  -11.1  -22.1     40   1.47    109     15  330.5  335.9  330.8
  443.0   6821  -11.3  -19.3     52   1.88    109     15  330.4  337.2  330.8
  441.0   6856  -11.7  -17.7     61   2.17    108     15  330.4  338.1  330.8
  439.0   6891  -11.7  -17.7     61   2.18    107     15  330.8  338.6  331.2
  437.0   6926  -11.9  -18.9     56   1.98    106     16  331.0  338.1  331.4
  436.0   6944  -11.9  -22.9     40   1.40    106     16  331.2  336.3  331.5
  435.0   6961  -12.1  -20.1     51   1.79    105     16  331.1  337.6  331.5
  432.0   7014  -12.1  -27.1     28   0.97    104     16  331.8  335.4  332.0
  425.0   7139  -12.9  -29.9     23   0.76    100     17  332.3  335.2  332.5
  419.0   7248  -13.5  -24.5     39   1.26     97     18  332.9  337.6  333.2
  405.0   7506  -15.1  -26.1     39   1.13     90     20  334.1  338.3  334.3
  400.0   7600  -15.7  -26.7     38   1.08     90     19  334.5  338.6  334.7
  385.0   7886  -16.7  -32.7     24   0.64     90     18  336.9  339.4  337.0
  317.0   9299  -27.6  -43.6     20   0.25     90     14  340.9  342.0  341.0
  300.0   9700  -30.7  -46.7     19   0.19     70     14  342.0  342.8  342.0
  292.0   9890  -32.2  -48.0     19   0.17     70     15  342.4  343.2  342.5
  274.0  10339  -35.9  -50.9     20   0.13     74     19  343.4  344.0  343.5
  257.0  10782  -39.9  -47.9     42   0.20     78     23  343.9  344.7  343.9
  250.0  10970  -41.7                          80     25  343.9         343.9
  245.0  11103  -42.8                          80     27  344.3         344.3
  200.0  12440  -53.5                          50     37  347.9         347.9
  195.0  12598  -54.8                          50     36  348.4         348.4
  150.0  14230  -67.9                         100     30  352.9         352.9
  146.0  14388  -69.2                         100     32  353.5         353.5
  125.0  15298  -76.3                          65     41  356.5         356.5
  123.0  15392  -77.1                          66     41  356.8         356.8
  112.0  15922  -81.5                          70     39  358.2         358.2
  107.0  16176  -83.5                          72     38  359.1         359.1
  103.0  16386  -84.7                          74     37  360.8         360.8
  101.0  16495  -83.1                          75     37  365.9         365.9
  100.0  16550  -82.3                          80     36  368.5         368.5
   96.8  16732  -82.3                         100     34  371.9         371.9
   96.0  16779  -81.4                         105     33  374.6         374.6
   90.1  17142  -74.5                         105     32  395.1         395.1
   86.0  17415  -73.3                         105     31  402.9         402.9
   82.0  17695  -72.0                          75     17  411.0         411.0
   79.9  17848  -71.3                          34     10  415.5         415.5
   78.0  17990  -71.4                         355      3  418.2         418.2
   74.0  18301  -71.5                          70      4  424.2         424.2
   70.0  18630  -71.7                          70      8  430.7         430.7
   67.0  18888  -72.2                         105     16  435.1         435.1
   64.0  19157  -72.7                         115     28  439.8         439.8
   61.3  19410  -73.1                         102     27  444.2         444.2
   60.0  19536  -72.9                          95     27  447.4         447.4
   56.6  19879  -72.3                         105     38  456.3         456.3
   55.1  20039  -66.7                         110     44  472.6         472.6
   55.0  20050  -66.7                         110     44  472.9         472.9
   52.0  20390  -65.5                         100     44  483.3         483.3
   51.5  20449  -65.3                          98     41  485.1         485.1
   50.0  20630  -62.1                          90     30  496.7         496.7
   48.9  20769  -58.1                          86     25  509.4         509.4
   45.0  21289  -60.5                          70      4  515.7         515.7
   44.1  21416  -61.1                         112      4  517.3         517.3
   43.0  21573  -61.4                         165      3  520.3         520.3
   42.0  21719  -61.7                         163      3  523.1         523.1
   41.0  21870  -59.4                         160      2  532.5         532.5
   40.2  21993  -57.5                         201      6  540.2         540.2
   39.0  22184  -57.6                         265     11  544.7         544.7
   34.0  23050  -58.0                         280     32  565.5         565.5
   30.0  23840  -58.3                         255     32  585.1         585.1
   28.2  24227  -59.1                         246     28  593.3         593.3
   28.0  24272  -58.9                         245     27  595.2         595.2
   22.5  25658  -51.9                         299     25  654.2         654.2
   22.0  25804  -51.6                         305     25  659.3         659.3
   20.0  26420  -50.3                         290     26  681.5         681.5
   19.0  26754  -50.5                         275     26  691.0         691.0
   18.9  26789  -50.5                                     691.9         691.9
</PRE><H3>Station information and sounding indices</H3><PRE>
                         Station identifier: WAAA
                             Station number: 97180
                           Observation time: 160728/0000
                           Station latitude: -5.06
                          Station longitude: 119.55
                          Station elevation: 14.0
                            Showalter index: 1.93
                               Lifted index: 1.14
    LIFT computed using virtual temperature: 0.55
                                SWEAT index: 188.20
                                    K index: 31.70
                         Cross totals index: 18.60
                      Vertical totals index: 23.30
                        Totals totals index: 41.90
      Convective Available Potential Energy: 0.00
             CAPE using virtual temperature: 5.18
                      Convective Inhibition: 0.00
             CINS using virtual temperature: -203.18
 Equilibrum Level using virtual temperature: 517.26
             LFCT using virtual temperature: 548.42
                     Bulk Richardson Number: 0.00
          Bulk Richardson Number using CAPV: 2.22
  Temp [K] of the Lifted Condensation Level: 290.70
Pres [hPa] of the Lifted Condensation Level: 904.96
     Mean mixed layer potential temperature: 299.13
              Mean mixed layer mixing ratio: 14.17
              1000 hPa to 500 hPa thickness: 5771.00
Precipitable water [mm] for entire sounding: 42.38
</PRE>
<P>Description of the 
<A HREF="/upperair/columns.html">data columns</A>
or <A HREF="/upperair/indices.html">sounding indices</A>.

<P>
<FORM>
<INPUT CLASS="button" TYPE="button" VALUE=" Close this window " 
 onClick="window.close();">
<INPUT CLASS="button" TYPE="button" VALUE=" Select another map " 
 onClick="window.blur();">
</FORM>
<HR SIZE="1">
<I>Interested in graduate studies in atmospheric science?
Check out our program at the
<a href="http://www.uwyo.edu/atsc/howtoapply/"
target=_top>University of Wyoming
</a></I>
<HR SIZE="1"><FONT SIZE="-1">
Questions about the weather data provided by this site can be
addressed to <A HREF="mailto:ldoolman@uwyo.edu">
Larry Oolman (ldoolman@uwyo.edu)</A></FONT>
<HR SIZE="1">
<SCRIPT TYPE="text/javascript">
<!--
window.focus();
// -->
</SCRIPT>
</BODY>
</HTML>
