2017-02-11 12
<HTML>
<TITLE>University of Wyoming - Radiosonde Data</TITLE>
<LINK REL="StyleSheet" HREF="/resources/select.css" TYPE="text/css">
<BODY BGCOLOR="white">
<H2>97180 WAAA Ujung Pandang Observations at 00Z 11 Feb 2017</H2>
<PRE>
-----------------------------------------------------------------------------
   PRES   HGHT   TEMP   DWPT   RELH   MIXR   DRCT   SKNT   THTA   THTE   THTV
    hPa     m      C      C      %    g/kg    deg   knot     K      K      K 
-----------------------------------------------------------------------------
 1010.0     14   25.2   23.5     90  18.44      0      0  297.5  351.1  300.8
 1006.0     48   25.4   21.3     78  16.13     56      2  298.0  345.1  300.9
 1002.0     83   26.8   20.8     70  15.69    112      5  299.8  345.9  302.6
 1000.0    100   27.8   20.8     66  15.73    140      6  300.9  347.4  303.8
  996.0    136   28.0   20.0     62  15.01    154      5  301.5  345.9  304.2
  978.0    296   27.2   19.2     62  14.50    220      3  302.2  345.3  304.9
  945.0    599   25.6   17.6     61  13.58    300     11  303.6  344.2  306.1
  941.0    637   25.4   17.4     61  13.47    300     11  303.8  344.1  306.2
  925.0    787   24.0   17.0     65  13.35    300     12  303.8  343.8  306.3
  850.0   1521   18.0   14.6     81  12.44    275     22  305.0  342.4  307.3
  822.0   1807   15.8   13.8     88  12.21    269     22  305.6  342.4  307.8
  739.0   2701   10.7   10.0     96  10.55    250     23  309.4  341.9  311.4
  714.0   2990    9.0    8.8     99  10.05    250     20  310.7  341.7  312.5
  700.0   3154    8.4    8.2     99   9.84    250     19  311.8  342.3  313.6
  663.0   3601    5.4    4.7     95   8.14    249     19  313.3  338.9  314.8
  643.0   3852    3.6    2.8     95   7.33    248     19  314.0  337.2  315.4
  632.0   3992    2.6   -0.6     79   5.83    247     19  314.4  333.0  315.5
  631.0   4004    2.4   -2.6     70   5.03    247     19  314.3  330.5  315.2
  627.0   4056    3.6   -2.4     65   5.14    247     19  316.2  332.9  317.2
  612.0   4253    3.6   -4.4     56   4.53    247     19  318.4  333.4  319.3
  607.0   4319    3.2   -4.8     56   4.43    246     19  318.7  333.3  319.6
  605.0   4346    2.8   -1.5     73   5.70    246     19  318.6  337.1  319.6
  594.0   4494    1.6   -1.1     82   5.98    246     19  318.8  338.3  320.0
  592.0   4521    1.4   -0.9     85   6.09    246     19  318.9  338.7  320.1
  583.0   4645    1.4   -3.1     72   5.25    245     19  320.3  337.6  321.3
  580.0   4687    1.8   -6.2     55   4.17    245     19  321.2  335.2  322.1
  572.0   4798    1.2   -5.2     62   4.55    245     19  321.8  336.9  322.7
  570.0   4827    1.0   -5.0     64   4.65    246     19  321.9  337.4  322.8
  547.0   5157    0.0  -13.0     37   2.58    258     18  324.5  333.5  325.0
  532.0   5379   -1.7  -15.7     34   2.13    267     18  325.1  332.6  325.5
  527.0   5454   -2.1  -10.1     54   3.38    269     18  325.5  337.1  326.1
  500.0   5870   -4.9  -12.9     53   2.85    285     17  327.0  336.9  327.6
  492.0   5997   -5.4  -13.4     53   2.78    285     18  327.9  337.6  328.5
  484.0   6126   -5.9  -13.9     53   2.71    293     17  328.8  338.4  329.4
  438.0   6898  -12.5  -16.2     74   2.49    340     12  330.0  338.8  330.5
  426.0   7113  -14.3  -16.8     81   2.42    328     14  330.3  338.9  330.8
  400.0   7590  -16.3  -19.4     77   2.07    300     17  333.7  341.2  334.1
  398.0   7628  -16.3  -19.6     76   2.04    298     17  334.2  341.6  334.6
  362.0   8336  -21.1  -26.0     65   1.28    268     22  336.9  341.8  337.2
  336.0   8883  -24.7  -27.2     80   1.23    245     25  339.3  344.0  339.5
  331.0   8992  -25.5  -27.9     80   1.17    240     26  339.6  344.1  339.9
  319.0   9259  -27.5  -29.8     81   1.02    240     22  340.5  344.4  340.7
  314.0   9373  -27.7  -32.1     66   0.83    240     20  341.7  345.0  341.9
  300.0   9700  -30.1  -34.0     69   0.72    240     15  342.8  345.7  343.0
  292.0   9891  -31.8  -35.3     71   0.65    235     12  343.1  345.7  343.3
  283.0  10112  -33.7  -36.9     73   0.57    242      7  343.4  345.8  343.6
  279.0  10211  -34.5  -38.0     70   0.52    245      5  343.7  345.8  343.8
  268.0  10490  -36.7  -41.3     63   0.39    145      2  344.4  346.0  344.5
  256.0  10807  -39.2  -45.0     55   0.27    175      5  345.2  346.4  345.3
  253.0  10889  -39.9  -45.9     53   0.25    170      6  345.4  346.5  345.5
  250.0  10970  -40.7                         165      8  345.4         345.4
  234.0  11409  -44.5                         165     13  346.2         346.2
  200.0  12450  -53.7                         105     14  347.6         347.6
  195.0  12606  -55.2                         100     16  347.6         347.6
  150.0  14220  -71.1                          70     39  347.4         347.4
  146.0  14379  -72.9                          70     43  347.0         347.0
  138.0  14704  -75.4                          70     52  348.3         348.3
  132.0  14961  -77.3                          71     59  349.3         349.3
  122.0  15409  -79.9                          74     71  352.5         352.5
  118.0  15596  -80.5                          75     76  354.8         354.8
  115.0  15741  -80.9                          72     66  356.6         356.6
  111.0  15942  -77.3                          67     53  367.0         367.0
  101.0  16483  -76.2                          55     18  379.1         379.1
  100.0  16540  -76.1                          50     16  380.4         380.4
   96.0  16773  -77.4                         350     12  382.4         382.4
   86.0  17401  -80.9                         250     18  387.6         387.6
   85.9  17407  -80.9                         250     18  387.6         387.6
   82.0  17672  -78.4                         255      6  397.9         397.9
   79.7  17834  -76.9                         254      8  404.3         404.3
   70.0  18580  -77.1                         250     15  419.1         419.1
   66.0  18917  -78.2                         215     10  423.8         423.8
   65.7  18943  -78.3                         213     10  424.2         424.2
   60.3  19439  -72.5                         177     17  447.6         447.6
   60.0  19469  -72.5                         175     17  448.3         448.3
   57.0  19770  -72.4                         130      8  455.0         455.0
   54.0  20088  -72.4                         285      4  462.3         462.3
   50.6  20470  -72.3                         260     11  471.1         471.1
   50.0  20540  -72.1                         255     12  473.2         473.2
   49.0  20659  -71.8                         245     12  476.6         476.6
   46.2  21006  -70.9                         222      7  486.9         486.9
   46.0  21032  -70.7                         220      7  487.9         487.9
   44.0  21298  -68.9                          95      6  498.6         498.6
   42.1  21562  -67.1                         114      5  509.4         509.4
   42.0  21576  -66.8                         115      5  510.4         510.4
   40.0  21876  -61.2                           0      5  531.6         531.6
   39.4  21969  -59.5                         348     11  538.3         538.3
   38.0  22196  -59.3                         320     26  544.5         544.5
   35.0  22712  -58.7                         280     38  558.9         558.9
   31.1  23453  -57.9                         276     33  580.2         580.2
   30.0  23680  -58.3                         275     32  585.1         585.1
   29.0  23890  -58.8                         275     28  589.3         589.3
   26.0  24568  -60.6                         265     16  603.0         603.0
   25.5  24689  -60.9                         267     16  605.5         605.5
   24.0  25066  -58.8                         275     18  622.1         622.1
   22.8  25386  -57.1                         269     16  636.4         636.4
   21.0  25903  -56.7                         260     13  652.6         652.6
   20.0  26210  -56.5                         330      5  662.5         662.5
   19.0  26537  -55.0                         305      7  677.1         677.1
   18.6  26673  -54.3                         293      8  683.2         683.2
   16.0  27639  -53.7                         205     16  715.3         715.3
   15.0  28054  -53.4                         235     11  729.5         729.5
   14.6  28227  -53.3                         216     14  735.5         735.5
   13.0  28971  -55.3                         136     28  753.4         753.4
   12.0  29481  -55.3                          80     37  770.8         770.8
   11.5  29753  -55.3                                     780.3         780.3
</PRE><H3>Station information and sounding indices</H3><PRE>
                         Station identifier: WAAA
                             Station number: 97180
                           Observation time: 170211/0000
                           Station latitude: -5.06
                          Station longitude: 119.55
                          Station elevation: 14.0
                            Showalter index: 1.02
                               Lifted index: -0.18
    LIFT computed using virtual temperature: -0.60
                                SWEAT index: 236.21
                                    K index: 37.30
                         Cross totals index: 19.50
                      Vertical totals index: 22.90
                        Totals totals index: 42.40
      Convective Available Potential Energy: 181.39
             CAPE using virtual temperature: 237.25
                      Convective Inhibition: -88.78
             CINS using virtual temperature: -74.76
                           Equilibrum Level: 318.46
 Equilibrum Level using virtual temperature: 318.17
                   Level of Free Convection: 783.12
             LFCT using virtual temperature: 796.55
                     Bulk Richardson Number: 6.06
          Bulk Richardson Number using CAPV: 7.93
  Temp [K] of the Lifted Condensation Level: 291.00
Pres [hPa] of the Lifted Condensation Level: 882.22
     Mean mixed layer potential temperature: 301.63
              Mean mixed layer mixing ratio: 14.85
              1000 hPa to 500 hPa thickness: 5770.00
Precipitable water [mm] for entire sounding: 54.82
</PRE>
<P>Description of the 
<A HREF="/upperair/columns.html">data columns</A>
or <A HREF="/upperair/indices.html">sounding indices</A>.

<P>
<FORM>
<INPUT CLASS="button" TYPE="button" VALUE=" Close this window " 
 onClick="window.close();">
<INPUT CLASS="button" TYPE="button" VALUE=" Select another map " 
 onClick="window.blur();">
</FORM>
<HR SIZE="1">
<I>Interested in graduate studies in atmospheric science?
Check out our program at the
<a href="http://www.uwyo.edu/atsc/howtoapply/"
target=_top>University of Wyoming
</a></I>
<HR SIZE="1"><FONT SIZE="-1">
Questions about the weather data provided by this site can be
addressed to <A HREF="mailto:ldoolman@uwyo.edu">
Larry Oolman (ldoolman@uwyo.edu)</A></FONT>
<HR SIZE="1">
<SCRIPT TYPE="text/javascript">
<!--
window.focus();
// -->
</SCRIPT>
</BODY>
</HTML>
