2017-06-15 00
<HTML>
<TITLE>University of Wyoming - Radiosonde Data</TITLE>
<LINK REL="StyleSheet" HREF="/resources/select.css" TYPE="text/css">
<BODY BGCOLOR="white">
<H2>97180 WAAA Ujung Pandang Observations at 00Z 15 Jun 2017</H2>
<PRE>
-----------------------------------------------------------------------------
   PRES   HGHT   TEMP   DWPT   RELH   MIXR   DRCT   SKNT   THTA   THTE   THTV
    hPa     m      C      C      %    g/kg    deg   knot     K      K      K 
-----------------------------------------------------------------------------
 1010.0     14   24.4   23.1     92  17.98      0      0  296.7  348.8  299.9
 1009.0     22   23.4   19.5     79  14.35      7      0  295.8  337.2  298.3
 1007.0     38   23.6   19.8     79  14.66     21      1  296.2  338.6  298.8
 1005.0     55   23.6   19.9     80  14.78     35      1  296.3  339.1  298.9
 1001.0     88   25.2   21.8     81  16.73     63      2  298.3  347.1  301.2
 1000.0     96   25.6   21.6     79  16.54     70      2  298.8  347.1  301.7
  978.0    291   25.4   19.4     69  14.72    287      3  300.4  343.8  303.1
  977.0    300   25.3   19.4     70  14.69    280      3  300.5  343.7  303.1
  944.0    600   22.6   17.6     73  13.57    145      1  300.7  340.8  303.1
  941.0    628   22.4   17.4     73  13.47    145      1  300.7  340.5  303.2
  925.0    777   22.0   16.0     69  12.51    145      3  301.8  339.0  304.1
  912.0    900   21.5   15.0     66  11.88    125      3  302.5  337.9  304.7
  881.0   1200   20.2   12.5     61  10.43     80     10  304.2  335.6  306.1
  851.0   1501   19.0   10.0     56   9.14     65     17  305.9  333.8  307.6
  850.0   1511   18.8    9.8     56   9.02     65     17  305.8  333.3  307.5
  848.0   1531   18.8    9.8     56   9.04     66     17  306.0  333.6  307.7
  830.0   1715   20.0    4.0     35   6.18     74     16  309.2  328.5  310.3
  812.0   1904   20.6    2.6     30   5.72     82     16  311.8  329.9  312.8
  811.0   1915   20.6    2.6     30   5.72     82     16  311.9  330.1  312.9
  740.0   2691   14.5    3.1     46   6.52    115     13  313.5  334.2  314.8
  706.0   3090   11.4    3.4     58   6.97     98     15  314.3  336.4  315.6
  700.0   3161   11.0    3.0     58   6.83     95     15  314.6  336.4  315.9
  664.0   3600    9.0   -2.8     43   4.72     95     20  317.2  332.6  318.1
  653.0   3739    8.4   -4.6     39   4.18     99     19  318.0  331.8  318.8
  560.0   4991    0.0  -12.0     40   2.74    136     11  322.4  331.7  322.9
  552.0   5105   -0.8  -12.5     41   2.67    140     10  322.8  332.0  323.3
  532.0   5400   -2.7  -13.7     43   2.51    105     12  323.9  332.6  324.4
  524.0   5520   -3.5  -13.5     46   2.59    104     12  324.3  333.3  324.8
  522.0   5550   -3.5  -13.5     46   2.60    103     13  324.7  333.7  325.2
  519.0   5596   -3.3  -21.3     23   1.35    103     13  325.5  330.3  325.7
  500.0   5890   -4.9  -29.9     12   0.64    100     14  327.0  329.4  327.1
  493.0   6001   -5.7  -33.7      9   0.45    100     16  327.3  329.1  327.4
  448.0   6743  -12.1  -26.1     30   1.02    100     26  328.4  332.1  328.6
  422.0   7197  -16.6  -24.8     49   1.22    100     32  328.3  332.7  328.5
  417.0   7287  -17.5  -24.5     54   1.27     96     31  328.2  332.9  328.5
  412.0   7378  -18.1  -24.1     59   1.33     91     29  328.6  333.4  328.9
  410.0   7414  -17.5  -20.1     80   1.90     89     29  329.8  336.6  330.2
  402.0   7562  -16.7  -18.4     87   2.24     82     27  332.7  340.8  333.2
  401.0   7581  -16.5  -18.4     85   2.25     81     26  333.2  341.3  333.7
  400.0   7600  -16.7  -18.5     86   2.24     80     26  333.2  341.2  333.6
  389.0   7806  -18.0  -19.9     85   2.05     65     22  334.2  341.6  334.6
  354.0   8503  -22.3  -24.4     83   1.51     63     25  337.5  343.1  337.8
  300.0   9690  -31.5  -34.9     72   0.66     60     29  340.9  343.5  341.0
  259.0  10710  -39.9  -44.0     65   0.30     68     35  343.1  344.4  343.2
  250.0  10950  -42.1                          70     37  343.3         343.3
  222.0  11740  -48.9                          70     40  344.7         344.7
  204.0  12291  -51.3                          70     42  349.3         349.3
  200.0  12420  -51.9                          65     36  350.4         350.4
  192.0  12685  -52.5                          50     29  353.6         353.6
  177.0  13197  -56.5                          20     14  355.3         355.3
  169.0  13489  -58.8                         345     10  356.2         356.2
  161.0  13794  -61.2                         300      5  357.1         357.1
  153.0  14115  -63.7                         210      5  358.1         358.1
  150.0  14240  -64.7                         200      7  358.4         358.4
  146.0  14403  -66.1                         205      9  358.8         358.8
  126.0  15262  -71.1                         235     22  365.2         365.2
  113.0  15897  -74.8                         245     33  369.9         369.9
  102.0  16495  -78.2                         230     27  374.2         374.2
  100.0  16610  -78.9                         220     25  375.0         375.0
   92.0  17083  -81.7                         175     15  378.5         378.5
   87.0  17400  -80.8                         225     18  386.4         386.4
   79.1  17940  -79.3                         229     33  400.2         400.2
   78.0  18020  -78.9                         230     35  402.6         402.6
   75.4  18214  -77.9                         241     32  408.6         408.6
   73.2  18386  -73.1                         250     30  422.2         422.2
   71.0  18566  -72.4                         260     27  427.4         427.4
   70.0  18650  -72.1                         260     27  429.8         429.8
   64.0  19180  -71.3                         235     27  442.6         442.6
   60.9  19473  -70.9                         243     29  449.9         449.9
   60.0  19562  -68.7                         246     30  456.8         456.8
   54.8  20103  -69.9                         261     34  466.0         466.0
   53.9  20202  -69.1                         264     35  470.1         470.1
   53.3  20270  -65.5                         266     36  479.9         479.9
   52.0  20421  -65.0                         270     37  484.5         484.5
   50.0  20660  -64.1                         265     34  492.0         492.0
   45.0  21310  -60.8                         285     30  515.0         515.0
   44.0  21448  -60.1                         287     28  520.1         520.1
   39.0  22202  -59.0                         295     15  541.0         541.0
   37.0  22531  -58.5                         320      9  550.5         550.5
   36.0  22702  -58.3                         352      8  555.4         555.4
   35.0  22878  -58.7                          25      6  559.0         559.0
   34.0  23059  -59.0                          85     19  562.6         562.6
   30.8  23677  -60.3                          97     32  575.3         575.3
   30.0  23840  -60.7                         100     35  578.6         578.6
   29.0  24051  -60.5                          95     37  584.8         584.8
   27.0  24497  -60.0                          80     44  598.2         598.2
   24.0  25232  -59.3                         105     50  620.8         620.8
   23.4  25390  -59.1                         103     51  625.8         625.8
   22.0  25779  -55.3                          98     55  648.3         648.3
   20.0  26390  -52.9                          90     60  673.5         673.5
   17.0  27452  -50.5                          85     58  713.3         713.3
   14.0  28721  -47.6                         100     57  763.8         763.8
   13.4  29007  -46.9                                     775.7         775.7
</PRE><H3>Station information and sounding indices</H3><PRE>
                         Station identifier: WAAA
                             Station number: 97180
                           Observation time: 170615/0000
                           Station latitude: -5.06
                          Station longitude: 119.55
                          Station elevation: 14.0
                            Showalter index: 4.90
                               Lifted index: 0.60
    LIFT computed using virtual temperature: -0.13
                                SWEAT index: 165.60
                                    K index: 25.50
                         Cross totals index: 14.70
                      Vertical totals index: 23.70
                        Totals totals index: 38.40
      Convective Available Potential Energy: 95.41
             CAPE using virtual temperature: 131.13
                      Convective Inhibition: -448.18
             CINS using virtual temperature: -329.47
                           Equilibrum Level: 372.77
 Equilibrum Level using virtual temperature: 371.69
                   Level of Free Convection: 528.88
             LFCT using virtual temperature: 565.36
                     Bulk Richardson Number: 5.30
          Bulk Richardson Number using CAPV: 7.29
  Temp [K] of the Lifted Condensation Level: 291.70
Pres [hPa] of the Lifted Condensation Level: 911.72
     Mean mixed layer potential temperature: 299.52
              Mean mixed layer mixing ratio: 15.02
              1000 hPa to 500 hPa thickness: 5794.00
Precipitable water [mm] for entire sounding: 40.56
</PRE>
<P>Description of the 
<A HREF="/upperair/columns.html">data columns</A>
or <A HREF="/upperair/indices.html">sounding indices</A>.

<P>
<FORM>
<INPUT CLASS="button" TYPE="button" VALUE=" Close this window " 
 onClick="window.close();">
<INPUT CLASS="button" TYPE="button" VALUE=" Select another map " 
 onClick="window.blur();">
</FORM>
<HR SIZE="1">
<I>Interested in graduate studies in atmospheric science?
Check out our program at the
<a href="http://www.uwyo.edu/atsc/howtoapply/"
target=_top>University of Wyoming
</a></I>
<HR SIZE="1"><FONT SIZE="-1">
Questions about the weather data provided by this site can be
addressed to <A HREF="mailto:ldoolman@uwyo.edu">
Larry Oolman (ldoolman@uwyo.edu)</A></FONT>
<HR SIZE="1">
<SCRIPT TYPE="text/javascript">
<!--
window.focus();
// -->
</SCRIPT>
</BODY>
</HTML>
