2017-09-08 12
<HTML>
<TITLE>University of Wyoming - Radiosonde Data</TITLE>
<LINK REL="StyleSheet" HREF="/resources/select.css" TYPE="text/css">
<BODY BGCOLOR="white">
<H2>97180 WAAA Ujung Pandang Observations at 00Z 08 Sep 2017</H2>
<PRE>
-----------------------------------------------------------------------------
   PRES   HGHT   TEMP   DWPT   RELH   MIXR   DRCT   SKNT   THTA   THTE   THTV
    hPa     m      C      C      %    g/kg    deg   knot     K      K      K 
-----------------------------------------------------------------------------
 1009.0     14   23.8   22.0     90  16.81      0      0  296.2  344.8  299.2
 1008.0     23   26.8   18.8     62  13.74      8      1  299.3  339.6  301.7
 1000.0     94   27.6   16.6     51  12.02     75      5  300.8  336.3  302.9
  993.0    156   28.2   16.2     48  11.80     80      8  302.0  337.1  304.1
  977.0    299   27.0   15.4     49  11.40     90     14  302.1  336.1  304.2
  925.0    781   22.8   12.8     53  10.14    100     17  302.6  333.0  304.5
  909.0    933   21.4   12.4     56  10.05    100     20  302.7  332.8  304.5
  859.0   1423   18.2   11.2     64   9.81    100     29  304.3  333.9  306.1
  851.0   1504   18.4   11.4     64  10.03    100     31  305.3  335.6  307.1
  850.0   1514   18.4   11.4     64  10.05    100     31  305.4  335.9  307.2
  814.0   1886   19.2   10.2     56   9.69     90     23  310.1  340.0  311.9
  766.0   2402   15.0    8.2     64   9.02     75     12  310.9  338.9  312.6
  732.0   2788   11.8    6.8     71   8.54     85      9  311.5  338.1  313.1
  714.0   2996   11.3    5.2     66   7.85     90      7  313.2  338.0  314.7
  700.0   3162   11.0    4.0     62   7.33     75     12  314.6  337.9  316.0
  696.0   3210   11.2    3.2     58   6.97     75     13  315.4  337.6  316.7
  688.0   3305   10.5    2.6     58   6.77     75     15  315.7  337.3  316.9
  640.0   3903    6.2   -0.9     60   5.64     95     19  317.4  335.7  318.5
  633.0   3994    5.6   -1.4     61   5.49     91     19  317.7  335.5  318.7
  571.0   4829    0.0   -1.3     91   6.13     54     14  320.6  340.6  321.8
  512.0   5693   -5.4   -5.8     97   4.88     15     10  324.2  340.5  325.1
  503.0   5833   -6.3   -6.5     98   4.70     30     12  324.7  340.5  325.7
  500.0   5880   -6.5   -7.5     93   4.38     35     13  325.1  339.8  325.9
  494.0   5975   -6.3   -8.0     88   4.26     39     14  326.4  340.9  327.3
  492.0   6006   -6.5   -8.1     89   4.23     40     15  326.5  340.9  327.3
  472.0   6329   -9.1   -9.5     97   3.97     45     14  327.2  340.8  328.0
  470.0   6362   -8.9   -9.6     95   3.95     46     13  327.9  341.4  328.6
  468.0   6395   -8.7  -10.6     86   3.66     47     13  328.5  341.2  329.2
  466.0   6429   -8.5  -12.7     72   3.11     47     13  329.2  340.0  329.8
  465.0   6445   -7.7  -17.7     45   2.06     47     13  330.4  337.7  330.8
  443.0   6823   -6.9  -30.9     13   0.66     54     11  336.0  338.6  336.1
  439.0   6893   -7.4  -31.8     12   0.61     55     11  336.2  338.6  336.3
  422.0   7197   -9.7  -35.6     10   0.44     50      4  337.1  338.9  337.2
  406.0   7495  -11.8  -39.3      8   0.31    140      5  338.1  339.3  338.1
  400.0   7610  -12.7  -40.7      8   0.27    160      6  338.4  339.5  338.4
  390.0   7802  -14.1  -42.0      7   0.24    180      7  339.1  340.1  339.1
  381.0   7979  -15.3  -43.3      7   0.22    173      7  339.7  340.6  339.8
  332.0   8988  -23.9  -45.6     12   0.20    135      5  341.5  342.3  341.5
  319.0   9280  -26.4  -46.3     14   0.19    150      3  341.9  342.8  342.0
  306.0   9585  -29.1  -47.0     16   0.18     50      3  342.4  343.1  342.4
  300.0   9730  -30.3  -47.3     17   0.18     40      5  342.6  343.3  342.6
  293.0   9896  -31.6  -47.4     19   0.18     35      9  343.0  343.8  343.1
  271.0  10445  -35.9  -47.9     28   0.19     45     23  344.5  345.3  344.6
  260.0  10731  -38.3  -49.3     30   0.17     50     31  345.1  345.8  345.1
  250.0  11000  -39.5  -58.5     11   0.06     55     38  347.2  347.5  347.2
  248.0  11055  -39.9  -57.9     13   0.06     55     37  347.4  347.7  347.4
  246.0  11108  -40.4                          55     35  347.5         347.5
  215.0  12001  -48.3                          95     13  348.9         348.9
  200.0  12480  -52.5                         125     11  349.5         349.5
  179.0  13182  -59.5                         150      7  349.3         349.3
  174.0  13362  -61.3                         129      9  349.1         349.1
  162.0  13799  -64.0                          75     14  351.8         351.8
  154.0  14109  -65.9                          85     13  353.7         353.7
  150.0  14270  -66.9                         110      8  354.6         354.6
  147.0  14387  -67.8                         160      6  355.1         355.1
  140.0  14670  -70.0                         190      9  356.3         356.3
  126.0  15282  -74.7                         185     15  358.6         358.6
  108.0  16176  -81.7                          80     11  361.7         361.7
  106.0  16284  -82.5                          55     10  362.0         362.0
  102.0  16499  -81.8                           5      9  367.3         367.3
  100.0  16610  -81.5                         350      8  370.0         370.0
   97.0  16784  -80.0                         355     11  376.3         376.3
   92.0  17086  -77.3                          35     18  387.3         387.3
   87.0  17406  -74.4                           0      1  399.3         399.3
   86.8  17419  -74.3                         353      2  399.8         399.8
   83.0  17681  -73.7                         225     16  406.2         406.2
   71.0  18597  -71.5                         285     22  429.4         429.4
   70.0  18680  -71.3                         285     25  431.5         431.5
   66.8  18957  -69.5                         277     26  441.2         441.2
   60.9  19504  -71.5                         262     27  448.6         448.6
   58.1  19782  -69.3                         254     27  459.6         459.6
   55.0  20106  -70.2                         245     28  464.8         464.8
   51.0  20553  -71.5                         257     21  471.9         471.9
   50.0  20670  -70.5                         260     19  476.9         476.9
   49.2  20766  -68.5                         255     16  483.9         483.9
   47.4  20989  -69.9                         243      9  485.7         485.7
   47.0  21040  -69.4                         240      7  488.1         488.1
   45.0  21303  -66.7                         335      8  500.8         500.8
   43.3  21535  -64.3                          13     15  512.2         512.2
   43.0  21578  -64.1                          20     16  513.6         513.6
   41.0  21873  -62.9                          50     23  523.6         523.6
   39.0  22182  -61.6                          35     21  534.4         534.4
   37.0  22507  -60.3                          45     19  545.9         545.9
   36.1  22660  -59.7                          67     19  551.4         551.4
   35.0  22853  -59.9                          95     20  555.8         555.8
   32.7  23277  -60.3                          95     33  565.6         565.6
   32.0  23413  -58.5                          95     37  574.0         574.0
   31.5  23512  -57.1                          93     40  580.2         580.2
   30.0  23820  -58.5                          85     49  584.6         584.6
   28.7  24097  -60.7                          88     49  586.0         586.0
   28.0  24251  -60.4                          90     49  591.1         591.1
   24.6  25061  -58.5                          90     56  618.7         618.7
   21.0  26065  -54.8                          90     64  658.5         658.5
   20.9  26095  -54.7                          90     64  659.7         659.7
   20.4  26249  -54.1                                     666.0         666.0
</PRE><H3>Station information and sounding indices</H3><PRE>
                         Station identifier: WAAA
                             Station number: 97180
                           Observation time: 170908/0000
                           Station latitude: -5.06
                          Station longitude: 119.55
                          Station elevation: 14.0
                            Showalter index: 2.15
                               Lifted index: 1.96
    LIFT computed using virtual temperature: 2.01
                                SWEAT index: 211.80
                                    K index: 29.30
                         Cross totals index: 17.90
                      Vertical totals index: 24.90
                        Totals totals index: 42.80
      Convective Available Potential Energy: 0.00
             CAPE using virtual temperature: 0.00
                      Convective Inhibition: 0.00
             CINS using virtual temperature: 0.00
                     Bulk Richardson Number: 0.00
          Bulk Richardson Number using CAPV: 0.00
  Temp [K] of the Lifted Condensation Level: 286.46
Pres [hPa] of the Lifted Condensation Level: 834.59
     Mean mixed layer potential temperature: 301.66
              Mean mixed layer mixing ratio: 11.68
              1000 hPa to 500 hPa thickness: 5786.00
Precipitable water [mm] for entire sounding: 45.21
</PRE>
<P>Description of the 
<A HREF="/upperair/columns.html">data columns</A>
or <A HREF="/upperair/indices.html">sounding indices</A>.

<P>
<FORM>
<INPUT CLASS="button" TYPE="button" VALUE=" Close this window " 
 onClick="window.close();">
<INPUT CLASS="button" TYPE="button" VALUE=" Select another map " 
 onClick="window.blur();">
</FORM>
<HR SIZE="1">
<I>Interested in graduate studies in atmospheric science?
Check out our program at the
<a href="http://www.uwyo.edu/atsc/howtoapply/"
target=_top>University of Wyoming
</a></I>
<HR SIZE="1"><FONT SIZE="-1">
Questions about the weather data provided by this site can be
addressed to <A HREF="mailto:ldoolman@uwyo.edu">
Larry Oolman (ldoolman@uwyo.edu)</A></FONT>
<HR SIZE="1">
<SCRIPT TYPE="text/javascript">
<!--
window.focus();
// -->
</SCRIPT>
</BODY>
</HTML>
