2018-09-28 12
<HTML>
<TITLE>University of Wyoming - Radiosonde Data</TITLE>
<LINK REL="StyleSheet" HREF="/resources/select.css" TYPE="text/css">
<BODY BGCOLOR="white">
<H2>97180 WAAA Ujung Pandang Observations at 00Z 28 Sep 2018</H2>
<PRE>
-----------------------------------------------------------------------------
   PRES   HGHT   TEMP   DWPT   RELH   MIXR   DRCT   SKNT   THTA   THTE   THTV
    hPa     m      C      C      %    g/kg    deg   knot     K      K      K 
-----------------------------------------------------------------------------
 1010.0     14   23.8   18.9     74  13.80      0      0  296.1  336.0  298.6
 1009.0     23   26.0   16.0     54  11.46    345      0  298.4  332.0  300.4
 1000.0    100   26.0   15.0     51  10.83    205      2  299.1  331.1  301.1
  996.0    135   26.6   15.6     51  11.31    190      3  300.1  333.5  302.1
  977.0    304   25.7   14.4     50  10.66    120      6  300.8  332.5  302.7
  944.0    605   24.0   12.3     48   9.58     90      9  302.1  330.8  303.8
  925.0    783   23.0   11.0     47   8.98    100      8  302.8  329.9  304.5
  913.0    896   22.4   10.2     46   8.62     95      9  303.3  329.3  304.9
  881.0   1204   20.6    8.0     44   7.70     65      6  304.6  328.0  306.0
  851.0   1503   18.9    5.9     43   6.87     85     13  305.8  326.9  307.1
  850.0   1513   18.8    5.8     43   6.85     85     13  305.8  326.9  307.1
  840.0   1614   18.2    4.2     39   6.19     81     12  306.2  325.4  307.4
  765.0   2404   12.3    1.2     47   5.50     50      5  308.1  325.4  309.2
  764.0   2415   12.2    1.2     47   5.49     47      5  308.2  325.4  309.2
  744.0   2637   12.8  -11.2     18   2.19    356      5  311.2  318.5  311.6
  738.0   2704   12.5  -10.6     19   2.33    340      5  311.5  319.2  312.0
  702.0   3120   10.4   -6.6     30   3.34    335     10  313.7  324.7  314.4
  700.0   3144   10.2   -6.8     30   3.30    335     10  313.8  324.6  314.4
  687.0   3300   10.1  -14.3     16   1.85    345      8  315.3  321.6  315.6
  679.0   3397   10.0  -19.0     11   1.26    358      8  316.3  320.7  316.5
  663.0   3595    9.4  -11.6     21   2.38     25      8  317.8  325.9  318.2
  657.0   3670    9.2   -8.8     27   3.01     40      7  318.4  328.5  318.9
  639.0   3897    7.9  -11.2     24   2.56     85      3  319.4  328.1  319.9
  616.0   4196    6.2  -14.3     21   2.05     85      2  320.9  328.0  321.3
  594.0   4492    4.6  -17.5     18   1.64    355      4  322.3  328.1  322.6
  573.0   4785    2.9  -20.6     16   1.31     20     10  323.7  328.4  323.9
  552.0   5090    1.2  -23.8     14   1.02     20      6  325.1  328.8  325.3
  538.0   5299    0.0  -26.0     12   0.86     37      7  326.1  329.3  326.2
  513.0   5678   -3.7  -20.7     25   1.44     68     10  326.1  331.3  326.4
  500.0   5880   -4.9  -21.9     25   1.33     85     11  327.0  331.8  327.3
  474.0   6293   -7.5  -24.9     23   1.08    115      8  328.8  332.8  329.0
  433.0   6992  -11.9  -29.9     21   0.74     69     10  331.8  334.7  332.0
  421.0   7204  -13.9  -29.7     25   0.78     55     10  331.9  334.9  332.1
  412.0   7368  -15.5  -29.5     29   0.81     66      9  331.9  335.0  332.1
  405.0   7497  -15.8  -35.6     17   0.45     75      8  333.1  334.9  333.2
  400.0   7590  -16.1  -40.1     11   0.29    100      7  334.0  335.2  334.0
  397.0   7647  -16.1  -44.1      7   0.19    108      7  334.7  335.5  334.7
  389.0   7796  -17.2  -45.1      7   0.18    130      8  335.2  336.0  335.3
  331.0   8981  -25.6  -53.0      6   0.08    105     13  339.5  339.8  339.5
  317.0   9298  -27.9  -55.1      6   0.07    110     14  340.5  340.8  340.6
  304.0   9606  -30.1  -57.1      5   0.06    140     16  341.5  341.8  341.6
  300.0   9700  -30.9  -57.9      5   0.05    150     17  341.7  341.9  341.7
  292.0   9888  -32.6  -57.9      6   0.05    155     21  342.0  342.2  342.0
  259.0  10720  -39.9  -57.9     13   0.06    140     21  343.1  343.4  343.1
  250.0  10960  -42.1                         135     21  343.3         343.3
  214.0  11992  -51.9                          95     27  343.7         343.7
  212.0  12054  -52.5                          92     29  343.7         343.7
  200.0  12430  -54.5                          70     39  346.3         346.3
  194.0  12623  -55.3                          70     44  348.0         348.0
  177.0  13202  -57.8                          65     22  353.2         353.2
  170.0  13457  -58.9                          87     18  355.5         355.5
  169.0  13494  -59.2                          90     17  355.6         355.6
  153.0  14108  -63.8                          80     13  358.0         358.0
  150.0  14230  -64.7                          80     13  358.4         358.4
  146.0  14386  -65.9                          90     13  359.1         359.1
  125.0  15282  -73.1                          50     21  362.4         362.4
  113.0  15865  -77.7                          55     24  364.4         364.4
  107.0  16180  -80.2                          85     20  365.4         365.4
  101.0  16513  -82.8                          90     16  366.4         366.4
  100.0  16570  -83.3                          85     16  366.5         366.5
   96.0  16798  -84.1                          60     22  369.3         369.3
   93.5  16945  -83.3                          55     14  373.6         373.6
   91.5  17067  -79.1                          51      7  384.3         384.3
   91.0  17098  -79.1                          50      5  384.8         384.8
   86.0  17421  -79.3                         230     10  390.6         390.6
   82.0  17692  -79.5                         195      7  395.6         395.6
   78.8  17920  -79.7                         147      6  399.8         399.8
   78.0  17978  -79.4                         135      6  401.5         401.5
   74.0  18280  -78.1                         135      8  410.5         410.5
   71.8  18453  -77.3                         105      9  415.7         415.7
   70.0  18600  -74.9                          80      9  423.8         423.8
   69.1  18675  -75.1                          81     11  425.0         425.0
   67.1  18846  -69.3                          82     15  441.1         441.1
   63.0  19220  -69.4                          85     24  448.9         448.9
   60.4  19470  -69.5                         107     28  454.1         454.1
   60.0  19510  -69.2                         110     29  455.7         455.7
   56.8  19838  -66.3                         102     34  469.4         469.4
   52.1  20354  -68.9                          90     43  475.1         475.1
   52.0  20366  -68.8                          90     43  475.5         475.5
   50.0  20600  -67.3                          85     46  484.5         484.5
   47.0  20972  -67.3                          87     49  493.1         493.1
   43.9  21388  -62.1                          90     52  515.5         515.5
   39.0  22124  -60.3                          95     58  537.8         537.8
   35.0  22798  -58.6                          85     61  559.0         559.0
   34.7  22851  -58.5                          86     59  560.8         560.8
   32.9  23189  -54.3                          89     47  580.5         580.5
   30.0  23780  -53.7                          95     25  597.6         597.6
   29.6  23866  -53.1                                     601.6         601.6
</PRE><H3>Station information and sounding indices</H3><PRE>
                         Station identifier: WAAA
                             Station number: 97180
                           Observation time: 180928/0000
                           Station latitude: -5.06
                          Station longitude: 119.55
                          Station elevation: 14.0
                            Showalter index: 7.95
                               Lifted index: 5.40
    LIFT computed using virtual temperature: 5.05
                                SWEAT index: 106.59
                                    K index: 12.50
                         Cross totals index: 10.70
                      Vertical totals index: 23.70
                        Totals totals index: 34.40
      Convective Available Potential Energy: 0.00
             CAPE using virtual temperature: 0.00
                      Convective Inhibition: 0.00
             CINS using virtual temperature: 0.00
                     Bulk Richardson Number: 0.00
          Bulk Richardson Number using CAPV: 0.00
  Temp [K] of the Lifted Condensation Level: 285.23
Pres [hPa] of the Lifted Condensation Level: 834.38
     Mean mixed layer potential temperature: 300.39
              Mean mixed layer mixing ratio: 10.76
              1000 hPa to 500 hPa thickness: 5780.00
Precipitable water [mm] for entire sounding: 26.84
</PRE>
<P>Description of the 
<A HREF="/upperair/columns.html">data columns</A>
or <A HREF="/upperair/indices.html">sounding indices</A>.

<P>
<FORM>
<INPUT CLASS="button" TYPE="button" VALUE=" Close this window " 
 onClick="window.close();">
<INPUT CLASS="button" TYPE="button" VALUE=" Select another map " 
 onClick="window.blur();">
</FORM>
<HR SIZE="1">
<I>Interested in graduate studies in atmospheric science?
Check out our program at the
<a href="http://www.uwyo.edu/atsc/howtoapply/"
target=_top>University of Wyoming
</a></I>
<HR SIZE="1"><FONT SIZE="-1">
Questions about the weather data provided by this site can be
addressed to <A HREF="mailto:ldoolman@uwyo.edu">
Larry Oolman (ldoolman@uwyo.edu)</A></FONT>
<HR SIZE="1">
<SCRIPT TYPE="text/javascript">
<!--
window.focus();
// -->
</SCRIPT>
</BODY>
</HTML>
