2016-12-24 00
<HTML>
<TITLE>University of Wyoming - Radiosonde Data</TITLE>
<LINK REL="StyleSheet" HREF="/resources/select.css" TYPE="text/css">
<BODY BGCOLOR="white">
<H2>97180 WAAA Ujung Pandang Observations at 00Z 24 Dec 2016</H2>
<PRE>
-----------------------------------------------------------------------------
   PRES   HGHT   TEMP   DWPT   RELH   MIXR   DRCT   SKNT   THTA   THTE   THTV
    hPa     m      C      C      %    g/kg    deg   knot     K      K      K 
-----------------------------------------------------------------------------
 1008.0     14   26.4   24.7     90  19.90    145      4  298.9  357.1  302.4
 1000.0     81   26.0   22.1     79  17.07     95      4  299.1  349.1  302.2
  976.0    296   25.9   20.8     74  16.12    315     10  301.1  348.7  304.0
  958.0    461   25.8   19.8     69  15.42    312     13  302.6  348.5  305.4
  925.0    770   22.8   18.2     75  14.43    305     19  302.6  345.5  305.2
  865.0   1350   18.4   15.4     83  12.88    289     27  303.9  342.4  306.2
  850.0   1500   17.8   14.8     83  12.61    285     29  304.8  342.7  307.1
  775.0   2282   12.4   11.4     94  11.04    289     25  307.1  340.7  309.2
  771.0   2325   11.8    9.0     83   9.43    290     24  306.9  335.7  308.7
  764.0   2402   12.8   10.5     86  10.53    290     24  308.9  341.2  310.8
  763.0   2413   13.0   10.7     86  10.70    290     24  309.1  342.0  311.1
  724.0   2853   12.6    6.6     67   8.51    290     25  313.4  340.1  315.0
  700.0   3134   10.6    5.6     71   8.21    290     25  314.2  340.1  315.8
  697.0   3170   10.2    4.2     66   7.47    289     25  314.1  337.8  315.6
  636.0   3930    8.0   -3.0     46   4.85    276     25  320.0  335.9  320.9
  596.0   4462    3.6   -2.4     65   5.41    266     25  320.9  338.7  321.9
  572.0   4794    1.9   -2.6     72   5.54    260     25  322.7  341.0  323.7
  546.0   5170    0.0   -2.9     81   5.69    287     18  324.7  343.7  325.8
  511.0   5697   -3.2   -7.2     74   4.39    325      7  327.0  341.9  327.9
  500.0   5870   -4.3   -8.6     72   4.02      0      7  327.7  341.5  328.5
  492.0   5997   -5.4   -9.1     75   3.93     20      7  327.9  341.4  328.7
  485.0   6110   -6.3   -9.5     78   3.86     26      8  328.1  341.4  328.9
  474.0   6290   -7.1   -9.8     81   3.86     36     10  329.3  342.6  330.1
  473.0   6306   -7.1   -9.9     80   3.83     37     10  329.5  342.8  330.3
  467.0   6406   -6.1  -13.1     58   3.00     42     11  331.9  342.6  332.6
  438.0   6903  -10.2  -14.5     71   2.86     70     15  332.9  343.1  333.5
  417.0   7283  -13.3  -15.5     84   2.76     89     18  333.6  343.5  334.2
  400.0   7600  -14.3  -18.8     69   2.18    105     20  336.3  344.3  336.8
  371.0   8168  -17.3  -25.3     50   1.33    116     22  339.6  344.7  339.9
  360.0   8389  -19.1  -27.3     48   1.14    120     23  340.2  344.5  340.4
  332.0   8984  -23.9  -32.6     45   0.75    125     21  341.5  344.4  341.6
  316.0   9347  -26.9  -35.9     42   0.57    118     20  342.2  344.5  342.4
  300.0   9720  -29.3  -36.3     51   0.57    110     19  344.0  346.3  344.1
  285.0  10083  -32.9  -37.9     61   0.51    101     25  343.9  346.0  344.0
  269.0  10483  -35.9  -42.2     52   0.35     90     31  345.2  346.7  345.3
  250.0  10990  -39.7  -47.7     42   0.21     95     39  346.9  347.8  346.9
  248.0  11045  -39.9  -47.9     42   0.20     95     39  347.4  348.3  347.4
  200.0  12480  -51.7                         105     52  350.7         350.7
  179.0  13174  -57.7                         110     52  352.2         352.2
  150.0  14280  -67.3                         105     54  354.0         354.0
  135.0  14900  -73.1                         108     59  354.5         354.5
  100.0  16590  -84.5                         115     75  364.2         364.2
   97.0  16757  -85.2                         110     75  366.1         366.1
   96.5  16786  -85.3                         110     75  366.4         366.4
   83.2  17601  -88.5                          90     66  375.7         375.7
   82.0  17681  -87.1                          85     61  380.1         380.1
   77.3  18008  -81.5                          80     32  398.3         398.3
   77.0  18030  -81.5                          80     30  398.8         398.8
   72.0  18409  -81.1                          94     21  407.3         407.3
   70.5  18529  -78.1                          99     18  416.1         416.1
   70.0  18570  -77.9                         100     17  417.4         417.4
   68.4  18702  -78.1                         114     12  419.8         419.8
   67.3  18795  -76.7                         123      9  424.7         424.7
   66.4  18873  -71.9                         131      6  436.8         436.8
   66.0  18909  -71.7                         135      5  437.9         437.9
   63.0  19184  -70.4                           0      0  446.7         446.7
   60.0  19474  -69.0                         310      7  456.1         456.1
   59.4  19533  -68.7                         297      8  458.1         458.1
   57.0  19779  -69.5                         245     13  461.7         461.7
   54.7  20024  -70.3                         237     11  465.3         465.3
   54.0  20101  -69.9                         235     10  467.9         467.9
   51.0  20442  -68.3                         285     18  479.4         479.4
   50.3  20524  -67.9                         295     23  482.2         482.2
   50.0  20560  -66.9                         300     25  485.4         485.4
   49.0  20683  -65.4                         295     30  491.7         491.7
   47.3  20899  -62.9                         285     31  502.7         502.7
   44.0  21341  -64.8                         265     33  508.5         508.5
   41.7  21670  -66.3                         265     37  512.8         512.8
   38.0  22236  -65.2                         250     25  529.4         529.4
   35.4  22668  -64.3                         263     21  542.5         542.5
   35.0  22738  -63.3                         265     20  547.0         547.0
   34.4  22845  -61.7                         264     20  553.8         553.8
   32.0  23297  -59.9                         260     21  570.1         570.1
   30.0  23700  -58.3                         235     23  585.1         585.1
   29.0  23914  -57.6                         230     25  592.8         592.8
   27.8  24180  -56.7                         223     20  602.4         602.4
   25.0  24854  -56.4                         205      9  621.9         621.9
   24.0  25113  -56.2                         290     11  629.6         629.6
   23.0  25383  -56.1                         300     18  637.7         637.7
   20.0  26270  -55.7                         275     39  664.9         664.9
   18.1  26905  -55.7                         275     22  684.2         684.2
   17.0  27308  -53.9                         275     12  702.5         702.5
   16.0  27698  -52.1                         245      2  720.6         720.6
   15.7  27820  -51.5                                     726.3         726.3
</PRE><H3>Station information and sounding indices</H3><PRE>
                         Station identifier: WAAA
                             Station number: 97180
                           Observation time: 161224/0000
                           Station latitude: -5.06
                          Station longitude: 119.55
                          Station elevation: 14.0
                            Showalter index: 1.52
                               Lifted index: -0.97
    LIFT computed using virtual temperature: -1.30
                                SWEAT index: 242.60
                                    K index: 31.90
                         Cross totals index: 19.10
                      Vertical totals index: 22.10
                        Totals totals index: 41.20
      Convective Available Potential Energy: 192.99
             CAPE using virtual temperature: 265.53
                      Convective Inhibition: -43.04
             CINS using virtual temperature: -30.34
                           Equilibrum Level: 248.80
 Equilibrum Level using virtual temperature: 248.52
                   Level of Free Convection: 836.02
             LFCT using virtual temperature: 867.43
                     Bulk Richardson Number: 6.28
          Bulk Richardson Number using CAPV: 8.64
  Temp [K] of the Lifted Condensation Level: 293.20
Pres [hPa] of the Lifted Condensation Level: 914.55
     Mean mixed layer potential temperature: 300.79
              Mean mixed layer mixing ratio: 16.47
              1000 hPa to 500 hPa thickness: 5789.00
Precipitable water [mm] for entire sounding: 55.72
</PRE>
<P>Description of the 
<A HREF="/upperair/columns.html">data columns</A>
or <A HREF="/upperair/indices.html">sounding indices</A>.

<P>
<FORM>
<INPUT CLASS="button" TYPE="button" VALUE=" Close this window " 
 onClick="window.close();">
<INPUT CLASS="button" TYPE="button" VALUE=" Select another map " 
 onClick="window.blur();">
</FORM>
<HR SIZE="1">
<I>Interested in graduate studies in atmospheric science?
Check out our program at the
<a href="http://www.uwyo.edu/atsc/howtoapply/"
target=_top>University of Wyoming
</a></I>
<HR SIZE="1"><FONT SIZE="-1">
Questions about the weather data provided by this site can be
addressed to <A HREF="mailto:ldoolman@uwyo.edu">
Larry Oolman (ldoolman@uwyo.edu)</A></FONT>
<HR SIZE="1">
<SCRIPT TYPE="text/javascript">
<!--
window.focus();
// -->
</SCRIPT>
</BODY>
</HTML>
