2018-09-16 00
<HTML>
<TITLE>University of Wyoming - Radiosonde Data</TITLE>
<LINK REL="StyleSheet" HREF="/resources/select.css" TYPE="text/css">
<BODY BGCOLOR="white">
<H2>97180 WAAA Ujung Pandang Observations at 00Z 16 Sep 2018</H2>
<PRE>
-----------------------------------------------------------------------------
   PRES   HGHT   TEMP   DWPT   RELH   MIXR   DRCT   SKNT   THTA   THTE   THTV
    hPa     m      C      C      %    g/kg    deg   knot     K      K      K 
-----------------------------------------------------------------------------
 1009.0     14   25.4   16.4     57  11.76      0      0  297.8  332.2  299.9
 1005.0     49   25.6   16.6     58  11.96     75      1  298.3  333.4  300.5
 1000.0     92   26.6   17.6     58  12.82    170      3  299.8  337.5  302.1
  991.0    172   27.0   15.0     48  10.93    143      5  300.9  333.4  302.9
  977.0    298   26.6   13.1     43   9.79    100      8  301.8  331.0  303.5
  963.0    425   26.2   11.2     39   8.74     99     11  302.6  328.9  304.2
  925.0    778   23.6    8.6     38   7.63     95     19  303.4  326.6  304.8
  893.0   1085   21.4    7.4     40   7.28     89     23  304.2  326.4  305.6
  859.0   1421   20.4    3.4     33   5.72     82     27  306.6  324.4  307.6
  851.0   1502   19.9    3.8     34   5.92     80     28  306.8  325.2  307.9
  850.0   1512   19.8    3.8     35   5.95     80     27  306.9  325.4  308.0
  793.0   2101   15.1    4.3     48   6.62     55     15  308.0  328.6  309.2
  765.0   2406   12.7    4.6     58   6.99     20     11  308.6  330.3  309.9
  764.0   2417   12.6    4.6     58   7.01     21     11  308.6  330.4  309.9
  749.0   2584   13.2   -0.8     38   4.84     29     10  311.0  326.4  311.9
  739.0   2696   12.6   -2.8     34   4.25     35      9  311.5  325.2  312.3
  713.0   2995   10.9   -8.0     26   2.96     25     11  312.9  322.6  313.5
  705.0   3089   10.4   -9.6     23   2.63     37     12  313.3  322.1  313.8
  700.0   3148   10.2   -9.8     23   2.61     45     12  313.8  322.4  314.2
  687.0   3303    9.5   -6.6     31   3.41     55     16  314.7  325.9  315.3
  667.0   3548    8.4   -1.6     49   5.13     52     17  316.1  332.7  317.1
  635.0   3953    6.0  -10.0     31   2.83     46     18  317.8  327.4  318.4
  596.0   4469    2.4   -6.6     51   3.93     39     20  319.5  332.6  320.2
  584.0   4633    1.6  -12.4     35   2.54     37     20  320.4  329.1  320.9
  572.0   4800    0.9  -13.9     32   2.29     35     21  321.5  329.4  321.9
  556.0   5028    0.0  -16.0     29   1.98     42     21  323.0  330.0  323.4
  531.0   5394   -1.9  -30.9      9   0.55     54     20  325.0  327.1  325.1
  520.0   5561   -2.9  -26.9     14   0.82     60     20  325.8  328.8  325.9
  512.0   5683   -3.7  -14.7     42   2.40     64     19  326.2  334.6  326.7
  503.0   5823   -4.9  -10.9     63   3.33     68     19  326.4  337.9  327.1
  500.0   5870   -5.5  -10.5     68   3.46     70     19  326.3  338.1  326.9
  473.0   6300   -9.2  -12.4     77   3.13     75     19  326.9  337.7  327.5
  442.0   6826  -13.7  -14.8     91   2.76     72     15  327.6  337.2  328.2
  439.0   6878  -12.7  -16.0     76   2.51     72     15  329.5  338.4  330.0
  438.0   6896  -11.3  -17.3     61   2.26     72     14  331.5  339.6  332.0
  421.0   7199  -12.6  -21.2     49   1.69     70     12  333.6  339.8  334.0
  412.0   7365  -13.3  -23.3     43   1.43     84     12  334.8  340.1  335.1
  405.0   7495  -14.3  -25.5     38   1.19     95     12  335.1  339.6  335.3
  400.0   7590  -15.1  -27.1     35   1.04    100     14  335.3  339.2  335.5
  394.0   7704  -16.1  -29.1     32   0.88     99     15  335.4  338.8  335.6
  376.0   8055  -18.5  -25.5     54   1.28     94     18  336.8  341.6  337.0
  345.0   8692  -22.5  -32.5     40   0.73     85     24  339.7  342.6  339.9
  344.0   8712  -22.7  -32.6     40   0.72     85     24  339.8  342.6  339.9
  300.0   9700  -31.1  -39.1     45   0.43    100     28  341.4  343.2  341.5
  288.0   9989  -33.7  -41.7     44   0.34     97     29  341.7  343.1  341.8
  279.0  10209  -35.3  -44.7     37   0.26     95     30  342.6  343.6  342.6
  253.0  10888  -40.1  -54.1     21   0.10     95     34  345.1  345.6  345.1
  250.0  10970  -40.9                          95     35  345.1         345.1
  234.0  11409  -43.9                          80     33  347.1         347.1
  205.0  12286  -50.0                          45     44  351.0         351.0
  200.0  12450  -51.1                          45     40  351.7         351.7
  162.0  13768  -62.5                          55     35  354.3         354.3
  150.0  14250  -66.7                          55     42  355.0         355.0
  113.0  15885  -79.3                          40     53  361.5         361.5
  100.0  16590  -84.7                          65     42  363.8         363.8
   96.0  16815  -86.2                          70     39  365.1         365.1
   95.8  16827  -86.3                          70     38  365.2         365.2
   91.0  17114  -84.0                          95     31  375.1         375.1
   87.0  17365  -82.1                         115     42  383.9         383.9
   83.2  17614  -80.1                         103     35  392.8         392.8
   80.0  17840  -74.9                          92     28  408.0         408.0
   78.0  17989  -73.4                          85     24  414.1         414.1
   74.4  18267  -70.5                          94     24  425.8         425.8
   70.0  18630  -70.7                         105     23  432.8         432.8
   67.2  18872  -70.9                         105     24  437.4         437.4
   67.0  18890  -70.7                         105     24  438.2         438.2
   64.0  19164  -68.0                          95     25  449.9         449.9
   63.2  19239  -67.3                          98     26  453.1         453.1
   58.0  19756  -68.0                         115     29  462.7         462.7
   57.7  19787  -68.1                         113     30  463.2         463.2
   56.4  19924  -68.3                         105     32  465.8         465.8
   55.3  20043  -64.7                          98     34  476.7         476.7
   52.0  20420  -64.1                          75     41  486.6         486.6
   50.0  20660  -63.7                          80     41  492.9         492.9
   45.5  21236  -64.5                          89     45  504.5         504.5
   45.0  21303  -64.4                          90     46  506.4         506.4
   41.0  21873  -63.5                          80     47  522.3         522.3
   39.6  22085  -63.1                          82     48  528.4         528.4
   33.6  23114  -54.3                          92     53  577.0         577.0
   32.0  23427  -54.0                          95     54  586.0         586.0
   30.0  23840  -53.5                          85     28  598.2         598.2
   28.0  24281  -54.4                          80     20  607.5         607.5
   27.0  24514  -54.9                          93     18  612.5         612.5
   25.0  25010  -51.6                         120     14  635.8         635.8
   24.4  25166  -50.5                         108     11  643.2         643.2
   24.0  25274  -50.5                         100      9  646.3         646.3
   23.0  25551  -50.4                         290      4  654.4         654.4
   22.0  25840  -50.4                         230     12  662.9         662.9
   20.9  26174  -50.3                         238     16  672.9         672.9
   20.0  26460  -51.9                         245     19  676.6         676.6
   19.0  26791  -52.9                         245     16  683.4         683.4
   18.2  27070  -50.7                         245     14  698.8         698.8
   18.0                                       245     13                     
</PRE><H3>Station information and sounding indices</H3><PRE>
                         Station identifier: WAAA
                             Station number: 97180
                           Observation time: 180916/0000
                           Station latitude: -5.06
                          Station longitude: 119.55
                          Station elevation: 14.0
                            Showalter index: 8.13
                               Lifted index: 5.07
    LIFT computed using virtual temperature: 5.09
                                SWEAT index: 118.60
                                    K index: 9.10
                         Cross totals index: 9.30
                      Vertical totals index: 25.30
                        Totals totals index: 34.60
      Convective Available Potential Energy: 0.00
             CAPE using virtual temperature: 0.00
                      Convective Inhibition: 0.00
             CINS using virtual temperature: 0.00
                     Bulk Richardson Number: 0.00
          Bulk Richardson Number using CAPV: 0.00
  Temp [K] of the Lifted Condensation Level: 284.17
Pres [hPa] of the Lifted Condensation Level: 815.97
     Mean mixed layer potential temperature: 301.18
              Mean mixed layer mixing ratio: 10.31
              1000 hPa to 500 hPa thickness: 5778.00
Precipitable water [mm] for entire sounding: 31.15
</PRE>
<P>Description of the 
<A HREF="/upperair/columns.html">data columns</A>
or <A HREF="/upperair/indices.html">sounding indices</A>.

<P>
<FORM>
<INPUT CLASS="button" TYPE="button" VALUE=" Close this window " 
 onClick="window.close();">
<INPUT CLASS="button" TYPE="button" VALUE=" Select another map " 
 onClick="window.blur();">
</FORM>
<HR SIZE="1">
<I>Interested in graduate studies in atmospheric science?
Check out our program at the
<a href="http://www.uwyo.edu/atsc/howtoapply/"
target=_top>University of Wyoming
</a></I>
<HR SIZE="1"><FONT SIZE="-1">
Questions about the weather data provided by this site can be
addressed to <A HREF="mailto:ldoolman@uwyo.edu">
Larry Oolman (ldoolman@uwyo.edu)</A></FONT>
<HR SIZE="1">
<SCRIPT TYPE="text/javascript">
<!--
window.focus();
// -->
</SCRIPT>
</BODY>
</HTML>
