2017-01-18 00
<HTML>
<TITLE>University of Wyoming - Radiosonde Data</TITLE>
<LINK REL="StyleSheet" HREF="/resources/select.css" TYPE="text/css">
<BODY BGCOLOR="white">
<H2>97180 WAAA Ujung Pandang Observations at 00Z 18 Jan 2017</H2>
<PRE>
-----------------------------------------------------------------------------
   PRES   HGHT   TEMP   DWPT   RELH   MIXR   DRCT   SKNT   THTA   THTE   THTV
    hPa     m      C      C      %    g/kg    deg   knot     K      K      K 
-----------------------------------------------------------------------------
 1012.0     14   24.2   22.2     89  16.97    105      4  296.3  345.4  299.3
 1000.0    112   24.8   20.7     78  15.63    115      7  297.9  343.5  300.7
  979.0    300   24.2   20.3     78  15.54    155      5  299.2  344.8  302.0
  947.0    593   23.4   19.6     79  15.41    271      7  301.2  346.7  304.0
  946.0    603   23.3   19.5     79  15.37    275      7  301.2  346.6  304.0
  925.0    800   21.6   18.3     82  14.52    280     11  301.4  344.3  304.0
  901.0   1027   19.8   17.3     86  13.99    277     13  301.8  343.3  304.3
  850.0   1526   17.6   13.0     74  11.19    270     18  304.6  338.2  306.6
  714.0   2995    9.9    6.3     78   8.43    280     18  311.6  337.9  313.2
  700.0   3162    9.0    5.5     79   8.16    280     15  312.4  338.0  314.0
  689.0   3291    8.3    4.8     78   7.88    285     15  313.1  337.9  314.6
  640.0   3894    5.2    1.5     77   6.70    355      7  316.2  337.7  317.5
  617.0   4193    3.7   -0.2     76   6.17     25      9  317.8  337.8  319.0
  595.0   4489    2.2   -1.8     75   5.68     45      9  319.4  337.9  320.4
  573.0   4797    0.6   -3.5     74   5.20     35      9  320.9  338.1  322.0
  565.0   4912    0.0   -4.1     74   5.03     44      9  321.6  338.2  322.5
  552.0   5096   -1.3   -4.6     79   4.96     60     10  322.1  338.6  323.1
  531.0   5404   -3.5   -5.4     87   4.85     40     12  323.1  339.2  324.0
  506.0   5787   -6.3   -6.4     99   4.71     48     13  324.2  340.0  325.1
  500.0   5880   -6.9   -6.9    100   4.59     50     13  324.6  340.0  325.5
  474.0   6293   -8.9  -10.1     91   3.77     55     10  327.1  340.1  327.9
  456.0   6592  -10.3  -12.4     84   3.26     45      8  329.0  340.3  329.6
  422.0   7191  -13.1  -17.0     72   2.40     70     11  332.7  341.3  333.2
  413.0   7357  -13.9  -18.3     69   2.20     70     13  333.8  341.7  334.2
  400.0   7600  -15.9  -17.8     85   2.37     70     15  334.2  342.8  334.7
  395.0   7695  -16.7  -18.1     89   2.34     67     16  334.4  342.9  334.9
  374.0   8104  -18.7  -22.1     75   1.75     55     19  337.0  343.5  337.4
  370.0   8184  -19.1  -22.9     72   1.65     58     18  337.5  343.6  337.9
  345.0   8698  -22.9  -27.2     68   1.20     80     10  339.2  343.8  339.5
  326.0   9114  -25.9  -30.7     64   0.91     70      9  340.6  344.1  340.8
  318.0   9292  -27.3  -31.7     67   0.86     65      8  341.0  344.4  341.2
  305.0   9591  -29.8  -33.3     71   0.76     90      8  341.7  344.7  341.9
  300.0   9710  -30.7  -33.9     73   0.73     90      9  342.0  344.9  342.1
  285.0  10073  -33.9  -35.6     85   0.65    105     13  342.5  345.1  342.6
  280.0  10196  -34.8  -37.0     81   0.58    110     15  342.9  345.2  343.0
  254.0  10872  -39.9  -44.5     61   0.29    114     18  345.0  346.2  345.1
  250.0  10980  -40.9                         115     18  345.1         345.1
  200.0  12450  -53.7                         110     39  347.6         347.6
  153.0  14107  -68.8                         105     41  349.4         349.4
  150.0  14230  -69.9                         105     40  349.5         349.5
  100.0  16530  -87.5                          75     51  358.4         358.4
   90.1  17097  -86.3                          75     61  371.6         371.6
   90.0  17103  -86.3                          75     61  371.7         371.7
   89.7  17121  -86.3                          75     59  372.1         372.1
   88.5  17194  -85.9                          74     51  374.4         374.4
   85.5  17389  -72.7                          71     30  404.7         404.7
   85.0  17424  -72.4                          70     26  406.0         406.0
   82.4  17606  -70.9                          41     13  412.7         412.7
   81.0  17707  -71.3                          25      6  413.8         413.8
   77.0  18003  -72.6                         285      5  417.2         417.2
   73.0  18316  -73.9                          95      4  420.8         420.8
   72.5  18356  -74.1                          78      4  421.3         421.3
   70.0  18560  -73.9                         350      6  426.0         426.0
   68.7  18670  -74.1                          20      8  427.8         427.8
   66.0  18908  -72.1                          85     12  437.1         437.1
   63.0  19184  -69.8                         105     22  448.1         448.1
   62.4  19241  -69.3                          98     22  450.3         450.3
   57.0  19780  -70.8                          30     20  458.8         458.8
   54.0  20103  -71.7                          15     14  463.9         463.9
   51.3  20408  -72.5                         339     10  468.8         468.8
   51.0  20443  -72.5                         335     10  469.6         469.6
   50.0  20560  -72.5                         300      8  472.2         472.2
   49.0  20680  -71.3                         270      9  477.9         477.9
   44.5  21253  -65.5                         252      8  505.3         505.3
   44.0  21321  -65.5                         250      8  506.9         506.9
   40.0  21898  -65.3                         160      7  521.3         521.3
   38.9  22067  -65.3                         125     10  525.6         525.6
   38.0  22210  -64.1                          95     13  532.2         532.2
   36.0  22542  -61.3                          80      9  547.8         547.8
   35.0  22715  -59.8                          10      2  556.0         556.0
   34.8  22750  -59.5                           6      3  557.7         557.7
   33.0  23083  -58.4                         325     13  569.1         569.1
   31.0  23474  -57.2                         285     22  582.7         582.7
   30.6  23555  -56.9                         279     23  585.6         585.6
   30.0  23680  -57.3                         270     24  587.8         587.8
   27.0  24347  -56.8                         270     34  607.3         607.3
   22.0  25645  -55.8                         275     29  646.9         646.9
   21.7  25732  -55.7                         272     28  649.6         649.6
   20.0  26250  -56.1                         255     19  663.7         663.7
   18.0  26918  -57.0                         290     16  681.0         681.0
   17.9  26953  -57.1                         300     15  681.9         681.9
   17.0  27281  -56.4                          30      4  694.2         694.2
   16.0  27666  -55.6                          70     15  709.0         709.0
   15.4  27909  -55.1                          67     33  718.5         718.5
   15.0                                        65     46                     
</PRE><H3>Station information and sounding indices</H3><PRE>
                         Station identifier: WAAA
                             Station number: 97180
                           Observation time: 170118/0000
                           Station latitude: -5.06
                          Station longitude: 119.55
                          Station elevation: 14.0
                            Showalter index: 0.72
                               Lifted index: -1.88
    LIFT computed using virtual temperature: -2.00
                                SWEAT index: 205.01
                                    K index: 34.00
                         Cross totals index: 19.90
                      Vertical totals index: 24.50
                        Totals totals index: 44.40
      Convective Available Potential Energy: 106.06
             CAPE using virtual temperature: 147.51
                      Convective Inhibition: -92.61
             CINS using virtual temperature: -64.44
                           Equilibrum Level: 384.68
 Equilibrum Level using virtual temperature: 383.19
                   Level of Free Convection: 692.88
             LFCT using virtual temperature: 743.69
                     Bulk Richardson Number: 7.05
          Bulk Richardson Number using CAPV: 9.81
  Temp [K] of the Lifted Condensation Level: 292.75
Pres [hPa] of the Lifted Condensation Level: 930.67
     Mean mixed layer potential temperature: 298.84
              Mean mixed layer mixing ratio: 15.70
              1000 hPa to 500 hPa thickness: 5768.00
Precipitable water [mm] for entire sounding: 55.71
</PRE>
<P>Description of the 
<A HREF="/upperair/columns.html">data columns</A>
or <A HREF="/upperair/indices.html">sounding indices</A>.

<P>
<FORM>
<INPUT CLASS="button" TYPE="button" VALUE=" Close this window " 
 onClick="window.close();">
<INPUT CLASS="button" TYPE="button" VALUE=" Select another map " 
 onClick="window.blur();">
</FORM>
<HR SIZE="1">
<I>Interested in graduate studies in atmospheric science?
Check out our program at the
<a href="http://www.uwyo.edu/atsc/howtoapply/"
target=_top>University of Wyoming
</a></I>
<HR SIZE="1"><FONT SIZE="-1">
Questions about the weather data provided by this site can be
addressed to <A HREF="mailto:ldoolman@uwyo.edu">
Larry Oolman (ldoolman@uwyo.edu)</A></FONT>
<HR SIZE="1">
<SCRIPT TYPE="text/javascript">
<!--
window.focus();
// -->
</SCRIPT>
</BODY>
</HTML>
