2016-02-05 00
<HTML>
<TITLE>University of Wyoming - Radiosonde Data</TITLE>
<LINK REL="StyleSheet" HREF="/resources/select.css" TYPE="text/css">
<BODY BGCOLOR="white">
<H2>97180 WAAA Ujung Pandang Observations at 00Z 05 Feb 2016</H2>
<PRE>
-----------------------------------------------------------------------------
   PRES   HGHT   TEMP   DWPT   RELH   MIXR   DRCT   SKNT   THTA   THTE   THTV
    hPa     m      C      C      %    g/kg    deg   knot     K      K      K 
-----------------------------------------------------------------------------
 1009.0     14   24.6   22.9     90  17.78     95      4  297.0  348.6  300.1
 1001.0     84   27.2   22.4     75  17.37     82      4  300.3  351.4  303.4
 1000.0     93   27.2   22.4     75  17.39     80      4  300.4  351.6  303.5
  977.0    298   25.6   21.6     78  16.90     35      4  300.8  350.6  303.8
  944.0    600   23.4   20.3     83  16.19    335      6  301.4  349.3  304.4
  925.0    779   22.0   19.6     86  15.78    325     10  301.8  348.5  304.6
  924.0    788   22.0   19.4     85  15.60    325     10  301.9  348.1  304.7
  913.0    893   21.8   18.6     82  14.97    320     14  302.7  347.2  305.4
  885.0   1164   21.2   16.4     74  13.44    322     14  304.8  345.2  307.3
  850.0   1513   18.8   14.9     78  12.69    325     14  305.8  344.1  308.2
  794.0   2095   15.9   12.2     79  11.38    340     14  308.8  343.6  310.9
  762.0   2446   14.2   10.6     79  10.64    355     12  310.6  343.4  312.5
  740.0   2692   12.8    9.6     81  10.26      5     10  311.7  343.5  313.6
  700.0   3159   10.2    7.8     85   9.57    340     10  313.8  343.8  315.6
  684.0   3351    8.6    6.6     87   9.02    330      9  314.0  342.4  315.8
  640.0   3898    6.2    3.8     84   7.90    300      8  317.4  342.7  318.9
  617.0   4198    4.9    2.2     83   7.34    305      6  319.2  342.9  320.6
  608.0   4319    4.4    1.6     82   7.12    327      6  319.9  343.0  321.3
  595.0   4494    3.1    1.0     86   6.96      0      6  320.4  343.0  321.7
  573.0   4798    0.8   -0.1     94   6.70      0      8  321.1  343.0  322.4
  566.0   4898    0.0   -0.4     97   6.61     12      7  321.4  343.0  322.7
  552.0   5096   -1.3   -2.0     95   6.02     35      4  322.2  342.0  323.4
  500.0   5880   -6.3   -8.3     86   4.11     70     10  325.3  339.2  326.1
  469.0   6381   -8.3   -9.9     88   3.87     85     12  328.8  342.1  329.6
  463.0   6481   -8.9  -12.0     78   3.31     88     12  329.3  340.8  329.9
  446.0   6772   -8.7  -12.3     75   3.36     96     14  333.1  344.9  333.8
  439.0   6894   -9.4  -13.2     74   3.18    100     14  333.6  344.9  334.3
  408.0   7459  -12.9  -17.2     70   2.45    104     12  336.2  345.1  336.7
  400.0   7610  -13.9  -18.9     66   2.16    105     12  336.8  344.7  337.3
  384.0   7919  -16.1  -22.1     60   1.70    108     13  337.9  344.2  338.2
  379.0   8018  -16.7  -24.7     50   1.37    109     14  338.4  343.5  338.6
  375.0   8098  -17.1  -23.7     57   1.52    110     14  338.8  344.5  339.1
  366.0   8280  -18.1  -21.4     75   1.90    109     14  339.9  347.0  340.3
  332.0   8996  -22.9  -31.4     46   0.84    105     14  342.9  346.2  343.1
  306.0   9595  -26.9  -39.9     28   0.39    125     14  345.4  347.0  345.4
  300.0   9740  -27.9  -41.9     25   0.32    120     14  345.9  347.3  346.0
  297.0   9812  -28.3  -46.3     16   0.20    119     14  346.4  347.2  346.4
  263.0  10663  -36.1  -45.1     39   0.26    113     15  347.2  348.3  347.2
  250.0  11010  -38.9  -44.9     53   0.28    110     16  348.1  349.3  348.1
  247.0  11093  -39.6  -45.6     53   0.26    110     16  348.2  349.4  348.3
  245.0  11148  -40.1  -46.1     53   0.25    110     16  348.3  349.4  348.4
  200.0  12500  -51.5                         115     19  351.1         351.1
  197.0  12595  -52.3                         115     19  351.3         351.3
  171.0  13480  -60.0                         105     25  353.1         353.1
  150.0  14300  -67.1                          95     25  354.3         354.3
  127.0  15264  -74.5                          80     39  358.1         358.1
  108.0  16202  -81.8                          95     23  361.4         361.4
  103.0  16476  -83.9                          95     29  362.3         362.3
  100.0  16640  -83.5                         105     27  366.2         366.2
   93.2  17035  -79.9                         118     27  380.7         380.7
   92.0  17108  -80.1                         120     27  381.6         381.6
   78.0  18036  -83.2                          45      6  393.7         393.7
   77.7  18057  -83.3                          57      6  393.9         393.9
   74.0  18330  -82.8                         210     10  400.5         400.5
   70.0  18640  -82.3                         160     17  408.0         408.0
   69.9  18648  -82.3                         158     17  408.2         408.2
   67.0  18889  -78.2                         110     17  422.0         422.0
   64.0  19150  -73.8                          35     14  437.2         437.2
   63.8  19168  -73.5                          33     14  438.3         438.3
   60.0  19526  -73.2                         350     19  446.6         446.6
   57.0  19825  -73.0                         330     16  453.7         453.7
   52.0  20361  -72.7                         350      4  466.6         466.6
   50.0  20590  -72.5                          30      4  472.2         472.2
   49.0  20709  -72.1                          50      4  475.9         475.9
   47.0  20962  -70.6                          25      6  485.3         485.3
   44.0  21363  -68.2                          45      6  500.4         500.4
   42.0  21646  -66.5                          95     14  511.3         511.3
   38.0  22255  -62.8                         105     14  535.4         535.4
   35.0  22755  -59.8                         175     14  556.0         556.0
   33.4  23040  -58.1                         195     18  568.0         568.0
   33.0  23115  -58.4                         200     19  569.0         569.0
   32.0  23307  -59.3                         190     19  571.8         571.8
   30.0  23710  -61.1                         215     21  577.5         577.5
   29.3  23856  -61.7                         220     23  579.8         579.8
   27.0  24365  -60.0                         235     14  598.1         598.1
   25.3  24769  -58.7                         260     17  613.2         613.2
   25.0  24844  -58.8                         265     17  615.1         615.1
   23.0  25365  -59.1                         240     16  629.0         629.0
   22.0  25643  -59.2                         220      8  636.5         636.5
   20.6  26055  -59.5                         161     12  647.8         647.8
   20.0  26240  -57.5                         135     14  659.4         659.4
   18.0  26911  -54.5                          55     29  689.1         689.1
   17.4  27127  -53.5                                     698.9         698.9
</PRE><H3>Station information and sounding indices</H3><PRE>
                         Station identifier: WAAA
                             Station number: 97180
                           Observation time: 160205/0000
                           Station latitude: -5.06
                          Station longitude: 119.55
                          Station elevation: 14.0
                            Showalter index: -1.06
                               Lifted index: -3.42
    LIFT computed using virtual temperature: -3.77
                                SWEAT index: 216.81
                                    K index: 37.60
                         Cross totals index: 21.20
                      Vertical totals index: 25.10
                        Totals totals index: 46.30
      Convective Available Potential Energy: 327.62
             CAPE using virtual temperature: 396.92
                      Convective Inhibition: -74.18
             CINS using virtual temperature: -46.86
                           Equilibrum Level: 238.81
 Equilibrum Level using virtual temperature: 237.88
                   Level of Free Convection: 729.86
             LFCT using virtual temperature: 761.74
                     Bulk Richardson Number: 54.48
          Bulk Richardson Number using CAPV: 66.00
  Temp [K] of the Lifted Condensation Level: 293.92
Pres [hPa] of the Lifted Condensation Level: 925.84
     Mean mixed layer potential temperature: 300.48
              Mean mixed layer mixing ratio: 17.00
              1000 hPa to 500 hPa thickness: 5787.00
Precipitable water [mm] for entire sounding: 60.82
</PRE>
<P>Description of the 
<A HREF="/upperair/columns.html">data columns</A>
or <A HREF="/upperair/indices.html">sounding indices</A>.

<P>
<FORM>
<INPUT CLASS="button" TYPE="button" VALUE=" Close this window " 
 onClick="window.close();">
<INPUT CLASS="button" TYPE="button" VALUE=" Select another map " 
 onClick="window.blur();">
</FORM>
<HR SIZE="1">
<I>Interested in graduate studies in atmospheric science?
Check out our program at the
<a href="http://www.uwyo.edu/atsc/howtoapply/"
target=_top>University of Wyoming
</a></I>
<HR SIZE="1"><FONT SIZE="-1">
Questions about the weather data provided by this site can be
addressed to <A HREF="mailto:ldoolman@uwyo.edu">
Larry Oolman (ldoolman@uwyo.edu)</A></FONT>
<HR SIZE="1">
<SCRIPT TYPE="text/javascript">
<!--
window.focus();
// -->
</SCRIPT>
</BODY>
</HTML>
