2017-06-28 12
<HTML>
<TITLE>University of Wyoming - Radiosonde Data</TITLE>
<LINK REL="StyleSheet" HREF="/resources/select.css" TYPE="text/css">
<BODY BGCOLOR="white">
<H2>97180 WAAA Ujung Pandang Observations at 00Z 28 Jun 2017</H2>
<PRE>
-----------------------------------------------------------------------------
   PRES   HGHT   TEMP   DWPT   RELH   MIXR   DRCT   SKNT   THTA   THTE   THTV
    hPa     m      C      C      %    g/kg    deg   knot     K      K      K 
-----------------------------------------------------------------------------
 1010.0     14   24.8   23.7     94  18.67      0      0  297.1  351.3  300.4
 1009.0     23   23.2   18.2     73  13.21     10      1  295.6  333.8  297.9
 1000.0    102   23.6   17.6     69  12.82    105      6  296.8  334.0  299.0
  989.0    199   25.6   19.6     69  14.74    103      6  299.7  343.0  302.3
  978.0    297   24.8   19.0     70  14.36    100      6  299.9  342.1  302.4
  945.0    597   22.3   17.2     73  13.23    115      2  300.3  339.3  302.7
  938.0    662   21.8   16.8     73  13.00     98      2  300.4  338.7  302.7
  926.0    774   21.6   12.6     57   9.99     68      3  301.3  331.1  303.1
  925.0    783   21.6   11.6     53   9.35     65      3  301.4  329.3  303.1
  913.0    897   21.1   11.5     54   9.39     50      4  302.0  330.1  303.7
  892.0   1099   20.2   11.2     56   9.45     50      6  303.1  331.5  304.8
  882.0   1197   20.7    5.5     37   6.47     50      7  304.5  324.4  305.7
  879.0   1227   20.8    3.8     33   5.75     55      7  305.0  322.7  306.0
  852.0   1497   19.3    3.2     34   5.70    100      2  306.2  323.9  307.2
  850.0   1517   19.2    3.2     35   5.70    105      2  306.2  323.9  307.3
  822.0   1802   17.2    4.3     42   6.39     90      2  307.1  326.9  308.3
  797.0   2064   15.4    5.4     51   7.10     51      4  307.9  329.9  309.2
  793.0   2107   15.5    0.3     35   4.94     45      4  308.4  324.0  309.3
  784.0   2203   15.6  -11.4     14   2.05     55      4  309.5  316.4  309.9
  767.0   2388   15.6  -19.4      7   1.08     73      5  311.5  315.2  311.7
  739.0   2699   12.8   -2.1     36   4.47    105      6  311.8  326.1  312.6
  731.0   2791   12.0    3.0     54   6.54    101      7  311.9  332.5  313.1
  705.0   3091    9.0    4.9     75   7.76     88     10  311.8  336.1  313.2
  700.0   3150    8.6    4.7     76   7.71     85     11  312.0  336.1  313.4
  663.0   3599    7.0    2.5     73   6.97     80      5  315.1  337.3  316.4
  639.0   3903    6.0    1.1     71   6.51     40      5  317.2  338.2  318.5
  635.0   3955    5.8    0.8     70   6.43     48      5  317.6  338.4  318.8
  616.0   4202    4.0   -0.4     73   6.08     85      3  318.3  338.0  319.5
  594.0   4498    1.8   -1.8     77   5.68     75      4  319.1  337.6  320.2
  576.0   4748    0.0   -3.0     80   5.35     22      2  319.8  337.3  320.8
  572.0   4803   -0.4   -3.3     81   5.29     10      2  320.0  337.4  321.0
  551.0   5101   -2.3   -4.7     84   4.93     40      4  321.1  337.5  322.1
  531.0   5395   -4.2   -6.1     87   4.60      0      1  322.2  337.6  323.1
  518.0   5592   -5.5   -7.0     89   4.39      6      5  323.0  337.7  323.9
  500.0   5870   -6.9  -10.8     74   3.37     15     10  324.6  336.1  325.2
  498.0   5901   -6.9  -11.9     68   3.10     16     10  324.9  335.6  325.6
  492.0   5996   -7.5  -10.1     82   3.63     21     12  325.3  337.7  326.0
  475.0   6269   -8.5  -12.2     75   3.18     33     16  327.4  338.4  328.0
  473.0   6301   -8.8  -12.3     76   3.15     35     16  327.4  338.3  328.0
  441.0   6838  -13.9  -14.7     94   2.79     26     17  327.6  337.3  328.1
  440.0   6855  -13.7  -18.2     69   2.08     26     17  328.0  335.4  328.4
  437.0   6907  -11.9  -19.9     51   1.81     25     17  331.0  337.5  331.3
  427.0   7084  -11.5  -25.5     30   1.13     41     17  333.7  337.9  333.9
  404.0   7504  -14.7  -27.9     32   0.96     80     17  334.8  338.5  335.0
  400.0   7580  -15.3  -28.3     32   0.93     80     19  335.0  338.6  335.2
  344.0   8698  -23.9  -37.9     26   0.43     41      8  338.1  339.8  338.2
  330.0   8997  -26.3  -38.2     32   0.43     30      5  338.9  340.6  339.0
  317.0   9287  -28.6  -38.4     38   0.44     55     11  339.6  341.4  339.7
  312.0   9402  -29.5  -38.5     41   0.44     52     12  339.9  341.6  339.9
  309.0   9470  -29.7  -35.7     56   0.59     50     13  340.5  342.9  340.6
  300.0   9680  -31.3  -35.9     64   0.60     45     16  341.1  343.5  341.3
  298.0   9727  -31.7  -36.0     66   0.60     46     17  341.2  343.6  341.4
  279.0  10191  -34.6  -44.0     38   0.28     55     25  343.6  344.7  343.6
  277.0  10242  -34.9  -44.9     35   0.25     56     26  343.8  344.9  343.9
  256.0  10787  -39.6  -48.7     37   0.18     70     31  344.7  345.4  344.7
  254.0  10842  -40.1  -49.1     38   0.17     68     31  344.7  345.5  344.8
  250.0  10950  -40.7                          65     32  345.4         345.4
  204.0  12299  -51.5                          40     19  349.1         349.1
  200.0  12430  -52.5                          35     13  349.5         349.5
  186.0  12882  -56.5                          25      4  350.3         350.3
  177.0  13190  -59.3                         270      7  350.7         350.7
  169.0  13478  -61.9                         260      4  351.1         351.1
  161.0  13780  -64.6                         145      4  351.5         351.5
  153.0  14097  -67.4                         140      3  351.8         351.8
  150.0  14220  -68.5                         120      2  351.9         351.9
  146.0  14381  -69.9                          75      3  352.2         352.2
  141.0  14588  -71.7                          60      4  352.6         352.6
  138.0  14713  -72.4                          50      4  353.5         353.5
  131.0  15016  -74.0                         320      5  355.9         355.9
  119.0  15574  -77.1                         335      5  360.2         360.2
  112.0  15924  -75.6                         340     15  369.3         369.3
  109.0  16081  -74.9                         313     13  373.4         373.4
  107.0  16188  -75.0                         295     11  375.2         375.2
  101.0  16522  -75.4                         260     21  380.6         380.6
  100.0  16580  -75.5                         260     22  381.6         381.6
   87.0  17382  -78.6                         290     33  390.9         390.9
   85.1  17509  -79.1                         290     33  392.3         392.3
   79.4  17904  -79.5                         281     37  399.4         399.4
   76.6  18109  -76.7                         277     39  409.3         409.3
   70.0  18630  -76.3                         265     44  420.8         420.8
   69.0  18713  -76.9                         264     44  421.3         421.3
   64.1  19136  -75.5                         259     42  433.3         433.3
   60.0  19527  -68.1                         255     40  458.0         458.0
   58.7  19656  -65.7                         258     40  466.4         466.4
   50.0  20640  -60.3                         280     39  500.9         500.9
   46.9  21042  -57.1                         283     27  517.9         517.9
   45.0  21301  -58.0                         285     20  521.7         521.7
   41.0  21884  -60.2                         280     36  530.5         530.5
   39.4  22133  -61.1                         272     26  534.2         534.2
   37.0  22525  -59.8                         260     11  547.2         547.2
   36.0  22695  -59.3                         120     16  552.9         552.9
   35.7  22748  -59.1                         118     17  554.7         554.7
   31.0  23619  -64.7                          90     39  562.4         562.4
   30.7  23679  -65.1                          95     39  562.9         562.9
   30.0  23820  -63.9                          90     37  569.9         569.9
   28.0  24254  -61.7                          85     44  587.2         587.2
   24.0  25224  -56.9                         105     56  627.7         627.7
   21.0  26064  -52.7                          98     63  664.8         664.8
   20.0  26380  -51.9                          95     66  676.6         676.6
   17.5  27244  -52.3                          91     67  701.6         701.6
   16.4  27664  -52.1                          89     67  715.4         715.4
   14.0  28707  -45.9                          85     68  769.4         769.4
   13.8  28801  -45.3                          85     68  774.5         774.5
   13.3  29045  -43.9                                     787.7         787.7
</PRE><H3>Station information and sounding indices</H3><PRE>
                         Station identifier: WAAA
                             Station number: 97180
                           Observation time: 170628/0000
                           Station latitude: -5.06
                          Station longitude: 119.55
                          Station elevation: 14.0
                            Showalter index: 7.46
                               Lifted index: 0.15
    LIFT computed using virtual temperature: -0.03
                                SWEAT index: 52.41
                                    K index: 25.40
                         Cross totals index: 10.10
                      Vertical totals index: 26.10
                        Totals totals index: 36.20
      Convective Available Potential Energy: 3.43
             CAPE using virtual temperature: 5.41
                      Convective Inhibition: -392.25
             CINS using virtual temperature: -292.78
                           Equilibrum Level: 439.37
 Equilibrum Level using virtual temperature: 439.11
                   Level of Free Convection: 522.72
             LFCT using virtual temperature: 531.76
                     Bulk Richardson Number: 4.00
          Bulk Richardson Number using CAPV: 6.31
  Temp [K] of the Lifted Condensation Level: 290.39
Pres [hPa] of the Lifted Condensation Level: 903.65
     Mean mixed layer potential temperature: 298.93
              Mean mixed layer mixing ratio: 13.92
              1000 hPa to 500 hPa thickness: 5768.00
Precipitable water [mm] for entire sounding: 40.27
</PRE>
<P>Description of the 
<A HREF="/upperair/columns.html">data columns</A>
or <A HREF="/upperair/indices.html">sounding indices</A>.

<P>
<FORM>
<INPUT CLASS="button" TYPE="button" VALUE=" Close this window " 
 onClick="window.close();">
<INPUT CLASS="button" TYPE="button" VALUE=" Select another map " 
 onClick="window.blur();">
</FORM>
<HR SIZE="1">
<I>Interested in graduate studies in atmospheric science?
Check out our program at the
<a href="http://www.uwyo.edu/atsc/howtoapply/"
target=_top>University of Wyoming
</a></I>
<HR SIZE="1"><FONT SIZE="-1">
Questions about the weather data provided by this site can be
addressed to <A HREF="mailto:ldoolman@uwyo.edu">
Larry Oolman (ldoolman@uwyo.edu)</A></FONT>
<HR SIZE="1">
<SCRIPT TYPE="text/javascript">
<!--
window.focus();
// -->
</SCRIPT>
</BODY>
</HTML>
