2016-01-25 12
<HTML>
<TITLE>University of Wyoming - Radiosonde Data</TITLE>
<LINK REL="StyleSheet" HREF="/resources/select.css" TYPE="text/css">
<BODY BGCOLOR="white">
<H2>97180 WAAA Ujung Pandang Observations at 00Z 25 Jan 2016</H2>
<PRE>
-----------------------------------------------------------------------------
   PRES   HGHT   TEMP   DWPT   RELH   MIXR   DRCT   SKNT   THTA   THTE   THTV
    hPa     m      C      C      %    g/kg    deg   knot     K      K      K 
-----------------------------------------------------------------------------
 1012.0     14   24.0   22.8     93  17.61      0      0  296.1  347.1  299.2
 1009.0     41   24.0   21.3     85  16.08     22      1  296.4  342.9  299.2
 1005.0     76   24.6   20.7     79  15.55     52      1  297.3  342.5  300.1
 1001.0    112   27.6   20.6     66  15.51     82      2  300.7  346.4  303.5
 1000.0    121   27.4   20.4     66  15.33     90      2  300.6  345.8  303.3
  980.0    299   26.2   19.2     65  14.51     90      4  301.1  344.0  303.7
  947.0    600   24.2   17.2     65  13.20    285      6  302.0  341.2  304.4
  925.0    807   22.8   15.8     65  12.35    280     12  302.6  339.4  304.9
  915.0    901   22.2   15.5     66  12.22    275     14  302.9  339.4  305.2
  854.0   1497   18.5   13.3     72  11.40    245     23  305.1  339.4  307.1
  850.0   1538   18.2   13.2     73  11.34    245     23  305.2  339.4  307.3
  849.0   1548   18.2   13.2     73  11.35    245     23  305.3  339.6  307.4
  796.0   2092   14.9   11.0     77  10.43    240     33  307.4  339.2  309.3
  700.0   3177    8.2    6.5     89   8.75    270     21  311.5  338.8  313.2
  665.0   3600    6.1    4.5     90   8.01    275     16  313.7  339.0  315.3
  648.0   3814    5.0    3.5     90   7.65    270     17  314.9  339.1  316.3
  618.0   4199    3.3    1.8     90   7.11    260     19  317.2  340.0  318.5
  574.0   4798    0.6   -0.8     90   6.31    230      8  320.8  341.4  322.0
  565.0   4927    0.0   -1.4     90   6.15    228      8  321.6  341.7  322.7
  540.0   5289   -2.5   -3.0     96   5.71    222      8  322.8  341.6  323.9
  533.0   5393   -1.5   -3.8     84   5.45    220      8  325.1  343.4  326.2
  532.0   5408   -1.6   -3.9     85   5.43    220      8  325.2  343.4  326.2
  513.0   5696   -4.0   -5.2     91   5.08    255      4  325.7  342.8  326.7
  500.0   5900   -5.7   -6.2     96   4.84    265      2  326.0  342.4  327.0
  495.0   5979   -6.3   -6.3    100   4.85    265      3  326.2  342.6  327.2
  475.0   6300   -7.7   -8.2     96   4.35    265      8  328.4  343.2  329.2
  453.0   6669   -9.3  -10.5     91   3.82    241      7  330.8  344.1  331.6
  439.0   6909  -10.8  -12.3     89   3.41    225      6  332.0  343.9  332.6
  406.0   7507  -14.4  -16.7     83   2.56    225      6  334.7  343.9  335.2
  402.0   7582  -14.9  -17.3     82   2.46    232      6  335.1  343.9  335.6
  400.0   7620  -15.1  -17.8     80   2.37    235      6  335.3  343.9  335.8
  390.0   7810  -16.4  -18.4     84   2.30    255      4  336.0  344.4  336.5
  383.0   7947  -17.3  -18.9     87   2.26    220      5  336.6  344.8  337.0
  377.0   8065  -17.9  -22.7     66   1.65    190      6  337.3  343.4  337.6
  375.0   8104  -18.2  -22.8     67   1.65    180      6  337.4  343.6  337.8
  366.0   8285  -19.5  -23.1     73   1.64    170      6  338.0  344.1  338.4
  363.0   8346  -20.1  -20.5     97   2.07    167      7  338.0  345.7  338.4
  355.0   8510  -21.3  -25.3     70   1.39    158      7  338.6  343.8  338.9
  332.0   8998  -24.5  -26.7     82   1.30    130      8  340.7  345.6  341.0
  316.0   9358  -26.9  -27.8     92   1.24    113     10  342.2  347.0  342.5
  300.0   9730  -29.7  -31.4     85   0.93     95     12  343.4  347.1  343.6
  293.0   9896  -31.1  -32.8     85   0.83     95     14  343.8  347.1  343.9
  269.0  10496  -36.1  -37.9     83   0.54    115     10  345.0  347.2  345.1
  251.0  10983  -40.1  -42.1     81   0.38    129     10  345.9  347.5  346.0
  250.0  11010  -40.3                         130     10  346.0         346.0
  215.0  12004  -49.1                         140     23  347.6         347.6
  200.0  12480  -53.3                         140     25  348.2         348.2
  151.0  14230  -67.5                         116     51  352.9         352.9
  150.0  14270  -67.5                         115     52  353.6         353.6
  147.0  14388  -68.2                         110     56  354.4         354.4
  139.0  14716  -70.1                         100     58  356.8         356.8
  108.0  16195  -78.9                          70     29  367.0         367.0
  103.0  16473  -80.5                          76     28  368.8         368.8
  100.0  16640  -81.1                          80     27  370.8         370.8
   96.0  16869  -81.9                          85     27  373.6         373.6
   83.0  17687  -81.0                         100     35  391.3         391.3
   82.0  17755  -80.9                         105     31  392.8         392.8
   78.0  18040  -78.1                         125     16  404.3         404.3
   75.5  18226  -76.3                         179     18  411.8         411.8
   75.0  18264  -76.5                         190     19  412.2         412.2
   70.0  18660  -78.7                         190     25  415.7         415.7
   67.0  18907  -80.2                         190     23  417.7         417.7
   64.0  19165  -81.7                         165     19  419.8         419.8
   63.3  19227  -82.1                         165     17  420.3         420.3
   60.0  19533  -75.6                          70     10  441.4         441.4
   58.7  19659  -72.9                          42     12  450.2         450.2
   57.0  19833  -72.0                           5     14  456.1         456.1
   54.0  20154  -70.3                          35     12  467.0         467.0
   52.0  20377  -69.1                          25      8  474.8         474.8
   50.0  20610  -67.9                          80      6  483.1         483.1
   49.0  20732  -67.4                         105      6  487.0         487.0
   47.0  20985  -66.5                         155     14  495.1         495.1
   43.9  21398  -64.9                         130     16  508.7         508.7
   40.0  21970  -64.0                          95     19  524.6         524.6
   37.0  22450  -63.3                          85      6  538.3         538.3
   33.0  23154  -62.2                         125      8  559.1         559.1
   30.0  23740  -61.3                          85     14  577.0         577.0
   29.0  23951  -61.1                          70     14  583.2         583.2
   28.3  24102  -60.9                          51     13  587.8         587.8
   27.0  24398  -58.5                          15     10  602.5         602.5
   26.2  24587  -56.9                         355     14  612.2         612.2
   25.0  24884  -56.8                         325     21  620.7         620.7
   22.0  25695  -56.5                         310     27  644.7         644.7
   20.0  26300  -56.3                         265     16  663.1         663.1
   17.0  27338  -54.2                         125      8  701.4         701.4
   16.4  27567  -53.7                          69     17  710.2         710.2
   16.0  27727  -52.5                          30     23  719.2         719.2
   15.5  27932  -50.9                          17     19  731.0         731.0
   14.0  28593  -51.4                         335      6  750.9         750.9
   13.0  29074  -51.7                          75     10  765.8         765.8
   12.5  29328  -51.9                                     773.8         773.8
</PRE><H3>Station information and sounding indices</H3><PRE>
                         Station identifier: WAAA
                             Station number: 97180
                           Observation time: 160125/0000
                           Station latitude: -5.06
                          Station longitude: 119.55
                          Station elevation: 14.0
                            Showalter index: 1.44
                               Lifted index: -0.34
    LIFT computed using virtual temperature: -0.39
                                SWEAT index: 206.40
                                    K index: 35.40
                         Cross totals index: 18.90
                      Vertical totals index: 23.90
                        Totals totals index: 42.80
      Convective Available Potential Energy: 36.01
             CAPE using virtual temperature: 52.98
                      Convective Inhibition: -128.49
             CINS using virtual temperature: -100.66
                           Equilibrum Level: 476.64
 Equilibrum Level using virtual temperature: 475.60
                   Level of Free Convection: 727.54
             LFCT using virtual temperature: 740.13
                     Bulk Richardson Number: 0.98
          Bulk Richardson Number using CAPV: 1.45
  Temp [K] of the Lifted Condensation Level: 291.18
Pres [hPa] of the Lifted Condensation Level: 896.72
     Mean mixed layer potential temperature: 300.41
              Mean mixed layer mixing ratio: 14.77
              1000 hPa to 500 hPa thickness: 5779.00
Precipitable water [mm] for entire sounding: 56.50
</PRE>
<P>Description of the 
<A HREF="/upperair/columns.html">data columns</A>
or <A HREF="/upperair/indices.html">sounding indices</A>.

<P>
<FORM>
<INPUT CLASS="button" TYPE="button" VALUE=" Close this window " 
 onClick="window.close();">
<INPUT CLASS="button" TYPE="button" VALUE=" Select another map " 
 onClick="window.blur();">
</FORM>
<HR SIZE="1">
<I>Interested in graduate studies in atmospheric science?
Check out our program at the
<a href="http://www.uwyo.edu/atsc/howtoapply/"
target=_top>University of Wyoming
</a></I>
<HR SIZE="1"><FONT SIZE="-1">
Questions about the weather data provided by this site can be
addressed to <A HREF="mailto:ldoolman@uwyo.edu">
Larry Oolman (ldoolman@uwyo.edu)</A></FONT>
<HR SIZE="1">
<SCRIPT TYPE="text/javascript">
<!--
window.focus();
// -->
</SCRIPT>
</BODY>
</HTML>
