2016-09-09 12
<HTML>
<TITLE>University of Wyoming - Radiosonde Data</TITLE>
<LINK REL="StyleSheet" HREF="/resources/select.css" TYPE="text/css">
<BODY BGCOLOR="white">
<H2>97180 WAAA Ujung Pandang Observations at 00Z 09 Sep 2016</H2>
<PRE>
-----------------------------------------------------------------------------
   PRES   HGHT   TEMP   DWPT   RELH   MIXR   DRCT   SKNT   THTA   THTE   THTV
    hPa     m      C      C      %    g/kg    deg   knot     K      K      K 
-----------------------------------------------------------------------------
 1012.0     14   26.4   20.4     70  15.15      0      0  298.5  342.8  301.2
 1000.0    110   26.4   18.4     61  13.50    105      9  299.6  339.2  302.0
  979.0    297   25.4   18.0     64  13.47     85     16  300.4  340.1  302.8
  966.0    415   24.8   17.8     65  13.45     87     16  300.9  340.7  303.3
  925.0    794   22.0   16.0     69  12.51     95     15  301.8  339.0  304.1
  882.0   1207   19.3   14.1     72  11.63    105     18  303.1  337.9  305.2
  872.0   1307   18.6   13.7     73  11.42     99     17  303.4  337.6  305.5
  867.0   1356   18.4   13.7     74  11.49     96     16  303.7  338.1  305.8
  850.0   1527   18.8    9.8     56   9.02     85     14  305.8  333.3  307.5
  833.0   1700   18.6    5.6     42   6.89     77     12  307.4  328.7  308.7
  795.0   2097   15.3    3.0     44   5.99     60      9  308.0  326.7  309.1
  776.0   2303   13.6    1.6     44   5.57     67      9  308.3  325.7  309.3
  759.0   2489   12.4    4.4     58   6.95     73      8  309.0  330.6  310.2
  755.0   2533   12.2    4.2     58   6.89     74      8  309.2  330.7  310.5
  740.0   2702   12.6    2.8     51   6.35     80      8  311.4  331.4  312.6
  730.0   2816   12.8    1.8     47   6.01     93      8  312.9  331.9  314.0
  714.0   3001   11.5    0.0     45   5.39    115      8  313.4  330.7  314.5
  700.0   3167   10.4   -1.6     43   4.89    115      8  314.0  329.7  314.9
  689.0   3299    9.3   -2.7     43   4.57    115      7  314.2  329.0  315.0
  686.0   3335    9.0   -3.0     43   4.49    112      7  314.2  328.8  315.1
  649.0   3792    5.8   -0.2     65   5.85     70      7  315.6  334.4  316.7
  640.0   3905    5.1   -1.6     62   5.35     60      7  316.1  333.4  317.1
  617.0   4203    3.3   -5.2     54   4.22     10      5  317.3  331.2  318.1
  599.0   4444    1.8   -8.2     47   3.46     71      5  318.3  329.8  319.0
  595.0   4498    1.6  -10.8     39   2.83     85      5  318.7  328.3  319.3
  583.0   4662    1.2  -18.8     21   1.49    112      7  320.1  325.3  320.4
  573.0   4801    0.5  -16.6     27   1.84    135      8  320.8  327.2  321.2
  566.0   4899    0.0  -15.0     31   2.12    122      8  321.4  328.7  321.8
  552.0   5099   -1.4  -15.2     34   2.14     95      7  322.0  329.4  322.4
  544.0   5216   -2.3  -15.3     36   2.15     96      9  322.3  329.8  322.7
  530.0   5422   -3.5  -27.5     14   0.76     99     12  323.3  326.1  323.4
  500.0   5880   -6.3  -28.3     16   0.75    105     20  325.3  328.1  325.4
  492.0   6004   -6.8  -30.3     14   0.63    115     18  326.1  328.5  326.2
  424.0   7149  -11.9  -48.9      3   0.11     91     16  333.8  334.3  333.9
  421.0   7203  -12.3  -48.8      3   0.11     90     16  334.0  334.5  334.1
  400.0   7590  -14.9  -47.9      4   0.13     95     20  335.5  336.1  335.6
  374.0   8095  -18.5  -47.5      6   0.14     95     22  337.3  337.9  337.3
  359.0   8400  -19.4  -53.9      3   0.07     95     23  340.0  340.3  340.0
  355.0   8484  -19.7  -55.7      3   0.06     96     23  340.7  341.0  340.7
  331.0   8994  -23.8  -53.5      5   0.08    100     21  342.0  342.4  342.0
  305.0   9590  -28.5  -51.0     10   0.12     90     21  343.4  343.9  343.4
  300.0   9710  -29.5  -50.5     11   0.12     95     22  343.7  344.2  343.7
  252.0  10926  -40.1  -52.1     27   0.12     90     18  345.5  346.1  345.6
  250.0  10980  -40.5                          90     18  345.7         345.7
  245.0  11113  -41.7                          85     18  346.0         346.0
  200.0  12450  -53.3                          60     17  348.2         348.2
  195.0  12608  -54.7                          55     17  348.5         348.5
  169.0  13504  -62.6                          75     15  349.9         349.9
  157.0  13965  -66.7                          63     22  350.4         350.4
  150.0  14240  -68.3                          55     27  352.2         352.2
  139.0  14688  -72.2                          50     29  353.1         353.1
  129.0  15127  -76.1                          75     22  353.8         353.8
  125.0  15306  -77.1                          85     19  355.2         355.2
  119.0  15586  -78.6                         115     16  357.4         357.4
  110.0  16034  -81.1                         108     25  360.8         360.8
  100.0  16570  -80.9                         100     36  371.2         371.2
   96.4  16776  -83.3                         100     38  370.4         370.4
   91.0  17100  -81.0                          85     47  381.1         381.1
   89.4  17200  -80.3                          82     45  384.4         384.4
   88.1  17283  -77.5                          79     43  391.7         391.7
   83.5  17590  -79.9                          68     37  392.8         392.8
   82.0  17693  -79.8                          65     35  395.1         395.1
   78.2  17962  -79.5                          77     36  401.1         401.1
   71.8  18458  -71.9                          99     38  427.1         427.1
   71.3  18499  -69.3                         100     39  433.5         433.5
   70.0  18610  -67.5                         105     39  439.6         439.6
   68.1  18778  -62.7                          89     30  453.5         453.5
   67.0  18878  -62.2                          80     24  456.6         456.6
   64.6  19104  -61.1                          40     14  463.8         463.8
   64.0  19161  -61.3                          30     12  464.6         464.6
   61.0  19454  -62.5                         335     16  468.3         468.3
   55.0  20087  -65.1                         295     12  476.5         476.5
   52.0  20430  -66.5                         230     16  480.9         480.9
   50.0  20670  -67.5                         195     16  484.0         484.0
   48.8  20816  -68.1                         170     15  486.0         486.0
   45.0  21301  -68.5                         110     13  496.4         496.4
   43.0  21580  -65.3                          90     23  510.8         510.8
   41.0  21871  -61.9                         110     19  526.2         526.2
   39.3  22130  -58.9                         102      9  540.2         540.2
   39.0  22178  -59.0                         100      7  541.2         541.2
   37.0  22507  -59.4                          15      6  548.2         548.2
   35.0  22854  -59.9                          10      6  555.7         555.7
   34.0  23035  -60.2                         280     13  559.6         559.6
   33.5  23127  -60.3                         276     13  561.7         561.7
   32.0  23415  -58.6                         265     15  573.5         573.5
   31.0  23614  -57.5                         310     14  581.9         581.9
   30.0  23820  -56.3                         305     23  590.6         590.6
   29.0  24035  -56.3                         295     32  596.3         596.3
   25.0  24976  -56.3                         275     28  622.1         622.1
   21.0  26081  -56.3                         250     30  653.9         653.9
   20.0  26390  -56.3                         250     37  663.1         663.1
   18.2  26989  -56.1                         238     29  681.8         681.8
   17.0  27425  -54.8                         230     24  699.4         699.4
   16.0  27813  -53.7                         175     20  715.4         715.4
   15.7  27934  -53.3                                     720.4         720.4
</PRE><H3>Station information and sounding indices</H3><PRE>
                         Station identifier: WAAA
                             Station number: 97180
                           Observation time: 160909/0000
                           Station latitude: -5.06
                          Station longitude: 119.55
                          Station elevation: 14.0
                            Showalter index: 3.50
                               Lifted index: 0.50
    LIFT computed using virtual temperature: -0.12
                                SWEAT index: 165.62
                                    K index: 22.90
                         Cross totals index: 16.10
                      Vertical totals index: 25.10
                        Totals totals index: 41.20
      Convective Available Potential Energy: 0.00
             CAPE using virtual temperature: 1.64
                      Convective Inhibition: 0.00
             CINS using virtual temperature: -229.98
 Equilibrum Level using virtual temperature: 496.41
             LFCT using virtual temperature: 535.57
                     Bulk Richardson Number: 0.00
          Bulk Richardson Number using CAPV: 3.63
  Temp [K] of the Lifted Condensation Level: 289.73
Pres [hPa] of the Lifted Condensation Level: 883.99
     Mean mixed layer potential temperature: 300.13
              Mean mixed layer mixing ratio: 13.63
              1000 hPa to 500 hPa thickness: 5770.00
Precipitable water [mm] for entire sounding: 37.44
</PRE>
<P>Description of the 
<A HREF="/upperair/columns.html">data columns</A>
or <A HREF="/upperair/indices.html">sounding indices</A>.

<P>
<FORM>
<INPUT CLASS="button" TYPE="button" VALUE=" Close this window " 
 onClick="window.close();">
<INPUT CLASS="button" TYPE="button" VALUE=" Select another map " 
 onClick="window.blur();">
</FORM>
<HR SIZE="1">
<I>Interested in graduate studies in atmospheric science?
Check out our program at the
<a href="http://www.uwyo.edu/atsc/howtoapply/"
target=_top>University of Wyoming
</a></I>
<HR SIZE="1"><FONT SIZE="-1">
Questions about the weather data provided by this site can be
addressed to <A HREF="mailto:ldoolman@uwyo.edu">
Larry Oolman (ldoolman@uwyo.edu)</A></FONT>
<HR SIZE="1">
<SCRIPT TYPE="text/javascript">
<!--
window.focus();
// -->
</SCRIPT>
</BODY>
</HTML>
