2018-04-13 00
<HTML>
<TITLE>University of Wyoming - Radiosonde Data</TITLE>
<LINK REL="StyleSheet" HREF="/resources/select.css" TYPE="text/css">
<BODY BGCOLOR="white">
<H2>97180 WAAA Ujung Pandang Observations at 00Z 13 Apr 2018</H2>
<PRE>
-----------------------------------------------------------------------------
   PRES   HGHT   TEMP   DWPT   RELH   MIXR   DRCT   SKNT   THTA   THTE   THTV
    hPa     m      C      C      %    g/kg    deg   knot     K      K      K 
-----------------------------------------------------------------------------
 1009.0     14   25.2   23.4     90  18.34      0      0  297.6  350.9  300.8
 1008.0     22   25.2   21.6     80  16.41     13      0  297.7  345.4  300.6
 1000.0     89   25.2   20.7     76  15.63    115      4  298.4  344.0  301.1
  999.0     98   25.2   20.7     76  15.64    115      4  298.4  344.1  301.2
  994.0    142   26.8   20.8     70  15.82    116      4  300.5  347.1  303.3
  976.0    303   26.1   19.7     68  15.06    120      4  301.4  345.9  304.1
  951.0    531   25.2   18.2     65  14.03    131      3  302.7  344.4  305.2
  943.0    605   24.6   17.6     65  13.66    135      3  302.8  343.5  305.3
  925.0    774   23.4   16.4     65  12.84    100      5  303.2  341.6  305.6
  912.0    897   22.8   15.7     64  12.42     85      7  303.9  341.1  306.1
  851.0   1497   20.1   12.1     60  10.50    100     11  307.0  339.0  309.0
  850.0   1507   20.0   12.0     60  10.47    100     11  307.1  339.0  309.0
  847.0   1538   20.0   12.0     60  10.51    102     11  307.4  339.4  309.3
  821.0   1804   18.0   11.2     65  10.31    115     12  308.0  339.5  309.9
  780.0   2242   14.6   10.0     74   9.98    100     14  308.9  339.6  310.8
  766.0   2396   14.3    7.9     65   8.78     95     15  310.2  337.4  311.9
  740.0   2688   13.8    3.8     51   6.84    103     16  312.7  334.3  314.0
  700.0   3154   11.4   -0.6     43   5.26    115     17  315.1  332.1  316.1
  688.0   3295   10.6   -1.7     42   4.94    115     16  315.7  331.7  316.6
  617.0   4186    5.2   -8.4     37   3.30    110     17  319.5  330.6  320.2
  555.0   5052    0.0  -15.0     31   2.16     71     16  323.2  330.7  323.6
  531.0   5404   -2.5  -13.5     43   2.55     55     16  324.3  333.2  324.8
  516.0   5632   -2.9  -16.9     33   1.98     55     15  326.5  333.5  326.9
  500.0   5880   -4.9  -19.9     30   1.59     55     13  327.0  332.7  327.3
  474.0   6295   -7.5  -23.9     26   1.18     65     11  328.8  333.1  329.0
  444.0   6803  -10.7  -28.7     21   0.81     40     12  331.0  334.0  331.1
  438.0   6908  -10.7  -30.1     19   0.72     35     12  332.3  335.0  332.4
  431.0   7031  -10.7  -31.7     16   0.63     39     13  333.8  336.2  333.9
  409.0   7431  -14.1  -30.1     25   0.77     50     15  334.4  337.4  334.6
  400.0   7600  -14.3  -39.3     10   0.32     55     16  336.3  337.6  336.4
  364.0   8309  -20.3  -40.3     15   0.31     65     18  337.5  338.8  337.6
  345.0   8701  -22.8  -42.8     14   0.26     70     19  339.4  340.4  339.4
  318.0   9297  -26.5  -46.5     13   0.18     70     16  342.1  342.9  342.2
  306.0   9578  -28.3  -48.3     13   0.16     42     13  343.4  344.1  343.5
  305.0   9601  -28.4  -48.6     13   0.15     40     13  343.6  344.2  343.6
  300.0   9720  -29.1  -50.1     11   0.13     35     14  344.2  344.8  344.3
  257.0  10790  -38.5  -55.1     16   0.08     45     13  346.0  346.4  346.0
  251.0  10953  -39.9  -55.9     16   0.08     32     10  346.2  346.6  346.2
  250.0  10980  -40.1                          30      9  346.3         346.3
  246.0  11088  -41.0                          20      7  346.6         346.6
  235.0  11393  -43.5                         355      5  347.4         347.4
  225.0  11684  -45.9                         255      4  348.1         348.1
  215.0  11987  -48.4                         195      7  348.8         348.8
  205.0  12305  -51.0                         205      5  349.4         349.4
  200.0  12470  -52.3                         235      7  349.8         349.8
  196.0  12596  -53.3                         235      6  350.2         350.2
  187.0  12888  -55.8                         230      7  351.0         351.0
  178.0  13195  -58.3                         180      6  351.8         351.8
  170.0  13481  -60.7                         170      3  352.5         352.5
  162.0  13781  -63.1                         130      1  353.3         353.3
  154.0  14096  -65.8                         285      3  354.0         354.0
  150.0  14260  -67.1                         355      6  354.3         354.3
  147.0  14380  -68.1                           5      9  354.6         354.6
  139.0  14713  -71.0                          20     11  355.2         355.2
  134.0  14931  -72.9                          16     12  355.6         355.6
  126.0  15286  -75.7                          10     15  356.8         356.8
  114.0  15862  -80.3                          47     22  358.6         358.6
  107.0  16219  -81.0                          70     26  363.9         363.9
  100.0  16600  -81.7                          80     30  369.6         369.6
   97.0  16770  -82.7                          90     34  371.0         371.0
   92.6  17029  -84.1                          85     33  373.1         373.1
   83.1  17638  -78.9                          36      7  395.4         395.4
   82.0  17714  -79.3                          30      4  396.2         396.2
   78.0  17998  -80.6                          90      5  399.1         399.1
   77.2  18056  -80.9                          56      6  399.7         399.7
   74.0  18296  -80.5                         275      8  405.2         405.2
   70.0  18610  -80.1                         230     20  412.7         412.7
   67.0  18859  -79.1                         170     23  420.1         420.1
   65.9  18953  -78.7                         166     20  422.9         422.9
   63.0  19210  -77.3                         155     13  431.5         431.5
   62.6  19246  -77.1                         156     12  432.7         432.7
   60.5  19444  -73.1                         159      9  445.9         445.9
   60.0  19493  -73.1                         160      8  447.0         447.0
   57.0  19794  -73.0                         335      9  453.8         453.8
   55.4  19960  -72.9                         332     14  457.7         457.7
   54.0  20112  -71.5                         330     19  464.4         464.4
   51.4  20405  -68.7                         301     19  477.4         477.4
   50.0  20570  -68.5                         285     19  481.6         481.6
   49.0  20691  -68.6                         275     17  484.2         484.2
   47.0  20940  -68.8                         205      5  489.6         489.6
   44.0  21334  -69.0                         125     15  498.2         498.2
   42.0  21611  -69.2                         135     24  504.4         504.4
   41.4  21697  -69.3                         126     28  506.4         506.4
   38.5  22135  -64.9                          83     47  528.1         528.1
   38.0  22214  -65.2                          75     51  529.4         529.4
   35.9  22559  -66.3                          80     54  535.2         535.2
   30.0  23660  -60.7                          95     62  578.6         578.6
   29.5  23765  -60.7                          95     62  581.4         581.4
   27.5  24206  -56.1                          93     64  606.0         606.0
   25.4  24709  -56.9                          91     65  617.6         617.6
   24.3  24990  -56.7                          90     66  626.1         626.1
   23.1  25314  -52.1                          89     67  648.7         648.7
   20.0  26250  -50.3                          85     70  681.5         681.5
   16.0  27720  -47.6                          90     69  734.9         734.9
   13.8  28694  -45.9                          93     77  772.6         772.6
   12.2  29518  -43.7                          95     84  808.1         808.1
   12.0  29630  -43.1                          95     85  814.1         814.1
   11.9  29686  -42.8                          95     85  817.1         817.1
   11.5  29917  -41.5                          91     69  829.7         829.7
   11.0  30221  -36.7                          85     49  857.7         857.7
   10.3  30679  -34.3                          64     43  882.9         882.9
   10.0                                        55     41                     
</PRE><H3>Station information and sounding indices</H3><PRE>
                         Station identifier: WAAA
                             Station number: 97180
                           Observation time: 180413/0000
                           Station latitude: -5.06
                          Station longitude: 119.55
                          Station elevation: 14.0
                            Showalter index: 2.42
                               Lifted index: -0.20
    LIFT computed using virtual temperature: -0.83
                                SWEAT index: 178.98
                                    K index: 24.90
                         Cross totals index: 16.90
                      Vertical totals index: 24.90
                        Totals totals index: 41.80
      Convective Available Potential Energy: 16.92
             CAPE using virtual temperature: 69.51
                      Convective Inhibition: -303.63
             CINS using virtual temperature: -202.56
                           Equilibrum Level: 356.98
 Equilibrum Level using virtual temperature: 346.73
                   Level of Free Convection: 547.83
             LFCT using virtual temperature: 605.88
                     Bulk Richardson Number: 1.77
          Bulk Richardson Number using CAPV: 7.26
  Temp [K] of the Lifted Condensation Level: 291.72
Pres [hPa] of the Lifted Condensation Level: 899.50
     Mean mixed layer potential temperature: 300.70
              Mean mixed layer mixing ratio: 15.23
              1000 hPa to 500 hPa thickness: 5791.00
Precipitable water [mm] for entire sounding: 42.49
</PRE>
<P>Description of the 
<A HREF="/upperair/columns.html">data columns</A>
or <A HREF="/upperair/indices.html">sounding indices</A>.

<P>
<FORM>
<INPUT CLASS="button" TYPE="button" VALUE=" Close this window " 
 onClick="window.close();">
<INPUT CLASS="button" TYPE="button" VALUE=" Select another map " 
 onClick="window.blur();">
</FORM>
<HR SIZE="1">
<I>Interested in graduate studies in atmospheric science?
Check out our program at the
<a href="http://www.uwyo.edu/atsc/howtoapply/"
target=_top>University of Wyoming
</a></I>
<HR SIZE="1"><FONT SIZE="-1">
Questions about the weather data provided by this site can be
addressed to <A HREF="mailto:ldoolman@uwyo.edu">
Larry Oolman (ldoolman@uwyo.edu)</A></FONT>
<HR SIZE="1">
<SCRIPT TYPE="text/javascript">
<!--
window.focus();
// -->
</SCRIPT>
</BODY>
</HTML>
