2016-08-21 00
<HTML>
<TITLE>University of Wyoming - Radiosonde Data</TITLE>
<LINK REL="StyleSheet" HREF="/resources/select.css" TYPE="text/css">
<BODY BGCOLOR="white">
<H2>97180 WAAA Ujung Pandang Observations at 00Z 21 Aug 2016</H2>
<PRE>
-----------------------------------------------------------------------------
   PRES   HGHT   TEMP   DWPT   RELH   MIXR   DRCT   SKNT   THTA   THTE   THTV
    hPa     m      C      C      %    g/kg    deg   knot     K      K      K 
-----------------------------------------------------------------------------
 1009.0     14   24.8   20.5     77  15.29      0      0  297.2  341.6  299.9
 1000.0     91   24.6   18.6     69  13.67    140      5  297.8  337.6  300.2
  992.0    162   25.4   18.4     65  13.61    143      4  299.2  339.2  301.7
  977.0    295   24.6   17.6     65  13.14    150      3  299.8  338.4  302.1
  943.0    605   22.8   15.8     65  12.11    155      2  300.9  336.8  303.1
  925.0    774   21.8   14.8     64  11.57    160      4  301.6  336.0  303.7
  912.0    896   21.1   14.7     67  11.68    175      5  302.1  336.9  304.2
  880.0   1204   19.4   14.5     74  11.96    245      2  303.4  339.2  305.6
  873.0   1273   19.0   14.5     75  12.03    254      2  303.7  339.7  305.9
  850.0   1502   17.6   12.9     74  11.12    285      3  304.6  338.0  306.6
  844.0   1563   17.4   11.4     68  10.13    286      3  305.0  335.6  306.8
  842.0   1583   17.4   12.4     72  10.86    286      4  305.2  338.0  307.2
  837.0   1634   17.8    6.8     49   7.46    287      4  306.1  329.0  307.5
  835.0   1654   18.0    6.0     45   7.07    288      4  306.5  328.3  307.9
  791.0   2114   14.4   10.1     75   9.90    295      7  307.5  337.7  309.3
  771.0   2331   14.0    6.0     59   7.66    299      9  309.3  333.1  310.7
  759.0   2463   13.2    3.2     51   6.39    301     10  309.8  329.8  311.0
  754.0   2518   12.6    7.6     72   8.76    302     10  309.8  336.9  311.4
  712.0   2997   10.8    4.2     64   7.32    310     14  312.8  335.9  314.2
  700.0   3139   10.2    3.2     62   6.93    300     14  313.8  335.7  315.1
  684.0   3331    9.2    1.2     57   6.14    290     14  314.7  334.4  315.9
  675.0   3441    9.0   -4.0     40   4.23    284     15  315.7  329.5  316.5
  662.0   3600    7.9   -3.2     46   4.60    275     15  316.2  331.2  317.1
  615.0   4203    3.6    0.0     77   6.26    297     13  318.0  338.2  319.2
  591.0   4526    2.0   -2.2     74   5.54    310     11  319.8  337.9  320.8
  581.0   4663    1.4   -7.6     51   3.74    315     11  320.6  333.1  321.4
  574.0   4761    1.0   -7.0     55   3.96    318     10  321.3  334.5  322.0
  572.0   4789    0.8   -6.2     59   4.23    319     10  321.4  335.5  322.2
  571.0   4803    0.8   -6.9     56   4.01    320     10  321.6  335.0  322.3
  560.0   4959    1.2  -14.8     29   2.18    338      7  323.8  331.4  324.2
  550.0   5103    0.6  -16.5     27   1.93    355      5  324.7  331.5  325.1
  541.0   5235    0.0  -18.0     24   1.72    302      6  325.6  331.7  325.9
  530.0   5398   -1.2  -18.2     26   1.73    235      7  326.0  332.2  326.4
  500.0   5860   -4.7  -18.7     33   1.76    245     13  327.2  333.5  327.6
  494.0   5955   -5.5  -18.5     35   1.81    252     14  327.4  333.9  327.8
  491.0   6002   -5.9  -18.1     37   1.88    255     15  327.5  334.2  327.9
  462.0   6477   -9.5  -14.5     67   2.71    303     13  328.7  338.2  329.3
  455.0   6595  -10.1  -15.0     67   2.63    315     12  329.4  338.7  330.0
  441.0   6836  -11.3  -16.1     68   2.48    319      8  330.9  339.7  331.4
  437.0   6906  -11.6  -17.6     61   2.21    320      7  331.3  339.2  331.7
  420.0   7209  -13.1  -24.0     40   1.32     30      8  333.1  338.1  333.4
  416.0   7283  -13.5  -25.5     36   1.16     34      9  333.6  337.9  333.8
  405.0   7486  -14.9  -28.9     29   0.87     45     13  334.4  337.7  334.5
  402.0   7542  -15.5  -25.5     42   1.20     48     14  334.3  338.8  334.5
  400.0   7580  -15.7  -23.7     50   1.42     50     15  334.5  339.8  334.8
  375.0   8062  -17.9  -39.9     13   0.32     63     19  337.8  339.1  337.9
  344.0   8698  -21.3  -49.0      6   0.13     80     24  341.6  342.2  341.6
  332.0   8959  -22.7  -52.7      5   0.09     95     24  343.2  343.6  343.2
  317.0   9293  -25.4  -51.8      7   0.10    115     24  344.0  344.4  344.0
  300.0   9690  -28.7  -50.7     10   0.12    105     24  344.8  345.4  344.8
  277.0  10258  -34.1  -51.1     16   0.13     95     25  345.0  345.5  345.0
  256.0  10805  -38.7  -46.1     46   0.24     85     26  346.0  347.0  346.1
  250.0  10970  -40.1  -44.6     62   0.29     80     32  346.3  347.5  346.4
  200.0  12450  -52.5                          55     57  349.5         349.5
  178.0  13175  -58.8                          50     65  350.9         350.9
  150.0  14240  -68.1                          50     64  352.6         352.6
  140.0  14649  -72.1                          54     65  352.6         352.6
  125.0  15299  -75.1                          60     66  358.7         358.7
  107.0  16192  -79.3                         105     42  367.1         367.1
  100.0  16580  -81.1                         110     45  370.8         370.8
   93.7  16944  -83.5                         110     42  373.0         373.0
   86.0  17432  -79.0                         115     29  391.4         391.4
   79.3  17893  -74.7                          53     27  409.4         409.4
   78.0  17989  -74.8                          40     26  411.1         411.1
   74.0  18295  -75.2                          40     23  416.6         416.6
   72.7  18397  -75.3                          53     23  418.4         418.4
   71.3  18511  -71.5                          67     23  428.8         428.8
   70.0  18620  -71.7                          80     23  430.7         430.7
   67.0  18881  -69.9                         120     21  440.0         440.0
   61.5  19391  -66.3                         104     26  458.9         458.9
   59.2  19621  -67.3                          97     29  461.6         461.6
   57.0  19850  -65.5                          90     31  470.7         470.7
   55.8  19979  -64.5                          81     21  475.9         475.9
   55.0  20067  -62.0                          75     14  483.5         483.5
   54.5  20123  -60.5                          47     14  488.3         488.3
   52.0  20416  -59.7                         265     14  496.7         496.7
   50.0  20660  -59.1                         265     24  503.8         503.8
   45.0  21319  -58.9                         280     21  519.6         519.6
   43.0  21604  -58.8                         305     19  526.6         526.6
   39.5  22135  -58.7                         272     16  539.9         539.9
   37.1  22526  -60.7                         247     13  544.5         544.5
   36.0  22713  -60.4                         235     12  550.0         550.0
   34.4  22995  -59.9                         252     15  558.5         558.5
   32.5  23352  -56.1                         274     19  577.7         577.7
   32.0  23451  -56.1                         280     20  580.4         580.4
   30.0  23860  -55.9                         275     41  591.6         591.6
   28.0  24297  -57.1                         270     42  600.1         600.1
   27.7  24365  -57.3                         270     40  601.4         601.4
   24.0  25276  -53.9                         265     19  636.4         636.4
   23.8  25330  -53.7                         266     19  638.5         638.5
   20.0  26440  -55.7                         285     28  664.9         664.9
   19.1  26732  -57.1                         289     25  669.4         669.4
   18.0  27115  -54.7                         295     21  688.4         688.4
   17.0  27483  -52.4                         270     14  707.1         707.1
   16.0  27874  -50.0                         280     14  727.4         727.4
   15.5  28079  -48.7                                     738.2         738.2
</PRE><H3>Station information and sounding indices</H3><PRE>
                         Station identifier: WAAA
                             Station number: 97180
                           Observation time: 160821/0000
                           Station latitude: -5.06
                          Station longitude: 119.55
                          Station elevation: 14.0
                            Showalter index: 3.02
                               Lifted index: 2.86
    LIFT computed using virtual temperature: 2.45
                                SWEAT index: 173.78
                                    K index: 28.20
                         Cross totals index: 17.60
                      Vertical totals index: 22.30
                        Totals totals index: 39.90
      Convective Available Potential Energy: 0.00
             CAPE using virtual temperature: 0.00
                      Convective Inhibition: 0.00
             CINS using virtual temperature: 0.00
                     Bulk Richardson Number: 0.00
          Bulk Richardson Number using CAPV: 0.00
  Temp [K] of the Lifted Condensation Level: 289.48
Pres [hPa] of the Lifted Condensation Level: 889.81
     Mean mixed layer potential temperature: 299.32
              Mean mixed layer mixing ratio: 13.33
              1000 hPa to 500 hPa thickness: 5769.00
Precipitable water [mm] for entire sounding: 43.59
</PRE>
<P>Description of the 
<A HREF="/upperair/columns.html">data columns</A>
or <A HREF="/upperair/indices.html">sounding indices</A>.

<P>
<FORM>
<INPUT CLASS="button" TYPE="button" VALUE=" Close this window " 
 onClick="window.close();">
<INPUT CLASS="button" TYPE="button" VALUE=" Select another map " 
 onClick="window.blur();">
</FORM>
<HR SIZE="1">
<I>Interested in graduate studies in atmospheric science?
Check out our program at the
<a href="http://www.uwyo.edu/atsc/howtoapply/"
target=_top>University of Wyoming
</a></I>
<HR SIZE="1"><FONT SIZE="-1">
Questions about the weather data provided by this site can be
addressed to <A HREF="mailto:ldoolman@uwyo.edu">
Larry Oolman (ldoolman@uwyo.edu)</A></FONT>
<HR SIZE="1">
<SCRIPT TYPE="text/javascript">
<!--
window.focus();
// -->
</SCRIPT>
</BODY>
</HTML>
