2016-07-14 00
<HTML>
<TITLE>University of Wyoming - Radiosonde Data</TITLE>
<LINK REL="StyleSheet" HREF="/resources/select.css" TYPE="text/css">
<BODY BGCOLOR="white">
<H2>97180 WAAA Ujung Pandang Observations at 00Z 14 Jul 2016</H2>
<PRE>
-----------------------------------------------------------------------------
   PRES   HGHT   TEMP   DWPT   RELH   MIXR   DRCT   SKNT   THTA   THTE   THTV
    hPa     m      C      C      %    g/kg    deg   knot     K      K      K 
-----------------------------------------------------------------------------
 1010.0     14   24.0   20.7     82  15.47      0      0  296.3  341.1  299.1
 1005.0     55   24.2   17.2     65  12.43     45      1  296.9  333.1  299.1
 1004.0     64   24.2   17.2     65  12.45     54      2  297.0  333.2  299.2
 1001.0     89   25.4   17.4     61  12.65     81      3  298.5  335.5  300.7
 1000.0     97   26.2   17.2     58  12.50     90      3  299.4  336.1  301.6
  993.0    159   26.6   16.6     54  12.11     82      3  300.4  336.1  302.5
  990.0    186   27.0   16.0     51  11.68     79      3  301.0  335.6  303.1
  978.0    294   26.1   16.4     55  12.15     65      4  301.1  337.1  303.3
  931.0    729   22.2   18.1     78  14.24     96      4  301.4  343.6  304.0
  925.0    786   21.8   18.0     79  14.24    100      4  301.6  343.8  304.2
  913.0    899   21.1   17.3     79  13.81    115      4  302.1  343.0  304.6
  889.0   1128   19.8   15.9     78  12.94    108      6  303.0  341.6  305.3
  850.0   1513   19.4    8.4     49   8.20     95     10  306.4  331.6  308.0
  847.0   1543   19.4    6.4     43   7.17     95     10  306.8  328.9  308.1
  801.0   2021   16.6   -4.4     23   3.46     91      8  308.7  319.8  309.4
  793.0   2106   15.7    1.2     38   5.30     90      8  308.6  325.3  309.6
  784.0   2203   14.6    7.6     63   8.42    102      8  308.5  334.4  310.0
  766.0   2398   13.4    7.1     65   8.32    125      7  309.3  335.0  310.8
  729.0   2814   11.0    6.0     71   8.11    135      8  311.0  336.3  312.5
  713.0   3000   10.7    3.4     61   6.90    140      9  312.6  334.4  313.9
  701.0   3141   10.4    1.4     54   6.08    122      8  313.8  333.2  315.0
  700.0   3153   10.4    1.4     54   6.09    120      8  314.0  333.4  315.1
  688.0   3296    9.5    0.5     53   5.82    105      8  314.6  333.2  315.7
  640.0   3892    5.9   -3.1     52   4.80     75      6  317.1  332.7  318.0
  628.0   4048    5.0   -4.0     52   4.55     58      6  317.7  332.6  318.6
  619.0   4166    4.2   -1.8     65   5.45     44      6  318.1  335.8  319.1
  616.0   4205    4.0   -2.2     64   5.31     40      6  318.2  335.6  319.3
  572.0   4803    0.3   -8.6     52   3.52     65      4  320.7  332.6  321.4
  569.0   4846    0.0   -9.0     51   3.42     73      4  320.9  332.4  321.6
  551.0   5101   -1.4  -10.1     52   3.24    120      3  322.2  333.2  322.8
  531.0   5395   -3.1  -11.3     53   3.05    145      5  323.6  334.0  324.2
  519.0   5577   -4.1  -12.1     54   2.93    142      6  324.5  334.6  325.1
  511.0   5699   -4.7  -14.6     46   2.44    140      6  325.2  333.7  325.7
  506.0   5776   -5.1  -16.1     42   2.16    138      6  325.6  333.2  326.1
  500.0   5870   -5.7  -15.7     45   2.26    135      6  326.0  334.0  326.5
  473.0   6303   -8.3  -17.6     47   2.03    105      9  328.0  335.2  328.4
  459.0   6537   -9.7  -18.7     48   1.91    105     11  329.1  335.9  329.5
  425.0   7129  -12.3  -27.3     27   0.96    105     15  333.1  336.7  333.3
  400.0   7590  -16.1  -29.1     32   0.87    105     19  334.0  337.3  334.1
  389.0   7798  -17.5  -31.9     27   0.68    115     19  334.8  337.4  334.9
  377.0   8032  -19.1  -35.1     23   0.52    131     21  335.7  337.8  335.8
  374.0   8091  -19.5  -34.4     25   0.56    135     21  336.0  338.2  336.1
  366.0   8252  -20.5  -32.5     33   0.69    132     21  336.7  339.4  336.8
  331.0   8979  -25.7  -38.2     30   0.43    120     23  339.4  341.2  339.5
  300.0   9690  -30.7  -43.7     27   0.27    105     18  342.0  343.1  342.1
  291.0   9902  -32.3  -46.1     24   0.21    110     18  342.6  343.5  342.7
  267.0  10503  -37.0  -52.7     18   0.11    110     17  344.4  344.9  344.4
  253.0  10879  -39.9  -56.9     15   0.07     98     18  345.4  345.7  345.4
  250.0  10960  -40.7                          95     18  345.4         345.4
  234.0  11399  -44.5                          90     18  346.3         346.3
  200.0  12440  -53.5                         140     17  347.9         347.9
  195.0  12598  -54.8                         135     17  348.3         348.3
  161.0  13792  -65.0                         150     30  350.8         350.8
  160.0  13831  -65.3                         150     30  350.9         350.9
  150.0  14220  -67.3                         150     31  354.0         354.0
  146.0  14377  -68.2                         145     26  355.2         355.2
  119.0  15568  -75.0                          55     14  364.1         364.1
  113.0  15869  -76.7                          85     11  366.3         366.3
  107.0  16186  -78.5                          60      9  368.7         368.7
  100.0  16580  -80.7                          60      9  371.6         371.6
   96.0  16809  -81.7                          55      8  374.1         374.1
   95.0  16868  -81.9                          55      7  374.7         374.7
   91.0  17109  -81.7                         160      6  379.7         379.7
   86.0  17425  -81.5                         134      9  386.3         386.3
   83.2  17612  -78.3                         119     11  396.5         396.5
   79.2  17893  -78.3                          97     13  402.1         402.1
   78.0  17981  -77.3                          90     14  405.9         405.9
   72.6  18396  -72.7                          93     23  424.1         424.1
   70.0  18610  -72.7                          95     27  428.5         428.5
   63.0  19233  -70.6                         100     43  446.3         446.3
   60.4  19482  -69.7                          89     43  453.7         453.7
   59.1  19613  -66.5                          84     42  463.7         463.7
   57.0  19835  -65.1                          75     42  471.6         471.6
   52.0  20397  -61.6                          95     34  492.4         492.4
   51.6  20445  -61.3                          93     32  494.1         494.1
   50.0  20640  -61.7                          85     26  497.7         497.7
   47.0  21020  -62.8                          35      6  503.9         503.9
   45.0  21288  -63.6                         230      8  508.3         508.3
   40.9  21875  -65.3                         170     16  518.1         518.1
   39.0  22166  -64.6                         130     12  526.9         526.9
   37.0  22489  -63.8                          85      3  536.9         536.9
   35.2  22794  -63.1                         351      4  546.5         546.5
   35.0  22830  -63.0                         340      4  547.6         547.6
   34.0  23009  -62.6                         350     11  553.3         553.3
   32.4  23306  -61.9                         337     11  562.8         562.8
   30.6  23664  -57.1                         321     11  585.1         585.1
   30.0  23790  -56.5                         315     11  590.0         590.0
   29.4  23918  -55.5                         297     16  596.2         596.2
   28.0  24226  -56.9                         255     28  600.7         600.7
   27.0  24455  -57.9                         252     30  604.1         604.1
   25.0  24943  -55.6                         245     33  624.1         624.1
   23.6  25308  -53.9                         254     37  639.5         639.5
   22.0  25758  -53.1                         265     42  654.7         654.7
   20.0  26370  -52.1                         270     40  675.9         675.9
   19.4  26567  -52.9                         274     42  679.4         679.4
   18.6  26840  -50.1                         279     44  696.4         696.4
   17.0  27432  -48.0                         290     48  721.3         721.3
   16.1  27790  -46.7                                     736.7         736.7
</PRE><H3>Station information and sounding indices</H3><PRE>
                         Station identifier: WAAA
                             Station number: 97180
                           Observation time: 160714/0000
                           Station latitude: -5.06
                          Station longitude: 119.55
                          Station elevation: 14.0
                            Showalter index: 4.89
                               Lifted index: 2.41
    LIFT computed using virtual temperature: 2.10
                                SWEAT index: 126.81
                                    K index: 24.50
                         Cross totals index: 14.10
                      Vertical totals index: 25.10
                        Totals totals index: 39.20
      Convective Available Potential Energy: 0.00
             CAPE using virtual temperature: 0.00
                      Convective Inhibition: 0.00
             CINS using virtual temperature: 0.00
                     Bulk Richardson Number: 0.00
          Bulk Richardson Number using CAPV: 0.00
  Temp [K] of the Lifted Condensation Level: 288.07
Pres [hPa] of the Lifted Condensation Level: 865.14
     Mean mixed layer potential temperature: 300.26
              Mean mixed layer mixing ratio: 12.52
              1000 hPa to 500 hPa thickness: 5773.00
Precipitable water [mm] for entire sounding: 41.78
</PRE>
<P>Description of the 
<A HREF="/upperair/columns.html">data columns</A>
or <A HREF="/upperair/indices.html">sounding indices</A>.

<P>
<FORM>
<INPUT CLASS="button" TYPE="button" VALUE=" Close this window " 
 onClick="window.close();">
<INPUT CLASS="button" TYPE="button" VALUE=" Select another map " 
 onClick="window.blur();">
</FORM>
<HR SIZE="1">
<I>Interested in graduate studies in atmospheric science?
Check out our program at the
<a href="http://www.uwyo.edu/atsc/howtoapply/"
target=_top>University of Wyoming
</a></I>
<HR SIZE="1"><FONT SIZE="-1">
Questions about the weather data provided by this site can be
addressed to <A HREF="mailto:ldoolman@uwyo.edu">
Larry Oolman (ldoolman@uwyo.edu)</A></FONT>
<HR SIZE="1">
<SCRIPT TYPE="text/javascript">
<!--
window.focus();
// -->
</SCRIPT>
</BODY>
</HTML>
