2016-09-19 12
<HTML>
<TITLE>University of Wyoming - Radiosonde Data</TITLE>
<LINK REL="StyleSheet" HREF="/resources/select.css" TYPE="text/css">
<BODY BGCOLOR="white">
<H2>97180 WAAA Ujung Pandang Observations at 00Z 19 Sep 2016</H2>
<PRE>
-----------------------------------------------------------------------------
   PRES   HGHT   TEMP   DWPT   RELH   MIXR   DRCT   SKNT   THTA   THTE   THTV
    hPa     m      C      C      %    g/kg    deg   knot     K      K      K 
-----------------------------------------------------------------------------
 1009.0     14   24.8   21.3     81  16.08    110      2  297.2  343.9  300.1
 1007.0     31   24.6   18.6     69  13.58    109      3  297.2  336.6  299.6
 1000.0     89   26.4   19.4     65  14.39    105      5  299.6  341.8  302.1
  976.0    304   26.7   18.3     60  13.73     90      3  301.9  342.7  304.4
  966.0    396   26.8   17.8     58  13.45     53      3  302.9  343.1  305.4
  944.0    599   25.4   15.9     56  12.17    330      2  303.5  340.0  305.7
  925.0    778   24.2   14.2     54  11.12     30      1  304.1  337.5  306.1
  912.0    901   23.3   14.0     56  11.14    175      2  304.4  337.9  306.4
  881.0   1200   21.1   13.6     62  11.19    180      4  305.1  338.9  307.2
  871.0   1299   20.4   13.4     64  11.21    162      3  305.4  339.2  307.4
  850.0   1508   19.4   10.4     56   9.40    125      2  306.4  335.1  308.2
  832.0   1692   19.0    5.0     40   6.61    103      3  307.9  328.5  309.1
  822.0   1794   18.3    4.6     40   6.52     90      3  308.2  328.5  309.4
  793.0   2099   16.2    3.5     43   6.26    185      3  309.1  328.7  310.3
  766.0   2393   14.1    2.5     45   6.01    330      1  310.0  328.9  311.1
  749.0   2583   12.8    1.8     47   5.85     51      1  310.6  329.0  311.7
  738.0   2707   12.4   -2.0     37   4.50    105      1  311.5  325.9  312.4
  730.0   2798   12.2   -4.8     30   3.68    146      1  312.2  324.2  312.9
  713.0   2995   10.8   -2.2     40   4.58    235      2  312.8  327.6  313.7
  700.0   3148    9.8   -0.2     50   5.42    265      4  313.3  330.6  314.3
  687.0   3303    8.6    1.4     61   6.19    275      5  313.6  333.3  314.8
  677.0   3425    7.6    2.6     71   6.86    271      5  313.9  335.6  315.1
  618.0   4171    2.6    0.7     87   6.56    246      3  316.4  337.4  317.6
  616.0   4197    2.5    0.7     88   6.55    245      3  316.5  337.6  317.8
  607.0   4316    1.8    0.4     90   6.53    296      5  317.1  338.1  318.4
  594.0   4492    2.6   -2.4     70   5.43     10      8  320.0  337.8  321.1
  576.0   4740    0.0   -4.3     73   4.85     20      8  319.8  335.8  320.7
  550.0   5107   -3.3   -5.4     85   4.68     35      8  320.1  335.5  321.0
  541.0   5239   -4.5   -5.8     91   4.61     40      8  320.2  335.4  321.1
  533.0   5356   -3.7   -7.3     76   4.17     45      8  322.5  336.5  323.3
  510.0   5704   -5.1  -12.4     56   2.91     60      7  324.9  335.0  325.5
  500.0   5860   -5.7  -14.7     49   2.46     45      8  326.0  334.6  326.5
  491.0   6002   -6.0  -16.3     44   2.19     50      7  327.3  335.1  327.7
  479.0   6196   -6.5  -18.5     38   1.87     81     11  329.1  335.8  329.4
  472.0   6311   -7.3  -18.5     40   1.89    100     13  329.4  336.2  329.8
  445.0   6768  -10.7  -18.7     52   1.98    104     11  330.8  337.9  331.2
  437.0   6907  -11.8  -19.5     53   1.87    105     10  331.1  337.9  331.5
  420.0   7210  -14.2  -21.4     55   1.66     70     11  331.8  337.9  332.1
  415.0   7301  -14.9  -21.9     55   1.61     72     13  332.0  337.9  332.4
  400.0   7580  -15.5  -28.5     32   0.92     80     19  334.8  338.2  334.9
  394.0   7694  -15.7  -30.7     26   0.76     78     20  335.9  338.9  336.1
  388.0   7808  -16.4  -32.1     24   0.67     75     20  336.6  339.2  336.7
  354.0   8491  -20.3  -40.3     15   0.32     84     22  340.2  341.5  340.3
  330.0   9000  -24.2  -44.2     14   0.23     90     24  341.7  342.7  341.8
  304.0   9594  -28.8  -48.8     13   0.15    105     22  343.4  344.1  343.4
  300.0   9690  -29.5  -49.5     13   0.14    105     23  343.7  344.3  343.7
  296.0   9785  -30.3  -51.3     11   0.12    106     23  343.9  344.4  343.9
  252.0  10906  -39.9  -50.9     30   0.14    115     27  345.8  346.4  345.9
  250.0  10960  -40.5                         115     27  345.7         345.7
  245.0  11094  -41.6                         110     26  346.0         346.0
  200.0  12440  -52.9                          85     32  348.8         348.8
  186.0  12894  -56.5                          80     35  350.3         350.3
  153.0  14116  -66.3                         100     32  353.7         353.7
  150.0  14240  -67.3                         100     32  354.0         354.0
  139.0  14687  -71.1                         120     33  355.1         355.1
  126.0  15263  -75.9                         115     29  356.5         356.5
  113.0  15879  -78.7                         110     25  362.5         362.5
  107.0  16187  -80.1                         115     27  365.5         365.5
  100.0  16570  -81.9                          90     26  369.2         369.2
   91.0  17095  -83.7                          70     26  375.8         375.8
   86.0  17410  -84.7                          95     20  379.8         379.8
   82.0  17675  -85.6                          85     16  383.2         383.2
   81.7  17695  -85.7                          85     16  383.4         383.4
   80.4  17784  -81.5                          57     13  393.8         393.8
   77.0  18033  -79.2                         340      6  403.5         403.5
   73.0  18339  -76.3                         330      1  415.7         415.7
   70.0  18580  -74.1                          35      6  425.5         425.5
   66.0  18930  -66.8                         100     16  448.5         448.5
   65.5  18975  -65.9                          98     17  451.6         451.6
   63.0  19212  -65.3                          90     19  457.9         457.9
   60.0  19510  -64.6                          45     14  466.0         466.0
   58.9  19622  -64.3                          25     10  469.1         469.1
   57.0  19822  -65.8                         350      4  470.1         470.1
   55.4  19994  -67.1                         289      3  470.9         470.9
   54.0  20150  -66.0                         235      3  477.1         477.1
   52.0  20380  -64.2                         155      4  486.2         486.2
   50.7  20535  -63.1                         174      9  492.4         492.4
   50.0  20620  -63.7                         185     11  492.9         492.9
   49.0  20743  -64.3                         180     12  494.3         494.3
   47.8  20894  -65.1                         177     10  496.0         496.0
   47.0  20998  -64.7                         175      9  499.5         499.5
   45.0  21266  -63.5                         190      4  508.6         508.6
   43.0  21546  -62.3                         260     10  518.2         518.2
   38.8  22179  -59.5                         272     26  540.6         540.6
   35.0  22820  -59.9                         285     43  555.7         555.7
   32.0  23378  -60.3                         270     41  569.1         569.1
   30.0  23780  -59.9                         260     40  580.8         580.8
   28.0  24214  -59.2                         250     38  594.3         594.3
   23.7  25262  -57.5                         257     35  628.2         628.2
   22.0  25739  -55.0                         260     34  649.3         649.3
   20.0  26350  -51.7                         285     31  677.2         677.2
   18.0  27037  -49.0                         275     28  706.2         706.2
   17.9  27074  -48.9                                     707.8         707.8
</PRE><H3>Station information and sounding indices</H3><PRE>
                         Station identifier: WAAA
                             Station number: 97180
                           Observation time: 160919/0000
                           Station latitude: -5.06
                          Station longitude: 119.55
                          Station elevation: 14.0
                            Showalter index: 3.28
                               Lifted index: 0.45
    LIFT computed using virtual temperature: 0.07
                                SWEAT index: 136.80
                                    K index: 25.50
                         Cross totals index: 16.10
                      Vertical totals index: 25.10
                        Totals totals index: 41.20
      Convective Available Potential Energy: 29.12
             CAPE using virtual temperature: 43.23
                      Convective Inhibition: -289.56
             CINS using virtual temperature: -211.91
                           Equilibrum Level: 517.44
 Equilibrum Level using virtual temperature: 504.12
                   Level of Free Convection: 638.70
             LFCT using virtual temperature: 652.55
                     Bulk Richardson Number: 38.02
          Bulk Richardson Number using CAPV: 56.46
  Temp [K] of the Lifted Condensation Level: 289.68
Pres [hPa] of the Lifted Condensation Level: 873.08
     Mean mixed layer potential temperature: 301.16
              Mean mixed layer mixing ratio: 13.77
              1000 hPa to 500 hPa thickness: 5771.00
Precipitable water [mm] for entire sounding: 42.07
</PRE>
<P>Description of the 
<A HREF="/upperair/columns.html">data columns</A>
or <A HREF="/upperair/indices.html">sounding indices</A>.

<P>
<FORM>
<INPUT CLASS="button" TYPE="button" VALUE=" Close this window " 
 onClick="window.close();">
<INPUT CLASS="button" TYPE="button" VALUE=" Select another map " 
 onClick="window.blur();">
</FORM>
<HR SIZE="1">
<I>Interested in graduate studies in atmospheric science?
Check out our program at the
<a href="http://www.uwyo.edu/atsc/howtoapply/"
target=_top>University of Wyoming
</a></I>
<HR SIZE="1"><FONT SIZE="-1">
Questions about the weather data provided by this site can be
addressed to <A HREF="mailto:ldoolman@uwyo.edu">
Larry Oolman (ldoolman@uwyo.edu)</A></FONT>
<HR SIZE="1">
<SCRIPT TYPE="text/javascript">
<!--
window.focus();
// -->
</SCRIPT>
</BODY>
</HTML>
