2016-05-10 12
<HTML>
<TITLE>University of Wyoming - Radiosonde Data</TITLE>
<LINK REL="StyleSheet" HREF="/resources/select.css" TYPE="text/css">
<BODY BGCOLOR="white">
<H2>97180 WAAA Ujung Pandang Observations at 00Z 10 May 2016</H2>
<PRE>
-----------------------------------------------------------------------------
   PRES   HGHT   TEMP   DWPT   RELH   MIXR   DRCT   SKNT   THTA   THTE   THTV
    hPa     m      C      C      %    g/kg    deg   knot     K      K      K 
-----------------------------------------------------------------------------
 1010.0     14   25.8   24.1     90  19.14      0      0  298.1  353.9  301.5
 1001.0     93   26.8   23.0     80  18.04     90      3  299.9  352.9  303.1
 1000.0    102   26.8   23.3     81  18.39    100      3  299.9  354.0  303.2
  978.0    298   25.7   21.3     76  16.59    250      2  300.8  349.7  303.8
  943.0    619   24.0   18.0     69  13.97    207      2  302.2  343.7  304.7
  925.0    788   22.8   16.8     69  13.18    185      2  302.6  341.9  305.0
  919.0    844   22.6   15.6     65  12.27    173      2  303.0  339.6  305.2
  914.0    892   21.6   18.5     83  14.89    162      1  302.4  346.6  305.1
  913.0    901   21.6   18.5     83  14.88    160      1  302.5  346.7  305.2
  882.0   1199   19.9   17.7     87  14.64    190      1  303.8  347.5  306.4
  872.0   1297   19.4   17.4     88  14.55    188      2  304.2  347.8  306.9
  862.0   1396   19.6   13.6     68  11.48    187      4  305.4  340.1  307.6
  852.0   1496   18.9   12.9     68  11.12    185      5  305.8  339.4  307.8
  850.0   1516   18.8   12.8     68  11.04    185      5  305.8  339.2  307.9
  823.0   1793   17.9   12.5     71  11.21    140      2  307.7  341.9  309.8
  801.0   2025   17.2   12.3     73  11.34     87      2  309.4  344.2  311.5
  794.0   2099   16.8   11.9     73  11.12     70      2  309.7  343.9  311.7
  767.0   2391   15.1   10.2     73  10.29     40      7  310.9  342.8  312.9
  714.0   2996   11.6    6.8     72   8.73     65     15  313.5  340.9  315.1
  700.0   3163   10.6    5.8     72   8.33     55     15  314.2  340.5  315.8
  664.0   3596    7.9    4.1     77   7.81     60     15  315.9  340.8  317.4
  574.0   4789    0.4   -0.5     94   6.48     65      9  320.5  341.7  321.8
  570.0   4846    0.0   -0.7     95   6.42     64      9  320.7  341.7  322.0
  517.0   5625   -3.1   -3.5     97   5.75     46     11  326.1  345.3  327.2
  500.0   5890   -4.5   -5.0     96   5.31     40     12  327.5  345.4  328.5
  493.0   6000   -5.1   -5.6     96   5.13     40     12  328.1  345.4  329.1
  457.0   6593   -8.4   -9.1     95   4.24     65     10  331.2  345.8  332.0
  439.0   6907  -10.1  -10.9     94   3.82     45     11  332.8  346.2  333.6
  437.0   6943  -10.3  -11.1     94   3.77     46     11  333.0  346.2  333.8
  418.0   7285  -12.5  -13.5     92   3.25     61     12  334.4  345.9  335.1
  410.0   7433  -15.1  -17.8     80   2.31     67     12  332.9  341.2  333.4
  403.0   7563  -14.7  -16.1     89   2.72     73     12  335.1  344.8  335.6
  400.0   7620  -14.5  -16.3     86   2.69     75     12  336.1  345.8  336.6
  391.0   7790  -15.5  -17.4     86   2.52     75     11  336.9  346.0  337.4
  375.0   8103  -17.4  -19.4     85   2.22     40      7  338.5  346.6  338.9
  361.0   8388  -19.1  -21.2     84   1.97     30      9  339.9  347.2  340.3
  335.0   8947  -22.5  -24.7     82   1.55     45     10  342.6  348.5  342.9
  319.0   9303  -25.2  -28.0     77   1.21     55     10  343.7  348.4  344.0
  300.0   9750  -28.5  -32.1     71   0.87     25      7  345.1  348.5  345.3
  294.0   9891  -29.6  -33.1     71   0.80     25      6  345.5  348.7  345.7
  258.0  10801  -36.9  -39.9     74   0.46     70     10  347.9  349.8  348.0
  250.0  11020  -38.7  -41.5     75   0.40     70     11  348.4  350.1  348.5
  244.0  11186  -39.9  -42.9     73   0.36     61     10  349.0  350.5  349.1
  237.0  11380  -41.6                          50      8  349.3         349.3
  216.0  11998  -47.1                          50      8  350.2         350.2
  207.0  12281  -49.7                          30      6  350.5         350.5
  200.0  12510  -51.7                         340      6  350.7         350.7
  197.0  12605  -52.5                         330      7  351.0         351.0
  180.0  13169  -57.2                         325      9  352.5         352.5
  171.0  13490  -59.9                         290     12  353.3         353.3
  163.0  13790  -62.4                         285     14  353.9         353.9
  155.0  14105  -65.0                         300     19  354.6         354.6
  150.0  14310  -66.7                         295     20  355.0         355.0
  138.0  14807  -71.5                         280     16  355.1         355.1
  134.0  14976  -72.3                         275     14  356.6         356.6
  127.0  15285  -73.9                         235     14  359.4         359.4
  121.0  15563  -75.3                         220     19  361.8         361.8
  114.0  15906  -77.0                         250      8  364.9         364.9
  109.0  16164  -78.2                         350      6  367.2         367.2
  103.0  16490  -79.9                          35     15  370.1         370.1
  100.0  16660  -80.7                          30     21  371.6         371.6
   93.0  17064  -82.6                          25     20  375.6         375.6
   84.1  17625  -85.3                          90     10  381.1         381.1
   83.0  17697  -85.3                         100      9  382.5         382.5
   82.4  17737  -85.3                         111      9  383.3         383.3
   79.4  17944  -79.3                         167     11  399.8         399.8
   79.0  17973  -79.2                         175     11  400.5         400.5
   76.0  18193  -78.5                         197     11  406.5         406.5
   75.0  18269  -77.7                         205     11  409.8         409.8
   74.8  18284  -77.5                         209     11  410.4         410.4
   73.9  18354  -73.9                         225     12  419.4         419.4
   71.0  18587  -74.6                         280     13  422.7         422.7
   70.0  18670  -74.9                         290     14  423.8         423.8
   67.0  18924  -75.3                         325      7  428.2         428.2
   64.0  19190  -75.8                         140      4  432.9         432.9
   61.0  19468  -76.3                         160     13  437.8         437.8
   60.8  19487  -76.3                         159     13  438.1         438.1
   58.0  19760  -76.3                         145     19  444.1         444.1
   57.9  19770  -76.3                         143     19  444.3         444.3
   56.0  19965  -71.3                         109     24  459.9         459.9
   55.0  20072  -71.0                          90     27  463.0         463.0
   52.0  20406  -70.0                          85     26  472.9         472.9
   50.1  20628  -69.3                          99     30  479.5         479.5
   50.0  20640  -69.5                         100     30  479.3         479.3
   47.4  20960  -67.7                          98     32  491.0         491.0
   46.7  21050  -64.5                          98     32  500.7         500.7
   43.0  21553  -65.2                          95     35  511.1         511.1
   42.3  21653  -65.3                          95     36  513.1         513.1
   39.0  22152  -64.2                          95     41  527.9         527.9
   32.0  23367  -61.6                          75     12  565.5         565.5
   31.7  23425  -61.5                          79     13  567.4         567.4
   30.2  23728  -57.9                         102     16  585.1         585.1
   30.0  23770  -57.9                         105     17  586.2         586.2
   29.0  23985  -57.2                         100     19  593.8         593.8
   28.0  24207  -56.5                          60     10  601.8         601.8
   26.0  24676  -55.0                         335     13  619.0         619.0
   25.9  24700  -54.9                         333     13  619.9         619.9
   23.4  25347  -54.9                         288     14  638.1         638.1
   22.0  25737  -57.1                         260     15  642.9         642.9
   21.4  25912  -58.1                         296      9  645.0         645.0
   21.0  26031  -57.7                         320      5  649.7         649.7
   20.6  26152  -57.3                         336      7  654.5         654.5
   20.0  26340  -53.5                           0     10  671.7         671.7
   19.7  26438  -50.3                         338     10  684.4         684.4
   19.2  26607  -47.7                         300     11  697.5         697.5
   19.0  26676  -47.5                         285     11  700.1         700.1
   17.5  27221  -46.1                         255     21  721.3         721.3
   17.0  27412  -46.7                         245     24  725.4         725.4
   15.0  28238  -49.3                                     743.1         743.1
</PRE><H3>Station information and sounding indices</H3><PRE>
                         Station identifier: WAAA
                             Station number: 97180
                           Observation time: 160510/0000
                           Station latitude: -5.06
                          Station longitude: 119.55
                          Station elevation: 14.0
                            Showalter index: 2.70
                               Lifted index: -1.50
    LIFT computed using virtual temperature: -1.65
                                SWEAT index: 175.59
                                    K index: 31.30
                         Cross totals index: 17.30
                      Vertical totals index: 23.30
                        Totals totals index: 40.60
      Convective Available Potential Energy: 296.02
             CAPE using virtual temperature: 345.41
                      Convective Inhibition: -103.84
             CINS using virtual temperature: -62.34
                           Equilibrum Level: 272.20
 Equilibrum Level using virtual temperature: 272.77
                   Level of Free Convection: 695.55
             LFCT using virtual temperature: 727.54
                     Bulk Richardson Number: 49.73
          Bulk Richardson Number using CAPV: 58.03
  Temp [K] of the Lifted Condensation Level: 293.76
Pres [hPa] of the Lifted Condensation Level: 923.72
     Mean mixed layer potential temperature: 300.52
              Mean mixed layer mixing ratio: 16.92
              1000 hPa to 500 hPa thickness: 5788.00
Precipitable water [mm] for entire sounding: 60.21
</PRE>
<P>Description of the 
<A HREF="/upperair/columns.html">data columns</A>
or <A HREF="/upperair/indices.html">sounding indices</A>.

<P>
<FORM>
<INPUT CLASS="button" TYPE="button" VALUE=" Close this window " 
 onClick="window.close();">
<INPUT CLASS="button" TYPE="button" VALUE=" Select another map " 
 onClick="window.blur();">
</FORM>
<HR SIZE="1">
<I>Interested in graduate studies in atmospheric science?
Check out our program at the
<a href="http://www.uwyo.edu/atsc/howtoapply/"
target=_top>University of Wyoming
</a></I>
<HR SIZE="1"><FONT SIZE="-1">
Questions about the weather data provided by this site can be
addressed to <A HREF="mailto:ldoolman@uwyo.edu">
Larry Oolman (ldoolman@uwyo.edu)</A></FONT>
<HR SIZE="1">
<SCRIPT TYPE="text/javascript">
<!--
window.focus();
// -->
</SCRIPT>
</BODY>
</HTML>
