2018-05-01 12
<HTML>
<TITLE>University of Wyoming - Radiosonde Data</TITLE>
<LINK REL="StyleSheet" HREF="/resources/select.css" TYPE="text/css">
<BODY BGCOLOR="white">
<H2>97180 WAAA Ujung Pandang Observations at 00Z 01 May 2018</H2>
<PRE>
-----------------------------------------------------------------------------
   PRES   HGHT   TEMP   DWPT   RELH   MIXR   DRCT   SKNT   THTA   THTE   THTV
    hPa     m      C      C      %    g/kg    deg   knot     K      K      K 
-----------------------------------------------------------------------------
 1010.0     14   25.8   22.2     81  17.00    125      3  298.1  347.7  301.1
 1005.0     57   25.6   20.6     74  15.45    108      5  298.3  343.4  301.1
 1000.0    101   26.2   20.2     70  15.14     90      7  299.4  343.8  302.1
  984.0    243   26.8   18.8     62  14.08    105      6  301.3  343.0  303.9
  978.0    297   26.4   18.6     62  13.97    110      5  301.4  342.8  304.0
  945.0    597   24.1   17.4     66  13.38    155      4  302.1  341.8  304.5
  925.0    784   22.6   16.6     69  13.01    150      2  302.4  341.1  304.8
  882.0   1196   20.2   15.0     72  12.32     50      3  304.1  341.1  306.4
  851.0   1505   18.5   13.8     74  11.82     15      5  305.4  341.0  307.5
  850.0   1515   18.4   13.8     75  11.80     10      5  305.4  341.0  307.6
  794.0   2097   13.6   12.1     91  11.29     10     12  306.3  340.5  308.4
  766.0   2399   12.1    9.9     86  10.08    345     16  307.8  338.6  309.7
  742.0   2667   10.8    7.9     82   9.09    340     15  309.2  337.2  310.9
  723.0   2884   11.2   -2.8     37   4.33    335     13  312.0  325.9  312.8
  719.0   2930   11.0   -7.0     28   3.16    334     13  312.2  322.6  312.8
  709.0   3047   10.0   -3.0     40   4.35    332     13  312.4  326.4  313.2
  700.0   3153    9.6   -8.4     27   2.91    330     12  313.1  322.7  313.6
  685.0   3332    8.6   -9.4     27   2.75    322     13  313.9  323.1  314.4
  671.0   3503    7.0    0.0     61   5.74    314     14  314.0  332.3  315.1
  663.0   3602    7.5   -6.1     37   3.67    310     14  315.6  327.7  316.4
  659.0   3651    7.8   -9.2     29   2.90    312     14  316.5  326.2  317.1
  651.0   3752    8.0  -17.0     15   1.56    317     13  317.8  323.3  318.1
  639.0   3905    7.2  -15.9     18   1.75    325     11  318.6  324.6  318.9
  616.0   4205    5.5  -13.6     24   2.18    320     11  320.0  327.5  320.4
  604.0   4366    4.6  -12.4     28   2.46    303      9  320.8  329.2  321.3
  572.0   4806    2.3  -19.2     19   1.47    255      5  323.1  328.3  323.4
  552.0   5093    0.8  -23.7     14   1.03    270      4  324.6  328.4  324.8
  542.0   5241    0.0  -26.0     12   0.85    261      5  325.4  328.5  325.6
  512.0   5692   -4.0  -20.9     26   1.43    235      8  325.9  331.0  326.1
  500.0   5880   -5.7  -18.7     35   1.76    235      9  326.0  332.3  326.4
  499.0   5896   -5.9  -18.9     35   1.73    237      9  326.0  332.1  326.3
  488.0   6070   -6.5  -20.5     32   1.54    256     10  327.3  332.9  327.6
  479.0   6214   -7.5  -16.5     49   2.21    272     11  327.8  335.6  328.3
  471.0   6345   -8.3  -15.3     57   2.48    287     12  328.4  337.2  328.9
  467.0   6411   -7.7  -17.7     45   2.05    294     13  330.0  337.3  330.4
  456.0   6595   -8.6  -19.7     40   1.77    315     14  331.1  337.6  331.5
  420.0   7229  -11.5  -26.5     28   1.05    299     17  335.2  339.2  335.5
  400.0   7600  -13.7  -29.7     25   0.82    290     19  337.1  340.3  337.3
  365.0   8289  -20.1  -29.1     45   0.95    286     17  337.5  341.1  337.7
  359.0   8411  -20.8  -30.9     40   0.81    285     17  338.2  341.4  338.4
  339.0   8835  -23.1  -37.1     27   0.47    304     18  340.6  342.5  340.7
  300.0   9720  -29.7  -47.7     16   0.17    345     19  343.4  344.1  343.4
  292.0   9908  -31.1  -49.3     15   0.15    345     20  344.0  344.7  344.1
  250.0  10990  -39.3  -58.3     12   0.06    335     24  347.5  347.8  347.5
  247.0  11072  -39.9  -58.9     11   0.05    333     24  347.8  348.1  347.8
  235.0  11402  -42.8                         325     23  348.4         348.4
  215.0  11991  -47.9                         325     26  349.4         349.4
  200.0  12470  -52.1                         350     25  350.1         350.1
  187.0  12891  -55.8                         355     23  350.9         350.9
  150.0  14270  -68.1                         330     19  352.6         352.6
  140.0  14676  -71.8                         320     18  353.2         353.2
  130.0  15111  -75.7                         320     19  353.7         353.7
  126.0  15287  -76.8                         320     19  354.9         354.9
  113.0  15901  -80.5                         295     18  359.2         359.2
  107.0  16209  -82.4                         260     23  361.3         361.3
  100.0  16590  -84.7                         255     34  363.8         363.8
   95.9  16820  -86.3                         255     32  365.1         365.1
   88.9  17235  -84.3                         245     26  377.1         377.1
   86.0  17421  -80.5                         240     24  388.3         388.3
   84.5  17520  -78.5                         231     23  394.3         394.3
   82.0  17693  -77.1                         215     22  400.6         400.6
   78.0  17982  -74.7                         240     18  411.3         411.3
   74.7  18231  -72.7                         289     16  420.6         420.6
   74.0  18286  -73.0                         300     16  421.2         421.2
   70.0  18610  -74.7                         315     17  424.2         424.2
   63.0  19219  -76.7                         240      6  432.9         432.9
   61.5  19359  -77.1                         235      4  434.9         434.9
   54.0  20113  -73.8                         295     18  458.9         458.9
   53.7  20145  -73.7                         301     17  459.9         459.9
   51.9  20346  -69.1                         340      8  475.1         475.1
   51.0  20451  -68.7                           0      4  478.4         478.4
   50.0  20570  -68.3                         105      5  482.1         482.1
   49.0  20692  -68.3                         140      8  484.8         484.8
   45.8  21098  -68.5                         105     17  493.9         493.9
   44.0  21342  -64.0                          85     22  510.7         510.7
   43.9  21356  -63.7                          85     22  511.6         511.6
   36.1  22562  -63.1                          81     44  542.6         542.6
   35.0  22754  -60.9                          80     48  553.1         553.1
   34.9  22771  -60.7                          80     48  554.1         554.1
   30.0  23720  -58.9                          85     51  583.5         583.5
   28.0  24150  -58.9                          88     52  595.1         595.1
   24.1  25095  -54.1                          93     54  635.1         635.1
   20.0  26290  -51.7                         100     56  677.2         677.2
   17.4  27194  -51.1                         100     61  706.6         706.6
   17.0  27347  -50.6                         100     62  712.9         712.9
   13.4  28914  -45.3                          78     70  781.2         781.2
   13.0  29116  -44.9                          75     71  789.6         789.6
   12.7  29272  -44.5                          72     66  796.0         796.0
   11.9  29712  -39.7                          62     51  828.0         828.0
   11.0  30254  -36.9                          50     33  857.0         857.0
   10.7  30445  -35.9                                     867.4         867.4
</PRE><H3>Station information and sounding indices</H3><PRE>
                         Station identifier: WAAA
                             Station number: 97180
                           Observation time: 180501/0000
                           Station latitude: -5.06
                          Station longitude: 119.55
                          Station elevation: 14.0
                            Showalter index: 0.78
                               Lifted index: -0.04
    LIFT computed using virtual temperature: -0.57
                                SWEAT index: 184.58
                                    K index: 19.90
                         Cross totals index: 19.50
                      Vertical totals index: 24.10
                        Totals totals index: 43.60
      Convective Available Potential Energy: 0.08
             CAPE using virtual temperature: 12.33
                      Convective Inhibition: -283.29
             CINS using virtual temperature: -90.99
                           Equilibrum Level: 495.84
 Equilibrum Level using virtual temperature: 470.43
                   Level of Free Convection: 500.19
             LFCT using virtual temperature: 779.09
                     Bulk Richardson Number: 0.01
          Bulk Richardson Number using CAPV: 1.04
  Temp [K] of the Lifted Condensation Level: 290.62
Pres [hPa] of the Lifted Condensation Level: 887.66
     Mean mixed layer potential temperature: 300.70
              Mean mixed layer mixing ratio: 14.39
              1000 hPa to 500 hPa thickness: 5779.00
Precipitable water [mm] for entire sounding: 42.28
</PRE>
<P>Description of the 
<A HREF="/upperair/columns.html">data columns</A>
or <A HREF="/upperair/indices.html">sounding indices</A>.

<P>
<FORM>
<INPUT CLASS="button" TYPE="button" VALUE=" Close this window " 
 onClick="window.close();">
<INPUT CLASS="button" TYPE="button" VALUE=" Select another map " 
 onClick="window.blur();">
</FORM>
<HR SIZE="1">
<I>Interested in graduate studies in atmospheric science?
Check out our program at the
<a href="http://www.uwyo.edu/atsc/howtoapply/"
target=_top>University of Wyoming
</a></I>
<HR SIZE="1"><FONT SIZE="-1">
Questions about the weather data provided by this site can be
addressed to <A HREF="mailto:ldoolman@uwyo.edu">
Larry Oolman (ldoolman@uwyo.edu)</A></FONT>
<HR SIZE="1">
<SCRIPT TYPE="text/javascript">
<!--
window.focus();
// -->
</SCRIPT>
</BODY>
</HTML>
