2016-09-06 12
<HTML>
<TITLE>University of Wyoming - Radiosonde Data</TITLE>
<LINK REL="StyleSheet" HREF="/resources/select.css" TYPE="text/css">
<BODY BGCOLOR="white">
<H2>97180 WAAA Ujung Pandang Observations at 00Z 06 Sep 2016</H2>
<PRE>
-----------------------------------------------------------------------------
   PRES   HGHT   TEMP   DWPT   RELH   MIXR   DRCT   SKNT   THTA   THTE   THTV
    hPa     m      C      C      %    g/kg    deg   knot     K      K      K 
-----------------------------------------------------------------------------
 1012.0     14   24.8   21.9     84  16.65      0      0  296.9  345.2  299.9
 1011.0     22   27.0   19.0     62  13.87      3      0  299.2  339.9  301.7
 1000.0    113   26.8   18.8     62  13.85     40      2  299.9  340.7  302.4
  979.0    301   27.0   15.0     48  11.07     85      6  302.0  335.0  304.0
  946.0    603   24.3   14.3     54  10.97    100     10  302.2  335.0  304.2
  930.0    753   23.0   14.0     57  10.92     89      9  302.4  334.9  304.3
  925.0    800   22.8   13.8     57  10.83     85      9  302.6  335.0  304.6
  914.0    903   22.1   13.3     57  10.59     85     10  302.9  334.6  304.9
  868.0   1350   19.0   11.0     60   9.58     99     16  304.2  333.1  306.0
  850.0   1530   18.6    9.6     56   8.90    105     18  305.6  332.7  307.3
  824.0   1795   17.4    8.2     54   8.32    105     26  307.1  332.6  308.7
  767.0   2405   14.8    4.8     51   7.08    105     17  310.6  332.8  311.9
  715.0   2994   10.4    3.4     62   6.88    105      9  312.1  333.8  313.4
  714.0   3005   10.3    3.3     62   6.83    105      9  312.1  333.7  313.4
  700.0   3170    9.6    1.6     57   6.18    115      7  313.1  332.7  314.2
  689.0   3301    8.8    0.8     57   5.91    130     10  313.6  332.5  314.7
  633.0   4000    4.4   -3.6     56   4.66    103      9  316.3  331.5  317.2
  619.0   4182    3.8   -9.2     38   3.09     96      9  317.6  328.0  318.2
  618.0   4195    3.7   -9.1     39   3.13     95      9  317.7  328.1  318.3
  610.0   4301    3.0   -8.0     44   3.45     95      8  318.0  329.5  318.7
  601.0   4422    2.6  -15.4     25   1.93     95      6  318.9  325.6  319.3
  595.0   4503    2.1  -14.9     27   2.03     95      5  319.2  326.2  319.6
  574.0   4792    0.2  -13.2     36   2.43     30      2  320.3  328.6  320.8
  572.0   4821    0.0  -13.0     37   2.47     27      2  320.4  328.9  320.9
  552.0   5104   -1.3  -17.9     27   1.71      0      1  322.2  328.2  322.5
  532.0   5398   -2.6  -22.9     19   1.15    115      4  324.1  328.2  324.3
  518.0   5611   -3.5  -26.5     15   0.85    108      7  325.4  328.6  325.6
  512.0   5703   -4.2  -24.5     19   1.03    105      8  325.7  329.5  325.9
  500.0   5890   -5.5  -20.5     30   1.51     90      7  326.3  331.7  326.6
  498.0   5921   -5.7  -20.7     30   1.49     84      7  326.4  331.8  326.7
  493.0   5999   -6.1  -20.8     30   1.49     70      7  326.8  332.2  327.1
  475.0   6286   -7.7  -21.0     34   1.51     85     12  328.3  333.8  328.6
  456.0   6602   -9.5  -21.3     37   1.54     60     14  330.0  335.6  330.3
  445.0   6790  -10.5  -21.5     40   1.55     60     15  331.0  336.7  331.3
  433.0   6999  -11.7  -22.7     40   1.43     60     15  332.1  337.4  332.4
  430.0   7052  -11.7  -23.7     36   1.32     60     16  332.8  337.6  333.0
  429.0   7070  -11.7  -29.7     21   0.76     60     16  333.0  335.9  333.1
  423.0   7177  -12.1  -24.1     36   1.30     60     16  333.8  338.6  334.1
  422.0   7195  -12.2  -23.5     38   1.37     60     16  333.9  339.0  334.2
  420.0   7231  -12.3  -22.3     43   1.53     62     16  334.2  339.9  334.5
  415.0   7322  -12.7  -29.7     23   0.79     66     15  334.9  337.9  335.0
  400.0   7600  -15.1  -31.1     24   0.72     80     14  335.3  338.1  335.4
  399.0   7619  -15.3  -29.3     29   0.85     81     14  335.2  338.5  335.4
  396.0   7676  -15.7  -29.7     29   0.83     84     14  335.5  338.6  335.6
  395.0   7695  -15.9  -37.9     13   0.37     85     14  335.4  336.9  335.5
  390.0   7791  -16.8  -31.3     27   0.72     90     13  335.5  338.3  335.7
  387.0   7849  -17.3  -27.3     41   1.06     89     14  335.6  339.6  335.8
  371.0   8165  -19.5  -30.5     37   0.82     85     17  336.7  339.9  336.9
  350.0   8596  -23.3  -28.3     64   1.07     80     21  337.2  341.3  337.5
  317.0   9316  -28.7  -34.7     56   0.64     70     29  339.4  341.9  339.6
  309.0   9499  -29.3  -40.3     34   0.37     68     31  341.1  342.6  341.1
  300.0   9710  -30.5  -45.5     22   0.22     65     33  342.3  343.2  342.3
  292.0   9898  -32.0  -47.5     20   0.18     65     30  342.8  343.6  342.9
  252.0  10926  -40.1  -58.1     13   0.06     65     28  345.5  345.8  345.5
  250.0  10980  -40.5                          65     28  345.7         345.7
  200.0  12470  -52.3                          80     19  349.8         349.8
  196.0  12596  -53.4                          80     18  350.1         350.1
  187.0  12891  -55.9                          90     13  350.8         350.8
  170.0  13487  -60.9                          65     12  352.2         352.2
  154.0  14105  -66.1                         115     18  353.3         353.3
  150.0  14270  -67.5                         120     20  353.6         353.6
  132.0  15025  -73.7                         113     26  355.7         355.7
  126.0  15289  -75.3                         110     28  357.6         357.6
  107.0  16216  -81.0                          75     29  364.0         364.0
  102.0  16488  -82.6                          75     34  365.8         365.8
  100.0  16600  -83.3                          70     34  366.5         366.5
   97.0  16771  -80.3                          50     33  375.6         375.6
   96.4  16806  -79.7                          51     33  377.4         377.4
   92.0  17073  -78.8                          55     31  384.3         384.3
   87.0  17392  -77.7                         100     34  392.6         392.6
   86.0  17457  -77.5                          99     34  394.4         394.4
   79.0  17940  -80.9                          96     34  397.0         397.0
   72.6  18420  -78.3                          92     34  412.2         412.2
   71.4  18515  -77.9                          91     34  415.1         415.1
   70.0  18630  -73.5                          90     34  426.8         426.8
   69.8  18647  -72.5                          89     34  429.3         429.3
   67.0  18890  -68.5                          75     31  443.0         443.0
   64.0  19167  -68.2                          75     27  449.6         449.6
   58.0  19761  -67.5                         115     31  464.0         464.0
   53.7  20225  -66.9                         115     37  475.6         475.6
   52.0  20421  -65.9                         115     40  482.3         482.3
   50.0  20660  -64.7                         105     29  490.6         490.6
   47.0  21039  -62.5                         100     24  504.7         504.7
   46.8  21065  -62.3                          94     23  505.7         505.7
   45.0  21307  -62.1                          35     13  511.8         511.8
   43.0  21588  -61.9                         320     11  519.0         519.0
   39.0  22191  -61.5                         225      9  534.7         534.7
   37.0  22516  -61.3                         135      6  543.4         543.4
   35.0  22863  -59.9                         300      4  555.8         555.8
   34.0  23044  -59.1                         270     12  562.4         562.4
   31.9  23442  -57.5                         294     15  577.1         577.1
   31.0  23623  -56.9                         305     16  583.6         583.6
   30.0  23830  -56.1                         310     17  591.1         591.1
   29.0  24047  -55.8                         300     16  597.7         597.7
   28.0  24272  -55.5                         275     14  604.6         604.6
   25.0  24997  -54.5                         295     20  627.4         627.4
   21.0  26113  -52.9                                     664.2         664.2
</PRE><H3>Station information and sounding indices</H3><PRE>
                         Station identifier: WAAA
                             Station number: 97180
                           Observation time: 160906/0000
                           Station latitude: -5.06
                          Station longitude: 119.55
                          Station elevation: 14.0
                            Showalter index: 4.57
                               Lifted index: 2.66
    LIFT computed using virtual temperature: 2.24
                                SWEAT index: 158.21
                                    K index: 25.70
                         Cross totals index: 15.10
                      Vertical totals index: 24.10
                        Totals totals index: 39.20
      Convective Available Potential Energy: 0.00
             CAPE using virtual temperature: 0.00
                      Convective Inhibition: 0.00
             CINS using virtual temperature: 0.00
                     Bulk Richardson Number: 0.00
          Bulk Richardson Number using CAPV: 0.00
  Temp [K] of the Lifted Condensation Level: 287.31
Pres [hPa] of the Lifted Condensation Level: 848.81
     Mean mixed layer potential temperature: 301.10
              Mean mixed layer mixing ratio: 12.19
              1000 hPa to 500 hPa thickness: 5777.00
Precipitable water [mm] for entire sounding: 38.26
</PRE>
<P>Description of the 
<A HREF="/upperair/columns.html">data columns</A>
or <A HREF="/upperair/indices.html">sounding indices</A>.

<P>
<FORM>
<INPUT CLASS="button" TYPE="button" VALUE=" Close this window " 
 onClick="window.close();">
<INPUT CLASS="button" TYPE="button" VALUE=" Select another map " 
 onClick="window.blur();">
</FORM>
<HR SIZE="1">
<I>Interested in graduate studies in atmospheric science?
Check out our program at the
<a href="http://www.uwyo.edu/atsc/howtoapply/"
target=_top>University of Wyoming
</a></I>
<HR SIZE="1"><FONT SIZE="-1">
Questions about the weather data provided by this site can be
addressed to <A HREF="mailto:ldoolman@uwyo.edu">
Larry Oolman (ldoolman@uwyo.edu)</A></FONT>
<HR SIZE="1">
<SCRIPT TYPE="text/javascript">
<!--
window.focus();
// -->
</SCRIPT>
</BODY>
</HTML>
