2018-12-15 12
<HTML>
<TITLE>University of Wyoming - Radiosonde Data</TITLE>
<LINK REL="StyleSheet" HREF="/resources/select.css" TYPE="text/css">
<BODY BGCOLOR="white">
<H2>97180 WAAA Ujung Pandang Observations at 00Z 15 Dec 2018</H2>
<PRE>
-----------------------------------------------------------------------------
   PRES   HGHT   TEMP   DWPT   RELH   MIXR   DRCT   SKNT   THTA   THTE   THTV
    hPa     m      C      C      %    g/kg    deg   knot     K      K      K 
-----------------------------------------------------------------------------
 1010.0     14   26.0   24.3     90  19.37     60      4  298.3  354.9  301.8
 1000.0     97   25.0   21.6     81  16.54     25     11  298.1  346.4  301.1
  978.0    293   24.2   21.2     83  16.48     40      7  299.3  347.6  302.2
  945.0    595   23.1   20.5     86  16.39    345      7  301.0  349.4  304.0
  938.0    661   22.8   20.4     86  16.37    335      8  301.4  349.8  304.4
  925.0    783   21.6   19.6     88  15.78    315     10  301.4  348.0  304.2
  913.0    897   20.5   18.6     89  15.01    300     12  301.4  345.8  304.1
  907.0    954   20.0   18.1     89  14.63    299     13  301.4  344.7  304.1
  898.0   1041   21.0   17.6     81  14.31    298     13  303.3  346.0  305.9
  850.0   1516   18.4   14.3     77  12.20    290     18  305.4  342.2  307.6
  781.0   2237   13.8   11.5     86  11.03    272     13  307.9  341.6  310.0
  753.0   2545   13.6    8.9     73   9.59    264     10  311.0  340.7  312.8
  739.0   2702   12.8    8.1     73   9.22    260      9  311.7  340.5  313.5
  713.0   3002   11.2    6.4     72   8.55    275      5  313.2  340.1  314.8
  700.0   3156   10.4    5.6     72   8.21    215      3  314.0  339.9  315.5
  688.0   3299    9.7    4.8     72   7.89    145      4  314.7  339.7  316.2
  671.0   3507    8.6    3.6     71   7.44    155      3  315.8  339.5  317.2
  663.0   3606    8.3    1.8     64   6.61    160      3  316.5  337.8  317.8
  650.0   3769    7.8   -1.2     53   5.42    155      5  317.8  335.4  318.8
  594.0   4502    3.5   -8.0     43   3.55    130     14  321.1  333.0  321.8
  573.0   4794    1.8  -10.7     39   2.97    100     11  322.4  332.6  323.0
  563.0   4938    1.0  -12.0     37   2.72     98     11  323.1  332.4  323.6
  551.0   5110    0.0  -10.0     47   3.26     96     11  323.9  335.0  324.5
  547.0   5168    0.0  -15.0     31   2.19     95     11  324.5  332.2  325.0
  516.0   5632   -3.5  -10.5     58   3.35     88     11  325.8  337.3  326.4
  503.0   5833   -3.9  -24.9     18   1.01     86     11  327.7  331.4  327.9
  500.0   5880   -4.1  -31.1     10   0.57     85     11  328.0  330.2  328.1
  493.0   5991   -5.2  -19.0     33   1.74     70     12  327.9  334.2  328.3
  490.0   6040   -5.7  -13.7     53   2.72     68     12  327.9  337.4  328.4
  464.0   6467   -8.3  -16.3     53   2.32     54      8  329.8  338.1  330.3
  456.0   6602   -9.3  -14.2     68   2.81     50      7  330.2  340.1  330.8
  453.0   6654   -9.7  -13.4     74   3.02     51      7  330.3  340.9  330.9
  439.0   6895  -10.9  -14.9     73   2.76     55      5  331.8  341.5  332.3
  422.0   7199  -12.5  -16.8     70   2.46    335      4  333.5  342.4  334.0
  405.0   7515  -14.1  -18.7     68   2.17    320      6  335.4  343.3  335.8
  400.0   7610  -14.5  -19.4     66   2.07    315      6  336.1  343.6  336.5
  388.0   7840  -15.9  -22.9     55   1.57    308      7  337.2  343.0  337.5
  375.0   8094  -17.9  -23.1     64   1.60    300      8  337.8  343.8  338.2
  371.0   8175  -18.5  -23.1     67   1.62    305      7  338.1  344.1  338.4
  360.0   8397  -20.2  -25.9     60   1.29    320      6  338.7  343.6  338.9
  357.0   8459  -20.7  -26.7     59   1.21    335      6  338.8  343.4  339.1
  345.0   8711  -22.3  -26.5     69   1.28     35      8  340.0  344.9  340.2
  332.0   8990  -24.3  -30.5     57   0.92     10      6  340.9  344.5  341.1
  320.0   9257  -26.3  -34.3     47   0.66    353      3  341.8  344.4  342.0
  318.0   9302  -26.5  -34.8     46   0.63    350      2  342.1  344.6  342.2
  305.0   9602  -28.1  -37.8     39   0.49     35      2  344.0  346.0  344.1
  302.0   9673  -28.5  -38.5     38   0.46     50      3  344.4  346.3  344.5
  300.0   9720  -28.7  -39.7     34   0.41     60      3  344.8  346.5  344.9
  280.0  10207  -32.8  -40.9     44   0.39     70      3  345.9  347.4  345.9
  260.0  10730  -37.1  -42.1     60   0.36     44     13  346.9  348.4  346.9
  257.0  10810  -37.8  -43.7     54   0.31     40     14  347.0  348.3  347.0
  250.0  11000  -39.5  -47.5     42   0.21     40     15  347.2  348.1  347.2
  248.0  11054  -40.1  -48.1     42   0.20     40     15  347.1  348.0  347.1
  206.0  12275  -50.5                          30      9  349.8         349.8
  200.0  12470  -52.1                          10      5  350.1         350.1
  196.0  12596  -53.2                         330      3  350.4         350.4
  187.0  12891  -55.7                           0      1  351.1         351.1
  178.0  13199  -58.3                         100      4  351.7         351.7
  162.0  13788  -63.4                          45      9  352.9         352.9
  150.0  14270  -67.5                          60     19  353.6         353.6
  102.0  16477  -85.6                          85     48  360.1         360.1
  100.0  16590  -86.5                          80     48  360.4         360.4
   91.0  17106  -88.5                          70     54  366.2         366.2
   86.6  17376  -87.9                          74     56  372.7         372.7
   86.0  17415  -87.3                          75     56  374.7         374.7
   82.7  17631  -83.7                          81     54  386.2         386.2
   75.9  18107  -86.3                          94     48  390.3         390.3
   73.0  18323  -83.8                         100     46  400.0         400.0
   72.2  18384  -83.1                          96     45  402.7         402.7
   70.3  18535  -78.5                          87     44  415.6         415.6
   70.0  18560  -77.7                          85     44  417.8         417.8
   61.8  19285  -68.3                          94     36  453.8         453.8
   57.0  19768  -68.1                         100     31  464.8         464.8
   51.9  20327  -67.9                         113     19  477.9         477.9
   51.0  20431  -67.8                         115     17  480.6         480.6
   50.5  20490  -67.7                         105     16  482.2         482.2
   50.0  20550  -65.9                          95     15  487.8         487.8
   49.2  20649  -63.3                          72     15  496.2         496.2
   47.0  20929  -63.8                           5     15  501.5         501.5
   44.0  21333  -64.5                         330     21  509.2         509.2
   40.4  21855  -65.5                         290     16  519.4         519.4
   40.0  21916  -65.4                         285     15  521.1         521.1
   38.0  22229  -64.9                         240     11  530.0         530.0
   36.0  22560  -64.4                         220     16  539.6         539.6
   35.5  22645  -64.3                         227     11  542.1         542.1
   35.0  22733  -63.8                         235      6  545.5         545.5
   33.0  23098  -61.9                         315      3  559.9         559.9
   32.0  23289  -60.9                         345      4  567.6         567.6
   30.0  23690  -58.7                         305      6  584.0         584.0
   29.1  23881  -57.9                         299      9  591.3         591.3
   26.9  24382  -52.7                         284     18  619.4         619.4
   25.0  24852  -53.6                         270     26  629.9         629.9
   23.0  25386  -54.7                         285     12  642.0         642.0
   22.2  25613  -55.1                         301     12  647.2         647.2
   20.0  26280  -54.1                         350     10  669.8         669.8
   19.0  26613  -53.2                          15     18  682.5         682.5
   18.0  26964  -52.2                           0     21  696.2         696.2
   16.0  27729  -50.1                         345     19  726.9         726.9
   15.0  28148  -49.0                          10     19  744.2         744.2
   14.6  28324  -48.5                                     751.6         751.6
</PRE><H3>Station information and sounding indices</H3><PRE>
                         Station identifier: WAAA
                             Station number: 97180
                           Observation time: 181215/0000
                           Station latitude: -5.06
                          Station longitude: 119.55
                          Station elevation: 14.0
                            Showalter index: 1.91
                               Lifted index: -0.35
    LIFT computed using virtual temperature: -1.20
                                SWEAT index: 218.61
                                    K index: 32.00
                         Cross totals index: 18.40
                      Vertical totals index: 22.50
                        Totals totals index: 40.90
      Convective Available Potential Energy: 124.34
             CAPE using virtual temperature: 207.63
                      Convective Inhibition: -62.06
             CINS using virtual temperature: -47.52
                           Equilibrum Level: 311.76
 Equilibrum Level using virtual temperature: 309.93
                   Level of Free Convection: 792.51
             LFCT using virtual temperature: 809.94
                     Bulk Richardson Number: 15.67
          Bulk Richardson Number using CAPV: 26.17
  Temp [K] of the Lifted Condensation Level: 293.92
Pres [hPa] of the Lifted Condensation Level: 940.34
     Mean mixed layer potential temperature: 299.15
              Mean mixed layer mixing ratio: 16.74
              1000 hPa to 500 hPa thickness: 5783.00
Precipitable water [mm] for entire sounding: 53.69
</PRE>
<P>Description of the 
<A HREF="/upperair/columns.html">data columns</A>
or <A HREF="/upperair/indices.html">sounding indices</A>.

<P>
<FORM>
<INPUT CLASS="button" TYPE="button" VALUE=" Close this window " 
 onClick="window.close();">
<INPUT CLASS="button" TYPE="button" VALUE=" Select another map " 
 onClick="window.blur();">
</FORM>
<HR SIZE="1">
<I>Interested in graduate studies in atmospheric science?
Check out our program at the
<a href="http://www.uwyo.edu/atsc/howtoapply/"
target=_top>University of Wyoming
</a></I>
<HR SIZE="1"><FONT SIZE="-1">
Questions about the weather data provided by this site can be
addressed to <A HREF="mailto:ldoolman@uwyo.edu">
Larry Oolman (ldoolman@uwyo.edu)</A></FONT>
<HR SIZE="1">
<SCRIPT TYPE="text/javascript">
<!--
window.focus();
// -->
</SCRIPT>
</BODY>
</HTML>
