2017-10-18 12
<HTML>
<TITLE>University of Wyoming - Radiosonde Data</TITLE>
<LINK REL="StyleSheet" HREF="/resources/select.css" TYPE="text/css">
<BODY BGCOLOR="white">
<H2>97180 WAAA Ujung Pandang Observations at 00Z 18 Oct 2017</H2>
<PRE>
-----------------------------------------------------------------------------
   PRES   HGHT   TEMP   DWPT   RELH   MIXR   DRCT   SKNT   THTA   THTE   THTV
    hPa     m      C      C      %    g/kg    deg   knot     K      K      K 
-----------------------------------------------------------------------------
 1009.0     14   26.2   22.8     82  17.67      0      0  298.6  350.2  301.7
 1000.0     89   25.2   20.2     74  15.14     90      3  298.4  342.6  301.1
  977.0    294   24.2   19.4     75  14.79    180      4  299.4  342.8  302.0
  925.0    775   22.0   17.7     77  13.97    165      8  301.8  343.2  304.3
  912.0    897   21.4   16.9     75  13.41    160     10  302.4  342.3  304.9
  881.0   1195   20.0   14.8     72  12.12    175      9  304.0  340.4  306.2
  850.0   1503   18.6   12.6     68  10.90    160     11  305.6  338.6  307.6
  821.0   1799   16.7   10.7     68   9.95    150      7  306.7  337.0  308.5
  816.0   1851   16.4   10.4     68   9.79    142      7  306.9  336.7  308.7
  792.0   2104   15.4    7.3     58   8.15    100      6  308.4  333.6  310.0
  750.0   2564   13.6    1.6     44   5.76     88      5  311.3  329.6  312.4
  738.0   2699   12.6    3.3     53   6.63     85      5  311.7  332.6  312.9
  728.0   2814   11.8    4.8     62   7.46     96      5  312.0  335.4  313.4
  712.0   2999   10.7    3.7     62   7.04    115      5  312.7  335.0  314.1
  700.0   3140    9.8    2.8     62   6.73    100      5  313.3  334.6  314.6
  687.0   3296    9.0    1.1     58   6.09     85      5  314.1  333.5  315.2
  669.0   3516    7.8   -1.2     53   5.27    135      2  315.1  332.1  316.1
  662.0   3603    7.3    0.0     60   5.82    155      1  315.5  334.2  316.6
  661.0   3615    7.2    0.2     61   5.91    155      1  315.6  334.6  316.7
  640.0   3881    5.4   -0.6     65   5.76    165      1  316.4  335.0  317.5
  639.0   3894    5.4   -0.8     64   5.67    165      1  316.6  334.9  317.7
  615.0   4207    5.4   -6.6     42   3.81    305      2  320.1  332.8  320.8
  608.0   4301    5.0   -3.0     56   5.07    286      3  320.6  337.4  321.6
  593.0   4505    3.7   -6.2     48   4.08    245      4  321.4  335.1  322.2
  592.0   4518    3.6   -6.4     48   4.02    245      4  321.5  334.9  322.2
  572.0   4796    1.2   -4.8     64   4.70    235      3  321.9  337.5  322.8
  562.0   4939    0.0   -4.0     74   5.09    242      4  322.0  338.9  323.0
  551.0   5097   -0.8   -4.6     75   4.97    250      5  322.9  339.5  323.9
  531.0   5392   -2.2   -5.7     77   4.75    210      4  324.6  340.6  325.6
  511.0   5698   -3.8   -6.8     79   4.53    255      5  326.4  341.7  327.3
  509.0   5729   -3.9   -6.9     80   4.50    259      5  326.6  341.8  327.4
  500.0   5870   -4.9   -7.4     83   4.41    275      6  327.0  342.0  327.9
  492.0   5995   -5.8   -8.1     84   4.26    260      7  327.4  342.0  328.3
  473.0   6301   -7.9   -9.7     87   3.90    225      4  328.6  342.0  329.3
  455.0   6602   -9.9  -11.2     90   3.58    210      4  329.6  342.0  330.3
  438.0   6898  -12.0  -12.8     94   3.28    170      2  330.6  342.1  331.3
  437.0   6916  -12.1  -12.9     94   3.26    170      2  330.7  342.1  331.4
  433.0   6986  -11.3  -15.9     69   2.57    169      3  332.6  341.8  333.1
  400.0   7590  -15.3  -19.0     73   2.14    160     10  335.0  342.8  335.4
  389.0   7801  -16.3  -21.2     66   1.82    165      7  336.3  343.0  336.7
  379.0   7997  -17.3  -23.3     60   1.55    254      4  337.6  343.4  337.9
  374.0   8096  -18.1  -23.8     61   1.50    300      3  337.8  343.4  338.1
  359.0   8401  -20.5  -25.5     64   1.35    220      3  338.5  343.6  338.8
  345.0   8697  -22.9  -27.1     68   1.21    185      3  339.2  343.8  339.4
  331.0   8997  -25.0  -30.9     58   0.88    250      4  340.3  343.7  340.5
  317.0   9310  -27.3  -35.0     48   0.62    295      4  341.4  343.9  341.6
  304.0   9614  -29.4  -38.9     40   0.44     75      3  342.5  344.3  342.6
  300.0   9710  -30.1  -40.1     37   0.39     85      4  342.8  344.4  342.9
  280.0  10191  -33.8  -51.1     16   0.12    115     12  344.4  344.9  344.4
  273.0  10368  -35.1  -55.1     11   0.08    111     14  345.0  345.3  345.0
  250.0  10970  -39.5  -58.5     11   0.06     95     19  347.2  347.5  347.2
  248.0  11025  -40.1  -58.1     13   0.06     94     19  347.1  347.4  347.1
  200.0  12460  -51.9                          55     19  350.4         350.4
  196.0  12586  -53.0                          50     18  350.7         350.7
  150.0  14260  -67.7                          70     33  353.3         353.3
  146.0  14417  -69.1                          70     37  353.6         353.6
  118.0  15658  -79.9                          70     40  355.9         355.9
  113.0  15899  -81.2                          70     41  357.8         357.8
  101.0  16525  -84.7                          85     53  362.8         362.8
  100.0  16580  -84.3                          85     53  364.6         364.6
   93.3  16966  -83.3                          74     34  373.9         373.9
   91.0  17108  -78.5                          70     27  386.0         386.0
   90.7  17126  -77.9                          69     25  387.6         387.6
   87.0  17366  -77.7                          60      3  392.8         392.8
   82.0  17708  -77.3                         250     18  400.1         400.1
   78.0  17996  -77.0                         235     22  406.5         406.5
   71.0  18538  -76.5                         231     27  418.7         418.7
   70.0  18620  -76.5                         230     28  420.4         420.4
   67.0  18871  -75.6                         235     21  427.7         427.7
   66.8  18888  -75.5                         236     21  428.2         428.2
   64.5  19092  -71.7                         247     19  440.9         440.9
   58.4  19677  -69.5                         280     15  458.5         458.5
   56.1  19917  -66.1                         293     14  471.5         471.5
   54.0  20147  -66.2                         305     12  476.4         476.4
   50.0  20610  -66.5                         310     12  486.4         486.4
   49.0  20732  -66.8                         320     11  488.6         488.6
   47.7  20895  -67.1                         336      8  491.5         491.5
   47.0  20984  -67.1                         345      7  493.7         493.7
   45.0  21246  -66.9                          55      5  500.2         500.2
   44.4  21327  -66.9                          62      8  502.2         502.2
   43.0  21524  -65.5                          80     14  510.2         510.2
   40.0  21968  -62.4                          80     15  528.7         528.7
   39.0  22123  -61.3                         100     22  535.3         535.3
   38.1  22266  -60.3                          99     24  541.4         541.4
   33.0  23158  -61.9                          90     35  559.9         559.9
   32.4  23272  -62.1                          91     36  562.3         562.3
   30.0  23750  -60.1                          95     42  580.2         580.2
   27.9  24204  -57.5                          99     47  599.6         599.6
   25.9  24670  -59.3                         103     52  607.4         607.4
   25.0  24893  -58.3                         105     54  616.5         616.5
   21.5  25846  -53.9                          91     55  656.7         656.7
   20.0  26310  -52.5                          85     56  674.7         674.7
   17.2  27286  -51.5                          85     50  707.6         707.6
   17.0                                        85     50                     
</PRE><H3>Station information and sounding indices</H3><PRE>
                         Station identifier: WAAA
                             Station number: 97180
                           Observation time: 171018/0000
                           Station latitude: -5.06
                          Station longitude: 119.55
                          Station elevation: 14.0
                            Showalter index: 2.58
                               Lifted index: 0.68
    LIFT computed using virtual temperature: 0.58
                                SWEAT index: 179.19
                                    K index: 29.10
                         Cross totals index: 17.50
                      Vertical totals index: 23.50
                        Totals totals index: 41.00
      Convective Available Potential Energy: 0.79
             CAPE using virtual temperature: 1.34
                      Convective Inhibition: -310.31
             CINS using virtual temperature: -163.01
                           Equilibrum Level: 436.48
 Equilibrum Level using virtual temperature: 436.31
                   Level of Free Convection: 451.01
             LFCT using virtual temperature: 641.99
                     Bulk Richardson Number: 41.02
          Bulk Richardson Number using CAPV: 70.13
  Temp [K] of the Lifted Condensation Level: 291.80
Pres [hPa] of the Lifted Condensation Level: 915.63
     Mean mixed layer potential temperature: 299.26
              Mean mixed layer mixing ratio: 15.04
              1000 hPa to 500 hPa thickness: 5781.00
Precipitable water [mm] for entire sounding: 49.33
</PRE>
<P>Description of the 
<A HREF="/upperair/columns.html">data columns</A>
or <A HREF="/upperair/indices.html">sounding indices</A>.

<P>
<FORM>
<INPUT CLASS="button" TYPE="button" VALUE=" Close this window " 
 onClick="window.close();">
<INPUT CLASS="button" TYPE="button" VALUE=" Select another map " 
 onClick="window.blur();">
</FORM>
<HR SIZE="1">
<I>Interested in graduate studies in atmospheric science?
Check out our program at the
<a href="http://www.uwyo.edu/atsc/howtoapply/"
target=_top>University of Wyoming
</a></I>
<HR SIZE="1"><FONT SIZE="-1">
Questions about the weather data provided by this site can be
addressed to <A HREF="mailto:ldoolman@uwyo.edu">
Larry Oolman (ldoolman@uwyo.edu)</A></FONT>
<HR SIZE="1">
<SCRIPT TYPE="text/javascript">
<!--
window.focus();
// -->
</SCRIPT>
</BODY>
</HTML>
