2018-10-26 00
<HTML>
<TITLE>University of Wyoming - Radiosonde Data</TITLE>
<LINK REL="StyleSheet" HREF="/resources/select.css" TYPE="text/css">
<BODY BGCOLOR="white">
<H2>97180 WAAA Ujung Pandang Observations at 00Z 26 Oct 2018</H2>
<PRE>
-----------------------------------------------------------------------------
   PRES   HGHT   TEMP   DWPT   RELH   MIXR   DRCT   SKNT   THTA   THTE   THTV
    hPa     m      C      C      %    g/kg    deg   knot     K      K      K 
-----------------------------------------------------------------------------
 1013.0     14   26.2   21.2     74  15.92      0      0  298.2  344.7  301.1
 1001.0    117   25.6   18.6     65  13.66    161      3  298.7  338.6  301.1
 1000.0    126   25.4   18.4     65  13.50    175      3  298.6  338.1  301.0
  996.0    161   26.8   18.8     62  13.91    138      2  300.3  341.3  302.8
  981.0    296   25.6   20.2     72  15.43      0      0  300.4  345.8  303.1
  967.0    423   24.4   21.5     84  17.01    356      0  300.4  350.5  303.5
  948.0    597   23.6   19.3     77  15.06    350      1  301.3  345.8  304.0
  926.0    804   22.6   16.6     69  13.00    114      2  302.3  341.0  304.7
  925.0    813   22.6   15.6     65  12.19    120      2  302.4  338.7  304.6
  916.0    898   22.0   15.6     67  12.28    100      2  302.6  339.2  304.9
  885.0   1196   19.8   15.4     76  12.62     80      2  303.4  341.1  305.7
  876.0   1285   19.2   15.4     79  12.72     84      3  303.6  341.6  305.9
  850.0   1544   17.6   10.6     64   9.53     95      6  304.6  333.4  306.3
  825.0   1798   16.3    6.5     52   7.42     95     12  305.8  328.6  307.2
  756.0   2540   12.6   -5.4     28   3.40     92     15  309.5  320.5  310.2
  736.0   2764   11.4   -1.6     40   4.65     91     16  310.6  325.4  311.5
  715.0   3006   10.5   -9.4     24   2.62     90     17  312.2  320.8  312.6
  700.0   3183    9.8  -15.2     16   1.68     85     13  313.3  319.0  313.6
  690.0   3302    9.0  -13.2     19   2.02     75     12  313.7  320.6  314.1
  666.0   3594    7.1   -8.1     33   3.12     35      4  314.8  325.1  315.4
  645.0   3858    5.4   -3.6     52   4.57    316      5  315.7  330.6  316.6
  642.0   3896    5.3   -3.3     54   4.69    305      5  316.1  331.3  317.0
  629.0   4064    5.0   -2.0     61   5.28    295      6  317.6  334.7  318.6
  619.0   4195    4.8   -6.2     45   3.91    288      6  318.8  331.7  319.5
  602.0   4422    3.6   -5.4     52   4.27    275      7  319.9  334.1  320.8
  596.0   4503    3.3   -9.8     38   3.07    270      7  320.6  330.9  321.1
  579.0   4738    2.6  -22.4     14   1.10    216      5  322.4  326.3  322.6
  574.0   4808    2.4  -23.6     13   0.99    200      4  322.9  326.5  323.1
  560.0   5008    1.8  -27.2     10   0.74    202      6  324.5  327.2  324.6
  546.0   5212    0.0  -14.0     34   2.38    203      9  324.7  333.0  325.2
  533.0   5404   -1.8  -13.6     40   2.52    205     11  324.8  333.6  325.3
  522.0   5570   -3.3  -13.3     46   2.64    218     10  324.9  334.1  325.4
  500.0   5910   -5.5  -16.5     42   2.12    245      8  326.3  333.7  326.7
  494.0   6004   -6.3  -17.6     41   1.96    245      8  326.4  333.3  326.8
  476.0   6293   -8.9  -20.9     37   1.53    226     10  326.7  332.2  327.0
  457.0   6607  -10.3  -27.5     23   0.88    205     13  328.7  332.0  328.9
  447.0   6777  -11.1  -31.1     17   0.64    179      8  329.8  332.3  330.0
  440.0   6898  -12.0  -30.3     20   0.70    160      4  330.2  332.9  330.4
  423.0   7198  -14.2  -28.4     29   0.87     65      5  331.1  334.4  331.3
  422.0   7216  -14.3  -28.3     29   0.89     67      5  331.2  334.6  331.4
  400.0   7620  -16.7  -35.7     18   0.46    115      7  333.2  335.0  333.3
  392.0   7771  -16.9  -40.9     11   0.27    131      5  334.9  336.0  334.9
  390.0   7808  -17.2  -41.1     11   0.27    135      5  335.0  336.1  335.0
  375.0   8092  -19.3  -43.0     10   0.23    200      4  335.9  336.9  336.0
  346.0   8676  -23.7  -46.8     10   0.16    185     12  337.8  338.5  337.8
  332.0   8975  -26.0  -48.7     10   0.14    160     10  338.7  339.3  338.7
  318.0   9288  -28.3  -50.8     10   0.11    170      9  339.6  340.1  339.7
  300.0   9710  -31.5  -53.5     10   0.09    145     11  340.9  341.2  340.9
  292.0   9899  -33.0  -54.4     10   0.08    145     14  341.4  341.8  341.4
  280.0  10192  -35.2  -55.9     10   0.07    145     10  342.3  342.6  342.3
  268.0  10498  -37.6  -57.4     11   0.06    100      7  343.1  343.4  343.1
  257.0  10791  -39.9  -58.9     11   0.05     91      6  343.9  344.1  343.9
  250.0  10980  -41.5                          85      5  344.2         344.2
  246.0  11086  -42.4                          90      4  344.4         344.4
  235.0  11388  -45.0                          55      4  345.0         345.0
  215.0  11974  -50.1                          30     18  346.0         346.0
  200.0  12450  -54.3                          35     29  346.6         346.6
  180.0  13117  -59.9                          40     40  348.1         348.1
  161.0  13805  -63.6                          45     51  353.1         353.1
  153.0  14120  -65.3                          38     38  355.4         355.4
  150.0  14240  -66.3                          35     33  355.7         355.7
  139.0  14687  -70.1                          10     27  356.8         356.8
  132.0  14990  -72.7                         355     25  357.5         357.5
  125.0  15310  -75.4                         350     17  358.1         358.1
  119.0  15598  -77.9                         311     17  358.7         358.7
  113.0  15890  -79.0                         270     17  362.0         362.0
  102.0  16468  -81.1                         275     14  368.7         368.7
  100.0  16580  -81.5                         295     12  370.0         370.0
   96.0  16809  -81.8                         320     19  373.7         373.7
   91.0  17108  -82.3                         315     23  378.6         378.6
   82.0  17692  -83.2                         350     12  388.2         388.2
   78.8  17915  -83.5                           6     14  391.9         391.9
   78.0  17972  -83.3                          10     15  393.6         393.6
   74.0  18268  -82.0                          50     16  402.2         402.2
   70.0  18580  -80.7                          60     19  411.4         411.4
   66.5  18870  -81.1                          70     25  416.6         416.6
   64.1  19079  -77.5                          77     29  428.9         428.9
   60.0  19462  -75.2                          90     36  442.3         442.3
   57.5  19709  -73.7                         100     42  451.0         451.0
   54.4  20033  -75.1                         113     49  455.0         455.0
   54.0  20076  -74.6                         115     50  457.0         457.0
   50.0  20530  -69.9                         105     60  478.4         478.4
   49.1  20638  -68.7                         104     60  483.7         483.7
   46.0  21027  -69.7                          99     61  490.4         490.4
   44.7  21198  -69.5                          97     62  494.9         494.9
   40.3  21833  -57.7                          91     63  539.3         539.3
   40.0  21881  -57.3                          90     63  541.5         541.5
   39.8  21913  -57.0                          90     63  543.1         543.1
   36.0  22556  -51.1                          75     33  574.0         574.0
   35.5  22646  -50.3                          48     26  578.4         578.4
   35.0  22739  -49.8                          20     18  582.0         582.0
   34.1  22909  -48.9                         351     18  588.8         588.8
   33.0  23122  -50.1                         315     19  591.1         591.1
   30.0  23740  -53.7                         255     26  597.6         597.6
   28.8  24001  -55.7                         243     29  599.1         599.1
   28.2  24135  -56.7                         237     30  600.0         600.0
   28.0  24180  -56.2                         235     31  602.7         602.7
   26.6  24509  -52.3                         249     27  622.5         622.5
   26.0  24656  -52.1                         255     25  627.2         627.2
   25.0  24910  -51.7                         245     18  635.4         635.4
   24.5  25041  -51.5                                     639.6         639.6
</PRE><H3>Station information and sounding indices</H3><PRE>
                         Station identifier: WAAA
                             Station number: 97180
                           Observation time: 181026/0000
                           Station latitude: -5.06
                          Station longitude: 119.55
                          Station elevation: 14.0
                            Showalter index: 4.26
                               Lifted index: -0.50
    LIFT computed using virtual temperature: -1.02
                                SWEAT index: 147.21
                                    K index: 8.70
                         Cross totals index: 16.10
                      Vertical totals index: 23.10
                        Totals totals index: 39.20
      Convective Available Potential Energy: 111.12
             CAPE using virtual temperature: 221.93
                      Convective Inhibition: -120.82
             CINS using virtual temperature: -57.27
                           Equilibrum Level: 289.51
 Equilibrum Level using virtual temperature: 283.92
                   Level of Free Convection: 661.43
             LFCT using virtual temperature: 818.06
                     Bulk Richardson Number: 83.38
          Bulk Richardson Number using CAPV: 166.52
  Temp [K] of the Lifted Condensation Level: 291.97
Pres [hPa] of the Lifted Condensation Level: 910.61
     Mean mixed layer potential temperature: 299.90
              Mean mixed layer mixing ratio: 15.32
              1000 hPa to 500 hPa thickness: 5784.00
Precipitable water [mm] for entire sounding: 37.59
</PRE>
<P>Description of the 
<A HREF="/upperair/columns.html">data columns</A>
or <A HREF="/upperair/indices.html">sounding indices</A>.

<P>
<FORM>
<INPUT CLASS="button" TYPE="button" VALUE=" Close this window " 
 onClick="window.close();">
<INPUT CLASS="button" TYPE="button" VALUE=" Select another map " 
 onClick="window.blur();">
</FORM>
<HR SIZE="1">
<I>Interested in graduate studies in atmospheric science?
Check out our program at the
<a href="http://www.uwyo.edu/atsc/howtoapply/"
target=_top>University of Wyoming
</a></I>
<HR SIZE="1"><FONT SIZE="-1">
Questions about the weather data provided by this site can be
addressed to <A HREF="mailto:ldoolman@uwyo.edu">
Larry Oolman (ldoolman@uwyo.edu)</A></FONT>
<HR SIZE="1">
<SCRIPT TYPE="text/javascript">
<!--
window.focus();
// -->
</SCRIPT>
</BODY>
</HTML>
