2016-10-24 12
<HTML>
<TITLE>University of Wyoming - Radiosonde Data</TITLE>
<LINK REL="StyleSheet" HREF="/resources/select.css" TYPE="text/css">
<BODY BGCOLOR="white">
<H2>97180 WAAA Ujung Pandang Observations at 00Z 24 Oct 2016</H2>
<PRE>
-----------------------------------------------------------------------------
   PRES   HGHT   TEMP   DWPT   RELH   MIXR   DRCT   SKNT   THTA   THTE   THTV
    hPa     m      C      C      %    g/kg    deg   knot     K      K      K 
-----------------------------------------------------------------------------
 1010.0     14   25.0   23.0     89  17.87      0      0  297.3  349.2  300.5
 1000.0     98   25.0   22.4     86  17.39    105      4  298.1  348.9  301.2
  996.0    133   25.2   21.8     81  16.82     99      4  298.7  347.9  301.7
  944.0    601   22.7   20.0     84  15.84     25      4  300.8  347.5  303.6
  925.0    779   21.8   19.3     86  15.48     55      2  301.6  347.4  304.4
  912.0    901   21.1   18.6     86  15.00     90      2  302.1  346.6  304.8
  851.0   1496   17.7   15.1     85  12.81     65      4  304.5  343.0  306.9
  850.0   1506   17.6   15.0     85  12.77     70      4  304.6  342.9  306.9
  821.0   1802   15.8   13.3     85  11.81     95      3  305.7  341.4  307.9
  805.0   1969   14.8   12.3     85  11.29     94      4  306.4  340.6  308.4
  721.0   2897   11.0    9.1     88  10.16     87     10  312.0  343.6  313.9
  700.0   3143    9.8    6.3     79   8.63     85     11  313.3  340.4  314.9
  647.0   3795    6.6    1.7     71   6.73     82     10  316.8  338.4  318.1
  616.0   4195    4.1    0.6     77   6.51     80      9  318.5  339.5  319.7
  572.0   4798    0.4   -1.2     89   6.17     50      8  320.9  341.1  322.1
  567.0   4869    0.0   -1.4     90   6.13     48      8  321.2  341.3  322.4
  551.0   5097   -1.2   -2.7     89   5.73     40     10  322.5  341.4  323.6
  530.0   5406   -2.7   -4.5     88   5.22     60     11  324.2  341.6  325.2
  500.0   5870   -5.1   -7.1     86   4.52     55     10  326.8  342.1  327.6
  473.0   6304   -7.8   -9.4     88   3.98     55     11  328.6  342.3  329.4
  470.0   6353   -8.1   -9.7     88   3.92     56     11  328.9  342.4  329.6
  462.0   6487   -7.9  -10.9     79   3.62     57     10  330.7  343.4  331.4
  421.0   7200  -12.7  -15.0     83   2.86     65      7  333.5  343.6  334.1
  413.0   7348  -13.7  -15.8     84   2.72     58      7  334.0  343.8  334.6
  400.0   7590  -14.9  -18.1     77   2.31     45      7  335.5  343.9  336.0
  374.0   8088  -18.2  -22.4     70   1.70     10      4  337.6  344.0  338.0
  345.0   8686  -22.2  -27.6     61   1.15     40      7  340.1  344.5  340.4
  332.0   8971  -24.1  -30.1     58   0.95     24      5  341.3  345.0  341.5
  321.0   9215  -25.9  -31.9     57   0.83     10      3  342.1  345.3  342.3
  317.0   9305  -26.4  -34.9     45   0.63      5      2  342.6  345.1  342.8
  313.0   9397  -26.9  -37.9     35   0.47     16      4  343.2  345.1  343.3
  304.0   9605  -28.5  -37.9     40   0.48     40      7  343.8  345.7  343.9
  302.0   9653  -28.9  -37.9     42   0.49     40      8  343.9  345.9  344.0
  300.0   9700  -29.5  -36.5     51   0.56     40      8  343.7  346.0  343.8
  295.0   9820  -30.7  -34.9     67   0.67     39      8  343.6  346.3  343.8
  294.0   9844  -30.9  -34.7     69   0.69     39      8  343.7  346.4  343.8
  290.0   9942  -31.3  -40.3     41   0.40     38      8  344.5  346.1  344.6
  258.0  10763  -37.5  -51.5     22   0.13     30      6  347.0  347.6  347.1
  257.0  10789  -37.8  -51.2     23   0.13     30      6  347.1  347.6  347.1
  250.0  10980  -39.5  -49.5     34   0.17     20      5  347.2  347.9  347.2
  247.0  11062  -40.1  -50.1     33   0.16     13      5  347.5  348.2  347.5
  246.0  11089  -40.3                          10      5  347.6         347.6
  235.0  11392  -43.0                          60      2  348.1         348.1
  225.0  11680  -45.6                           0      1  348.5         348.5
  215.0  11981  -48.2                         205      5  348.9         348.9
  205.0  12296  -51.0                         230      6  349.3         349.3
  200.0  12460  -52.5                         225      6  349.5         349.5
  196.0  12586  -53.6                         210      9  349.7         349.7
  187.0  12881  -56.3                         220     15  350.1         350.1
  154.0  14095  -67.4                         200     14  351.1         351.1
  150.0  14260  -68.9                         200     13  351.2         351.2
  142.0  14583  -71.7                         204     10  351.9         351.9
  139.0  14704  -72.5                         205      9  352.6         352.6
  125.0  15306  -76.4                         125     17  356.4         356.4
  100.0  16570  -84.7                          90     27  363.8         363.8
   96.0  16794  -86.3                          80     27  364.9         364.9
   90.5  17117  -88.7                          90     26  366.4         366.4
   86.0  17392  -89.3                         115     36  370.6         370.6
   81.4  17695  -82.5                         105     42  390.4         390.4
   77.0  18007  -81.9                          95     49  397.9         397.9
   74.6  18184  -81.5                          87     41  402.3         402.3
   73.0  18307  -80.5                          81     36  406.9         406.9
   70.5  18508  -72.3                          72     28  428.5         428.5
   70.0  18550  -71.7                          70     26  430.7         430.7
   69.0  18636  -71.1                          70     20  433.8         433.8
   66.0  18901  -69.1                         345      6  443.6         443.6
   65.4  18955  -68.7                         338      8  445.6         445.6
   63.0  19178  -69.7                         310     18  448.2         448.2
   58.6  19610  -71.7                         306     11  453.1         453.1
   57.0  19774  -71.7                         305      8  456.7         456.7
   56.6  19816  -71.7                         323      9  457.6         457.6
   55.6  19922  -70.5                           7     10  462.7         462.7
   55.0  19987  -66.9                          34     11  472.4         472.4
   54.0  20099  -66.2                          80     12  476.6         476.6
   51.0  20449  -63.9                         100     18  489.7         489.7
   50.0  20570  -63.1                         105     12  494.4         494.4
   49.4  20644  -62.3                          99      8  498.0         498.0
   49.0  20694  -62.3                          95      5  499.0         499.0
   47.0  20951  -62.6                         275     10  504.5         504.5
   45.8  21110  -62.7                         277     13  507.9         507.9
   43.5  21428  -61.9                         282     18  517.4         517.4
   42.5  21572  -58.9                         284     21  528.2         528.2
   42.0  21646  -58.9                         285     22  529.9         529.9
   38.0  22272  -59.2                         275     37  544.7         544.7
   37.0  22439  -59.2                         280     27  548.7         548.7
   33.0  23154  -59.5                         265     44  566.3         566.3
   30.0  23750  -59.7                         255     29  581.3         581.3
   29.0  23963  -59.5                         260     26  587.6         587.6
   26.0  24647  -58.8                         285     34  608.2         608.2
   25.0  24893  -58.5                         280     30  615.7         615.7
   24.1  25123  -58.3                                     622.9         622.9
</PRE><H3>Station information and sounding indices</H3><PRE>
                         Station identifier: WAAA
                             Station number: 97180
                           Observation time: 161024/0000
                           Station latitude: -5.06
                          Station longitude: 119.55
                          Station elevation: 14.0
                            Showalter index: 0.62
                               Lifted index: -1.29
    LIFT computed using virtual temperature: -1.50
                                SWEAT index: 198.01
                                    K index: 34.20
                         Cross totals index: 20.10
                      Vertical totals index: 22.70
                        Totals totals index: 42.80
      Convective Available Potential Energy: 193.55
             CAPE using virtual temperature: 261.81
                      Convective Inhibition: -42.36
             CINS using virtual temperature: -33.25
                           Equilibrum Level: 292.14
 Equilibrum Level using virtual temperature: 291.38
                   Level of Free Convection: 823.01
             LFCT using virtual temperature: 842.12
                     Bulk Richardson Number: 127.33
          Bulk Richardson Number using CAPV: 172.24
  Temp [K] of the Lifted Condensation Level: 293.86
Pres [hPa] of the Lifted Condensation Level: 939.79
     Mean mixed layer potential temperature: 299.15
              Mean mixed layer mixing ratio: 16.68
              1000 hPa to 500 hPa thickness: 5772.00
Precipitable water [mm] for entire sounding: 59.72
</PRE>
<P>Description of the 
<A HREF="/upperair/columns.html">data columns</A>
or <A HREF="/upperair/indices.html">sounding indices</A>.

<P>
<FORM>
<INPUT CLASS="button" TYPE="button" VALUE=" Close this window " 
 onClick="window.close();">
<INPUT CLASS="button" TYPE="button" VALUE=" Select another map " 
 onClick="window.blur();">
</FORM>
<HR SIZE="1">
<I>Interested in graduate studies in atmospheric science?
Check out our program at the
<a href="http://www.uwyo.edu/atsc/howtoapply/"
target=_top>University of Wyoming
</a></I>
<HR SIZE="1"><FONT SIZE="-1">
Questions about the weather data provided by this site can be
addressed to <A HREF="mailto:ldoolman@uwyo.edu">
Larry Oolman (ldoolman@uwyo.edu)</A></FONT>
<HR SIZE="1">
<SCRIPT TYPE="text/javascript">
<!--
window.focus();
// -->
</SCRIPT>
</BODY>
</HTML>
