2016-06-05 12
<HTML>
<TITLE>University of Wyoming - Radiosonde Data</TITLE>
<LINK REL="StyleSheet" HREF="/resources/select.css" TYPE="text/css">
<BODY BGCOLOR="white">
<H2>97180 WAAA Ujung Pandang Observations at 00Z 05 Jun 2016</H2>
<PRE>
-----------------------------------------------------------------------------
   PRES   HGHT   TEMP   DWPT   RELH   MIXR   DRCT   SKNT   THTA   THTE   THTV
    hPa     m      C      C      %    g/kg    deg   knot     K      K      K 
-----------------------------------------------------------------------------
 1012.0     14   25.8   23.8     89  18.74      0      0  297.9  352.6  301.3
 1000.0    112   25.4   22.3     83  17.28     10      3  298.6  349.0  301.6
  979.0    301   24.9   21.4     81  16.66    340      9  299.8  348.7  302.8
  962.0    456   24.4   20.6     79  16.16    340      8  300.9  348.5  303.8
  947.0    595   23.4   19.8     80  15.64    340      8  301.2  347.5  304.1
  925.0    803   22.0   18.7     82  14.90      5      6  301.8  345.9  304.5
  915.0    897   21.4   18.3     83  14.69     25      7  302.1  345.7  304.7
  883.0   1205   19.3   17.0     87  14.02     65     11  303.0  344.8  305.6
  861.0   1423   17.8   16.1     90  13.55     82     10  303.7  344.1  306.1
  850.0   1533   17.2   15.6     90  13.29     90     10  304.1  343.9  306.6
  824.0   1798   16.3   13.6     84  11.98     85     13  305.9  342.1  308.1
  753.0   2565   13.6    7.6     67   8.77     88     15  311.0  338.2  312.6
  700.0   3177    9.8    3.8     66   7.23     90     16  313.3  336.2  314.7
  656.0   3714    6.4    3.1     79   7.34     92     17  315.3  338.7  316.7
  596.0   4496    2.3   -3.3     67   5.07     95     18  319.4  336.0  320.4
  586.0   4634    1.6   -4.4     64   4.74     90     18  320.1  335.7  321.0
  573.0   4815    1.0   -6.0     60   4.29     83     18  321.4  335.7  322.3
  570.0   4857    0.8   -7.2     55   3.93     81     18  321.7  334.9  322.4
  569.0   4871    0.8   -8.2     51   3.64     81     18  321.8  334.1  322.6
  567.0   4900    0.6   -7.4     55   3.89     80     18  321.9  335.0  322.7
  566.0   4914    0.4   -3.4     76   5.29     79     18  321.9  339.4  322.9
  560.0   4999    0.0   -5.0     69   4.74     76     18  322.4  338.1  323.3
  532.0   5408   -2.6   -6.1     77   4.58     60     18  324.1  339.4  325.0
  520.0   5590   -3.7   -6.6     80   4.51     62     18  324.8  340.0  325.7
  500.0   5900   -4.9   -8.8     74   3.95     65     19  327.0  340.5  327.8
  477.0   6269   -7.5  -11.8     71   3.27     68     20  328.2  339.5  328.9
  450.0   6721   -9.3  -22.3     34   1.43     71     22  331.5  336.7  331.8
  441.0   6877  -10.5  -17.5     56   2.21     73     23  331.9  339.8  332.3
  423.0   7195  -13.1  -17.6     69   2.28     75     24  332.6  340.7  333.0
  408.0   7471  -15.3  -17.7     82   2.35     65     23  333.1  341.6  333.6
  401.0   7601  -15.9  -20.5     68   1.88     61     23  334.0  340.9  334.4
  400.0   7620  -15.9  -20.9     65   1.82     60     23  334.2  340.9  334.6
  389.0   7829  -17.7  -20.4     79   1.95     60     24  334.6  341.7  334.9
  380.0   8004  -18.9  -20.4     88   2.00     60     25  335.2  342.5  335.6
  375.0   8103  -19.5  -22.5     77   1.69     60     25  335.7  341.9  336.1
  365.0   8303  -20.7  -26.7     59   1.19     63     27  336.7  341.2  336.9
  362.0   8364  -21.1  -28.1     53   1.05     63     27  336.9  341.0  337.2
  358.0   8446  -20.7  -40.7     15   0.31     64     28  338.6  339.8  338.6
  356.0   8488  -20.5  -45.5      9   0.18     65     28  339.4  340.1  339.4
  334.0   8956  -23.9  -37.9     26   0.44     71     32  341.0  342.8  341.1
  329.0   9066  -24.7  -44.7     14   0.22     73     33  341.3  342.3  341.4
  319.0   9290  -26.5  -39.5     28   0.39     76     34  341.9  343.5  341.9
  311.0   9473  -27.9  -47.9     13   0.16     78     36  342.4  343.1  342.4
  305.0   9612  -29.1  -50.7     11   0.12     80     37  342.6  343.2  342.7
  300.0   9730  -30.1  -53.1      9   0.09     80     38  342.8  343.2  342.9
  282.0  10167  -33.3  -46.3     26   0.21     83     36  344.4  345.3  344.4
  251.0  10973  -39.9  -53.9     21   0.10     90     31  346.2  346.7  346.2
  250.0  11000  -40.1                          90     31  346.3         346.3
  225.0  11699  -46.0                          90     21  347.9         347.9
  200.0  12480  -52.5                          95     18  349.5         349.5
  187.0  12899  -56.0                          90     18  350.5         350.5
  162.0  13792  -63.6                          50     17  352.5         352.5
  151.0  14230  -67.3                          64     20  353.3         353.3
  150.0  14270  -67.9                          65     20  352.9         352.9
  133.0  14975  -73.3                          80     28  355.7         355.7
  122.0  15480  -77.1                          67     32  357.6         357.6
  120.0  15575  -77.9                          65     33  357.9         357.9
  117.0  15719  -79.1                          75     27  358.2         358.2
  113.0  15915  -80.1                          88     19  359.9         359.9
  108.0  16172  -78.4                         105      8  367.8         367.8
  106.0  16278  -77.7                         128      9  371.1         371.1
  102.0  16497  -78.1                         175     10  374.5         374.5
  100.0  16610  -78.3                         160     11  376.2         376.2
   92.0  17083  -81.6                         100     11  378.8         378.8
   91.7  17101  -81.7                         100     11  378.9         378.9
   87.0  17396  -82.3                          40      5  383.5         383.5
   83.5  17627  -82.7                          82      7  387.1         387.1
   82.0  17730  -81.3                         100      8  392.1         392.1
   78.0  18013  -77.3                         100      9  405.9         405.9
   74.0  18318  -75.9                         170     18  415.0         415.0
   70.0  18640  -74.5                         130     28  424.7         424.7
   64.0  19164  -71.2                          80     26  443.0         443.0
   63.2  19238  -70.7                          79     26  445.6         445.6
   59.0  19642  -72.9                          72     24  449.5         449.5
   55.0  20055  -69.8                          65     23  465.9         465.9
   54.7  20087  -69.5                          66     23  467.1         467.1
   50.0  20620  -70.3                          75     28  477.4         477.4
   46.6  21038  -70.9                          81     30  485.7         485.7
   41.5  21738  -63.3                          92     32  520.9         520.9
   40.0  21966  -62.4                          95     33  528.8         528.8
   39.0  22123  -61.7                          85     27  534.2         534.2
   36.9  22466  -60.3                         113     25  546.4         546.4
   35.0  22799  -55.9                         140     22  566.2         566.2
   33.0  23170  -57.7                         170     20  570.9         570.9
   30.0  23770  -60.7                         150     18  578.6         578.6
   29.0  23980  -61.7                         150     14  581.5         581.5
   28.3  24131  -61.3                         140      8  586.6         586.6
   28.0  24198  -59.3                         135      5  593.9         593.9
   27.6  24288  -56.7                         162      6  603.7         603.7
   26.0  24670  -52.6                         275      9  625.6         625.6
   25.5  24795  -51.3                         273     12  632.9         632.9
   23.0  25464  -51.2                         260     31  652.1         652.1
   20.0  26370  -51.1                         255     23  679.0         679.0
   19.7  26468  -50.3                         254     23  684.4         684.4
   18.0  27054  -52.3                         245     26  695.9         695.9
   17.7  27163  -52.7                         243     25  698.0         698.0
   17.2  27348  -53.5                         239     23  701.2         701.2
   16.0  27820  -49.2                         230     19  730.0         730.0
   15.4  28069  -46.9                                     745.5         745.5
</PRE><H3>Station information and sounding indices</H3><PRE>
                         Station identifier: WAAA
                             Station number: 97180
                           Observation time: 160605/0000
                           Station latitude: -5.06
                          Station longitude: 119.55
                          Station elevation: 14.0
                            Showalter index: 0.42
                               Lifted index: -1.51
    LIFT computed using virtual temperature: -1.84
                                SWEAT index: 226.21
                                    K index: 31.70
                         Cross totals index: 20.50
                      Vertical totals index: 22.10
                        Totals totals index: 42.60
      Convective Available Potential Energy: 436.72
             CAPE using virtual temperature: 550.73
                      Convective Inhibition: -32.10
             CINS using virtual temperature: -24.52
                           Equilibrum Level: 226.49
 Equilibrum Level using virtual temperature: 226.52
                   Level of Free Convection: 863.19
             LFCT using virtual temperature: 874.11
                     Bulk Richardson Number: 17.84
          Bulk Richardson Number using CAPV: 22.49
  Temp [K] of the Lifted Condensation Level: 294.04
Pres [hPa] of the Lifted Condensation Level: 937.55
     Mean mixed layer potential temperature: 299.53
              Mean mixed layer mixing ratio: 16.92
              1000 hPa to 500 hPa thickness: 5788.00
Precipitable water [mm] for entire sounding: 55.55
</PRE>
<P>Description of the 
<A HREF="/upperair/columns.html">data columns</A>
or <A HREF="/upperair/indices.html">sounding indices</A>.

<P>
<FORM>
<INPUT CLASS="button" TYPE="button" VALUE=" Close this window " 
 onClick="window.close();">
<INPUT CLASS="button" TYPE="button" VALUE=" Select another map " 
 onClick="window.blur();">
</FORM>
<HR SIZE="1">
<I>Interested in graduate studies in atmospheric science?
Check out our program at the
<a href="http://www.uwyo.edu/atsc/howtoapply/"
target=_top>University of Wyoming
</a></I>
<HR SIZE="1"><FONT SIZE="-1">
Questions about the weather data provided by this site can be
addressed to <A HREF="mailto:ldoolman@uwyo.edu">
Larry Oolman (ldoolman@uwyo.edu)</A></FONT>
<HR SIZE="1">
<SCRIPT TYPE="text/javascript">
<!--
window.focus();
// -->
</SCRIPT>
</BODY>
</HTML>
