2016-05-28 12
<HTML>
<TITLE>University of Wyoming - Radiosonde Data</TITLE>
<LINK REL="StyleSheet" HREF="/resources/select.css" TYPE="text/css">
<BODY BGCOLOR="white">
<H2>97180 WAAA Ujung Pandang Observations at 00Z 28 May 2016</H2>
<PRE>
-----------------------------------------------------------------------------
   PRES   HGHT   TEMP   DWPT   RELH   MIXR   DRCT   SKNT   THTA   THTE   THTV
    hPa     m      C      C      %    g/kg    deg   knot     K      K      K 
-----------------------------------------------------------------------------
 1012.0     14   25.6   23.9     90  18.86      0      0  297.7  352.7  301.1
 1010.0     31   25.2   21.9     82  16.68     16      1  297.5  346.0  300.5
 1006.0     64   27.0   22.8     78  17.72     47      1  299.6  351.7  302.8
 1000.0    114   27.0   22.6     77  17.61     95      3  300.1  352.0  303.3
  979.0    301   26.2   21.3     75  16.60     90      4  301.2  350.2  304.1
  974.0    346   26.0   21.0     74  16.36     89      5  301.4  349.8  304.4
  946.0    601   24.6   19.6     74  15.47     80      8  302.6  348.5  305.4
  925.0    798   23.6   18.6     74  14.80     60      7  303.4  347.6  306.1
  883.0   1202   21.5   16.5     73  13.56     15      5  305.3  346.2  307.8
  853.0   1502   20.0   15.0     73  12.69      0      6  306.7  345.2  309.1
  850.0   1533   19.8   14.8     73  12.61      0      6  306.9  345.1  309.2
  824.0   1797   18.4   13.1     71  11.62      5      5  308.1  343.6  310.3
  795.0   2102   16.8   11.1     69  10.56    320      5  309.5  342.0  311.5
  768.0   2396   15.2    9.2     68   9.61    295      7  310.9  340.7  312.7
  765.0   2430   15.0    9.0     67   9.50    297      7  311.1  340.6  312.9
  700.0   3172   10.4    6.0     74   8.45    345      7  314.0  340.6  315.6
  690.0   3290    9.7    5.4     75   8.20      0      6  314.5  340.4  316.0
  665.0   3593    7.8    3.8     76   7.60     20      6  315.7  339.9  317.2
  596.0   4492    2.3   -1.0     79   6.01     80      6  319.4  339.0  320.5
  569.0   4872    0.0   -3.0     80   5.42     74      7  320.9  338.8  321.9
  553.0   5099   -1.4   -4.2     81   5.12     70      7  321.9  338.8  322.9
  513.0   5696   -5.0   -7.2     85   4.38    105     10  324.4  339.2  325.3
  500.0   5900   -6.3   -8.2     86   4.15    105      8  325.3  339.3  326.1
  497.0   5947   -6.5   -7.3     94   4.47    104      8  325.6  340.7  326.5
  475.0   6300   -8.1  -10.4     84   3.66    100      8  327.8  340.4  328.6
  465.0   6465   -8.9  -11.9     79   3.32    114      7  328.9  340.4  329.5
  451.0   6701   -9.7  -18.7     48   1.95    134      6  330.8  337.8  331.1
  440.0   6892  -10.5  -16.5     61   2.41    150      5  332.1  340.7  332.6
  409.0   7451  -13.1  -24.1     39   1.34    141      3  335.7  340.8  336.0
  406.0   7507  -13.5  -24.2     40   1.34    140      3  335.9  340.9  336.2
  400.0   7620  -14.3  -24.3     42   1.35    170      3  336.3  341.4  336.6
  391.0   7792  -15.8  -25.0     45   1.29    165      4  336.6  341.5  336.9
  377.0   8067  -18.1  -26.1     50   1.21    145      4  337.0  341.6  337.3
  372.0   8167  -18.9  -24.9     59   1.37    138      5  337.3  342.4  337.5
  371.0   8187  -18.9  -24.9     59   1.37    136      5  337.5  342.7  337.8
  370.0   8207  -19.1  -23.5     68   1.56    135      5  337.5  343.4  337.8
  368.0   8248  -18.9  -24.9     59   1.39    132      5  338.3  343.5  338.6
  367.0   8268  -19.1  -30.1     37   0.86    130      5  338.3  341.6  338.5
  360.0   8411  -20.2  -30.7     39   0.83    120      5  338.7  341.9  338.9
  353.0   8557  -21.3  -31.3     40   0.80    140      6  339.1  342.2  339.3
  346.0   8705  -22.3  -35.3     30   0.55    160      8  339.7  341.9  339.8
  341.0   8812  -22.9  -37.9     24   0.43    160      7  340.3  342.1  340.4
  338.0   8877  -23.3  -32.3     43   0.76    160      6  340.6  343.6  340.8
  336.0   8920  -23.7  -33.7     39   0.66    160      6  340.7  343.3  340.8
  332.0   9008  -24.3  -31.9     49   0.80    160      5  340.9  344.1  341.1
  331.0   9030  -24.5  -31.5     52   0.83    163      5  341.0  344.3  341.2
  319.0   9298  -26.5  -37.7     34   0.47    205      4  341.9  343.8  341.9
  311.0   9482  -27.9  -41.9     25   0.31    203      6  342.4  343.7  342.5
  300.0   9740  -29.7  -45.7     20   0.21    200      9  343.4  344.3  343.4
  281.0  10201  -33.6  -50.5     17   0.13    200     17  344.2  344.8  344.2
  278.0  10276  -34.3  -51.3     16   0.12    194     18  344.3  344.9  344.4
  258.0  10792  -37.4  -60.7      7   0.04    155     23  347.2  347.4  347.2
  250.0  11010  -38.7  -64.7      5   0.03    155     22  348.4  348.5  348.4
  244.0  11176  -40.1  -65.1      5   0.02    156     23  348.7  348.8  348.7
  200.0  12500  -52.1                         165     28  350.1         350.1
  164.0  13755  -62.7                         161     30  352.8         352.8
  155.0  14100  -65.4                         160     30  354.0         354.0
  150.0  14300  -66.9                         155     28  354.6         354.6
  138.0  14795  -71.1                         161     27  355.8         355.8
  122.0  15511  -76.3                         169     26  359.1         359.1
  120.0  15605  -76.4                         170     26  360.5         360.5
  111.0  16051  -77.1                         142     21  367.4         367.4
  103.0  16473  -80.2                         115     17  369.3         369.3
  100.0  16640  -81.5                          95     16  370.0         370.0
   92.0  17106  -83.4                          30     16  375.2         375.2
   89.1  17285  -84.1                           5     11  377.2         377.2
   87.1  17412  -80.7                         327      9  386.5         386.5
   87.0  17419  -80.7                         325      9  386.7         386.7
   83.0  17686  -79.2                         260     23  394.8         394.8
   82.6  17713  -79.1                         261     22  395.7         395.7
   74.3  18313  -81.5                         278      8  402.8         402.8
   72.1  18482  -80.9                         283      4  407.5         407.5
   71.0  18569  -79.7                         285      2  412.0         412.0
   70.0  18650  -78.5                          30      3  416.1         416.1
   68.9  18741  -74.5                          50      4  426.6         426.6
   67.0  18904  -74.3                          85      7  430.4         430.4
   64.0  19172  -74.0                         145     10  436.7         436.7
   61.0  19452  -73.7                          70     17  443.5         443.5
   58.0  19747  -73.4                          65     23  450.6         450.6
   55.5  20004  -73.1                          74     27  457.0         457.0
   50.0  20620  -69.9                          95     36  478.4         478.4
   49.0  20741  -67.9                          98     39  485.9         485.9
   47.0  20991  -68.1                         105     44  491.1         491.1
   43.8  21413  -68.5                          96     38  500.2         500.2
   41.5  21741  -62.7                          88     33  522.4         522.4
   39.0  22125  -62.0                          80     28  533.5         533.5
   35.0  22794  -60.8                          95     12  553.5         553.5
   34.8  22830  -60.7                          91     12  554.6         554.6
   33.0  23166  -57.8                          50     12  570.7         570.7
   32.0  23360  -56.1                         330      8  580.3         580.3
   30.4  23685  -53.3                         290     18  596.5         596.5
   30.0  23770  -52.3                         280     20  601.5         601.5
   29.0  23988  -52.6                         260     23  606.4         606.4
   26.0  24689  -53.8                         300     27  622.4         622.4
   23.0  25477  -55.0                         265     34  640.9         640.9
   22.8  25533  -55.1                         263     33  642.3         642.3
   22.0  25759  -57.0                         255     29  643.3         643.3
   21.7  25847  -57.7                                     643.6         643.6
</PRE><H3>Station information and sounding indices</H3><PRE>
                         Station identifier: WAAA
                             Station number: 97180
                           Observation time: 160528/0000
                           Station latitude: -5.06
                          Station longitude: 119.55
                          Station elevation: 14.0
                            Showalter index: -1.43
                               Lifted index: -3.31
    LIFT computed using virtual temperature: -3.65
                                SWEAT index: 197.61
                                    K index: 36.50
                         Cross totals index: 21.10
                      Vertical totals index: 26.10
                        Totals totals index: 47.20
      Convective Available Potential Energy: 510.46
             CAPE using virtual temperature: 604.11
                      Convective Inhibition: -143.23
             CINS using virtual temperature: -104.52
                           Equilibrum Level: 253.57
 Equilibrum Level using virtual temperature: 252.53
                   Level of Free Convection: 706.11
             LFCT using virtual temperature: 735.14
                     Bulk Richardson Number: 380.76
          Bulk Richardson Number using CAPV: 450.61
  Temp [K] of the Lifted Condensation Level: 293.62
Pres [hPa] of the Lifted Condensation Level: 919.61
     Mean mixed layer potential temperature: 300.75
              Mean mixed layer mixing ratio: 16.80
              1000 hPa to 500 hPa thickness: 5786.00
Precipitable water [mm] for entire sounding: 56.64
</PRE>
<P>Description of the 
<A HREF="/upperair/columns.html">data columns</A>
or <A HREF="/upperair/indices.html">sounding indices</A>.

<P>
<FORM>
<INPUT CLASS="button" TYPE="button" VALUE=" Close this window " 
 onClick="window.close();">
<INPUT CLASS="button" TYPE="button" VALUE=" Select another map " 
 onClick="window.blur();">
</FORM>
<HR SIZE="1">
<I>Interested in graduate studies in atmospheric science?
Check out our program at the
<a href="http://www.uwyo.edu/atsc/howtoapply/"
target=_top>University of Wyoming
</a></I>
<HR SIZE="1"><FONT SIZE="-1">
Questions about the weather data provided by this site can be
addressed to <A HREF="mailto:ldoolman@uwyo.edu">
Larry Oolman (ldoolman@uwyo.edu)</A></FONT>
<HR SIZE="1">
<SCRIPT TYPE="text/javascript">
<!--
window.focus();
// -->
</SCRIPT>
</BODY>
</HTML>
