2018-05-19 00
<HTML>
<TITLE>University of Wyoming - Radiosonde Data</TITLE>
<LINK REL="StyleSheet" HREF="/resources/select.css" TYPE="text/css">
<BODY BGCOLOR="white">
<H2>97180 WAAA Ujung Pandang Observations at 00Z 19 May 2018</H2>
<PRE>
-----------------------------------------------------------------------------
   PRES   HGHT   TEMP   DWPT   RELH   MIXR   DRCT   SKNT   THTA   THTE   THTV
    hPa     m      C      C      %    g/kg    deg   knot     K      K      K 
-----------------------------------------------------------------------------
 1007.0     14   26.4   23.6     85  18.61      0      0  298.9  353.4  302.3
 1000.0     71   26.4   21.5     74  16.44     70      4  299.6  347.8  302.5
  994.0    125   27.0   21.0     70  16.02     51      4  300.7  347.9  303.6
  975.0    296   25.8   20.1     71  15.48    350      2  301.1  346.8  303.9
  925.0    762   22.4   17.8     75  14.06    135      3  302.2  344.0  304.8
  910.0    904   21.1   17.4     79  13.92     95      5  302.2  343.6  304.8
  907.0    933   20.8   17.3     80  13.89     93      5  302.3  343.5  304.8
  879.0   1204   19.4   16.1     81  13.26     75     10  303.6  343.2  306.0
  850.0   1494   18.0   14.8     82  12.61     90     15  305.0  342.9  307.3
  805.0   1958   16.4   12.2     76  11.21     94     14  308.1  342.3  310.1
  791.0   2106   15.4   11.7     79  11.02     95     14  308.5  342.2  310.6
  737.0   2702   11.3    9.6     89  10.26     70     11  310.4  342.1  312.3
  728.0   2805   10.6    9.2     91  10.13     71     11  310.7  342.0  312.6
  709.0   3025    9.2    7.0     86   8.94     74     13  311.5  339.3  313.2
  700.0   3131    8.6    5.9     83   8.39     75     13  312.0  338.2  313.6
  699.0   3143    8.6    5.6     81   8.22     75     13  312.1  337.8  313.6
  687.0   3287    9.8    5.4     74   8.25     80     12  315.0  341.1  316.6
  686.0   3299    9.7    5.3     74   8.22     80     12  315.0  341.1  316.6
  638.0   3895    5.9    1.7     74   6.83     45      9  317.3  339.2  318.6
  588.0   4566    1.6   -2.4     75   5.49     75      9  319.8  337.7  320.8
  560.0   4959    0.0   -4.2     73   5.03     93      9  322.4  339.1  323.4
  550.0   5102   -1.0   -4.8     75   4.89    100      9  322.9  339.2  323.9
  530.0   5397   -2.9   -6.1     79   4.60     75     10  324.0  339.4  324.9
  503.0   5813   -5.7   -7.9     84   4.22     66     14  325.5  339.8  326.3
  500.0   5860   -6.1   -8.1     86   4.18     65     14  325.5  339.7  326.4
  491.0   6002   -6.3   -9.3     79   3.87     50     15  326.9  340.2  327.7
  473.0   6295   -6.8  -11.8     68   3.29     60     12  329.8  341.3  330.5
  464.0   6446   -7.1  -13.1     62   3.02     77      8  331.3  342.0  331.9
  455.0   6598   -7.9  -16.4     51   2.35     95      4  332.1  340.6  332.6
  453.0   6633   -8.1  -17.1     48   2.22    105      4  332.3  340.3  332.8
  438.0   6893  -10.0  -17.5     54   2.22    180      4  333.2  341.2  333.6
  423.0   7162  -11.9  -17.9     61   2.22     66      3  334.1  342.1  334.5
  421.0   7199  -12.0  -18.5     58   2.13     50      3  334.4  342.1  334.8
  411.0   7383  -12.5  -21.5     47   1.68     28      4  336.0  342.2  336.4
  405.0   7495  -13.5  -21.4     51   1.72     15      4  336.2  342.6  336.5
  400.0   7590  -14.3  -21.3     55   1.76    340      4  336.3  342.8  336.7
  398.0   7628  -14.3  -20.3     60   1.92    334      4  336.8  343.9  337.2
  389.0   7799  -15.3  -22.9     52   1.56    305      3  337.7  343.5  338.0
  359.0   8399  -18.9  -32.1     30   0.72    275     10  340.7  343.5  340.8
  345.0   8696  -20.7  -36.7     22   0.48    245     11  342.2  344.1  342.3
  318.0   9287  -25.7  -37.6     32   0.47    250     10  343.3  345.2  343.4
  305.0   9590  -28.3  -38.1     38   0.47    335      3  343.8  345.7  343.9
  300.0   9710  -29.3  -38.3     41   0.47     15      6  344.0  345.9  344.1
  292.0   9903  -30.8  -38.5     46   0.47     25     11  344.6  346.5  344.6
  287.0  10026  -31.7  -38.7     50   0.47     30     10  344.9  346.9  345.0
  268.0  10504  -35.4  -43.9     42   0.29     50      7  346.4  347.6  346.4
  257.0  10797  -37.6  -47.0     37   0.22     15      5  347.2  348.2  347.3
  250.0  10990  -39.1  -49.1     34   0.18    345      5  347.8  348.6  347.8
  246.0  11100  -39.9  -50.9     30   0.15    340      5  348.2  348.9  348.2
  235.0  11403  -42.5                          10      5  348.9         348.9
  225.0  11690  -44.9                         355      5  349.5         349.5
  215.0  11991  -47.5                         340      2  350.2         350.2
  205.0  12307  -50.1                         305      5  350.8         350.8
  200.0  12470  -51.5                         310      8  351.1         351.1
  187.0  12893  -55.2                         305     11  351.9         351.9
  170.0  13493  -60.4                         270     12  352.9         352.9
  150.0  14280  -67.3                         275     14  354.0         354.0
  143.0  14565  -70.3                         282     14  353.6         353.6
  140.0  14687  -71.3                         285     14  354.0         354.0
  133.0  14984  -73.8                         270      7  354.8         354.8
  126.0  15296  -76.4                         335      2  355.7         355.7
  120.0  15579  -78.7                         305      3  356.4         356.4
  119.0  15627  -79.1                         285      4  356.5         356.5
  114.0  15867  -80.1                         185      7  359.0         359.0
  102.0  16489  -82.8                         170     26  365.4         365.4
  100.0  16600  -83.3                         165     24  366.5         366.5
   97.0  16770  -84.1                         150     19  368.2         368.2
   94.1  16939  -84.9                         140     13  369.8         369.8
   92.0  17065  -81.2                         105      3  379.5         379.5
   91.7  17083  -80.7                         113      3  380.9         380.9
   87.0  17384  -80.1                         250      7  387.9         387.9
   82.0  17721  -79.3                         145     16  396.0         396.0
   78.0  18006  -78.7                          90      9  403.0         403.0
   75.2  18215  -78.3                         353      8  408.1         408.1
   74.0  18308  -77.5                         310      7  411.7         411.7
   70.3  18605  -74.9                         296     17  423.3         423.3
   70.0  18630  -74.9                         295     18  423.8         423.8
   67.3  18858  -76.1                         295     21  426.0         426.0
   67.0  18884  -75.9                         295     21  426.9         426.9
   60.0  19535  -71.9                         240     10  449.7         449.7
   57.0  19838  -70.0                         190      5  460.6         460.6
   55.0  20049  -68.7                          50     12  468.4         468.4
   53.3  20234  -67.5                          67     15  475.2         475.2
   52.0  20383  -67.3                          80     18  479.1         479.1
   50.0  20620  -66.9                          90     21  485.4         485.4
   48.2  20840  -68.3                          87     25  487.2         487.2
   45.0  21256  -65.2                          80     33  504.4         504.4
   42.4  21617  -62.5                          86     35  519.7         519.7
   40.8  21853  -63.7                          90     36  522.4         522.4
   40.0  21974  -60.7                          92     37  532.9         532.9
   39.0  22130  -61.4                          95     38  535.0         535.0
   36.2  22589  -63.5                          89     40  541.1         541.1
   32.0  23355  -58.0                          80     44  575.4         575.4
   31.4  23472  -57.1                          84     44  580.8         580.8
   30.0  23760  -56.5                          95     44  590.0         590.0
   25.0  24914  -55.4                         105     57  624.9         624.9
   24.8  24965  -55.3                         104     57  626.5         626.5
   21.5  25886  -48.3                          88     64  673.5         673.5
   20.0  26360  -48.1                          80     67  688.2         688.2
   18.1  27016  -48.6                          80     64  706.6         706.6
   18.0  27052  -48.6                          80     64  707.7         707.7
   15.4  28077  -49.3                          80     61  737.6         737.6
   15.0  28251  -47.6                          80     61  748.7         748.7
   14.6  28429  -45.9                          84     56  760.3         760.3
   13.5  28951  -45.3                          95     40  779.5         779.5
   13.0  29206  -43.5                         100     32  794.2         794.2
   12.0  29746  -39.7                                     826.0         826.0
</PRE><H3>Station information and sounding indices</H3><PRE>
                         Station identifier: WAAA
                             Station number: 97180
                           Observation time: 180519/0000
                           Station latitude: -5.06
                          Station longitude: 119.55
                          Station elevation: 14.0
                            Showalter index: -0.38
                               Lifted index: -2.03
    LIFT computed using virtual temperature: -2.28
                                SWEAT index: 221.60
                                    K index: 36.20
                         Cross totals index: 20.90
                      Vertical totals index: 24.10
                        Totals totals index: 45.00
      Convective Available Potential Energy: 106.94
             CAPE using virtual temperature: 152.11
                      Convective Inhibition: -75.99
             CINS using virtual temperature: -54.71
                           Equilibrum Level: 421.46
 Equilibrum Level using virtual temperature: 417.69
                   Level of Free Convection: 749.55
             LFCT using virtual temperature: 760.94
                     Bulk Richardson Number: 13.00
          Bulk Richardson Number using CAPV: 18.49
  Temp [K] of the Lifted Condensation Level: 292.36
Pres [hPa] of the Lifted Condensation Level: 905.42
     Mean mixed layer potential temperature: 300.79
              Mean mixed layer mixing ratio: 15.77
              1000 hPa to 500 hPa thickness: 5789.00
Precipitable water [mm] for entire sounding: 55.66
</PRE>
<P>Description of the 
<A HREF="/upperair/columns.html">data columns</A>
or <A HREF="/upperair/indices.html">sounding indices</A>.

<P>
<FORM>
<INPUT CLASS="button" TYPE="button" VALUE=" Close this window " 
 onClick="window.close();">
<INPUT CLASS="button" TYPE="button" VALUE=" Select another map " 
 onClick="window.blur();">
</FORM>
<HR SIZE="1">
<I>Interested in graduate studies in atmospheric science?
Check out our program at the
<a href="http://www.uwyo.edu/atsc/howtoapply/"
target=_top>University of Wyoming
</a></I>
<HR SIZE="1"><FONT SIZE="-1">
Questions about the weather data provided by this site can be
addressed to <A HREF="mailto:ldoolman@uwyo.edu">
Larry Oolman (ldoolman@uwyo.edu)</A></FONT>
<HR SIZE="1">
<SCRIPT TYPE="text/javascript">
<!--
window.focus();
// -->
</SCRIPT>
</BODY>
</HTML>
