2017-10-28 00
<HTML>
<TITLE>University of Wyoming - Radiosonde Data</TITLE>
<LINK REL="StyleSheet" HREF="/resources/select.css" TYPE="text/css">
<BODY BGCOLOR="white">
<H2>97180 WAAA Ujung Pandang Observations at 00Z 28 Oct 2017</H2>
<PRE>
-----------------------------------------------------------------------------
   PRES   HGHT   TEMP   DWPT   RELH   MIXR   DRCT   SKNT   THTA   THTE   THTV
    hPa     m      C      C      %    g/kg    deg   knot     K      K      K 
-----------------------------------------------------------------------------
 1010.0     14   25.0   20.5     76  15.28      0      0  297.3  341.7  300.0
 1009.0     22   25.2   17.2     61  12.38     16      0  297.6  333.7  299.8
 1002.0     80   26.8   16.8     54  12.15    128      3  299.8  335.6  302.0
 1000.0     97   26.8   16.8     54  12.18    160      4  299.9  335.9  302.1
  977.0    302   26.4   15.7     52  11.57    235      1  301.5  335.9  303.6
  968.0    383   26.2   15.2     51  11.34    282      1  302.1  336.0  304.2
  944.0    602   24.6   14.2     52  10.90     50      1  302.8  335.4  304.7
  925.0    780   23.4   13.4     53  10.55    195      1  303.2  334.9  305.1
  913.0    893   22.4   13.0     55  10.41    230      3  303.4  334.6  305.3
  884.0   1174   20.0   12.0     60  10.06    343      1  303.7  333.9  305.5
  881.0   1203   19.9   11.7     59   9.89    355      1  303.8  333.6  305.6
  851.0   1501   18.4    8.5     52   8.25    140      1  305.4  330.5  306.9
  850.0   1511   18.4    8.4     52   8.20    140      1  305.4  330.4  306.9
  822.0   1797   17.0    5.4     46   6.88    165      5  306.8  328.1  308.1
  793.0   2103   15.4    2.2     41   5.67    115      7  308.4  326.1  309.4
  781.0   2233   14.8    0.8     39   5.22    109      7  309.0  325.5  310.0
  771.0   2342   13.8    3.8     51   6.56    103      6  309.1  329.6  310.3
  742.0   2664   11.4   -0.6     43   4.96     87      5  309.9  325.6  310.8
  739.0   2698   11.4   -1.7     40   4.58     85      5  310.2  324.8  311.1
  723.0   2881   11.2   -7.8     26   2.95     35      2  312.0  321.7  312.5
  712.0   3008   10.9  -10.0     22   2.53      0      0  313.0  321.4  313.5
  700.0   3150   10.6  -12.4     19   2.12    220      2  314.2  321.3  314.6
  695.0   3210   10.6  -15.4     15   1.67    209      4  314.8  320.6  315.1
  687.0   3306   10.0  -13.4     18   1.99    190      7  315.2  322.0  315.6
  663.0   3601    8.1   -7.2     33   3.36    230      6  316.3  327.5  317.0
  659.0   3651    7.8   -6.2     36   3.67    231      6  316.5  328.6  317.2
  628.0   4048    6.0  -17.0     17   1.62    241      5  318.8  324.5  319.1
  616.0   4206    4.6  -14.1     24   2.10    245      5  319.0  326.2  319.4
  614.0   4232    4.4  -13.6     26   2.19    255      5  319.1  326.6  319.5
  612.0   4259    4.4  -11.6     30   2.58    266      4  319.4  328.1  319.9
  608.0   4312    5.0  -25.0      9   0.83    286      4  320.6  323.7  320.8
  594.0   4501    3.8  -26.4      9   0.75      0      1  321.4  324.2  321.6
  572.0   4806    1.9  -28.7      8   0.63     85      4  322.6  325.0  322.8
  551.0   5109    0.0  -31.0      8   0.53    130      4  323.9  325.9  324.0
  531.0   5402   -2.0  -34.2      6   0.40    105      4  324.9  326.4  325.0
  511.0   5707   -4.1  -37.4      5   0.30    120      7  325.9  327.1  326.0
  500.0   5880   -5.3  -39.3      5   0.25    100     10  326.5  327.5  326.6
  483.0   6150   -6.9  -39.9      5   0.25     84     14  327.8  328.8  327.8
  474.0   6297   -7.2  -31.8     12   0.57     75     16  329.2  331.3  329.3
  466.0   6429   -7.5  -24.5     24   1.13     74     17  330.4  334.6  330.6
  455.0   6615   -9.1  -17.1     52   2.21     73     18  330.7  338.6  331.1
  446.0   6769  -10.3  -15.3     67   2.62     71     19  331.1  340.4  331.6
  435.0   6961  -10.9  -17.9     56   2.16     70     21  332.7  340.5  333.1
  400.0   7600  -15.5  -23.5     50   1.45     65     25  334.8  340.1  335.1
  347.0   8653  -23.3  -30.3     53   0.89     70     22  338.1  341.5  338.3
  345.0   8695  -23.5  -31.2     49   0.83     70     22  338.3  341.6  338.5
  329.0   9040  -25.3  -38.3     29   0.43     65     21  340.5  342.2  340.6
  300.0   9700  -30.9  -42.9     30   0.29     55     20  341.7  342.9  341.8
  268.0  10487  -37.0  -51.7     20   0.12     55     27  344.0  344.6  344.0
  254.0  10862  -39.9  -55.9     16   0.08     55     25  345.0  345.4  345.1
  250.0  10970  -40.9                          55     25  345.1         345.1
  200.0  12440  -53.5                          50     25  347.9         347.9
  195.0  12601  -55.0                          45     22  348.1         348.1
  186.0  12900  -57.7                          55     15  348.3         348.3
  175.0  13287  -61.3                          36     14  348.6         348.6
  169.0  13500  -62.9                          25     14  349.4         349.4
  150.0  14230  -68.5                          75     34  351.9         351.9
  146.0  14389  -69.5                          80     35  353.0         353.0
  123.0  15400  -75.5                          84     30  359.7         359.7
  119.0  15590  -76.0                          85     29  362.2         362.2
  113.0  15888  -76.8                          70     11  366.1         366.1
  107.0  16201  -77.7                         275      7  370.2         370.2
  102.0  16476  -78.4                         240     14  373.9         373.9
  100.0  16590  -78.7                         230     17  375.4         375.4
   92.0  17059  -81.7                         195     16  378.6         378.6
   87.9  17315  -83.3                         190     11  380.3         380.3
   87.0  17373  -83.0                         190      7  382.1         382.1
   82.0  17706  -81.0                         325      6  392.5         392.5
   78.0  17988  -79.4                         230     11  401.5         401.5
   74.4  18254  -77.9                         232     10  410.2         410.2
   70.0  18600  -80.3                         235      8  412.3         412.3
   69.1  18673  -80.9                         247      9  412.5         412.5
   67.0  18850  -77.7                         275     12  423.2         423.2
   65.0  19023  -74.5                         276     15  433.8         433.8
   54.0  20127  -66.8                         280     30  475.0         475.0
   51.8  20375  -65.1                         277     28  484.7         484.7
   50.0  20590  -65.1                         275     26  489.7         489.7
   47.0  20968  -64.5                         260     15  499.7         499.7
   45.0  21233  -64.2                         275      8  506.9         506.9
   42.7  21553  -63.7                         153      6  515.7         515.7
   42.0  21654  -64.0                         115      5  517.4         517.4
   38.0  22263  -65.8                         130     11  527.8         527.8
   37.0  22425  -66.3                         124     16  530.6         530.6
   34.1  22918  -66.7                         107     31  542.0         542.0
   33.0  23117  -66.1                         100     37  548.8         548.8
   32.4  23228  -65.7                         100     40  552.7         552.7
   30.0  23700  -60.7                         100     52  578.6         578.6
   29.8  23742  -59.9                         100     52  581.9         581.9
   26.5  24480  -56.9                          92     54  610.2         610.2
   25.0  24848  -57.5                          88     55  618.7         618.7
   24.0  25107  -56.0                          85     56  630.4         630.4
   23.2  25323  -54.7                          87     57  640.3         640.3
   20.2  26207  -55.5                          94     62  663.7         663.7
   20.0  26270  -55.7                          95     62  664.9         664.9
   18.7  26700  -53.9                          95     63  683.4         683.4
   17.0  27321  -48.5                          95     64  719.7         719.7
   16.6  27476  -47.1                                     729.0         729.0
</PRE><H3>Station information and sounding indices</H3><PRE>
                         Station identifier: WAAA
                             Station number: 97180
                           Observation time: 171028/0000
                           Station latitude: -5.06
                          Station longitude: 119.55
                          Station elevation: 14.0
                            Showalter index: 5.84
                               Lifted index: 3.42
    LIFT computed using virtual temperature: 2.83
                                SWEAT index: 112.79
                                    K index: 9.10
                         Cross totals index: 13.70
                      Vertical totals index: 23.70
                        Totals totals index: 37.40
      Convective Available Potential Energy: 0.00
             CAPE using virtual temperature: 0.00
                      Convective Inhibition: 0.00
             CINS using virtual temperature: 0.00
                     Bulk Richardson Number: 0.00
          Bulk Richardson Number using CAPV: 0.00
  Temp [K] of the Lifted Condensation Level: 286.72
Pres [hPa] of the Lifted Condensation Level: 844.00
     Mean mixed layer potential temperature: 300.97
              Mean mixed layer mixing ratio: 11.73
              1000 hPa to 500 hPa thickness: 5783.00
Precipitable water [mm] for entire sounding: 30.97
</PRE>
<P>Description of the 
<A HREF="/upperair/columns.html">data columns</A>
or <A HREF="/upperair/indices.html">sounding indices</A>.

<P>
<FORM>
<INPUT CLASS="button" TYPE="button" VALUE=" Close this window " 
 onClick="window.close();">
<INPUT CLASS="button" TYPE="button" VALUE=" Select another map " 
 onClick="window.blur();">
</FORM>
<HR SIZE="1">
<I>Interested in graduate studies in atmospheric science?
Check out our program at the
<a href="http://www.uwyo.edu/atsc/howtoapply/"
target=_top>University of Wyoming
</a></I>
<HR SIZE="1"><FONT SIZE="-1">
Questions about the weather data provided by this site can be
addressed to <A HREF="mailto:ldoolman@uwyo.edu">
Larry Oolman (ldoolman@uwyo.edu)</A></FONT>
<HR SIZE="1">
<SCRIPT TYPE="text/javascript">
<!--
window.focus();
// -->
</SCRIPT>
</BODY>
</HTML>
