2017-11-22 00
<HTML>
<TITLE>University of Wyoming - Radiosonde Data</TITLE>
<LINK REL="StyleSheet" HREF="/resources/select.css" TYPE="text/css">
<BODY BGCOLOR="white">
<H2>97180 WAAA Ujung Pandang Observations at 00Z 22 Nov 2017</H2>
<PRE>
-----------------------------------------------------------------------------
   PRES   HGHT   TEMP   DWPT   RELH   MIXR   DRCT   SKNT   THTA   THTE   THTV
    hPa     m      C      C      %    g/kg    deg   knot     K      K      K 
-----------------------------------------------------------------------------
 1007.0     14   26.8   24.2     86  19.31    110      8  299.4  356.0  302.8
 1000.0     75   26.2   21.8     77  16.75     90      8  299.4  348.4  302.4
  975.0    296   24.8   21.1     80  16.47     60      5  300.1  348.5  303.0
  942.0    597   22.8   20.2     85  16.08      0      6  301.1  348.6  304.0
  925.0    756   21.8   19.7     88  15.88    335      5  301.6  348.6  304.5
  910.0    899   20.9   19.4     92  15.87    325      6  302.0  349.1  304.9
  903.0    966   20.4   19.3     93  15.87    323      7  302.2  349.3  305.1
  850.0   1491   18.0   16.5     91  14.09    310     13  305.0  347.3  307.6
  797.0   2044   15.8   14.0     89  12.77    287     13  308.3  347.2  310.7
  792.0   2097   15.4   13.6     89  12.51    285     13  308.4  346.6  310.7
  770.0   2337   13.4   11.8     90  11.42    286     15  308.8  343.7  310.9
  736.0   2719   13.2    8.9     75   9.82    288     17  312.6  343.2  314.4
  712.0   2998   11.8    6.3     69   8.49    290     19  313.9  340.7  315.5
  700.0   3141   11.0    5.0     66   7.87    285     19  314.6  339.6  316.1
  687.0   3297   10.3    4.3     66   7.61    275     18  315.5  339.7  316.9
  669.0   3518    9.2    3.2     66   7.25    284     16  316.7  339.9  318.1
  639.0   3892    6.9    1.2     67   6.56    300     13  318.3  339.5  319.6
  594.0   4487    3.3   -2.1     68   5.57    275      4  320.8  339.1  321.9
  572.0   4795    1.4   -3.7     69   5.10    235      4  322.1  339.0  323.1
  556.0   5026    0.0   -5.0     69   4.77    246      4  323.0  338.9  324.0
  525.0   5484   -1.9   -6.9     69   4.37    269      4  326.1  340.9  326.9
  511.0   5698   -3.3   -8.1     70   4.08    280      4  326.9  340.8  327.7
  500.0   5870   -4.5   -9.1     70   3.86    320      2  327.5  340.7  328.2
  492.0   5997   -5.4   -9.5     73   3.79      5      1  327.9  340.9  328.7
  474.0   6289   -7.4  -10.6     78   3.63    210      1  328.9  341.4  329.6
  465.0   6440   -8.5  -11.1     81   3.54    200      3  329.4  341.7  330.1
  456.0   6591   -9.2  -12.2     79   3.31    190      6  330.3  341.9  331.0
  422.0   7190  -12.1  -16.5     70   2.50    185      8  334.0  343.0  334.5
  420.0   7227  -12.3  -16.8     69   2.46    183      8  334.2  343.1  334.7
  400.0   7600  -14.7  -18.5     73   2.24    160     10  335.8  343.9  336.2
  390.0   7790  -16.0  -20.0     71   2.02    160      9  336.6  343.9  337.0
  361.0   8369  -19.9  -24.6     66   1.45    169     10  338.8  344.3  339.1
  345.0   8705  -21.3  -28.9     50   1.02    175     11  341.3  345.3  341.5
  343.0   8748  -21.5  -29.5     48   0.97    174     11  341.6  345.4  341.8
  318.0   9298  -25.8  -33.1     50   0.74    155     10  343.2  346.2  343.4
  305.0   9602  -28.1  -35.1     51   0.64    170     12  344.0  346.6  344.2
  300.0   9720  -29.1  -37.1     46   0.53    175     12  344.2  346.4  344.4
  299.0   9744  -29.3  -39.3     37   0.43    175     12  344.3  346.0  344.4
  284.0  10107  -32.3  -38.3     55   0.50    172     14  345.1  347.1  345.2
  250.0  10990  -38.3  -46.3     43   0.24    165     17  349.0  350.0  349.0
  246.0  11100  -39.2  -47.8     40   0.21    170     17  349.2  350.1  349.3
  243.0  11185  -39.9  -48.9     38   0.18    162     16  349.4  350.2  349.5
  225.0  11696  -44.6                         110     11  350.1         350.1
  200.0  12480  -51.7                         105     10  350.7         350.7
  162.0  13798  -63.6                         105     27  352.5         352.5
  150.0  14280  -67.9                         100     29  352.9         352.9
  126.0  15273  -76.0                          85     37  356.3         356.3
  113.0  15894  -81.0                          85     30  358.2         358.2
  100.0  16590  -86.7                          70     29  360.0         360.0
   99.3  16628  -87.1                          70     29  359.9         359.9
   96.0  16815  -86.1                          80     28  365.3         365.3
   90.0  17170  -84.3                         103     16  375.8         375.8
   86.0  17422  -85.5                         120      8  378.2         378.2
   84.8  17499  -85.9                         113      9  379.0         379.0
   82.2  17671  -84.7                          96     13  384.8         384.8
   82.0  17685  -84.3                          95     13  385.8         385.8
   78.8  17909  -78.5                         119      9  402.3         402.3
   78.0  17968  -75.5                         125      8  409.6         409.6
   77.2  18028  -72.5                         145      8  417.1         417.1
   74.5  18238  -72.9                         212      9  420.6         420.6
   74.0  18278  -71.7                         225      9  423.9         423.9
   73.0  18359  -69.3                         237     11  430.6         430.6
   70.0  18610  -69.7                         275     19  434.9         434.9
   67.2  18852  -70.5                         268     22  438.3         438.3
   65.3  19023  -67.7                         264     24  448.0         448.0
   60.0  19524  -69.9                         250     31  454.0         454.0
   55.0  20040  -72.2                         240     30  460.2         460.2
   54.4  20105  -72.5                         240     30  461.0         461.0
   50.0  20600  -71.7                         255     25  474.1         474.1
   48.9  20731  -72.1                         262     21  476.2         476.2
   47.0  20965  -71.3                         275     13  483.5         483.5
   46.5  21028  -71.1                         292     12  485.5         485.5
   45.0  21223  -69.1                         345     10  494.9         494.9
   44.7  21263  -68.7                         345     10  496.8         496.8
   43.5  21428  -63.9                         343     12  512.5         512.5
   42.0  21642  -64.2                         340     15  516.8         516.8
   40.0  21940  -64.7                         305      4  523.0         523.0
   38.0  22253  -65.2                         120     14  529.5         529.5
   37.4  22350  -65.3                         117     17  531.5         531.5
   35.4  22684  -65.5                         108     29  539.4         539.4
   34.3  22878  -61.7                         102     35  554.2         554.2
   32.0  23309  -61.0                          90     50  567.3         567.3
   30.0  23710  -60.3                         100     54  579.7         579.7
   29.0  23921  -60.8                         110     61  583.8         583.8
   28.9  23942  -60.9                         110     61  584.2         584.2
   24.0  25111  -55.3                          95     67  632.4         632.4
   20.9  25997  -52.9                          84     72  665.1         665.1
   20.0  26280  -53.3                          80     73  672.3         672.3
   19.0  26610  -53.6                          85     69  681.1         681.1
   18.3  26851  -53.9                          87     71  687.7         687.7
   17.1  27288  -52.2                          90     74  706.6         706.6
   17.0  27326  -52.0                          90     74  708.2         708.2
   16.9  27364  -51.9                                     709.9         709.9
</PRE><H3>Station information and sounding indices</H3><PRE>
                         Station identifier: WAAA
                             Station number: 97180
                           Observation time: 171122/0000
                           Station latitude: -5.06
                          Station longitude: 119.55
                          Station elevation: 14.0
                            Showalter index: -0.46
                               Lifted index: -1.04
    LIFT computed using virtual temperature: -1.39
                                SWEAT index: 225.99
                                    K index: 33.00
                         Cross totals index: 21.00
                      Vertical totals index: 22.50
                        Totals totals index: 43.50
      Convective Available Potential Energy: 160.97
             CAPE using virtual temperature: 221.09
                      Convective Inhibition: -47.25
             CINS using virtual temperature: -40.49
                           Equilibrum Level: 281.04
 Equilibrum Level using virtual temperature: 279.95
                   Level of Free Convection: 777.98
             LFCT using virtual temperature: 783.17
                     Bulk Richardson Number: 7.71
          Bulk Richardson Number using CAPV: 10.59
  Temp [K] of the Lifted Condensation Level: 293.64
Pres [hPa] of the Lifted Condensation Level: 928.09
     Mean mixed layer potential temperature: 299.98
              Mean mixed layer mixing ratio: 16.67
              1000 hPa to 500 hPa thickness: 5795.00
Precipitable water [mm] for entire sounding: 59.40
</PRE>
<P>Description of the 
<A HREF="/upperair/columns.html">data columns</A>
or <A HREF="/upperair/indices.html">sounding indices</A>.

<P>
<FORM>
<INPUT CLASS="button" TYPE="button" VALUE=" Close this window " 
 onClick="window.close();">
<INPUT CLASS="button" TYPE="button" VALUE=" Select another map " 
 onClick="window.blur();">
</FORM>
<HR SIZE="1">
<I>Interested in graduate studies in atmospheric science?
Check out our program at the
<a href="http://www.uwyo.edu/atsc/howtoapply/"
target=_top>University of Wyoming
</a></I>
<HR SIZE="1"><FONT SIZE="-1">
Questions about the weather data provided by this site can be
addressed to <A HREF="mailto:ldoolman@uwyo.edu">
Larry Oolman (ldoolman@uwyo.edu)</A></FONT>
<HR SIZE="1">
<SCRIPT TYPE="text/javascript">
<!--
window.focus();
// -->
</SCRIPT>
</BODY>
</HTML>
