2016-04-10 00
<HTML>
<TITLE>University of Wyoming - Radiosonde Data</TITLE>
<LINK REL="StyleSheet" HREF="/resources/select.css" TYPE="text/css">
<BODY BGCOLOR="white">
<H2>97180 WAAA Ujung Pandang Observations at 00Z 10 Apr 2016</H2>
<PRE>
-----------------------------------------------------------------------------
   PRES   HGHT   TEMP   DWPT   RELH   MIXR   DRCT   SKNT   THTA   THTE   THTV
    hPa     m      C      C      %    g/kg    deg   knot     K      K      K 
-----------------------------------------------------------------------------
 1011.0     14   26.0   24.3     90  19.35      0      0  298.2  354.7  301.7
 1010.0     22   26.2   21.2     74  15.97      3      0  298.5  345.1  301.4
 1000.0    105   26.2   21.3     74  16.23     30      3  299.4  346.9  302.3
  978.0    301   25.7   20.7     74  16.02      5      6  300.8  348.0  303.6
  973.0    346   25.6   20.6     74  15.97    359      5  301.1  348.3  304.0
  945.0    602   24.1   19.4     75  15.23    325      2  302.1  347.3  304.9
  925.0    790   23.0   18.5     76  14.71    260      3  302.8  346.6  305.5
  914.0    894   22.4   18.1     77  14.52    255      5  303.2  346.5  305.9
  883.0   1193   20.6   17.0     80  13.97    325      1  304.4  346.2  306.9
  852.0   1504   18.7   15.8     83  13.41     25      4  305.5  345.9  308.0
  850.0   1524   18.6   15.7     83  13.37     20      4  305.6  345.9  308.1
  848.0   1544   18.6   15.7     83  13.41     20      4  305.8  346.2  308.3
  795.0   2097   16.7   13.2     80  12.10     25      4  309.4  346.5  311.7
  788.0   2173   16.4   12.8     79  11.93     31      4  309.9  346.6  312.2
  740.0   2703   13.5    9.9     79  10.48     70      7  312.4  345.1  314.4
  700.0   3172   11.0    7.4     78   9.31     55      7  314.6  344.0  316.4
  665.0   3599    8.1    5.7     85   8.69     35      5  316.0  343.6  317.7
  650.0   3789    6.8    4.9     88   8.43     68      5  316.6  343.4  318.2
  623.0   4138    6.0    1.3     72   6.80    128      4  319.6  341.6  320.9
  618.0   4204    5.6    1.0     72   6.72    140      4  319.9  341.7  321.1
  554.0   5093    0.3   -2.5     82   5.77    140     14  323.7  342.8  324.8
  551.0   5137    0.0   -2.7     82   5.73    139     14  323.9  342.9  325.0
  533.0   5403   -2.3   -3.3     93   5.66    135     13  324.2  343.0  325.3
  530.0   5448   -2.7   -3.4     95   5.65    132     13  324.2  343.0  325.4
  506.0   5816   -4.5   -4.5    100   5.45    107     13  326.4  344.7  327.4
  500.0   5910   -4.3   -6.4     85   4.77    100     13  327.7  343.9  328.7
  494.0   6005   -5.0   -7.9     80   4.31    100     16  328.1  342.8  328.9
  491.0   6053   -5.3   -8.6     78   4.09    101     16  328.2  342.2  329.0
  448.0   6764   -9.5  -11.4     86   3.59    109     19  331.6  344.2  332.4
  441.0   6886  -10.3  -12.5     84   3.34    111     20  332.1  343.9  332.8
  438.0   6938  -10.1  -14.6     70   2.83    112     20  333.0  343.1  333.6
  436.0   6973  -10.1  -16.1     61   2.51    112     20  333.5  342.5  334.0
  423.0   7205  -11.9  -14.0     84   3.08    115     21  334.1  345.0  334.7
  420.0   7259  -12.3  -13.5     91   3.23    114     21  334.2  345.7  334.9
  409.0   7461  -12.9  -16.9     72   2.50    109     22  336.0  345.1  336.5
  400.0   7630  -14.3  -16.3     85   2.69    105     22  336.3  346.0  336.9
  386.0   7900  -16.5  -17.7     90   2.48     99     23  336.9  345.9  337.4
  382.0   7978  -17.1  -17.2     99   2.61     97     23  337.1  346.6  337.6
  379.0   8038  -17.7  -19.3     87   2.20     96     23  337.1  345.1  337.5
  368.0   8258  -18.7  -18.8     99   2.37     91     23  338.6  347.2  339.1
  335.0   8956  -22.1  -26.5     67   1.32     76     25  343.1  348.2  343.4
  333.0   9000  -22.4  -26.8     68   1.29     75     25  343.3  348.2  343.5
  321.0   9269  -24.5  -28.5     69   1.14     75     24  344.0  348.5  344.3
  305.0   9641  -27.1  -34.1     51   0.70     75     22  345.4  348.3  345.6
  300.0   9760  -27.9  -37.9     38   0.49     75     22  345.9  347.9  346.0
  250.0  11040  -38.3  -49.3     30   0.17     85     23  349.0  349.7  349.0
  243.0  11235  -39.9  -49.9     34   0.16     85     23  349.4  350.2  349.5
  217.0  11987  -46.9                          85     22  350.1         350.1
  200.0  12530  -51.9                          75     19  350.4         350.4
  189.0  12882  -54.8                          80     19  351.4         351.4
  150.0  14320  -66.7                         130     21  355.0         355.0
  141.0  14677  -69.4                         135     24  356.6         356.6
  109.0  16163  -80.6                          80     20  362.8         362.8
  100.0  16660  -84.3                          85     22  364.6         364.6
   98.0  16772  -84.9                          75     25  365.6         365.6
   96.6  16851  -85.3                          70     26  366.3         366.3
   92.0  17125  -82.3                          40     31  377.4         377.4
   88.0  17376  -79.5                          50     25  387.7         387.7
   84.6  17597  -77.1                         107     10  397.0         397.0
   83.0  17705  -77.7                         135      2  398.0         398.0
   79.0  17985  -79.2                         205     18  400.6         400.6
   71.0  18590  -82.4                         170     24  406.2         406.2
   70.7  18614  -82.5                         170     24  406.4         406.4
   70.0  18670  -82.5                         165     22  407.6         407.6
   67.0  18918  -80.1                         170     12  417.9         417.9
   64.0  19178  -77.6                         255      9  428.9         428.9
   62.3  19331  -76.1                         232      8  435.5         435.5
   57.0  19842  -77.3                         155      6  443.9         443.9
   56.4  19902  -77.5                         128      7  444.9         444.9
   55.0  20048  -76.5                          65     10  450.3         450.3
   52.0  20373  -74.4                          25     12  462.6         462.6
   50.0  20600  -72.9                          20     13  471.3         471.3
   47.7  20878  -70.7                          37     14  482.9         482.9
   45.0  21222  -72.5                          57     16  486.7         486.7
   44.0  21354  -72.4                          65     17  490.1         490.1
   42.0  21628  -72.2                          95     30  497.2         497.2
   41.3  21726  -72.1                          96     32  499.7         499.7
   40.4  21856  -72.1                          98     35  502.9         502.9
   38.5  22144  -66.3                         101     41  524.6         524.6
   36.0  22552  -65.7                         105     49  536.2         536.2
   35.1  22705  -65.5                         100     45  540.7         540.7
   32.6  23158  -62.5                          86     33  560.2         560.2
   30.4  23596  -56.1                          73     21  588.9         588.9
   30.0  23680  -54.9                          70     19  594.4         594.4
   29.0  23897  -54.8                         345      5  600.5         600.5
   27.0  24355  -54.6                         255     12  613.5         613.5
   26.5  24474  -54.5                         239     12  617.0         617.0
   25.0  24852  -52.0                         190     14  634.5         634.5
   23.7  25198  -49.7                         200     10  650.9         650.9
   23.0  25395  -49.0                         205      7  658.7         658.7
   22.4  25569  -48.3                         190      6  665.7         665.7
   22.0  25687  -48.9                         180      5  667.4         667.4
   21.0  25991  -50.4                         260      4  671.9         671.9
   20.0  26310  -51.9                         280     11  676.6         676.6
   18.4  26846  -55.5                         265     21  681.6         681.6
   18.0  26986  -55.1                         275     17  687.2         687.2
   17.0  27352  -54.0                         310     11  701.9         701.9
   16.7  27466  -53.7                         325     11  706.5         706.5
   16.0  27745  -51.6                           0     10  722.0         722.0
   14.7  28297  -47.5                          13      7  753.5         753.5
   14.0  28620  -47.1                          20      5  765.3         765.3
   13.2  29009  -46.7                                     779.7         779.7
</PRE><H3>Station information and sounding indices</H3><PRE>
                         Station identifier: WAAA
                             Station number: 97180
                           Observation time: 160410/0000
                           Station latitude: -5.06
                          Station longitude: 119.55
                          Station elevation: 14.0
                            Showalter index: 0.26
                               Lifted index: -0.31
    LIFT computed using virtual temperature: -0.46
                                SWEAT index: 209.40
                                    K index: 35.00
                         Cross totals index: 20.00
                      Vertical totals index: 22.90
                        Totals totals index: 42.90
      Convective Available Potential Energy: 50.14
             CAPE using virtual temperature: 67.54
                      Convective Inhibition: -185.49
             CINS using virtual temperature: -161.50
                           Equilibrum Level: 367.21
 Equilibrum Level using virtual temperature: 367.15
                   Level of Free Convection: 652.70
             LFCT using virtual temperature: 661.00
                     Bulk Richardson Number: 17.29
          Bulk Richardson Number using CAPV: 23.29
  Temp [K] of the Lifted Condensation Level: 292.78
Pres [hPa] of the Lifted Condensation Level: 914.65
     Mean mixed layer potential temperature: 300.35
              Mean mixed layer mixing ratio: 16.01
              1000 hPa to 500 hPa thickness: 5805.00
Precipitable water [mm] for entire sounding: 61.62
</PRE>
<P>Description of the 
<A HREF="/upperair/columns.html">data columns</A>
or <A HREF="/upperair/indices.html">sounding indices</A>.

<P>
<FORM>
<INPUT CLASS="button" TYPE="button" VALUE=" Close this window " 
 onClick="window.close();">
<INPUT CLASS="button" TYPE="button" VALUE=" Select another map " 
 onClick="window.blur();">
</FORM>
<HR SIZE="1">
<I>Interested in graduate studies in atmospheric science?
Check out our program at the
<a href="http://www.uwyo.edu/atsc/howtoapply/"
target=_top>University of Wyoming
</a></I>
<HR SIZE="1"><FONT SIZE="-1">
Questions about the weather data provided by this site can be
addressed to <A HREF="mailto:ldoolman@uwyo.edu">
Larry Oolman (ldoolman@uwyo.edu)</A></FONT>
<HR SIZE="1">
<SCRIPT TYPE="text/javascript">
<!--
window.focus();
// -->
</SCRIPT>
</BODY>
</HTML>
