2016-01-03 00
<HTML>
<TITLE>University of Wyoming - Radiosonde Data</TITLE>
<LINK REL="StyleSheet" HREF="/resources/select.css" TYPE="text/css">
<BODY BGCOLOR="white">
<H2>97180 WAAA Ujung Pandang Observations at 00Z 03 Jan 2016</H2>
<PRE>
-----------------------------------------------------------------------------
   PRES   HGHT   TEMP   DWPT   RELH   MIXR   DRCT   SKNT   THTA   THTE   THTV
    hPa     m      C      C      %    g/kg    deg   knot     K      K      K 
-----------------------------------------------------------------------------
 1013.0     14   27.0   24.1     84  19.08    120      4  299.0  354.9  302.4
 1000.0    122   26.2   22.1     78  17.07    130      4  299.4  349.4  302.4
  980.0    300   25.2   21.4     79  16.62    150      4  300.0  348.9  303.0
  947.0    601   23.4   20.1     82  15.88    210      2  301.2  348.1  304.1
  925.0    808   22.2   19.2     83  15.38    220      4  302.0  347.6  304.8
  915.0    902   21.8   18.4     81  14.78    220      6  302.5  346.4  305.2
  854.0   1500   19.2   13.3     69  11.40    205      6  305.8  340.3  307.9
  850.0   1541   19.0   13.0     68  11.19    210      6  306.0  339.9  308.1
  800.0   2060   15.6   11.6     77  10.84    224      8  307.8  340.8  309.8
  796.0   2102   15.3   11.4     77  10.76    225      8  307.9  340.8  309.9
  741.0   2704   11.8    8.7     81   9.64    190      6  310.4  340.3  312.2
  715.0   3004   10.1    7.4     84   9.11    215      6  311.7  340.1  313.4
  700.0   3182    9.0    6.6     85   8.81    205      8  312.4  340.0  314.1
  696.0   3230    8.8    6.6     86   8.86    203      8  312.7  340.4  314.4
  690.0   3301    8.5    5.9     84   8.52    200      8  313.1  339.9  314.8
  642.0   3895    6.0    0.2     66   6.07    225      6  316.8  336.4  317.9
  639.0   3934    5.8   -0.2     65   5.94    237      5  317.0  336.2  318.2
  631.0   4037    5.4   -0.6     65   5.84    270      4  317.7  336.6  318.8
  620.0   4181    6.2   -8.8     33   3.19    316      2  320.2  331.0  320.9
  619.0   4194    6.1   -9.2     32   3.11    320      2  320.3  330.8  320.9
  576.0   4780    3.4  -24.6     11   0.91    121      6  323.8  327.1  323.9
  575.0   4794    3.3  -24.6     11   0.91    125      6  323.8  327.2  324.0
  538.0   5329    0.0  -24.0     14   1.03    131     17  326.1  329.9  326.3
  514.0   5691   -2.5  -30.3     10   0.60    135     25  327.3  329.6  327.4
  500.0   5910   -4.1  -34.1      8   0.43    125     19  328.0  329.6  328.1
  476.0   6298   -5.9  -25.8     19   0.99    115      4  330.3  334.0  330.5
  474.0   6331   -6.1  -25.1     21   1.06    120      4  330.5  334.5  330.8
  466.0   6464   -7.3  -18.3     41   1.95    143      3  330.7  337.7  331.1
  458.0   6599   -8.1  -23.0     29   1.32    165      2  331.3  336.2  331.6
  441.0   6893   -9.8  -33.2     13   0.53    110     10  332.8  334.8  332.9
  436.0   6981  -10.3  -36.3     10   0.40    111      9  333.2  334.8  333.3
  408.0   7489  -14.6  -30.7     24   0.73    115      2  334.0  336.8  334.1
  405.0   7546  -15.1  -30.1     27   0.78     89      2  334.1  337.1  334.2
  401.0   7621  -14.3  -41.3      8   0.26     54      2  336.1  337.1  336.1
  400.0   7640  -14.3  -41.3      8   0.26     45      2  336.3  337.4  336.4
  392.0   7792  -15.2  -37.6     13   0.39    325      4  337.1  338.7  337.2
  377.0   8085  -16.8  -30.4     30   0.81    280      6  338.8  341.9  338.9
  376.0   8105  -16.9  -29.9     31   0.86    279      6  338.9  342.2  339.1
  362.0   8385  -19.0  -32.0     31   0.73    265      6  339.8  342.6  339.9
  335.0   8957  -23.3  -36.3     29   0.51    308     12  341.5  343.6  341.6
  334.0   8978  -23.5  -36.4     29   0.51    310     12  341.5  343.6  341.6
  307.0   9584  -28.7  -40.1     32   0.38    295     14  342.6  344.1  342.7
  300.0   9750  -30.1  -41.1     33   0.35    280     12  342.8  344.3  342.9
  282.0  10188  -33.5  -46.9     25   0.20    245     10  344.1  344.9  344.1
  271.0  10470  -35.7  -50.7     20   0.13    238     12  344.8  345.4  344.8
  259.0  10785  -38.2  -51.8     23   0.12    230     14  345.6  346.1  345.6
  254.0  10921  -39.3  -52.3     24   0.12    238     13  345.9  346.4  345.9
  250.0  11030  -40.1                         245     12  346.3         346.3
  237.0  11384  -43.1                         245     12  347.2         347.2
  217.0  11969  -48.0                         250     12  348.4         348.4
  207.0  12282  -50.6                         275     10  349.1         349.1
  200.0  12510  -52.5                         270     10  349.5         349.5
  198.0  12573  -53.0                         270     10  349.7         349.7
  180.0  13166  -57.9                         210      4  351.4         351.4
  172.0  13448  -60.1                          35      4  352.2         352.2
  164.0  13745  -62.6                          70      6  353.0         353.0
  156.0  14056  -65.1                          50     14  353.7         353.7
  150.0  14300  -67.1                          55     16  354.3         354.3
  141.0  14668  -69.5                          50     14  356.4         356.4
  127.0  15289  -73.7                          25     14  359.7         359.7
  125.0  15383  -74.3                          27     14  360.2         360.2
  109.0  16170  -79.2                          45     14  365.4         365.4
  105.0  16385  -80.5                          35     16  366.8         366.8
  103.0  16493  -81.0                          30     17  367.8         367.8
  100.0  16660  -81.9                          45     16  369.2         369.2
   93.0  17063  -83.9                          95     16  373.0         373.0
   91.7  17141  -84.3                         100     19  373.8         373.8
   88.0  17371  -83.7                         100     27  379.5         379.5
   83.0  17697  -82.7                          70      6  387.8         387.8
   79.0  17973  -81.9                         245      8  394.9         394.9
   71.3  18545  -80.3                         149     10  410.1         410.1
   71.0  18569  -79.2                         145     10  412.9         412.9
   70.0  18650  -75.7                         150     10  422.1         422.1
   69.0  18734  -72.1                         155      9  431.6         431.6
   67.0  18908  -70.8                         165      6  437.9         437.9
   64.0  19180  -68.9                         345      6  447.9         447.9
   61.9  19378  -67.5                         326     14  455.4         455.4
   58.0  19766  -68.4                         290     29  461.9         461.9
   55.0  20082  -69.1                         285     31  467.2         467.2
   52.0  20417  -69.9                         280     25  473.0         473.0
   50.6  20579  -70.3                         263     19  475.8         475.8
   50.0  20650  -69.7                         255     16  478.8         478.8
   47.0  21025  -67.8                         200      8  492.1         492.1
   43.0  21565  -64.9                         135      8  511.6         511.6
   41.0  21853  -63.4                         185      4  522.4         522.4
   39.3  22110  -62.1                         287      2  532.1         532.1
   39.0  22158  -62.1                         305      2  533.3         533.3
   37.0  22483  -62.0                         265      8  541.7         541.7
   34.0  23006  -61.8                         250     19  555.4         555.4
   32.0  23381  -61.6                         230     14  565.5         565.5
   31.0  23577  -61.6                         300      6  570.8         570.8
   30.0  23780  -61.5                         305      8  576.4         576.4
   29.0  23990  -61.5                         310     10  581.9         581.9
   28.0  24207  -61.6                         180      4  587.6         587.6
   26.0  24666  -61.7                         105     14  600.0         600.0
   25.6  24762  -61.7                          99     14  602.5         602.5
   24.0  25167  -59.1                          75     14  621.4         621.4
   23.0  25434  -57.3                         265      4  634.1         634.1
   22.0  25713  -55.5                         238      6  647.7         647.7
   21.0  26009  -55.4                         210      8  656.6         656.6
   20.0  26320  -55.3                         170     12  666.2         666.2
   16.1  27712  -52.5                          58     23  717.9         717.9
   16.0  27753  -52.3                          55     23  719.7         719.7
   15.0  28172  -50.6                          40     17  738.8         738.8
   14.5  28392  -49.7                                     749.0         749.0
</PRE><H3>Station information and sounding indices</H3><PRE>
                         Station identifier: WAAA
                             Station number: 97180
                           Observation time: 160103/0000
                           Station latitude: -5.06
                          Station longitude: 119.55
                          Station elevation: 14.0
                            Showalter index: 2.82
                               Lifted index: -0.87
    LIFT computed using virtual temperature: -1.79
                                SWEAT index: 187.00
                                    K index: 33.70
                         Cross totals index: 17.10
                      Vertical totals index: 23.10
                        Totals totals index: 40.20
      Convective Available Potential Energy: 276.15
             CAPE using virtual temperature: 426.69
                      Convective Inhibition: -69.59
             CINS using virtual temperature: -45.61
                           Equilibrum Level: 215.11
 Equilibrum Level using virtual temperature: 215.11
                   Level of Free Convection: 781.75
             LFCT using virtual temperature: 810.80
                     Bulk Richardson Number: 225.67
          Bulk Richardson Number using CAPV: 348.69
  Temp [K] of the Lifted Condensation Level: 293.95
Pres [hPa] of the Lifted Condensation Level: 932.49
     Mean mixed layer potential temperature: 299.90
              Mean mixed layer mixing ratio: 16.92
              1000 hPa to 500 hPa thickness: 5788.00
Precipitable water [mm] for entire sounding: 49.27
</PRE>
<P>Description of the 
<A HREF="/upperair/columns.html">data columns</A>
or <A HREF="/upperair/indices.html">sounding indices</A>.

<P>
<FORM>
<INPUT CLASS="button" TYPE="button" VALUE=" Close this window " 
 onClick="window.close();">
<INPUT CLASS="button" TYPE="button" VALUE=" Select another map " 
 onClick="window.blur();">
</FORM>
<HR SIZE="1">
<I>Interested in graduate studies in atmospheric science?
Check out our program at the
<a href="http://www.uwyo.edu/atsc/howtoapply/"
target=_top>University of Wyoming
</a></I>
<HR SIZE="1"><FONT SIZE="-1">
Questions about the weather data provided by this site can be
addressed to <A HREF="mailto:ldoolman@uwyo.edu">
Larry Oolman (ldoolman@uwyo.edu)</A></FONT>
<HR SIZE="1">
<SCRIPT TYPE="text/javascript">
<!--
window.focus();
// -->
</SCRIPT>
</BODY>
</HTML>
