2017-10-13 00
<HTML>
<TITLE>University of Wyoming - Radiosonde Data</TITLE>
<LINK REL="StyleSheet" HREF="/resources/select.css" TYPE="text/css">
<BODY BGCOLOR="white">
<H2>97180 WAAA Ujung Pandang Observations at 00Z 13 Oct 2017</H2>
<PRE>
-----------------------------------------------------------------------------
   PRES   HGHT   TEMP   DWPT   RELH   MIXR   DRCT   SKNT   THTA   THTE   THTV
    hPa     m      C      C      %    g/kg    deg   knot     K      K      K 
-----------------------------------------------------------------------------
 1008.0     14   26.0   18.0     61  13.05    160      3  298.5  336.7  300.8
 1003.0     58   25.2   15.2     54  10.94    123      4  298.1  330.2  300.1
 1000.0     85   25.4   15.4     54  11.12    100      4  298.6  331.2  300.6
  997.0    112   26.6   16.6     54  12.06     96      4  300.0  335.6  302.2
  976.0    299   25.2   17.5     62  13.06     70      2  300.5  339.0  302.8
  951.0    528   23.6   18.6     74  14.39    324      3  301.0  343.6  303.6
  943.0    602   23.2   17.3     69  13.32    290      3  301.3  340.8  303.7
  925.0    770   22.2   14.2     60  11.12    270      3  302.0  335.1  304.0
  911.0    902   21.5   12.1     55   9.84    230      3  302.6  332.1  304.4
  880.0   1201   20.0    7.4     44   7.40    140      7  304.1  326.6  305.4
  876.0   1241   19.8    6.8     43   7.12    143      7  304.2  326.0  305.6
  850.0   1499   18.2    4.2     39   6.12    165      5  305.2  324.1  306.3
  821.0   1794   16.3    4.2     45   6.33    230      5  306.2  325.8  307.4
  792.0   2100   14.3    4.2     51   6.57    275      8  307.2  327.6  308.4
  791.0   2110   14.2    4.2     51   6.58    274      8  307.3  327.6  308.5
  785.0   2175   14.8   -5.2     25   3.32    270      8  308.6  319.3  309.2
  776.0   2272   14.0   -7.0     23   2.93    264      8  308.7  318.2  309.3
  774.0   2293   14.0   -7.0     23   2.94    262      8  309.0  318.5  309.5
  770.0   2337   13.4    4.4     54   6.85    259      8  308.8  330.1  310.1
  766.0   2381   14.6   -7.4     21   2.88    256      8  310.5  319.9  311.1
  764.0   2403   14.5   -8.2     20   2.70    255      8  310.6  319.5  311.1
  738.0   2693   12.9  -19.3      9   1.13    190      3  312.0  315.9  312.2
  720.0   2900   11.8  -27.2      5   0.57    114      9  313.0  315.1  313.1
  712.0   2993   11.6  -28.2      4   0.53     80     11  313.7  315.7  313.8
  700.0   3135   11.2  -29.8      4   0.46     80     14  314.9  316.6  314.9
  681.0   3364   11.4  -33.6      3   0.33     98     15  317.6  318.8  317.6
  652.0   3726    9.8  -33.2      3   0.36    126     18  319.7  321.1  319.8
  638.0   3903    8.3  -30.5      4   0.48    140     19  320.1  321.8  320.1
  564.0   4907    0.0  -15.0     31   2.13    120     23  321.7  329.1  322.1
  534.0   5342   -3.5  -16.5     36   1.98    111     25  322.6  329.5  323.0
  530.0   5402   -3.8  -17.4     34   1.86    110     25  322.9  329.5  323.3
  500.0   5860   -5.9  -23.9     23   1.12    125     30  325.8  329.9  326.0
  473.0   6295   -7.6  -35.5      9   0.39    115     32  328.9  330.4  328.9
  457.0   6564   -8.7  -42.7      4   0.19    105     28  330.8  331.6  330.8
  428.0   7072  -11.7  -45.7      4   0.15     85     21  333.2  333.8  333.2
  421.0   7199  -12.5  -31.0     20   0.69     80     19  333.8  336.4  333.9
  419.0   7235  -12.7  -26.7     30   1.03     81     19  333.9  337.8  334.1
  418.0   7254  -12.7  -23.7     39   1.36     81     19  334.2  339.2  334.4
  415.0   7309  -12.9  -31.9     19   0.64     83     20  334.6  337.1  334.7
  402.0   7552  -14.9  -23.9     46   1.39     89     21  335.1  340.2  335.3
  400.0   7590  -15.1  -24.1     46   1.37     90     21  335.3  340.4  335.6
  387.0   7839  -15.5  -33.5     20   0.59     92     22  337.9  340.2  338.1
  371.0   8157  -16.7  -43.7      8   0.22     95     24  340.4  341.4  340.5
  304.0   9614  -29.3  -52.5      9   0.10    110     33  342.7  343.1  342.7
  301.0   9686  -29.9  -52.9      9   0.09    110     32  342.8  343.2  342.8
  300.0   9710  -30.1  -53.1      9   0.09    110     32  342.8  343.2  342.9
  281.0  10169  -34.1  -50.1     18   0.14     99     29  343.6  344.2  343.6
  255.0  10836  -39.9  -45.9     53   0.25     83     24  344.6  345.7  344.7
  250.0  10970  -40.9                          80     23  345.1         345.1
  245.0  11104  -41.9                          80     26  345.6         345.6
  200.0  12450  -52.1                          65     45  350.1         350.1
  169.0  13504  -60.4                          55     49  353.6         353.6
  150.0  14250  -66.3                          55     58  355.7         355.7
  146.0  14407  -67.5                          60     54  356.4         356.4
  113.0  15893  -78.9                         110     20  362.2         362.2
  107.0  16210  -81.3                         120     24  363.2         363.2
  102.0  16488  -83.5                         105     29  364.2         364.2
  101.0  16545  -83.9                         105     28  364.4         364.4
  100.0  16600  -83.7                         105     28  365.8         365.8
   96.0  16828  -80.1                         112     24  377.1         377.1
   92.0  17069  -79.1                         120     20  383.6         383.6
   88.7  17276  -78.3                          95     17  389.3         389.3
   82.0  17721  -80.0                          40     12  394.6         394.6
   78.9  17938  -80.9                          25     12  397.2         397.2
   78.0  18003  -80.6                          20     12  399.1         399.1
   74.0  18300  -79.3                         275      5  407.8         407.8
   73.3  18354  -79.1                         271      7  409.4         409.4
   71.1  18529  -73.9                         257     12  424.1         424.1
   70.0  18620  -73.3                         250     15  427.2         427.2
   65.2  19039  -68.5                         266     23  446.5         446.5
   60.0  19539  -66.8                         285     33  460.9         460.9
   53.3  20253  -64.5                         244     31  482.2         482.2
   52.0  20402  -65.1                         235     31  484.2         484.2
   50.0  20640  -66.1                         225     24  487.3         487.3
   47.6  20936  -67.7                         205     14  490.4         490.4
   47.0  21013  -67.5                         200     11  492.5         492.5
   45.0  21276  -67.0                         275      7  499.9         499.9
   43.0  21551  -66.5                         300      8  507.7         507.7
   41.0  21839  -66.0                          35     16  516.0         516.0
   39.0  22142  -65.4                          40     20  524.9         524.9
   37.0  22460  -64.8                         110     18  534.4         534.4
   35.0  22797  -64.2                         110     28  544.6         544.6
   34.8  22831  -64.1                         108     28  545.7         545.7
   33.0  23154  -66.3                          85     28  548.2         548.2
   30.0  23730  -65.7                          95     43  565.0         565.0
   29.0  23937  -65.1                          90     50  572.2         572.2
   26.9  24397  -63.7                          88     56  588.5         588.5
   24.0  25106  -58.5                          85     65  623.1         623.1
   22.1  25625  -58.7                          83     71  637.3         637.3
   20.0  26260  -54.3                          80     79  669.2         669.2
   19.5  26423  -53.3                          80     79  677.1         677.1
   19.3  26489  -52.9                          81     78  680.4         680.4
   16.0  27709  -49.5                          90     66  728.9         728.9
   15.3  28001  -48.7                                     740.9         740.9
</PRE><H3>Station information and sounding indices</H3><PRE>
                         Station identifier: WAAA
                             Station number: 97180
                           Observation time: 171013/0000
                           Station latitude: -5.06
                          Station longitude: 119.55
                          Station elevation: 14.0
                            Showalter index: 8.40
                               Lifted index: 1.88
    LIFT computed using virtual temperature: 1.38
                                SWEAT index: 90.38
                                    K index: -12.70
                         Cross totals index: 10.10
                      Vertical totals index: 24.10
                        Totals totals index: 34.20
      Convective Available Potential Energy: 0.00
             CAPE using virtual temperature: 0.00
                      Convective Inhibition: 0.00
             CINS using virtual temperature: 0.00
                     Bulk Richardson Number: 0.00
          Bulk Richardson Number using CAPV: 0.00
  Temp [K] of the Lifted Condensation Level: 288.57
Pres [hPa] of the Lifted Condensation Level: 871.80
     Mean mixed layer potential temperature: 300.12
              Mean mixed layer mixing ratio: 12.85
              1000 hPa to 500 hPa thickness: 5775.00
Precipitable water [mm] for entire sounding: 26.15
</PRE>
<P>Description of the 
<A HREF="/upperair/columns.html">data columns</A>
or <A HREF="/upperair/indices.html">sounding indices</A>.

<P>
<FORM>
<INPUT CLASS="button" TYPE="button" VALUE=" Close this window " 
 onClick="window.close();">
<INPUT CLASS="button" TYPE="button" VALUE=" Select another map " 
 onClick="window.blur();">
</FORM>
<HR SIZE="1">
<I>Interested in graduate studies in atmospheric science?
Check out our program at the
<a href="http://www.uwyo.edu/atsc/howtoapply/"
target=_top>University of Wyoming
</a></I>
<HR SIZE="1"><FONT SIZE="-1">
Questions about the weather data provided by this site can be
addressed to <A HREF="mailto:ldoolman@uwyo.edu">
Larry Oolman (ldoolman@uwyo.edu)</A></FONT>
<HR SIZE="1">
<SCRIPT TYPE="text/javascript">
<!--
window.focus();
// -->
</SCRIPT>
</BODY>
</HTML>
