2018-04-28 00
<HTML>
<TITLE>University of Wyoming - Radiosonde Data</TITLE>
<LINK REL="StyleSheet" HREF="/resources/select.css" TYPE="text/css">
<BODY BGCOLOR="white">
<H2>97180 WAAA Ujung Pandang Observations at 00Z 28 Apr 2018</H2>
<PRE>
-----------------------------------------------------------------------------
   PRES   HGHT   TEMP   DWPT   RELH   MIXR   DRCT   SKNT   THTA   THTE   THTV
    hPa     m      C      C      %    g/kg    deg   knot     K      K      K 
-----------------------------------------------------------------------------
 1010.0     14   26.2   23.4     85  18.32      0      0  298.5  352.0  301.8
 1003.0     76   25.8   20.8     74  15.68     66      2  298.7  344.5  301.5
 1002.0     84   25.6   20.6     74  15.50     76      2  298.6  343.9  301.4
 1000.0    102   26.8   19.8     66  14.76     95      3  299.9  343.4  302.6
  981.0    272   25.8   22.1     80  17.41     13      1  300.6  351.9  303.7
  978.0    299   25.7   21.8     79  17.18      0      1  300.7  351.4  303.8
  945.0    602   24.1   19.0     73  14.84    205      1  302.1  346.2  304.8
  925.0    791   23.2   17.2     69  13.53    205      3  303.0  343.4  305.5
  913.0    904   22.4   16.9     71  13.44    230      3  303.3  343.4  305.8
  852.0   1502   17.9   15.3     84  12.96    210      3  304.7  343.6  307.1
  850.0   1522   17.8   15.2     85  12.94    200      3  304.8  343.7  307.1
  823.0   1798   15.9   13.6     86  12.04    160      3  305.6  342.0  307.9
  818.0   1850   15.6   13.3     86  11.87    164      3  305.8  341.7  308.0
  794.0   2102   14.1   11.7     86  11.02    185      4  306.9  340.3  308.9
  792.0   2124   14.0   11.6     85  10.95    190      4  306.9  340.2  308.9
  774.0   2318   13.8    5.8     58   7.53    235      5  308.7  332.1  310.1
  766.0   2405   13.5    5.1     57   7.25    255      6  309.3  331.8  310.6
  751.0   2572   12.8    3.8     54   6.74    263      7  310.3  331.4  311.6
  734.0   2763   11.0    6.3     73   8.22    273      8  310.4  336.0  311.9
  714.0   2993    9.8    4.9     71   7.64    285      9  311.5  335.4  312.9
  705.0   3099    9.2    4.2     71   7.39    279      7  312.0  335.2  313.4
  701.0   3146    9.2    3.2     66   6.92    276      6  312.5  334.3  313.8
  700.0   3158    9.2    3.2     66   6.93    275      6  312.6  334.5  313.9
  694.0   3229    9.6   -2.4     43   4.64    275      5  313.9  328.9  314.7
  688.0   3301   10.1   -3.6     38   4.28    275      4  315.2  329.2  316.0
  687.0   3313   10.2   -3.8     37   4.22    279      4  315.4  329.2  316.2
  676.0   3447    9.2    1.2     57   6.21    320      3  315.8  335.7  317.0
  664.0   3595    8.3    1.1     60   6.26      5      2  316.4  336.5  317.6
  660.0   3645    8.0    1.0     61   6.27     16      2  316.6  336.8  317.8
  653.0   3733    8.0   -4.0     42   4.38     35      3  317.6  331.9  318.4
  629.0   4040    5.8   -8.2     36   3.29    101      6  318.5  329.5  319.1
  626.0   4079    5.6  -10.4     31   2.78    109      6  318.7  328.1  319.2
  624.0   4106    5.6   -8.4     36   3.27    115      6  319.0  329.9  319.6
  623.0   4119    5.4   -3.6     52   4.73    118      6  318.9  334.4  319.8
  617.0   4197    4.7   -3.6     55   4.78    135      7  319.0  334.7  319.9
  605.0   4357    3.4   -3.6     60   4.87    130      8  319.2  335.3  320.2
  595.0   4492    2.7   -8.9     42   3.30    125      8  319.9  331.0  320.6
  594.0   4506    2.6   -9.4     41   3.17    124      8  320.0  330.7  320.6
  573.0   4795    1.3   -6.8     55   4.02     95     13  321.8  335.2  322.6
  553.0   5081    0.0   -4.3     73   5.06     92     12  323.5  340.4  324.5
  500.0   5880   -4.9   -8.2     78   4.15     85     11  327.0  341.1  327.8
  495.0   5959   -5.9   -8.5     82   4.09     85     12  326.7  340.7  327.5
  478.0   6234   -6.5  -13.5     58   2.84     85     14  329.3  339.2  329.8
  474.0   6300   -6.9  -13.9     57   2.77     85     14  329.5  339.3  330.1
  461.0   6517   -8.3  -15.3     57   2.54     90     14  330.4  339.4  330.9
  460.0   6534   -8.3  -14.3     62   2.76     91     14  330.6  340.4  331.2
  456.0   6602   -8.1  -24.1     26   1.20     93     14  331.7  336.2  332.0
  449.0   6722   -8.7  -28.7     18   0.80     96     13  332.4  335.5  332.6
  446.0   6775   -9.1  -32.1     14   0.58     97     13  332.6  334.8  332.7
  441.0   6862   -9.7  -21.7     37   1.54     99     13  332.9  338.5  333.2
  439.0   6897   -9.9  -21.3     39   1.60    100     13  333.0  338.9  333.3
  422.0   7202  -12.1  -18.1     61   2.19     92     13  334.0  342.0  334.5
  406.0   7497  -14.6  -20.6     60   1.84     85     13  334.5  341.3  334.9
  404.0   7535  -14.9  -20.9     60   1.80     87     13  334.6  341.2  334.9
  400.0   7610  -15.3  -25.3     42   1.23     90     12  335.0  339.6  335.3
  390.0   7800  -16.8  -21.3     68   1.80    100      8  335.4  342.1  335.8
  387.0   7859  -17.3  -20.1     79   2.01     91      8  335.6  342.9  336.0
  375.0   8093  -18.7  -22.4     73   1.70     55      6  336.8  343.1  337.1
  360.0   8397  -20.5  -25.4     65   1.35     48      7  338.3  343.4  338.6
  350.0   8605  -22.1  -25.6     73   1.37     44      8  338.9  344.0  339.1
  345.0   8710  -22.9  -28.9     58   1.02     41      8  339.2  343.1  339.4
  336.0   8903  -24.5  -29.0     66   1.04     37      9  339.6  343.6  339.8
  332.0   8990  -25.0  -32.5     50   0.75     35      9  340.0  342.9  340.1
  330.0   9034  -25.3  -34.3     43   0.64     36      9  340.2  342.7  340.4
  318.0   9301  -26.9  -37.8     35   0.46     40      6  341.7  343.5  341.8
  306.0   9579  -28.5  -41.5     28   0.33     91      3  343.1  344.5  343.2
  305.0   9602  -28.7  -41.7     28   0.32     95      3  343.2  344.5  343.3
  300.0   9720  -29.7  -42.7     27   0.30    105      2  343.4  344.6  343.5
  293.0   9885  -31.2  -43.6     28   0.28    170      1  343.6  344.8  343.7
  269.0  10481  -36.5  -46.9     33   0.21    195      5  344.4  345.2  344.4
  257.0  10800  -39.4  -48.6     37   0.18      0      1  344.7  345.4  344.7
  254.0  10882  -40.1  -49.1     38   0.17     28      2  344.7  345.5  344.8
  250.0  10990  -40.7                          65      3  345.4         345.4
  246.0  11098  -41.4                          55      6  345.9         345.9
  225.0  11694  -45.4                          45     10  348.7         348.7
  215.0  11997  -47.5                          25      6  350.1         350.1
  205.0  12315  -49.6                         110      5  351.6         351.6
  200.0  12480  -50.7                         130      9  352.3         352.3
  198.0  12546  -50.9                         128     10  353.0         353.0
  196.0  12609  -51.5                         125     10  353.1         353.1
  179.0  13179  -56.6                          95     13  353.9         353.9
  170.0  13504  -59.6                         115     10  354.3         354.3
  162.0  13806  -62.3                         165     11  354.6         354.6
  150.0  14290  -66.7                         185     14  355.0         355.0
  133.0  14994  -72.7                         215      7  356.7         356.7
  120.0  15596  -77.9                         200      8  357.9         357.9
  119.0  15645  -78.3                         197      8  358.0         358.0
  114.0  15886  -79.7                         180      7  359.8         359.8
  100.0  16620  -83.9                          55      6  365.4         365.4
   97.0  16788  -84.5                          30      4  367.4         367.4
   92.0  17081  -85.5                          30      5  371.0         371.0
   87.3  17371  -86.5                          55      4  374.6         374.6
   87.0  17390  -86.4                          60      4  375.3         375.3
   82.0  17721  -84.0                           0      1  386.5         386.5
   78.0  18000  -82.0                         250     15  396.1         396.1
   73.9  18302  -79.9                         250     24  406.8         406.8
   70.0  18610  -80.5                         250     33  411.9         411.9
   69.0  18691  -80.5                         243     30  413.6         413.6
   60.3  19468  -70.7                         173      6  451.6         451.6
   60.0  19497  -70.6                         170      5  452.4         452.4
   57.0  19802  -70.0                         250      3  460.5         460.5
   52.0  20347  -69.0                         135      6  475.2         475.2
   50.0  20580  -68.5                         105     14  481.6         481.6
   49.0  20701  -68.8                         105     14  483.8         483.8
   47.2  20925  -69.3                         109     14  487.7         487.7
   47.0  20951  -69.2                         110     14  488.5         488.5
   44.0  21347  -68.3                          85     21  500.1         500.1
   42.2  21597  -67.7                         107     25  507.5         507.5
   42.0  21626  -67.3                         110     26  509.3         509.3
   40.8  21802  -64.7                         108     29  519.9         519.9
   35.9  22583  -65.5                          98     44  537.2         537.2
   32.0  23299  -56.1                          90     57  580.3         580.3
   30.0  23710  -55.9                          85     64  591.6         591.6
   25.0  24871  -54.4                          90     60  627.5         627.5
   22.9  25430  -53.7                          92     65  645.6         645.6
   20.0  26300  -51.7                          95     73  677.2         677.2
   16.6  27520  -47.1                          89     74  729.0         729.0
   15.0  28191  -46.9                          85     75  751.0         751.0
   14.7  28325  -46.9                                     755.5         755.5
</PRE><H3>Station information and sounding indices</H3><PRE>
                         Station identifier: WAAA
                             Station number: 97180
                           Observation time: 180428/0000
                           Station latitude: -5.06
                          Station longitude: 119.55
                          Station elevation: 14.0
                            Showalter index: 0.53
                               Lifted index: -1.25
    LIFT computed using virtual temperature: -1.53
                                SWEAT index: 199.38
                                    K index: 31.90
                         Cross totals index: 20.10
                      Vertical totals index: 22.70
                        Totals totals index: 42.80
      Convective Available Potential Energy: 268.24
             CAPE using virtual temperature: 391.46
                      Convective Inhibition: -62.29
             CINS using virtual temperature: -47.81
                           Equilibrum Level: 239.76
 Equilibrum Level using virtual temperature: 239.84
                   Level of Free Convection: 826.73
             LFCT using virtual temperature: 839.99
                     Bulk Richardson Number: 809.56
          Bulk Richardson Number using CAPV: 1181.42
  Temp [K] of the Lifted Condensation Level: 293.11
Pres [hPa] of the Lifted Condensation Level: 917.58
     Mean mixed layer potential temperature: 300.42
              Mean mixed layer mixing ratio: 16.33
              1000 hPa to 500 hPa thickness: 5778.00
Precipitable water [mm] for entire sounding: 51.02
</PRE>
<P>Description of the 
<A HREF="/upperair/columns.html">data columns</A>
or <A HREF="/upperair/indices.html">sounding indices</A>.

<P>
<FORM>
<INPUT CLASS="button" TYPE="button" VALUE=" Close this window " 
 onClick="window.close();">
<INPUT CLASS="button" TYPE="button" VALUE=" Select another map " 
 onClick="window.blur();">
</FORM>
<HR SIZE="1">
<I>Interested in graduate studies in atmospheric science?
Check out our program at the
<a href="http://www.uwyo.edu/atsc/howtoapply/"
target=_top>University of Wyoming
</a></I>
<HR SIZE="1"><FONT SIZE="-1">
Questions about the weather data provided by this site can be
addressed to <A HREF="mailto:ldoolman@uwyo.edu">
Larry Oolman (ldoolman@uwyo.edu)</A></FONT>
<HR SIZE="1">
<SCRIPT TYPE="text/javascript">
<!--
window.focus();
// -->
</SCRIPT>
</BODY>
</HTML>
