2017-03-02 12
<HTML>
<TITLE>University of Wyoming - Radiosonde Data</TITLE>
<LINK REL="StyleSheet" HREF="/resources/select.css" TYPE="text/css">
<BODY BGCOLOR="white">
<H2>97180 WAAA Ujung Pandang Observations at 00Z 02 Mar 2017</H2>
<PRE>
-----------------------------------------------------------------------------
   PRES   HGHT   TEMP   DWPT   RELH   MIXR   DRCT   SKNT   THTA   THTE   THTV
    hPa     m      C      C      %    g/kg    deg   knot     K      K      K 
-----------------------------------------------------------------------------
 1009.0     14   26.0   24.1     89  19.15     90      2  298.4  354.3  301.8
 1000.0     88   24.4   21.6     84  16.54     75      5  297.6  345.6  300.5
  995.0    132   24.2   21.3     84  16.31     65      4  297.8  345.3  300.7
  976.0    302   24.9   21.4     81  16.73     25      1  300.1  349.4  303.1
  974.0    320   25.0   21.4     80  16.78     18      1  300.4  349.8  303.4
  943.0    603   23.0   19.8     82  15.71    275      4  301.1  347.5  304.0
  925.0    772   21.8   18.9     84  15.09    265      5  301.6  346.3  304.3
  911.0    904   21.0   18.1     84  14.53    260      4  302.1  345.2  304.7
  880.0   1204   19.1   16.2     83  13.33    225      6  303.1  342.9  305.5
  850.0   1504   17.2   14.3     83  12.20    220      7  304.1  340.7  306.4
  848.0   1524   17.0   14.2     84  12.15    218      7  304.1  340.6  306.4
  821.0   1798   15.7   11.6     76  10.57    185      8  305.6  337.6  307.6
  792.0   2102   14.3    8.8     69   9.03    200      7  307.3  334.9  309.0
  765.0   2395   13.0    6.0     62   7.72    194      8  308.9  332.8  310.4
  748.0   2583   12.0    6.0     67   7.90    191      8  309.8  334.4  311.3
  740.0   2673   12.0    1.0     47   5.59    189      9  310.8  328.4  311.8
  724.0   2855   10.6    4.6     66   7.40    185      9  311.2  334.3  312.6
  700.0   3135    9.8    1.8     57   6.27    180     10  313.3  333.2  314.5
  687.0   3290    9.0    1.0     57   6.03    180     11  314.1  333.3  315.2
  686.0   3303    8.9    0.6     56   5.85    180     11  314.2  332.9  315.3
  676.0   3424    8.4   -3.6     43   4.36    182     10  314.9  329.1  315.7
  656.0   3671    6.8   -3.2     49   4.63    186      9  315.8  330.9  316.7
  640.0   3873    5.2    1.2     75   6.57    190      7  316.2  337.3  317.5
  638.0   3899    5.0    1.3     77   6.65    190      7  316.3  337.6  317.6
  631.0   3989    4.4    1.8     83   6.96    185      7  316.6  338.9  317.9
  626.0   4054    4.4   -0.4     71   5.97    181      6  317.3  336.6  318.4
  613.0   4225    3.8   -5.2     52   4.26    171      5  318.5  332.6  319.3
  595.0   4466    2.2   -7.8     48   3.59    157      4  319.4  331.4  320.1
  593.0   4493    1.9   -7.8     49   3.60    155      4  319.4  331.4  320.1
  588.0   4561    1.2   -7.8     51   3.63    157      4  319.3  331.4  320.0
  580.0   4671    0.8   -7.2     55   3.86    159      4  320.1  333.0  320.8
  564.0   4895    0.0  -16.0     29   1.96    165      5  321.7  328.5  322.1
  558.0   4981   -0.3  -19.3     22   1.50    167      5  322.3  327.6  322.6
  551.0   5082   -1.1  -19.1     24   1.54    170      5  322.6  328.0  322.9
  550.0   5096   -1.1  -18.9     25   1.58    170      5  322.7  328.3  323.0
  547.0   5140   -1.1  -18.1     26   1.69    176      5  323.2  329.2  323.6
  543.0   5198   -1.3  -11.3     47   2.98    184      5  323.7  333.9  324.2
  531.0   5376   -2.3  -16.3     33   2.03    208      5  324.5  331.7  324.9
  530.0   5391   -2.5  -11.5     50   3.01    210      5  324.5  334.8  325.1
  529.0   5406   -2.5  -13.5     43   2.56    208      5  324.6  333.6  325.2
  526.0   5451   -2.7  -13.7     43   2.54    203      5  324.9  333.8  325.4
  524.0   5481   -2.7  -23.7     18   1.08    200      5  325.3  329.2  325.5
  510.0   5694   -4.5  -19.3     30   1.63    175      6  325.7  331.5  326.0
  508.0   5725   -4.7  -18.7     33   1.73    174      6  325.8  331.9  326.1
  500.0   5850   -5.7  -17.7     38   1.91    170      6  326.0  332.8  326.4
  481.0   6155   -7.3  -25.3     22   1.02    164      8  327.7  331.5  327.9
  467.0   6386   -7.9  -29.9     15   0.69    159      9  329.7  332.3  329.9
  454.0   6607   -9.3  -29.2     18   0.76    155     10  330.6  333.5  330.7
  449.0   6693   -9.9  -28.9     20   0.79    159     10  330.9  333.9  331.1
  437.0   6903  -11.5  -27.5     25   0.92    170     10  331.5  334.9  331.6
  422.0   7171  -13.7  -21.7     51   1.61    166      4  332.0  337.9  332.3
  421.0   7190  -13.7  -18.7     66   2.09    165      3  332.2  339.7  332.6
  420.0   7208  -13.8  -18.7     67   2.10    165      3  332.3  339.8  332.7
  416.0   7281  -14.3  -18.5     70   2.15    137      3  332.6  340.3  333.0
  409.0   7411  -14.7  -22.7     51   1.52     86      3  333.7  339.3  334.0
  404.0   7504  -15.4  -24.7     45   1.29     50      3  333.9  338.7  334.1
  401.0   7561  -15.9  -25.9     42   1.16     50      2  334.0  338.4  334.2
  400.0   7580  -15.9  -26.9     38   1.06     50      2  334.2  338.2  334.4
  395.0   7674  -16.7  -24.7     50   1.31     64      3  334.4  339.3  334.7
  388.0   7808  -16.7  -27.7     38   1.02     85      4  336.1  340.0  336.3
  382.0   7925  -17.7  -24.7     54   1.36     85      4  336.3  341.4  336.6
  378.0   8004  -18.1  -30.1     34   0.83     85      5  336.8  340.0  336.9
  366.0   8243  -19.5  -37.5     19   0.42     85      5  338.0  339.7  338.1
  361.0   8345  -19.9  -42.9     11   0.24     85      6  338.8  339.8  338.9
  358.0   8407  -20.4  -38.6     18   0.38     85      6  338.9  340.5  339.0
  353.0   8511  -21.3  -31.3     40   0.80     74      6  339.1  342.2  339.3
  352.0   8532  -21.5  -31.5     40   0.78     72      6  339.1  342.2  339.3
  349.0   8594  -21.9  -25.1     75   1.44     66      6  339.4  344.8  339.7
  348.0   8616  -21.9  -24.0     83   1.59     64      6  339.7  345.7  340.0
  345.0   8679  -22.1  -30.1     48   0.91     57      6  340.3  343.8  340.4
  344.0   8700  -22.1  -32.1     40   0.76     55      6  340.5  343.5  340.7
  343.0   8722  -22.1  -34.1     33   0.63     54      6  340.8  343.3  341.0
  323.0   9160  -25.3  -36.3     35   0.53     43      8  342.3  344.5  342.4
  317.0   9295  -26.5  -33.5     52   0.72     40      9  342.5  345.3  342.6
  316.0   9318  -26.7  -31.7     63   0.86     42      9  342.5  345.9  342.7
  314.0   9364  -26.9  -32.9     57   0.77     45      9  342.9  345.9  343.0
  313.0   9387  -27.1  -36.1     42   0.56     47      9  342.9  345.1  343.0
  300.0   9690  -29.7  -39.7     37   0.41     70      7  343.4  345.1  343.5
  285.0  10053  -32.5  -45.5     26   0.23     91     11  344.5  345.4  344.5
  279.0  10202  -33.7  -45.7     29   0.23    100     13  344.9  345.8  344.9
  273.0  10354  -34.9  -45.9     32   0.23     92     12  345.2  346.2  345.3
  267.0  10508  -36.1  -42.1     54   0.36     85     12  345.7  347.2  345.8
  256.0  10797  -38.5  -44.5     53   0.29     70     11  346.3  347.5  346.4
  250.0  10960  -39.9  -45.9     53   0.25     60      9  346.6  347.7  346.7
  249.0  10987  -40.1  -46.1     53   0.25     60      9  346.7  347.8  346.8
  234.0  11399  -43.8                          60     13  347.3         347.3
  224.0  11689  -46.4                          25     12  347.7         347.7
  214.0  11991  -49.1                          45     14  348.1         348.1
  200.0  12440  -53.1                          40     19  348.5         348.5
  177.0  13196  -60.1                          45     18  349.3         349.3
  150.0  14220  -69.7                          90     26  349.8         349.8
  138.0  14700  -73.4                         105     24  351.7         351.7
  112.0  15901  -82.7                          90     50  356.0         356.0
  101.0  16475  -83.4                         105     49  365.2         365.2
  100.0  16530  -83.5                         105     47  366.2         366.2
   96.9  16707  -80.5                          90     34  375.3         375.3
   95.0  16818  -80.7                          80     26  377.1         377.1
   90.0  17123  -81.2                          35     14  382.0         382.0
   86.0  17379  -81.6                         340     10  386.1         386.1
   83.0  17578  -81.9                         299      8  389.4         389.4
   81.0  17716  -81.6                         270      6  392.8         392.8
   77.0  18001  -80.9                         170      9  399.9         399.9
   73.0  18302  -80.3                         175      9  407.4         407.4
   72.1  18372  -80.1                         163     10  409.2         409.2
   70.0  18540  -78.7                         135     12  415.7         415.7
   66.0  18880  -75.7                          80     19  429.3         429.3
   63.5  19103  -73.7                          72     21  438.4         438.4
   63.0  19150  -72.8                          70     21  441.4         441.4
   59.2  19521  -65.9                         345     17  464.8         464.8
   59.0  19542  -66.0                         340     17  465.1         465.1
   57.0  19750  -66.7                         290     23  468.1         468.1
   50.9  20433  -68.9                         264     21  478.3         478.3
   50.0  20540  -68.1                         260     21  482.6         482.6
   46.0  21039  -69.5                         225     23  490.9         490.9
   45.9  21052  -69.5                         225     23  491.2         491.2
   42.0  21588  -66.1                         235      6  512.1         512.1
   40.0  21883  -64.3                         210      8  523.9         523.9
   39.6  21944  -63.9                         218      8  526.4         526.4
   38.0  22199  -63.2                         250      7  534.4         534.4
   36.0  22533  -62.3                         245      3  545.0         545.0
   34.0  22886  -61.4                         300      9  556.5         556.5
   33.0  23070  -60.9                         305     14  562.6         562.6
   31.9  23280  -60.3                                     569.6         569.6
</PRE><H3>Station information and sounding indices</H3><PRE>
                         Station identifier: WAAA
                             Station number: 97180
                           Observation time: 170302/0000
                           Station latitude: -5.06
                          Station longitude: 119.55
                          Station elevation: 14.0
                            Showalter index: 0.89
                               Lifted index: -2.00
    LIFT computed using virtual temperature: -2.64
                                SWEAT index: 191.59
                                    K index: 29.20
                         Cross totals index: 20.00
                      Vertical totals index: 22.90
                        Totals totals index: 42.90
      Convective Available Potential Energy: 295.28
             CAPE using virtual temperature: 466.62
                      Convective Inhibition: -33.98
             CINS using virtual temperature: -25.51
                           Equilibrum Level: 271.57
 Equilibrum Level using virtual temperature: 269.04
                   Level of Free Convection: 849.76
             LFCT using virtual temperature: 867.99
                     Bulk Richardson Number: 51.03
          Bulk Richardson Number using CAPV: 80.65
  Temp [K] of the Lifted Condensation Level: 293.81
Pres [hPa] of the Lifted Condensation Level: 936.59
     Mean mixed layer potential temperature: 299.38
              Mean mixed layer mixing ratio: 16.69
              1000 hPa to 500 hPa thickness: 5762.00
Precipitable water [mm] for entire sounding: 47.58
</PRE>
<P>Description of the 
<A HREF="/upperair/columns.html">data columns</A>
or <A HREF="/upperair/indices.html">sounding indices</A>.

<P>
<FORM>
<INPUT CLASS="button" TYPE="button" VALUE=" Close this window " 
 onClick="window.close();">
<INPUT CLASS="button" TYPE="button" VALUE=" Select another map " 
 onClick="window.blur();">
</FORM>
<HR SIZE="1">
<I>Interested in graduate studies in atmospheric science?
Check out our program at the
<a href="http://www.uwyo.edu/atsc/howtoapply/"
target=_top>University of Wyoming
</a></I>
<HR SIZE="1"><FONT SIZE="-1">
Questions about the weather data provided by this site can be
addressed to <A HREF="mailto:ldoolman@uwyo.edu">
Larry Oolman (ldoolman@uwyo.edu)</A></FONT>
<HR SIZE="1">
<SCRIPT TYPE="text/javascript">
<!--
window.focus();
// -->
</SCRIPT>
</BODY>
</HTML>
