2016-05-02 12
<HTML>
<TITLE>University of Wyoming - Radiosonde Data</TITLE>
<LINK REL="StyleSheet" HREF="/resources/select.css" TYPE="text/css">
<BODY BGCOLOR="white">
<H2>97180 WAAA Ujung Pandang Observations at 00Z 02 May 2016</H2>
<PRE>
-----------------------------------------------------------------------------
   PRES   HGHT   TEMP   DWPT   RELH   MIXR   DRCT   SKNT   THTA   THTE   THTV
    hPa     m      C      C      %    g/kg    deg   knot     K      K      K 
-----------------------------------------------------------------------------
 1010.0     14   25.8   23.2     86  18.10      0      0  298.1  350.9  301.3
 1005.0     57   26.8   21.8     74  16.66     62      1  299.5  348.4  302.5
 1000.0    101   27.4   22.8     76  17.83    125      3  300.6  353.1  303.8
  978.0    298   25.9   23.4     86  18.90    200      1  301.0  356.8  304.4
  973.0    344   25.6   23.5     88  19.16    224      1  301.1  357.7  304.5
  945.0    601   24.3   20.0     77  15.82      0      1  302.3  349.3  305.2
  925.0    789   23.4   17.4     69  13.70    120      4  303.2  344.1  305.7
  913.0    903   23.1   16.5     67  13.09    135      5  304.0  343.2  306.4
  904.0    990   22.8   15.8     65  12.64    130      6  304.6  342.6  306.9
  875.0   1274   20.4   16.3     77  13.50    114     10  305.0  345.6  307.4
  850.0   1525   19.4   14.4     73  12.28    100     14  306.4  343.6  308.7
  823.0   1802   18.1   11.0     63  10.12     90     14  307.9  338.9  309.8
  812.0   1918   17.6    9.6     59   9.32     84     14  308.6  337.2  310.3
  760.0   2481   15.2   10.2     72  10.38     56     12  311.9  344.1  313.8
  741.0   2694   13.7    9.3     75  10.00     45     12  312.5  343.6  314.3
  700.0   3173   10.2    7.2     82   9.18     70      9  313.8  342.6  315.5
  676.0   3463    7.8    5.6     86   8.51     63     10  314.2  341.0  315.8
  665.0   3598    7.3    4.6     83   8.06     60     10  315.2  340.7  316.7
  641.0   3900    6.4    2.4     76   7.12     85     12  317.4  340.3  318.7
  628.0   4069    5.8    1.1     72   6.64     75     11  318.6  340.1  319.9
  595.0   4506    3.4   -1.4     71   5.82     50      9  320.7  339.8  321.9
  574.0   4797    1.8   -3.1     70   5.31     55     12  322.2  339.8  323.2
  553.0   5099    0.1   -4.9     69   4.83     90     13  323.6  339.8  324.6
  552.0   5114    0.0   -5.0     69   4.80     90     13  323.7  339.8  324.6
  500.0   5900   -4.5  -11.5     58   3.19    115     17  327.5  338.5  328.1
  492.0   6027   -5.5  -13.5     53   2.76    118     17  327.8  337.4  328.3
  475.0   6300   -7.3  -14.1     58   2.71    125     17  328.9  338.4  329.4
  446.0   6789  -10.5  -15.3     68   2.62    107     16  330.8  340.1  331.3
  430.0   7069  -11.5  -20.5     47   1.75     96     15  333.0  339.4  333.4
  407.0   7489  -13.9  -19.9     60   1.95     80     13  335.2  342.3  335.6
  403.0   7563  -14.3  -22.3     51   1.60     77     13  335.6  341.5  335.9
  400.0   7620  -14.5  -22.5     51   1.58     75     13  336.1  341.9  336.4
  396.0   7696  -14.9  -19.9     66   2.00     72     13  336.5  343.9  336.9
  395.0   7715  -14.9  -18.8     72   2.21     71     13  336.7  344.8  337.2
  389.0   7831  -15.1  -25.1     42   1.29     66     14  338.0  342.8  338.2
  375.0   8108  -16.7  -27.4     39   1.09     55     15  339.4  343.5  339.6
  367.0   8270  -17.7  -28.7     38   0.98     61     15  340.2  344.0  340.4
  362.0   8373  -18.3  -36.3     19   0.48     65     14  340.7  342.6  340.8
  333.0   8985  -22.7  -40.7     18   0.33     90     13  343.0  344.3  343.0
  306.0   9605  -27.1  -45.1     16   0.23    100     17  345.2  346.1  345.2
  300.0   9750  -28.1  -46.1     16   0.20     90     17  345.7  346.5  345.7
  299.0   9774  -28.3  -45.3     18   0.22     90     17  345.7  346.7  345.8
  282.0  10185  -32.0  -48.0     19   0.18     85     18  346.3  347.1  346.3
  250.0  11030  -39.5  -53.5     21   0.11     90     18  347.2  347.7  347.2
  247.0  11112  -40.1  -53.1     24   0.11     88     18  347.5  348.0  347.5
  226.0  11701  -44.8                          75     15  349.2         349.2
  200.0  12510  -51.3                          60     16  351.4         351.4
  197.0  12605  -52.1                          60     15  351.6         351.6
  188.0  12899  -54.6                          80     10  352.3         352.3
  180.0  13173  -56.9                         125     10  352.9         352.9
  163.0  13797  -62.2                         135     11  354.1         354.1
  150.0  14320  -66.7                         125      8  355.0         355.0
  148.0  14397  -67.3                         130      6  355.3         355.3
  141.0  14676  -69.5                         145      5  356.4         356.4
  134.0  14968  -71.9                         135      8  357.4         357.4
  121.0  15555  -76.6                         140      9  359.4         359.4
  114.0  15897  -79.3                          40      6  360.5         360.5
  108.0  16208  -81.8                          35      7  361.5         361.5
  103.0  16480  -83.9                          65      9  362.2         362.2
  100.0  16650  -85.3                          75     10  362.7         362.7
   92.4  17085  -87.3                          60     18  367.0         367.0
   90.0  17229  -87.1                          64     21  370.2         370.2
   87.0  17417  -83.9                          70     24  380.2         380.2
   85.7  17500  -82.5                          80     24  384.7         384.7
   84.2  17600  -77.9                          92     25  395.9         395.9
   81.5  17788  -76.5                         114     26  402.5         402.5
   79.0  17967  -77.9                         135     27  403.3         403.3
   76.1  18182  -79.5                         135     20  404.2         404.2
   75.0  18265  -79.2                         135     17  406.5         406.5
   71.0  18579  -78.2                          25      3  415.1         415.1
   70.0  18660  -77.9                         330      5  417.4         417.4
   67.0  18911  -76.1                         270     13  426.6         426.6
   64.0  19174  -74.2                         220     16  436.3         436.3
   62.9  19273  -73.5                         211     18  440.1         440.1
   61.0  19451  -73.8                         195     22  443.2         443.2
   58.0  19742  -74.4                         210     13  448.4         448.4
   54.1  20144  -75.1                         124     16  455.7         455.7
   52.0  20373  -74.0                          75     17  463.5         463.5
   50.0  20600  -72.9                          65     22  471.3         471.3
   45.0  21225  -68.2                          75     39  497.1         497.1
   43.9  21372  -67.1                          79     39  503.3         503.3
   40.5  21857  -67.9                          93     37  513.0         513.0
   40.0  21932  -66.8                          95     37  517.6         517.6
   38.8  22116  -64.1                          94     35  529.0         529.0
   35.7  22627  -62.1                          91     29  546.9         546.9
   35.0  22751  -60.4                          90     28  554.5         554.5
   33.0  23120  -55.3                          41     14  577.4         577.4
   32.0  23317  -54.5                          15      7  584.5         584.5
   30.5  23624  -53.3                         319     12  595.9         595.9
   30.0  23730  -53.5                         300     14  598.2         598.2
   29.0  23948  -54.2                         275     23  602.1         602.1
   28.0  24173  -54.9                         270     18  606.1         606.1
   27.0  24406  -55.7                         285     19  610.3         610.3
   26.0  24648  -55.2                         300     20  618.2         618.2
   25.0  24900  -54.8                         280     18  626.5         626.5
   24.0  25162  -54.3                         285      7  635.2         635.2
   22.0  25721  -53.3                         170     11  654.3         654.3
   21.7  25809  -53.1                         146     10  657.4         657.4
   21.0  26023  -51.9                          90      6  667.2         667.2
   20.0  26340  -50.1                          65      7  682.1         682.1
   19.0  26675  -50.1                         355      7  692.1         692.1
   18.9  26709  -50.1                                     693.2         693.2
</PRE><H3>Station information and sounding indices</H3><PRE>
                         Station identifier: WAAA
                             Station number: 97180
                           Observation time: 160502/0000
                           Station latitude: -5.06
                          Station longitude: 119.55
                          Station elevation: 14.0
                            Showalter index: 0.94
                               Lifted index: -2.88
    LIFT computed using virtual temperature: -3.48
                                SWEAT index: 217.81
                                    K index: 35.30
                         Cross totals index: 18.90
                      Vertical totals index: 23.90
                        Totals totals index: 42.80
      Convective Available Potential Energy: 902.08
             CAPE using virtual temperature: 1043.88
                      Convective Inhibition: -71.46
             CINS using virtual temperature: -27.26
                           Equilibrum Level: 167.19
 Equilibrum Level using virtual temperature: 166.93
                   Level of Free Convection: 741.18
             LFCT using virtual temperature: 840.88
                     Bulk Richardson Number: 91.95
          Bulk Richardson Number using CAPV: 106.40
  Temp [K] of the Lifted Condensation Level: 295.08
Pres [hPa] of the Lifted Condensation Level: 935.21
     Mean mixed layer potential temperature: 300.80
              Mean mixed layer mixing ratio: 18.12
              1000 hPa to 500 hPa thickness: 5799.00
Precipitable water [mm] for entire sounding: 55.83
</PRE>
<P>Description of the 
<A HREF="/upperair/columns.html">data columns</A>
or <A HREF="/upperair/indices.html">sounding indices</A>.

<P>
<FORM>
<INPUT CLASS="button" TYPE="button" VALUE=" Close this window " 
 onClick="window.close();">
<INPUT CLASS="button" TYPE="button" VALUE=" Select another map " 
 onClick="window.blur();">
</FORM>
<HR SIZE="1">
<I>Interested in graduate studies in atmospheric science?
Check out our program at the
<a href="http://www.uwyo.edu/atsc/howtoapply/"
target=_top>University of Wyoming
</a></I>
<HR SIZE="1"><FONT SIZE="-1">
Questions about the weather data provided by this site can be
addressed to <A HREF="mailto:ldoolman@uwyo.edu">
Larry Oolman (ldoolman@uwyo.edu)</A></FONT>
<HR SIZE="1">
<SCRIPT TYPE="text/javascript">
<!--
window.focus();
// -->
</SCRIPT>
</BODY>
</HTML>
