2017-08-04 12
<HTML>
<TITLE>University of Wyoming - Radiosonde Data</TITLE>
<LINK REL="StyleSheet" HREF="/resources/select.css" TYPE="text/css">
<BODY BGCOLOR="white">
<H2>97180 WAAA Ujung Pandang Observations at 00Z 04 Aug 2017</H2>
<PRE>
-----------------------------------------------------------------------------
   PRES   HGHT   TEMP   DWPT   RELH   MIXR   DRCT   SKNT   THTA   THTE   THTV
    hPa     m      C      C      %    g/kg    deg   knot     K      K      K 
-----------------------------------------------------------------------------
 1010.0     14   24.8   21.5     82  16.27      0      0  297.1  344.3  300.0
 1000.0    102   25.0   18.0     65  13.16    125      5  298.1  336.6  300.5
  994.0    155   26.0   17.0     58  12.41    121      5  299.7  336.2  301.9
  978.0    297   24.8   16.8     61  12.44    110      6  299.8  336.5  302.1
  925.0    786   20.6   16.0     75  12.51    110      7  300.4  337.3  302.6
  924.0    795   20.6   16.0     75  12.53    110      7  300.5  337.4  302.7
  851.0   1503   17.2   12.8     75  11.06     85      7  304.1  337.3  306.1
  850.0   1513   17.2   12.8     75  11.04     85      7  304.1  337.3  306.2
  822.0   1798   15.1   13.4     90  11.87     70      2  304.8  340.6  307.0
  821.0   1808   15.0   13.4     90  11.91     73      2  304.9  340.7  307.0
  800.0   2028   14.8   10.5     75  10.06    138      3  306.9  337.6  308.8
  793.0   2101   14.4   10.2     76   9.95    160      3  307.3  337.6  309.1
  765.0   2402   12.8    9.0     78   9.53     10      1  308.7  338.0  310.5
  738.0   2703   11.2    7.8     80   9.11    355      7  310.1  338.3  311.8
  712.0   3003    9.6    6.7     82   8.71    320      9  311.5  338.7  313.2
  706.0   3074    9.2    6.4     83   8.61    313      9  311.9  338.8  313.5
  700.0   3145    9.4    5.3     76   8.04    305      8  312.9  338.1  314.4
  685.0   3325    9.4    0.4     53   5.78    305      6  314.8  333.4  315.9
  663.0   3592    7.8   -1.8     50   5.07    305      3  316.0  332.4  317.0
  616.0   4193    4.3   -6.8     44   3.73    155      5  318.7  331.1  319.4
  572.0   4798    0.8  -11.9     38   2.70    100      7  321.3  330.5  321.8
  563.0   4928    0.0  -13.0     37   2.51     98      7  321.9  330.5  322.4
  551.0   5100   -0.9  -13.2     39   2.52     95      6  322.8  331.5  323.3
  545.0   5188   -1.3  -13.3     40   2.53    108      6  323.3  332.1  323.8
  530.0   5409   -2.8  -16.1     35   2.07    140      5  324.1  331.4  324.6
  511.0   5699   -4.7  -19.7     30   1.58     65      3  325.2  330.9  325.5
  500.0   5870   -5.7  -18.7     35   1.76     50      6  326.0  332.3  326.4
  492.0   5997   -6.2  -16.6     44   2.14     40      8  326.9  334.4  327.3
  491.0   6012   -6.3  -16.3     45   2.19     41      8  327.0  334.7  327.4
  477.0   6239   -6.9  -14.9     53   2.54     48      9  329.0  337.9  329.5
  471.0   6338   -6.1  -14.1     53   2.74     51      9  331.1  340.9  331.7
  450.0   6695   -7.7  -21.7     32   1.51     63     10  333.5  339.0  333.8
  438.0   6903   -9.3  -21.9     35   1.52     70     11  334.0  339.6  334.3
  421.0   7209  -11.7  -22.2     41   1.54     35      3  334.7  340.4  335.0
  417.0   7283  -12.3  -22.3     43   1.54     44      4  334.9  340.6  335.2
  405.0   7505  -14.0  -24.7     40   1.28     70      6  335.5  340.4  335.8
  400.0   7600  -14.7  -25.7     39   1.19     75      9  335.8  340.3  336.0
  378.0   8024  -18.3  -31.3     31   0.74     69     13  336.5  339.4  336.7
  330.0   9019  -26.5  -39.5     28   0.38     54     22  338.6  340.1  338.6
  321.0   9218  -27.7  -40.7     28   0.34     51     24  339.6  341.0  339.7
  317.0   9308  -28.5  -37.5     42   0.48     50     25  339.7  341.6  339.8
  316.0   9331  -28.7  -36.7     46   0.52     49     25  339.7  341.8  339.8
  315.0   9353  -28.9  -33.9     62   0.69     49     25  339.8  342.5  339.9
  314.0   9376  -28.9  -35.9     51   0.57     48     25  340.1  342.4  340.2
  313.0   9399  -29.1  -38.1     42   0.46     48     25  340.1  341.9  340.2
  308.0   9513  -29.9  -33.7     69   0.72     45     24  340.6  343.4  340.7
  304.0   9606  -30.3  -32.5     81   0.82     42     23  341.3  344.5  341.4
  300.0   9700  -30.7  -36.7     56   0.55     40     23  342.0  344.2  342.1
  298.0   9747  -30.9  -38.9     45   0.44     40     23  342.4  344.2  342.5
  278.0  10233  -35.5  -48.5     25   0.17     36     28  342.6  343.3  342.6
  255.0  10826  -40.1  -46.1     53   0.24     31     35  344.4  345.4  344.4
  250.0  10960  -41.1                          30     36  344.8         344.8
  224.0  11688  -47.2                          25     45  346.5         346.5
  200.0  12440  -53.5                          30     53  347.9         347.9
  180.0  13107  -59.5                          36     55  348.7         348.7
  153.0  14108  -64.5                          45     57  356.8         356.8
  150.0  14230  -65.1                          45     53  357.7         357.7
  148.0  14311  -65.5                          47     50  358.4         358.4
  132.0  14978  -71.0                          65     24  360.5         360.5
  113.0  15884  -78.5                         150     15  363.0         363.0
  107.0  16202  -81.1                         170     27  363.7         363.7
  102.0  16469  -81.5                         165     20  367.9         367.9
  100.0  16580  -81.7                         160     12  369.6         369.6
   96.0  16812  -79.0                         255      4  379.3         379.3
   95.6  16836  -78.7                         256      4  380.3         380.3
   86.0  17439  -80.3                         276     10  388.7         388.7
   82.0  17713  -78.5                         285     12  397.7         397.7
   78.0  18001  -76.7                         255     21  407.3         407.3
   75.6  18181  -75.5                         258     22  413.4         413.4
   74.3  18283  -71.3                         259     23  424.2         424.2
   72.1  18463  -68.9                         262     25  433.0         433.0
   70.0  18640  -69.9                         265     26  434.5         434.5
   66.7  18926  -71.5                         262     27  437.1         437.1
   64.0  19169  -71.1                         260     28  443.2         443.2
   62.8  19281  -70.9                         256     29  446.0         446.0
   60.7  19484  -66.7                         249     30  459.7         459.7
   58.0  19761  -65.2                         240     31  469.1         469.1
   55.0  20086  -63.5                         255     18  480.2         480.2
   52.1  20416  -61.7                         294     31  491.8         491.8
   52.0  20428  -61.7                         295     31  492.1         492.1
   50.0  20670  -61.9                         300     38  497.2         497.2
   41.0  21891  -63.5                         300     20  522.2         522.2
   37.0  22524  -61.7                         345     18  542.3         542.3
   35.0  22867  -60.8                          40     12  553.5         553.5
   34.5  22956  -60.5                          62     15  556.5         556.5
   34.0  23046  -60.8                          85     19  558.1         558.1
   32.0  23421  -61.8                          95     30  565.1         565.1
   30.0  23820  -62.9                          85     43  572.6         572.6
   26.0  24706  -58.3                          85     47  609.5         609.5
   25.5  24826  -57.7                          86     47  614.6         614.6
   20.0  26360  -54.7                          95     51  668.0         668.0
   16.7  27517  -53.1                          98     52  708.5         708.5
   14.0  28657  -52.6                         100     52  746.8         746.8
   11.0  30215  -51.9                          95     58  802.6         802.6
   10.3  30640  -51.7                          78     53  818.5         818.5
   10.0                                        70     51                     
</PRE><H3>Station information and sounding indices</H3><PRE>
                         Station identifier: WAAA
                             Station number: 97180
                           Observation time: 170804/0000
                           Station latitude: -5.06
                          Station longitude: 119.55
                          Station elevation: 14.0
                            Showalter index: 2.31
                               Lifted index: 2.41
    LIFT computed using virtual temperature: 2.03
                                SWEAT index: 173.59
                                    K index: 31.60
                         Cross totals index: 18.50
                      Vertical totals index: 22.90
                        Totals totals index: 41.40
      Convective Available Potential Energy: 0.00
             CAPE using virtual temperature: 0.00
                      Convective Inhibition: 0.00
             CINS using virtual temperature: 0.00
                     Bulk Richardson Number: 0.00
          Bulk Richardson Number using CAPV: 0.00
  Temp [K] of the Lifted Condensation Level: 288.80
Pres [hPa] of the Lifted Condensation Level: 881.94
     Mean mixed layer potential temperature: 299.37
              Mean mixed layer mixing ratio: 12.89
              1000 hPa to 500 hPa thickness: 5768.00
Precipitable water [mm] for entire sounding: 45.36
</PRE>
<P>Description of the 
<A HREF="/upperair/columns.html">data columns</A>
or <A HREF="/upperair/indices.html">sounding indices</A>.

<P>
<FORM>
<INPUT CLASS="button" TYPE="button" VALUE=" Close this window " 
 onClick="window.close();">
<INPUT CLASS="button" TYPE="button" VALUE=" Select another map " 
 onClick="window.blur();">
</FORM>
<HR SIZE="1">
<I>Interested in graduate studies in atmospheric science?
Check out our program at the
<a href="http://www.uwyo.edu/atsc/howtoapply/"
target=_top>University of Wyoming
</a></I>
<HR SIZE="1"><FONT SIZE="-1">
Questions about the weather data provided by this site can be
addressed to <A HREF="mailto:ldoolman@uwyo.edu">
Larry Oolman (ldoolman@uwyo.edu)</A></FONT>
<HR SIZE="1">
<SCRIPT TYPE="text/javascript">
<!--
window.focus();
// -->
</SCRIPT>
</BODY>
</HTML>
