2018-07-08 00
<HTML>
<TITLE>University of Wyoming - Radiosonde Data</TITLE>
<LINK REL="StyleSheet" HREF="/resources/select.css" TYPE="text/css">
<BODY BGCOLOR="white">
<H2>97180 WAAA Ujung Pandang Observations at 00Z 08 Jul 2018</H2>
<PRE>
-----------------------------------------------------------------------------
   PRES   HGHT   TEMP   DWPT   RELH   MIXR   DRCT   SKNT   THTA   THTE   THTV
    hPa     m      C      C      %    g/kg    deg   knot     K      K      K 
-----------------------------------------------------------------------------
 1009.0     14   24.2   22.4     90  17.23      0      0  296.6  346.5  299.6
 1005.0     48   24.2   20.3     79  15.16     40      3  296.9  340.9  299.6
 1002.0     73   25.6   17.6     61  12.80     70      5  298.6  336.1  300.9
 1000.0     90   26.6   18.6     61  13.67     90      6  299.8  340.0  302.2
  983.0    242   26.8   15.8     51  11.61     83     12  301.4  335.9  303.5
  976.0    305   26.3   15.4     51  11.43     80     15  301.6  335.6  303.6
  925.0    778   22.8   12.8     53  10.14    100     11  302.6  333.0  304.5
  881.0   1198   20.7   12.4     59  10.41    100      8  304.7  336.1  306.6
  851.0   1496   19.2   12.2     64  10.60     90     10  306.2  338.4  308.1
  850.0   1506   19.2   12.2     64  10.61     85     10  306.2  338.4  308.2
  822.0   1793   16.9   11.5     71  10.45    150      4  306.7  338.5  308.6
  812.0   1898   16.0   11.2     73  10.39    162      5  306.9  338.5  308.8
  793.0   2100   15.5    6.9     57   7.91    185      7  308.4  332.8  309.9
  791.0   2121   15.4    6.4     55   7.68    186      7  308.5  332.3  310.0
  766.0   2393   13.9    4.9     55   7.13    195      2  309.8  332.0  311.1
  758.0   2482   13.4    4.4     54   6.96    208      3  310.2  331.9  311.5
  751.0   2560   12.8    7.8     72   8.92    220      3  310.3  338.0  312.0
  739.0   2695   12.2    6.9     70   8.53    240      4  311.1  337.6  312.7
  712.0   3007   10.7    4.9     68   7.69    235      8  312.8  337.0  314.2
  700.0   3149   10.0    4.0     66   7.33    250     10  313.5  336.7  314.9
  687.0   3304    9.0    3.0     66   6.95    250     11  314.1  336.1  315.4
  663.0   3598    7.1    1.1     66   6.27    240      7  315.1  335.2  316.3
  643.0   3851    5.4   -0.6     65   5.73    203      9  316.0  334.5  317.1
  636.0   3941    6.0   -6.0     42   3.86    189     10  317.7  330.4  318.4
  616.0   4202    4.8  -21.8     13   1.09    150     12  319.2  323.1  319.4
  610.0   4282    4.4  -26.6      8   0.72    145     13  319.6  322.3  319.8
  594.0   4496    3.1  -26.4      9   0.75    130     16  320.6  323.3  320.7
  557.0   5016    0.0  -26.0     12   0.83    126     14  322.9  325.9  323.0
  532.0   5382   -3.3  -15.3     39   2.20    123     12  323.2  330.8  323.6
  511.0   5699   -5.4  -17.4     38   1.92    120     11  324.4  331.2  324.8
  500.0   5870   -6.5  -18.5     38   1.79    110     11  325.1  331.4  325.4
  497.0   5917   -6.7  -19.7     35   1.62    107     12  325.4  331.1  325.7
  488.0   6060   -7.9  -14.9     57   2.48     97     14  325.6  334.2  326.1
  485.0   6108   -8.3  -13.3     67   2.84     94     15  325.7  335.5  326.2
  475.0   6269   -9.1  -19.1     44   1.79     82     17  326.6  333.0  327.0
  473.0   6302   -9.0  -21.8     35   1.42     80     18  327.1  332.3  327.4
  470.0   6351   -8.9  -25.9     24   0.99     80     18  327.9  331.5  328.1
  439.0   6878  -11.5  -26.5     28   1.00     80     22  331.0  334.8  331.2
  434.0   6966  -11.5  -35.5     12   0.43     80     23  332.1  333.8  332.2
  420.0   7217  -11.7  -40.7      7   0.26     80     25  335.0  336.1  335.0
  416.0   7290  -11.9  -28.9     23   0.85     80     26  335.6  338.9  335.8
  400.0   7590  -13.3  -29.3     25   0.85     80     28  337.6  340.9  337.8
  389.0   7801  -14.4  -33.1     19   0.61     85     28  338.9  341.3  339.0
  384.0   7900  -14.9  -34.9     16   0.52     89     27  339.5  341.5  339.6
  359.0   8393  -19.1  -38.0     17   0.40    110     23  340.4  342.1  340.5
  300.0   9710  -30.3  -46.3     19   0.20     90     27  342.6  343.4  342.6
  268.0  10497  -36.8  -51.5     20   0.12     85     30  344.3  344.9  344.3
  254.0  10872  -39.9  -53.9     21   0.10     89     32  345.0  345.5  345.1
  250.0  10980  -40.7                          90     32  345.4         345.4
  200.0  12450  -53.9                          80     42  347.2         347.2
  195.0  12610  -55.3                          75     44  347.6         347.6
  173.0  13368  -61.7                          70     50  349.1         349.1
  150.0  14240  -68.7                          65     58  351.6         351.6
  139.0  14681  -71.2                          60     53  354.8         354.8
  104.0  16360  -80.9                         105     22  367.0         367.0
  102.0  16469  -80.7                         110     19  369.5         369.5
  100.0  16580  -80.5                         100     15  371.9         371.9
   97.9  16701  -77.7                          69     13  379.6         379.6
   96.0  16813  -78.1                          40     12  380.9         380.9
   94.5  16903  -78.5                           9     12  381.9         381.9
   92.7  17013  -76.1                         331     11  388.8         388.8
   91.0  17119  -76.7                         295     11  389.6         389.6
   84.1  17570  -79.3                         181      8  393.2         393.2
   82.0  17713  -79.5                         145      7  395.8         395.8
   78.5  17961  -79.7                         215     12  400.2         400.2
   78.0  17997  -79.5                         225     13  401.4         401.4
   73.8  18313  -77.5                         176     10  412.0         412.0
   71.2  18520  -73.1                         145      8  425.6         425.6
   70.0  18620  -73.1                         130      7  427.7         427.7
   67.0  18877  -73.8                         350      8  431.5         431.5
   64.3  19118  -74.5                         359      5  435.1         435.1
   64.0  19146  -74.2                           0      5  436.4         436.4
   60.0  19535  -69.8                         125     11  454.4         454.4
   57.0  19844  -66.3                         125     25  469.0         469.0
   54.1  20158  -62.7                          94     32  484.3         484.3
   53.3  20251  -59.5                          85     35  493.7         493.7
   52.0  20405  -60.6                          70     38  494.7         494.7
   50.0  20650  -62.3                          65     39  496.2         496.2
   45.3  21253  -65.3                          85     36  503.2         503.2
   43.0  21568  -65.3                          95     38  510.7         510.7
   41.6  21769  -65.3                          93     40  515.6         515.6
   39.0  22169  -63.2                          90     45  530.6         530.6
   35.0  22839  -59.6                          75     51  556.6         556.6
   31.7  23452  -56.3                          99     53  581.3         581.3
   31.0  23593  -56.4                         105     54  584.8         584.8
   30.0  23800  -56.5                         105     56  590.0         590.0
   29.0  24014  -56.7                         102     56  595.2         595.2
   27.3  24397  -55.3                          96     56  609.5         609.5
   25.8  24761  -49.5                          91     57  635.9         635.9
   23.0  25516  -47.2                          80     57  663.9         663.9
   22.0  25808  -46.3                          83     49  675.0         675.0
   20.0  26440  -45.1                          90     32  697.4         697.4
   17.0  27520  -46.1                         150     19  727.4         727.4
   16.9  27559  -46.1                         151     18  728.5         728.5
   15.9  27961  -48.7                         163     12  732.8         732.8
   15.0  28344  -47.7                         175      6  748.6         748.6
   14.7  28477  -47.3                         150      5  754.1         754.1
   14.0  28801  -43.9                          90      4  776.2         776.2
   13.0  29294  -45.1                         320     14  788.7         788.7
   12.2  29717  -46.1                         296     23  799.6         799.6
   12.0  29827  -45.5                         290     25  805.5         805.5
   11.6  30053  -44.3                         289     25  817.6         817.6
   10.0  31040  -46.3                         285     26  845.6         845.6
    9.9  31107  -45.7                         285     26  850.3         850.3
    9.0  31746  -43.1                         290     21  883.7         883.7
    8.8  31897  -42.5                                     891.8         891.8
</PRE><H3>Station information and sounding indices</H3><PRE>
                         Station identifier: WAAA
                             Station number: 97180
                           Observation time: 180708/0000
                           Station latitude: -5.06
                          Station longitude: 119.55
                          Station elevation: 14.0
                            Showalter index: 1.04
                               Lifted index: 1.80
    LIFT computed using virtual temperature: 1.43
                                SWEAT index: 177.40
                                    K index: 31.90
                         Cross totals index: 18.70
                      Vertical totals index: 25.70
                        Totals totals index: 44.40
      Convective Available Potential Energy: 0.00
             CAPE using virtual temperature: 0.00
                      Convective Inhibition: 0.00
             CINS using virtual temperature: 0.00
                     Bulk Richardson Number: 0.00
          Bulk Richardson Number using CAPV: 0.00
  Temp [K] of the Lifted Condensation Level: 287.45
Pres [hPa] of the Lifted Condensation Level: 854.05
     Mean mixed layer potential temperature: 300.72
              Mean mixed layer mixing ratio: 12.23
              1000 hPa to 500 hPa thickness: 5780.00
Precipitable water [mm] for entire sounding: 38.98
</PRE>
<P>Description of the 
<A HREF="/upperair/columns.html">data columns</A>
or <A HREF="/upperair/indices.html">sounding indices</A>.

<P>
<FORM>
<INPUT CLASS="button" TYPE="button" VALUE=" Close this window " 
 onClick="window.close();">
<INPUT CLASS="button" TYPE="button" VALUE=" Select another map " 
 onClick="window.blur();">
</FORM>
<HR SIZE="1">
<I>Interested in graduate studies in atmospheric science?
Check out our program at the
<a href="http://www.uwyo.edu/atsc/howtoapply/"
target=_top>University of Wyoming
</a></I>
<HR SIZE="1"><FONT SIZE="-1">
Questions about the weather data provided by this site can be
addressed to <A HREF="mailto:ldoolman@uwyo.edu">
Larry Oolman (ldoolman@uwyo.edu)</A></FONT>
<HR SIZE="1">
<SCRIPT TYPE="text/javascript">
<!--
window.focus();
// -->
</SCRIPT>
</BODY>
</HTML>
