2017-07-10 12
<HTML>
<TITLE>University of Wyoming - Radiosonde Data</TITLE>
<LINK REL="StyleSheet" HREF="/resources/select.css" TYPE="text/css">
<BODY BGCOLOR="white">
<H2>97180 WAAA Ujung Pandang Observations at 00Z 10 Jul 2017</H2>
<PRE>
-----------------------------------------------------------------------------
   PRES   HGHT   TEMP   DWPT   RELH   MIXR   DRCT   SKNT   THTA   THTE   THTV
    hPa     m      C      C      %    g/kg    deg   knot     K      K      K 
-----------------------------------------------------------------------------
 1010.0     14   23.8   21.1     85  15.86    160      4  296.1  342.0  298.9
 1000.0     97   25.2   19.2     69  14.21     90      5  298.4  339.9  300.9
  959.0    468   24.2   17.2     65  13.04     86      4  300.9  339.5  303.3
  945.0    598   23.0   17.0     69  13.10     85      3  300.9  339.7  303.3
  925.0    786   21.2   16.8     76  13.18     35      2  301.0  339.9  303.4
  913.0    899   20.5   16.9     80  13.41     20      2  301.4  341.1  303.8
  904.0    985   20.0   16.9     82  13.58     32      2  301.7  342.0  304.2
  854.0   1475   18.8    8.8     52   8.39    101      2  305.4  331.0  307.0
  851.0   1505   18.6    8.7     52   8.33    105      2  305.6  331.0  307.1
  850.0   1515   18.6    8.6     52   8.31    125      2  305.6  331.0  307.1
  822.0   1800   16.6    6.0     50   7.21    205      3  306.4  328.6  307.8
  798.0   2053   14.8    3.8     48   6.34    138      4  307.1  326.8  308.3
  766.0   2398   12.0    9.8     86  10.03     45      5  307.7  338.4  309.6
  700.0   3150    9.0    5.9     81   8.39     30     12  312.4  338.7  314.0
  697.0   3186    9.4    4.7     72   7.74     30     12  313.2  337.6  314.7
  668.0   3537    6.8    4.6     86   8.02     25     15  314.2  339.5  315.7
  616.0   4196    3.4    0.6     82   6.53     15     19  317.6  338.7  318.9
  594.0   4492    1.9   -1.2     80   5.94     25     20  319.2  338.6  320.4
  567.0   4871    0.0   -3.5     77   5.24     25     15  321.2  338.5  322.2
  551.0   5099   -1.0   -6.0     69   4.47     25     12  322.7  337.7  323.6
  530.0   5410   -2.3   -9.3     59   3.59     40      9  324.7  336.9  325.4
  511.0   5698   -4.3  -11.3     58   3.17     55      6  325.7  336.6  326.3
  500.0   5870   -5.5  -12.5     58   2.94     55      9  326.3  336.5  326.9
  455.0   6601  -11.8  -14.9     77   2.65     60     17  327.4  336.6  327.9
  454.0   6618  -11.9  -15.0     78   2.64     62     17  327.4  336.6  327.9
  444.0   6788  -11.1  -28.1     23   0.86     87     16  330.5  333.7  330.6
  437.0   6909  -11.9  -30.0     21   0.73    105     15  330.9  333.7  331.1
  404.0   7505  -16.0  -39.3     12   0.31    115     18  333.2  334.4  333.2
  400.0   7580  -16.5  -40.5     11   0.28    110     18  333.5  334.6  333.5
  387.0   7828  -18.5  -42.5     10   0.23    101     20  334.0  335.0  334.0
  373.0   8101  -19.8  -44.2     10   0.20     90     23  335.8  336.6  335.8
  350.0   8574  -22.1  -47.1      8   0.16    111     23  338.9  339.5  338.9
  330.0   9000  -25.5  -48.2     10   0.15    130     23  340.0  340.6  340.0
  300.0   9690  -30.9  -49.9     14   0.13    110     19  341.7  342.3  341.7
  279.0  10199  -35.0  -50.4     19   0.14     90     16  343.0  343.6  343.0
  266.0  10534  -37.7  -50.7     24   0.14     79     17  343.7  344.3  343.8
  254.0  10852  -40.1  -52.1     27   0.12     69     18  344.7  345.3  344.8
  250.0  10960  -41.1                          65     18  344.8         344.8
  245.0  11093  -42.2                          65     20  345.1         345.1
  200.0  12430  -53.7                          60     29  347.6         347.6
  177.0  13186  -60.3                          60     23  349.1         349.1
  150.0  14210  -69.3                          65     16  350.5         350.5
  145.0  14407  -70.7                          65     13  351.4         351.4
  125.0  15270  -77.0                          30      6  355.2         355.2
  118.0  15605  -79.5                          35      4  356.6         356.6
  112.0  15903  -78.5                          25     10  363.7         363.7
  106.0  16217  -77.6                         335     23  371.4         371.4
  101.0  16493  -76.7                         335     23  378.2         378.2
  100.0  16550  -76.5                         330     22  379.7         379.7
   96.0  16785  -76.9                         290     20  383.3         383.3
   90.5  17125  -77.5                         282     27  388.7         388.7
   86.0  17422  -75.5                         275     33  398.4         398.4
   79.3  17894  -72.3                         279     37  414.4         414.4
   78.0  17992  -72.4                         280     38  416.2         416.2
   74.0  18302  -72.6                         265     44  422.1         422.1
   71.6  18496  -72.7                         271     46  425.8         425.8
   70.0  18630  -70.9                         275     47  432.4         432.4
   59.8  19567  -67.5                         275     46  459.9         459.9
   54.5  20131  -62.3                         275     45  484.2         484.2
   50.0  20660  -62.7                         275     44  495.3         495.3
   47.0  21040  -63.1                         270     40  503.1         503.1
   43.1  21572  -63.7                         264     25  514.3         514.3
   41.0  21881  -61.8                         260     17  526.4         526.4
   39.2  22158  -60.1                         125      7  537.5         537.5
   39.0  22190  -60.1                         110      6  538.3         538.3
   37.0  22518  -60.2                          85     21  546.1         546.1
   35.0  22864  -60.4                          95     27  554.6         554.6
   32.7  23287  -60.5                          80     38  565.0         565.0
   32.0  23421  -61.0                          75     42  567.1         567.1
   30.0  23820  -62.7                          85     45  573.1         573.1
   29.6  23902  -63.3                          86     45  573.7         573.7
   28.0  24245  -61.0                          90     47  589.2         589.2
   27.5  24356  -60.3                          88     47  594.3         594.3
   26.6  24565  -55.7                          85     48  612.9         612.9
   25.0  24958  -56.0                          80     50  623.0         623.0
   21.5  25913  -56.7                          83     50  648.3         648.3
   20.0  26370  -56.1                          85     50  663.7         663.7
   17.3  27291  -56.1                          89     58  691.8         691.8
   17.0  27404  -55.4                          90     59  697.5         697.5
   16.5  27597  -54.2                          90     59  707.3         707.3
   14.6  28386  -49.3                          90     58  748.9         748.9
   13.0  29149  -48.6                          90     57  776.7         776.7
   12.1  29620  -48.1                                     794.4         794.4
</PRE><H3>Station information and sounding indices</H3><PRE>
                         Station identifier: WAAA
                             Station number: 97180
                           Observation time: 170710/0000
                           Station latitude: -5.06
                          Station longitude: 119.55
                          Station elevation: 14.0
                            Showalter index: 5.37
                               Lifted index: 1.48
    LIFT computed using virtual temperature: 1.22
                                SWEAT index: 116.20
                                    K index: 29.60
                         Cross totals index: 14.10
                      Vertical totals index: 24.10
                        Totals totals index: 38.20
      Convective Available Potential Energy: 0.75
             CAPE using virtual temperature: 1.82
                      Convective Inhibition: -347.94
             CINS using virtual temperature: -290.74
                           Equilibrum Level: 452.50
 Equilibrum Level using virtual temperature: 451.47
                   Level of Free Convection: 461.38
             LFCT using virtual temperature: 465.10
                     Bulk Richardson Number: 0.15
          Bulk Richardson Number using CAPV: 0.37
  Temp [K] of the Lifted Condensation Level: 290.17
Pres [hPa] of the Lifted Condensation Level: 897.24
     Mean mixed layer potential temperature: 299.32
              Mean mixed layer mixing ratio: 13.83
              1000 hPa to 500 hPa thickness: 5773.00
Precipitable water [mm] for entire sounding: 47.33
</PRE>
<P>Description of the 
<A HREF="/upperair/columns.html">data columns</A>
or <A HREF="/upperair/indices.html">sounding indices</A>.

<P>
<FORM>
<INPUT CLASS="button" TYPE="button" VALUE=" Close this window " 
 onClick="window.close();">
<INPUT CLASS="button" TYPE="button" VALUE=" Select another map " 
 onClick="window.blur();">
</FORM>
<HR SIZE="1">
<I>Interested in graduate studies in atmospheric science?
Check out our program at the
<a href="http://www.uwyo.edu/atsc/howtoapply/"
target=_top>University of Wyoming
</a></I>
<HR SIZE="1"><FONT SIZE="-1">
Questions about the weather data provided by this site can be
addressed to <A HREF="mailto:ldoolman@uwyo.edu">
Larry Oolman (ldoolman@uwyo.edu)</A></FONT>
<HR SIZE="1">
<SCRIPT TYPE="text/javascript">
<!--
window.focus();
// -->
</SCRIPT>
</BODY>
</HTML>
