2016-10-02 00
<HTML>
<TITLE>University of Wyoming - Radiosonde Data</TITLE>
<LINK REL="StyleSheet" HREF="/resources/select.css" TYPE="text/css">
<BODY BGCOLOR="white">
<H2>97180 WAAA Ujung Pandang Observations at 00Z 02 Oct 2016</H2>
<PRE>
-----------------------------------------------------------------------------
   PRES   HGHT   TEMP   DWPT   RELH   MIXR   DRCT   SKNT   THTA   THTE   THTV
    hPa     m      C      C      %    g/kg    deg   knot     K      K      K 
-----------------------------------------------------------------------------
 1010.0     14   25.2   24.1     94  19.14      0      0  297.5  353.2  300.9
 1009.0     23   26.6   18.6     61  13.55      1      0  299.0  338.7  301.4
 1000.0    101   26.4   19.4     65  14.39     10      3  299.6  341.8  302.1
  978.0    297   25.4   19.6     70  14.93      0      5  300.5  344.5  303.2
  950.0    553   24.2   19.9     77  15.65     25      3  301.7  348.1  304.6
  945.0    599   24.0   18.8     73  14.68     30      3  302.0  345.6  304.7
  925.0    786   23.4   14.4     57  11.27    105      3  303.2  337.0  305.3
  913.0    899   22.7   14.2     59  11.23    130      4  303.6  337.3  305.7
  850.0   1519   18.8   12.8     68  11.04    140      7  305.8  339.2  307.9
  822.0   1805   16.9   12.1     74  10.91    160      5  306.7  339.9  308.7
  810.0   1930   16.0   11.8     76  10.85    152      5  307.1  340.1  309.1
  794.0   2099   15.5    9.5     67   9.47    140      6  308.4  337.4  310.1
  769.0   2370   14.8    5.8     55   7.57    172      4  310.4  334.0  311.8
  767.0   2391   14.6    6.0     56   7.72    175      4  310.4  334.5  311.9
  749.0   2591   13.0    8.2     73   9.19    177      5  310.8  339.3  312.5
  714.0   2990   10.4    5.5     71   8.00    180      6  312.3  337.3  313.8
  700.0   3155    9.4    4.4     71   7.55    170      5  312.9  336.6  314.3
  688.0   3298    8.2    3.8     74   7.36    155      5  313.1  336.3  314.5
  686.0   3322    8.0    3.7     74   7.33    150      5  313.1  336.2  314.5
  663.0   3600    6.6    2.6     76   7.01     95      4  314.6  336.9  315.9
  584.0   4635    1.4   -1.5     81   5.91     88      7  320.2  339.5  321.3
  553.0   5072    0.0   -8.0     55   3.81     85      9  323.5  336.4  324.3
  551.0   5101   -0.2   -8.2     55   3.77     85      9  323.6  336.4  324.4
  531.0   5394   -2.3   -9.9     56   3.41    110     10  324.6  336.2  325.2
  500.0   5870   -5.7  -12.7     58   2.90    100     12  326.0  336.1  326.6
  495.0   5949   -6.1  -14.1     53   2.61    101     12  326.5  335.6  327.0
  494.0   5965   -6.3  -14.3     53   2.57    101     12  326.4  335.4  326.9
  492.0   5997   -6.5  -10.2     75   3.60    101     12  326.6  338.9  327.3
  484.0   6125   -7.3   -8.5     91   4.18    102     13  327.1  341.4  327.9
  475.0   6271   -8.3   -8.9     95   4.13    103     13  327.6  341.8  328.4
  465.0   6437   -8.9  -13.7     68   2.87    104     14  328.9  338.9  329.4
  455.0   6605   -9.7  -15.7     62   2.49    105     14  329.9  338.7  330.4
  423.0   7165  -13.9  -14.0     99   3.08    105     15  331.5  342.3  332.1
  417.0   7274  -13.3  -16.2     79   2.60    105     15  333.6  342.9  334.1
  405.0   7496  -14.6  -19.6     65   2.00    105     15  334.8  342.1  335.2
  400.0   7590  -15.1  -21.1     60   1.79    100     14  335.3  341.8  335.6
  398.0   7628  -15.3  -21.3     60   1.76     99     14  335.5  342.0  335.9
  391.0   7762  -16.5  -23.5     55   1.48     97     14  335.6  341.1  335.9
  384.0   7898  -17.3  -27.3     41   1.07     94     14  336.3  340.4  336.5
  383.0   7918  -17.3  -33.3     24   0.61     94     14  336.6  338.9  336.7
  380.0   7977  -17.9  -24.9     54   1.34     92     14  336.5  341.6  336.8
  376.0   8056  -18.7  -19.8     91   2.13     91     14  336.5  344.3  336.9
  374.0   8096  -18.5  -26.5     49   1.18     90     14  337.3  341.7  337.5
  373.0   8116  -18.7  -27.7     45   1.06     89     14  337.3  341.3  337.5
  370.0   8176  -19.3  -23.1     72   1.62     85     13  337.2  343.3  337.6
  364.0   8297  -20.3  -20.7     97   2.03     77     13  337.5  345.0  337.9
  359.0   8400  -20.9  -21.3     96   1.95     70     12  338.1  345.3  338.4
  352.0   8546  -21.7  -22.2     96   1.84     76     12  338.9  345.7  339.2
  347.0   8651  -21.3  -25.0     72   1.46     81     12  340.8  346.3  341.1
  318.0   9286  -26.2  -31.3     62   0.89    110     11  342.6  346.0  342.8
  300.0   9710  -29.5  -35.5     56   0.62    115     11  343.7  346.2  343.8
  292.0   9902  -31.1  -36.7     58   0.57    120     11  344.1  346.4  344.2
  281.0  10176  -33.3  -38.3     61   0.50    106      7  344.7  346.8  344.8
  280.0  10201  -33.5  -38.6     60   0.49    105      7  344.8  346.8  344.9
  268.0  10506  -36.0  -42.2     53   0.35    115      5  345.5  347.0  345.6
  257.0  10798  -38.3  -45.6     46   0.25     75      7  346.2  347.2  346.2
  250.0  10990  -39.9  -47.9     42   0.20     65     10  346.6  347.5  346.6
  235.0  11400  -43.6                          75     16  347.2         347.2
  200.0  12470  -53.1                          65     25  348.5         348.5
  150.0  14250  -69.7                          65     41  349.8         349.8
  138.0  14742  -73.9                          63     49  350.9         350.9
  125.0  15304  -77.4                          60     58  354.6         354.6
  102.0  16460  -84.5                          95     27  362.2         362.2
  101.0  16515  -83.9                         100     27  364.3         364.3
  100.0  16570  -83.3                         105     27  366.5         366.5
   96.1  16791  -83.9                         103     24  369.6         369.6
   91.0  17098  -78.3                         100     19  386.4         386.4
   89.9  17167  -77.1                          92     18  390.2         390.2
   86.0  17423  -76.1                          65     14  397.1         397.1
   82.0  17698  -75.1                          60     18  404.7         404.7
   79.8  17855  -74.5                          93     21  409.1         409.1
   78.0  17987  -75.3                         120     24  410.1         410.1
   74.0  18291  -77.0                         120     29  412.6         412.6
   73.9  18299  -77.1                         119     29  412.7         412.7
   70.0  18610  -76.7                          90     34  420.0         420.0
   65.2  19021  -75.7                          53     29  430.8         430.8
   64.1  19120  -73.1                          44     28  438.6         438.6
   62.9  19233  -65.1                          34     26  458.6         458.6
   61.0  19422  -62.1                          18     24  469.3         469.3
   52.1  20389  -66.1                         296     13  481.6         481.6
   50.0  20640  -65.1                         275     10  489.7         489.7
   43.8  21451  -61.5                         265     11  517.3         517.3
   34.2  22982  -60.9                         245     13  556.8         556.8
   32.8  23243  -58.5                         242     13  569.9         569.9
   30.4  23717  -59.7                         236     14  579.1         579.1
   30.0  23800  -59.5                         235     14  581.9         581.9
   23.9  25240  -54.1                                     636.6         636.6
</PRE><H3>Station information and sounding indices</H3><PRE>
                         Station identifier: WAAA
                             Station number: 97180
                           Observation time: 161002/0000
                           Station latitude: -5.06
                          Station longitude: 119.55
                          Station elevation: 14.0
                            Showalter index: 1.50
                               Lifted index: -0.36
    LIFT computed using virtual temperature: -0.73
                                SWEAT index: 179.59
                                    K index: 32.30
                         Cross totals index: 18.50
                      Vertical totals index: 24.50
                        Totals totals index: 43.00
      Convective Available Potential Energy: 17.25
             CAPE using virtual temperature: 45.82
                      Convective Inhibition: -216.83
             CINS using virtual temperature: -156.45
                           Equilibrum Level: 420.09
 Equilibrum Level using virtual temperature: 419.81
                   Level of Free Convection: 514.38
             LFCT using virtual temperature: 694.58
                     Bulk Richardson Number: 3.06
          Bulk Richardson Number using CAPV: 8.12
  Temp [K] of the Lifted Condensation Level: 291.29
Pres [hPa] of the Lifted Condensation Level: 899.02
     Mean mixed layer potential temperature: 300.30
              Mean mixed layer mixing ratio: 14.82
              1000 hPa to 500 hPa thickness: 5769.00
Precipitable water [mm] for entire sounding: 51.11
</PRE>
<P>Description of the 
<A HREF="/upperair/columns.html">data columns</A>
or <A HREF="/upperair/indices.html">sounding indices</A>.

<P>
<FORM>
<INPUT CLASS="button" TYPE="button" VALUE=" Close this window " 
 onClick="window.close();">
<INPUT CLASS="button" TYPE="button" VALUE=" Select another map " 
 onClick="window.blur();">
</FORM>
<HR SIZE="1">
<I>Interested in graduate studies in atmospheric science?
Check out our program at the
<a href="http://www.uwyo.edu/atsc/howtoapply/"
target=_top>University of Wyoming
</a></I>
<HR SIZE="1"><FONT SIZE="-1">
Questions about the weather data provided by this site can be
addressed to <A HREF="mailto:ldoolman@uwyo.edu">
Larry Oolman (ldoolman@uwyo.edu)</A></FONT>
<HR SIZE="1">
<SCRIPT TYPE="text/javascript">
<!--
window.focus();
// -->
</SCRIPT>
</BODY>
</HTML>
