2017-02-17 12
<HTML>
<TITLE>University of Wyoming - Radiosonde Data</TITLE>
<LINK REL="StyleSheet" HREF="/resources/select.css" TYPE="text/css">
<BODY BGCOLOR="white">
<H2>97180 WAAA Ujung Pandang Observations at 00Z 17 Feb 2017</H2>
<PRE>
-----------------------------------------------------------------------------
   PRES   HGHT   TEMP   DWPT   RELH   MIXR   DRCT   SKNT   THTA   THTE   THTV
    hPa     m      C      C      %    g/kg    deg   knot     K      K      K 
-----------------------------------------------------------------------------
 1013.0     14   23.8   23.2     96  18.04    230      8  295.9  347.9  299.0
 1000.0    126   22.8   21.0     90  15.93    260     14  295.9  341.9  298.8
  980.0    302   21.9   20.5     92  15.79    255     18  296.8  342.5  299.6
  925.0    805   19.4   19.2     99  15.38    250     19  299.1  344.2  301.9
  850.0   1531   16.0   15.1     94  12.86    255     21  302.9  341.2  305.2
  715.0   2989    8.9    8.6     98   9.90    260     15  310.4  341.0  312.2
  700.0   3168    8.0    7.8     99   9.57    265     12  311.3  341.0  313.1
  697.0   3204    7.6    6.8     95   8.97    269     12  311.2  339.1  312.9
  677.0   3445    7.2    5.5     89   8.44    300     12  313.4  339.9  315.0
  664.0   3604    5.9    4.0     88   7.76    320     12  313.7  338.2  315.2
  653.0   3742    4.8    2.8     87   7.22    321     12  313.9  336.8  315.3
  617.0   4202    2.6    1.4     92   6.91    325     11  316.6  338.7  317.9
  595.0   4497    1.2    0.5     95   6.72     90      4  318.3  340.0  319.6
  576.0   4761    0.0   -0.3     98   6.54    106      5  319.8  341.1  321.0
  543.0   5234   -1.9   -1.9    100   6.17    135      6  322.9  343.3  324.2
  534.0   5368   -2.5   -2.5    100   6.00    143      7  323.8  343.7  325.0
  532.0   5397   -2.3   -2.3    100   6.11    145      7  324.4  344.6  325.6
  531.0   5413   -1.3   -1.6     98   6.45    144      7  325.7  347.2  327.0
  529.0   5443   -2.1   -2.1    100   6.24    143      7  325.1  345.9  326.4
  500.0   5890   -5.5   -5.5    100   5.11    120      8  326.3  343.5  327.3
  493.0   6000   -6.4   -6.6     99   4.77    110     11  326.5  342.6  327.4
  480.0   6208   -8.1   -8.6     96   4.19    111     10  326.9  341.1  327.7
  449.0   6723  -10.3  -11.1     94   3.67    115      9  330.4  343.2  331.1
  418.0   7268  -14.5  -16.0     88   2.64    119      7  331.9  341.2  332.4
  406.0   7488  -15.1  -15.7     95   2.78    120      6  333.9  343.9  334.5
  405.0   7506  -15.1  -15.7     95   2.80    119      6  334.1  344.1  334.6
  400.0   7600  -15.7  -16.9     90   2.56    115      8  334.5  343.7  335.0
  390.0   7791  -16.9  -18.1     90   2.38    105      8  335.4  344.0  335.9
  378.0   8026  -18.3  -19.5     90   2.17    142      7  336.5  344.4  337.0
  374.0   8105  -19.1  -21.1     84   1.92    155      7  336.5  343.6  336.9
  354.0   8513  -23.1  -29.1     58   0.98    118     13  336.4  340.2  336.6
  345.0   8701  -24.3  -31.0     54   0.84    100     16  337.3  340.5  337.5
  342.0   8765  -24.7  -31.7     52   0.79    100     16  337.6  340.6  337.7
  307.0   9545  -29.7  -32.2     79   0.84    105     10  341.1  344.4  341.3
  305.0   9592  -30.0  -33.9     69   0.72    105     10  341.3  344.2  341.5
  302.0   9663  -30.5  -36.5     56   0.56    105     10  341.6  343.9  341.7
  300.0   9710  -30.9  -35.9     61   0.60    105     10  341.7  344.1  341.8
  292.0   9902  -32.3  -36.3     67   0.59    102     10  342.4  344.7  342.5
  287.0  10023  -33.3  -39.3     55   0.44    100      9  342.6  344.4  342.7
  252.0  10926  -40.1  -43.7     68   0.32     86      7  345.5  346.9  345.6
  250.0  10980  -40.5                          85      7  345.7         345.7
  235.0  11388  -43.9                          70      9  346.7         346.7
  200.0  12450  -52.9                          60     26  348.8         348.8
  178.0  13179  -59.1                          65     26  350.4         350.4
  150.0  14250  -68.3                          85     46  352.2         352.2
  148.0  14330  -68.9                          85     47  352.6         352.6
  132.0  14994  -73.9                          85     52  355.4         355.4
  117.0  15695  -79.1                          94     49  358.2         358.2
  100.0  16580  -80.3                         105     44  372.3         372.3
   96.0  16812  -79.3                         100     40  378.6         378.6
   92.6  17018  -78.5                          74     32  384.2         384.2
   87.0  17372  -80.2                          30     19  387.6         387.6
   82.0  17707  -81.9                         345      9  390.9         390.9
   81.9  17714  -81.9                         340      9  390.9         390.9
   78.0  17988  -82.3                         270     15  395.6         395.6
   75.8  18149  -82.5                         240     14  398.4         398.4
   72.9  18368  -81.1                         198     13  405.8         405.8
   70.0  18600  -76.5                         155     12  420.4         420.4
   68.5  18726  -73.7                         142     13  429.0         429.0
   66.0  18942  -74.5                         120     16  431.9         431.9
   63.5  19166  -75.3                         120     19  434.9         434.9
   63.0  19213  -75.1                         120     20  436.2         436.2
   57.0  19797  -73.1                          60     12  453.5         453.5
   54.8  20026  -72.3                          13     12  460.5         460.5
   54.0  20114  -71.8                         355     12  463.7         463.7
   50.2  20546  -69.1                         336     18  479.7         479.7
   50.0  20570  -69.1                         335     18  480.2         480.2
   48.7  20728  -65.5                         320     21  492.4         492.4
   47.0  20944  -65.3                         300     25  498.0         498.0
   41.6  21685  -64.5                         296     20  517.6         517.6
   40.0  21925  -63.2                         295     18  526.7         526.7
   38.0  22240  -61.5                         260     22  538.9         538.9
   37.6  22305  -61.1                         259     22  541.4         541.4
   33.9  22942  -63.3                         247     19  551.9         551.9
   32.0  23295  -63.2                         240     18  561.3         561.3
   30.0  23690  -63.1                         250     17  572.0         572.0
   25.0  24814  -62.0                         180      7  605.9         605.9
   24.7  24889  -61.9                         188      7  608.2         608.2
   22.0  25616  -57.6                         260     11  641.5         641.5
   21.0  25908  -55.8                          85      6  655.3         655.3
   20.7  25998  -55.3                                     659.6         659.6
</PRE><H3>Station information and sounding indices</H3><PRE>
                         Station identifier: WAAA
                             Station number: 97180
                           Observation time: 170217/0000
                           Station latitude: -5.06
                          Station longitude: 119.55
                          Station elevation: 14.0
                            Showalter index: 0.90
                               Lifted index: 0.16
    LIFT computed using virtual temperature: 0.17
                                SWEAT index: 231.20
                                    K index: 36.40
                         Cross totals index: 20.60
                      Vertical totals index: 21.50
                        Totals totals index: 42.10
      Convective Available Potential Energy: 61.01
             CAPE using virtual temperature: 79.65
                      Convective Inhibition: -12.18
             CINS using virtual temperature: -10.62
                           Equilibrum Level: 346.26
 Equilibrum Level using virtual temperature: 342.08
                   Level of Free Convection: 825.50
             LFCT using virtual temperature: 849.79
                     Bulk Richardson Number: 20.05
          Bulk Richardson Number using CAPV: 26.18
  Temp [K] of the Lifted Condensation Level: 293.69
Pres [hPa] of the Lifted Condensation Level: 965.86
     Mean mixed layer potential temperature: 296.64
              Mean mixed layer mixing ratio: 16.05
              1000 hPa to 500 hPa thickness: 5764.00
Precipitable water [mm] for entire sounding: 61.50
</PRE>
<P>Description of the 
<A HREF="/upperair/columns.html">data columns</A>
or <A HREF="/upperair/indices.html">sounding indices</A>.

<P>
<FORM>
<INPUT CLASS="button" TYPE="button" VALUE=" Close this window " 
 onClick="window.close();">
<INPUT CLASS="button" TYPE="button" VALUE=" Select another map " 
 onClick="window.blur();">
</FORM>
<HR SIZE="1">
<I>Interested in graduate studies in atmospheric science?
Check out our program at the
<a href="http://www.uwyo.edu/atsc/howtoapply/"
target=_top>University of Wyoming
</a></I>
<HR SIZE="1"><FONT SIZE="-1">
Questions about the weather data provided by this site can be
addressed to <A HREF="mailto:ldoolman@uwyo.edu">
Larry Oolman (ldoolman@uwyo.edu)</A></FONT>
<HR SIZE="1">
<SCRIPT TYPE="text/javascript">
<!--
window.focus();
// -->
</SCRIPT>
</BODY>
</HTML>
