2018-03-03 00
<HTML>
<TITLE>University of Wyoming - Radiosonde Data</TITLE>
<LINK REL="StyleSheet" HREF="/resources/select.css" TYPE="text/css">
<BODY BGCOLOR="white">
<H2>97180 WAAA Ujung Pandang Observations at 00Z 03 Mar 2018</H2>
<PRE>
-----------------------------------------------------------------------------
   PRES   HGHT   TEMP   DWPT   RELH   MIXR   DRCT   SKNT   THTA   THTE   THTV
    hPa     m      C      C      %    g/kg    deg   knot     K      K      K 
-----------------------------------------------------------------------------
 1008.0     14   25.0   22.8     88  17.69      0      0  297.5  348.9  300.6
 1000.0     87   26.4   22.6     80  17.61     55      5  299.6  351.2  302.7
  976.0    300   24.9   21.8     83  17.14     20      6  300.1  350.6  303.2
  943.0    601   22.8   20.6     87  16.49    355      7  300.9  349.6  303.9
  925.0    769   22.0   18.5     81  14.71    340      9  301.8  345.4  304.5
  876.0   1241   20.2   13.2     64  11.00    295      7  304.7  337.8  306.7
  850.0   1501   18.8   11.8     64  10.33    270      6  305.8  337.1  307.7
  773.0   2311   13.8    9.5     75   9.73    270      9  308.9  338.8  310.7
  712.0   3001   10.3    5.4     72   7.98    270     12  312.4  337.4  313.9
  700.0   3144    9.6    4.6     71   7.65    275     12  313.1  337.2  314.5
  687.0   3298    8.9    3.6     70   7.29    280     12  313.9  337.0  315.3
  642.0   3857    6.2    0.2     65   6.09    258      9  317.1  336.7  318.2
  624.0   4089    6.2   -1.8     57   5.40    249      8  319.6  337.4  320.7
  616.0   4194    5.4   -2.0     59   5.37    245      7  319.9  337.5  320.9
  594.0   4488    3.1   -2.8     66   5.29    255      6  320.5  337.9  321.6
  566.0   4879    0.0   -3.7     76   5.17    239      7  321.4  338.5  322.4
  551.0   5092   -1.2   -4.9     76   4.87    230      8  322.4  338.6  323.4
  530.0   5400   -3.0   -6.5     76   4.45    190     10  323.9  338.9  324.8
  517.0   5597   -4.1   -7.6     77   4.20    193      9  324.9  339.1  325.7
  511.0   5689   -4.6   -9.8     67   3.57    195      9  325.3  337.5  326.0
  505.0   5782   -5.1  -12.1     58   3.01    187      9  325.8  336.2  326.4
  500.0   5860   -5.3  -11.3     63   3.24    180      9  326.5  337.7  327.1
  492.0   5987   -6.3  -10.5     72   3.51    175      7  326.9  338.9  327.5
  490.0   6019   -6.5  -10.3     74   3.58    175      7  326.9  339.2  327.6
  473.0   6294   -8.2  -12.9     69   3.00    175      4  328.1  338.6  328.7
  455.0   6596  -10.1  -15.8     63   2.46    220      2  329.4  338.1  329.9
  451.0   6664  -10.5  -16.5     61   2.35    211      2  329.8  338.1  330.2
  443.0   6802  -11.7  -14.7     78   2.78    192      3  329.9  339.7  330.5
  438.0   6889  -12.2  -15.9     74   2.55    180      4  330.4  339.4  330.9
  422.0   7174  -13.7  -19.7     61   1.91    161      5  332.0  338.9  332.4
  421.0   7192  -13.8  -19.7     61   1.92    160      5  332.1  339.0  332.4
  406.0   7468  -15.5  -19.7     70   1.99    164      2  333.3  340.5  333.7
  404.0   7505  -15.9  -20.1     70   1.94    165      2  333.3  340.3  333.7
  400.0   7580  -16.7  -20.8     71   1.83    155      2  333.2  339.9  333.6
  389.0   7788  -17.8  -26.5     46   1.13    110      6  334.4  338.7  334.7
  386.0   7846  -18.1  -28.1     41   0.99    110      6  334.8  338.5  335.0
  347.0   8633  -22.7  -30.7     48   0.86    105      7  338.9  342.2  339.1
  344.0   8696  -23.2  -32.5     42   0.73    105      7  339.0  341.9  339.2
  338.0   8825  -24.3  -36.3     32   0.51    113      7  339.3  341.3  339.4
  330.0   8997  -25.7  -38.3     30   0.43    125      7  339.7  341.4  339.8
  313.0   9379  -28.7  -42.7     25   0.28    109     11  340.7  341.8  340.7
  306.0   9540  -30.1  -43.1     27   0.28    102     13  340.9  342.1  341.0
  305.0   9563  -30.3  -39.3     41   0.42    101     13  340.9  342.6  341.0
  304.0   9586  -30.3  -43.3     27   0.27    100     13  341.3  342.4  341.3
  300.0   9680  -31.1  -39.1     45   0.43    100     14  341.4  343.2  341.5
  299.0   9704  -31.3  -39.3     45   0.43     99     14  341.5  343.2  341.6
  291.0   9897  -32.4  -38.0     58   0.50     95     14  342.6  344.6  342.7
  286.0  10020  -33.1  -37.1     67   0.56     86     13  343.3  345.5  343.4
  267.0  10501  -36.9  -40.9     66   0.40     50     10  344.5  346.2  344.6
  253.0  10878  -39.9  -43.9     65   0.31     46     13  345.4  346.7  345.5
  250.0  10960  -40.5                          45     14  345.7         345.7
  224.0  11688  -47.0                          55     18  346.8         346.8
  200.0  12440  -53.7                          30     20  347.6         347.6
  195.0  12596  -55.2                          30     19  347.7         347.7
  169.0  13476  -63.6                          50     22  348.2         348.2
  150.0  14210  -70.7                          60     22  348.1         348.1
  149.0  14250  -70.9                          61     23  348.4         348.4
  124.0  15317  -78.6                          85     43  353.2         353.2
  122.0  15411  -79.3                          83     43  353.6         353.6
  112.0  15892  -81.0                          75     44  359.1         359.1
  100.0  16530  -83.3                         110     44  366.5         366.5
   99.5  16558  -83.5                         110     45  366.7         366.7
   95.0  16816  -83.1                         115     53  372.3         372.3
   86.0  17371  -82.2                          85     23  384.8         384.8
   81.0  17705  -81.7                          25      7  392.5         392.5
   80.7  17725  -81.7                          35      7  393.0         393.0
   77.0  17993  -77.4                         165      8  407.2         407.2
   75.1  18135  -75.1                         214      6  415.0         415.0
   73.0  18298  -76.2                         270      3  416.1         416.1
   70.0  18540  -77.7                         275     11  417.8         417.8
   69.4  18589  -78.1                         276     11  418.0         418.0
   66.0  18878  -76.0                         285     12  428.7         428.7
   63.8  19073  -74.5                         303     14  436.1         436.1
   63.0  19146  -74.6                         310     15  437.4         437.4
   59.0  19526  -75.3                         295      8  444.0         444.0
   57.1  19716  -75.7                          26      9  447.4         447.4
   56.0  19829  -75.1                          80      9  451.3         451.3
   54.0  20041  -73.9                          25      4  458.7         458.7
   51.0  20374  -72.1                         250      2  470.4         470.4
   50.0  20490  -71.5                         220      6  474.6         474.6
   48.0  20730  -71.7                         200     11  479.6         479.6
   46.0  20981  -72.0                          95      9  484.9         484.9
   45.0  21110  -72.1                          80     16  487.6         487.6
   44.0  21243  -70.4                          65     24  494.9         494.9
   42.8  21407  -68.3                          50     19  504.0         504.0
   42.0  21520  -68.5                          40     15  506.2         506.2
   36.0  22438  -70.3                          90     28  524.5         524.5
   35.3  22555  -70.5                          89     30  526.8         526.8
   31.1  23313  -66.5                          86     42  557.0         557.0
   30.0  23530  -66.9                          85     46  561.7         561.7
   28.8  23776  -67.9                          88     50  565.5         565.5
   26.7  24236  -62.7                          93     57  592.5         592.5
   24.0  24905  -58.3                         100     68  623.6         623.6
   22.2  25394  -55.1                          96     69  647.2         647.2
   20.0  26060  -54.9                          90     71  667.4         667.4
   17.3  26990  -54.0                          85     88  698.4         698.4
   17.0  27103  -53.9                          85     88  702.2         702.2
   14.8  27992  -53.1                          87     81  733.3         733.3
   14.1  28304  -51.9                          88     79  747.6         747.6
   13.3  28687  -46.7                          89     76  778.1         778.1
   12.2  29266  -41.9                          90     72  814.4         814.4
   12.0  29377  -42.0                          90     71  818.0         818.0
   11.0  29966  -42.3                         100     58  837.5         837.5
   10.9  30028  -42.3                                     839.6         839.6
</PRE><H3>Station information and sounding indices</H3><PRE>
                         Station identifier: WAAA
                             Station number: 97180
                           Observation time: 180303/0000
                           Station latitude: -5.06
                          Station longitude: 119.55
                          Station elevation: 14.0
                            Showalter index: 2.79
                               Lifted index: -2.39
    LIFT computed using virtual temperature: -2.88
                                SWEAT index: 162.60
                                    K index: 30.90
                         Cross totals index: 17.10
                      Vertical totals index: 24.10
                        Totals totals index: 41.20
      Convective Available Potential Energy: 936.03
             CAPE using virtual temperature: 1069.12
                      Convective Inhibition: -51.46
             CINS using virtual temperature: -23.11
                           Equilibrum Level: 138.70
 Equilibrum Level using virtual temperature: 138.13
                   Level of Free Convection: 796.28
             LFCT using virtual temperature: 837.10
                     Bulk Richardson Number: 84.48
          Bulk Richardson Number using CAPV: 96.49
  Temp [K] of the Lifted Condensation Level: 294.31
Pres [hPa] of the Lifted Condensation Level: 936.43
     Mean mixed layer potential temperature: 299.90
              Mean mixed layer mixing ratio: 17.22
              1000 hPa to 500 hPa thickness: 5773.00
Precipitable water [mm] for entire sounding: 52.63
</PRE>
<P>Description of the 
<A HREF="/upperair/columns.html">data columns</A>
or <A HREF="/upperair/indices.html">sounding indices</A>.

<P>
<FORM>
<INPUT CLASS="button" TYPE="button" VALUE=" Close this window " 
 onClick="window.close();">
<INPUT CLASS="button" TYPE="button" VALUE=" Select another map " 
 onClick="window.blur();">
</FORM>
<HR SIZE="1">
<I>Interested in graduate studies in atmospheric science?
Check out our program at the
<a href="http://www.uwyo.edu/atsc/howtoapply/"
target=_top>University of Wyoming
</a></I>
<HR SIZE="1"><FONT SIZE="-1">
Questions about the weather data provided by this site can be
addressed to <A HREF="mailto:ldoolman@uwyo.edu">
Larry Oolman (ldoolman@uwyo.edu)</A></FONT>
<HR SIZE="1">
<SCRIPT TYPE="text/javascript">
<!--
window.focus();
// -->
</SCRIPT>
</BODY>
</HTML>
