2017-03-10 12
<HTML>
<TITLE>University of Wyoming - Radiosonde Data</TITLE>
<LINK REL="StyleSheet" HREF="/resources/select.css" TYPE="text/css">
<BODY BGCOLOR="white">
<H2>97180 WAAA Ujung Pandang Observations at 00Z 10 Mar 2017</H2>
<PRE>
-----------------------------------------------------------------------------
   PRES   HGHT   TEMP   DWPT   RELH   MIXR   DRCT   SKNT   THTA   THTE   THTV
    hPa     m      C      C      %    g/kg    deg   knot     K      K      K 
-----------------------------------------------------------------------------
 1009.0     14   23.8   22.0     90  16.81      0      0  296.2  344.8  299.2
 1007.0     31   23.8   20.4     81  15.23     13      1  296.4  340.4  299.1
 1005.0     49   24.0   20.4     80  15.26     27      2  296.7  340.9  299.4
 1000.0     93   25.8   18.8     65  13.85     60      5  298.9  339.5  301.4
  999.0    102   26.2   19.2     65  14.22     59      5  299.4  341.2  302.0
  996.0    128   27.0   19.0     62  14.09     57      5  300.5  342.0  303.0
  977.0    297   25.7   19.0     66  14.34     40      5  300.8  343.2  303.4
  944.0    598   23.3   18.9     76  14.81      5      4  301.4  345.2  304.1
  926.0    767   22.0   18.9     83  15.08    318      5  301.7  346.4  304.4
  925.0    776   21.8   18.8     83  15.00    315      5  301.6  346.0  304.3
  912.0    899   21.0   18.1     83  14.53    310      5  302.0  345.1  304.6
  881.0   1198   19.1   16.3     84  13.43    295      3  303.1  343.1  305.5
  851.0   1499   17.3   14.6     84  12.39    240      2  304.1  341.3  306.4
  850.0   1509   17.2   14.5     84  12.36    240      2  304.1  341.2  306.4
  800.0   2024   13.8   11.5     86  10.76    217      4  305.8  338.4  307.8
  765.0   2399   11.5    8.0     79   8.85    200      5  307.3  334.4  309.0
  751.0   2554   10.6    6.5     76   8.15    203      6  307.9  333.0  309.4
  714.0   2974   10.0    0.0     50   5.39    212      8  311.8  328.9  312.8
  701.0   3126    9.2   -0.8     50   5.18    215      9  312.5  329.1  313.5
  700.0   3138    9.0   -1.0     50   5.11    215      9  312.4  328.7  313.4
  692.0   3233    8.6    3.6     71   7.21    224      8  313.0  335.8  314.4
  688.0   3281    8.2    4.0     75   7.46    228      7  313.1  336.6  314.5
  686.0   3305    8.1    4.2     77   7.61    230      7  313.2  337.2  314.7
  683.0   3342    8.0    4.6     79   7.85    232      7  313.5  338.2  315.0
  679.0   3390    8.0    3.0     71   7.04    236      7  314.0  336.4  315.4
  673.0   3464    8.8    0.8     57   6.06    241      6  315.7  335.2  316.9
  662.0   3600    8.0   -0.1     57   5.79    250      6  316.3  334.9  317.4
  655.0   3688    7.4   -0.6     57   5.62    246      7  316.6  334.8  317.7
  650.0   3751    7.2   -5.8     39   3.84    243      7  317.1  329.7  317.8
  638.0   3904    6.6   -4.4     45   4.35    235      8  318.1  332.4  318.9
  629.0   4020    5.8   -5.2     45   4.15    240      8  318.5  332.2  319.3
  621.0   4125    5.6  -13.4     24   2.20    244      8  319.4  326.9  319.8
  593.0   4501    3.2  -18.8     18   1.47    260      8  320.9  326.0  321.1
  556.0   5020    0.0  -11.0     43   2.99    290     10  323.0  333.2  323.6
  550.0   5106   -0.7  -11.2     45   2.97    295     10  323.2  333.4  323.8
  530.0   5399   -2.9  -11.9     50   2.90    280      9  324.0  333.9  324.5
  510.0   5704   -5.3  -12.7     56   2.84    305     11  324.7  334.5  325.2
  505.0   5782   -5.9  -12.9     58   2.82    315     10  324.9  334.6  325.4
  500.0   5860   -6.1  -12.1     63   3.04    325      9  325.5  336.0  326.1
  492.0   5986   -6.3   -7.8     89   4.35    352      6  326.8  341.6  327.7
  491.0   6001   -6.4   -7.9     89   4.33    355      6  326.9  341.6  327.7
  473.0   6290   -8.2   -9.2     93   4.06     50      8  328.2  342.1  329.0
  441.0   6831  -11.5  -11.6     99   3.59     54     10  330.6  343.1  331.3
  437.0   6900  -11.9  -12.1     99   3.49     55     10  330.9  343.1  331.6
  400.0   7570  -15.9  -16.7     94   2.60     45     10  334.2  343.6  334.8
  388.0   7799  -17.2  -18.8     88   2.24     40     12  335.4  343.5  335.8
  359.0   8382  -20.7  -24.2     73   1.51     69     11  338.3  344.0  338.6
  358.0   8402  -20.9  -24.4     73   1.49     70     11  338.4  344.0  338.7
  330.0   8996  -25.4  -29.4     69   1.02     50     15  340.1  344.0  340.3
  303.0   9618  -30.1  -34.8     64   0.66     70     17  341.8  344.4  341.9
  300.0   9690  -30.7  -35.4     63   0.63     70     18  342.0  344.5  342.1
  289.0   9953  -33.3  -36.7     71   0.57     73     20  341.9  344.2  342.1
  271.0  10399  -36.5  -43.5     48   0.30     78     25  343.6  344.9  343.7
  255.0  10816  -39.9  -44.9     59   0.28     83     29  344.6  345.8  344.7
  250.0  10950  -41.3                          85     30  344.5         344.5
  200.0  12420  -53.3                         105     40  348.2         348.2
  195.0  12578  -54.8                         105     41  348.4         348.4
  152.0  14131  -69.1                          91     48  349.5         349.5
  150.0  14210  -70.1                          90     48  349.1         349.1
  137.0  14741  -74.3                          87     53  350.9         350.9
  131.0  14998  -76.0                          85     56  352.4         352.4
  126.0  15222  -77.5                          85     65  353.6         353.6
  124.0  15313  -77.9                          85     68  354.5         354.5
  122.0  15406  -78.3                          81     63  355.4         355.4
  118.0  15597  -75.1                          74     54  364.7         364.7
  113.0  15847  -73.9                          65     42  371.5         371.5
  101.0  16493  -77.6                          40     11  376.5         376.5
  100.0  16550  -77.9                          35      8  377.0         377.0
   96.0  16784  -79.8                         285      5  377.6         377.6
   94.2  16892  -80.7                         260      7  378.0         378.0
   91.0  17090  -78.0                         230      9  387.1         387.1
   90.9  17097  -77.9                         230      9  387.4         387.4
   84.7  17503  -79.5                         251      8  392.1         392.1
   82.0  17689  -79.1                         260      8  396.4         396.4
   78.0  17977  -78.6                         305      9  403.3         403.3
   74.0  18280  -78.0                         250     15  410.7         410.7
   71.0  18518  -77.5                         239     14  416.6         416.6
   70.0  18600  -76.9                         235     14  419.6         419.6
   63.0  19212  -74.9                          40      7  436.8         436.8
   60.0  19496  -74.0                          15     13  445.0         445.0
   57.0  19794  -73.0                           0     20  453.7         453.7
   55.5  19949  -72.5                         348     16  458.4         458.4
   54.0  20111  -70.9                         335     11  465.7         465.7
   52.2  20312  -68.9                         298     13  474.8         474.8
   50.0  20570  -68.7                         250     16  481.2         481.2
   47.0  20939  -68.7                         180      9  489.8         489.8
   46.5  21002  -68.7                         175      8  491.3         491.3
   44.0  21336  -65.1                         150      2  507.8         507.8
   42.1  21603  -62.3                         311      4  521.2         521.2
   42.0  21618  -62.3                         320      4  521.7         521.7
   40.0  21921  -61.5                         290     13  530.9         530.9
   36.0  22575  -59.9                         285     19  551.4         551.4
   33.0  23115  -58.5                         245     16  568.9         568.9
   31.8  23345  -57.9                         259     18  576.5         576.5
   30.0  23710  -58.1                         280     20  585.7         585.7
   27.0  24370  -59.6                         250     16  599.4         599.4
   26.4  24511  -59.9                         235     12  602.4         602.4
   26.0  24607  -59.4                         225      9  606.4         606.4
   25.0  24854  -58.1                         285      6  617.0         617.0
   24.0  25111  -56.7                         305     12  628.2         628.2
   23.4  25270  -55.9                         296     11  635.2         635.2
   22.0  25663  -55.6                         275      7  647.4         647.4
   21.0  25959  -55.4                           0      1  656.8         656.8
   20.0  26270  -55.1                         300      2  666.8         666.8
   19.0  26597  -55.5                         320     12  675.5         675.5
   18.0  26941  -55.8                         295      7  684.9         684.9
   17.3  27194  -56.1                         342      7  691.8         691.8
   16.0  27694  -52.5                          75      6  719.1         719.1
   15.0  28109  -54.2                          95     26  727.0         727.0
   14.8  28195  -54.5                          92     27  728.7         728.7
   13.0  29039  -48.8                          60     32  775.8         775.8
   12.5  29294  -47.1                                     790.6         790.6
</PRE><H3>Station information and sounding indices</H3><PRE>
                         Station identifier: WAAA
                             Station number: 97180
                           Observation time: 170310/0000
                           Station latitude: -5.06
                          Station longitude: 119.55
                          Station elevation: 14.0
                            Showalter index: 0.30
                               Lifted index: -0.31
    LIFT computed using virtual temperature: -0.63
                                SWEAT index: 187.00
                                    K index: 27.80
                         Cross totals index: 20.60
                      Vertical totals index: 23.30
                        Totals totals index: 43.90
      Convective Available Potential Energy: 8.09
             CAPE using virtual temperature: 27.96
                      Convective Inhibition: -72.35
             CINS using virtual temperature: -66.03
                           Equilibrum Level: 495.75
 Equilibrum Level using virtual temperature: 493.92
                   Level of Free Convection: 782.47
             LFCT using virtual temperature: 799.26
                     Bulk Richardson Number: 1.07
          Bulk Richardson Number using CAPV: 3.68
  Temp [K] of the Lifted Condensation Level: 290.85
Pres [hPa] of the Lifted Condensation Level: 895.39
     Mean mixed layer potential temperature: 300.20
              Mean mixed layer mixing ratio: 14.46
              1000 hPa to 500 hPa thickness: 5767.00
Precipitable water [mm] for entire sounding: 49.59
</PRE>
<P>Description of the 
<A HREF="/upperair/columns.html">data columns</A>
or <A HREF="/upperair/indices.html">sounding indices</A>.

<P>
<FORM>
<INPUT CLASS="button" TYPE="button" VALUE=" Close this window " 
 onClick="window.close();">
<INPUT CLASS="button" TYPE="button" VALUE=" Select another map " 
 onClick="window.blur();">
</FORM>
<HR SIZE="1">
<I>Interested in graduate studies in atmospheric science?
Check out our program at the
<a href="http://www.uwyo.edu/atsc/howtoapply/"
target=_top>University of Wyoming
</a></I>
<HR SIZE="1"><FONT SIZE="-1">
Questions about the weather data provided by this site can be
addressed to <A HREF="mailto:ldoolman@uwyo.edu">
Larry Oolman (ldoolman@uwyo.edu)</A></FONT>
<HR SIZE="1">
<SCRIPT TYPE="text/javascript">
<!--
window.focus();
// -->
</SCRIPT>
</BODY>
</HTML>
