2016-11-25 00
<HTML>
<TITLE>University of Wyoming - Radiosonde Data</TITLE>
<LINK REL="StyleSheet" HREF="/resources/select.css" TYPE="text/css">
<BODY BGCOLOR="white">
<H2>97180 WAAA Ujung Pandang Observations at 00Z 25 Nov 2016</H2>
<PRE>
-----------------------------------------------------------------------------
   PRES   HGHT   TEMP   DWPT   RELH   MIXR   DRCT   SKNT   THTA   THTE   THTV
    hPa     m      C      C      %    g/kg    deg   knot     K      K      K 
-----------------------------------------------------------------------------
 1008.0     14   27.2   23.8     82  18.82    145      4  299.7  354.9  303.0
 1000.0     85   26.2   21.4     75  16.33     90      4  299.4  347.2  302.3
  976.0    299   25.2   20.5     75  15.78      0      1  300.4  346.9  303.3
  944.0    593   23.8   19.2     75  15.05    340      1  301.9  346.5  304.6
  925.0    772   23.0   18.4     75  14.62    345      2  302.8  346.3  305.5
  912.0    895   22.4   17.2     73  13.72    315      2  303.4  344.4  305.9
  881.0   1196   20.8   14.2     66  11.72    225      4  304.8  340.1  306.9
  851.0   1498   19.2   11.3     60   9.98    170      5  306.2  336.5  308.0
  850.0   1508   19.2   11.2     60   9.92    165      5  306.2  336.4  308.1
  822.0   1795   17.6    8.3     54   8.42    150      6  307.5  333.4  309.1
  808.0   1943   16.8    6.8     52   7.73    157      7  308.2  332.0  309.6
  777.0   2275   14.2    8.2     67   8.86    173      8  308.8  336.1  310.5
  700.0   3151    9.2    5.7     79   8.27    215     11  312.6  338.6  314.2
  639.0   3901    4.9    1.7     80   6.84    240     15  316.0  337.9  317.3
  624.0   4096    3.8    0.7     80   6.49    240     15  316.9  337.8  318.1
  616.0   4200    3.4    0.1     79   6.31    240     15  317.6  337.9  318.8
  594.0   4494    2.1   -1.5     77   5.81    215     14  319.4  338.4  320.5
  559.0   4984    0.0   -4.2     73   5.04    199      9  322.5  339.3  323.5
  531.0   5393   -2.4   -6.8     72   4.36    185      4  324.5  339.2  325.3
  511.0   5699   -4.1   -8.7     70   3.90    195      2  325.9  339.2  326.7
  504.0   5807   -5.1   -7.6     83   4.31    154      2  326.0  340.6  326.9
  501.0   5854   -5.5   -6.9     90   4.58    136      2  326.1  341.6  327.0
  500.0   5870   -5.7   -7.0     91   4.55    130      2  326.0  341.4  326.9
  499.0   5886   -5.5   -7.8     84   4.29    128      2  326.5  341.0  327.3
  492.0   5996   -5.5   -9.2     75   3.88    110      4  327.8  341.1  328.6
  486.0   6093   -5.5  -10.5     68   3.56    110      5  328.9  341.2  329.6
  438.0   6898  -10.8  -15.8     67   2.57    110     12  332.2  341.4  332.7
  435.0   6952  -11.1  -16.1     67   2.52    110     12  332.4  341.4  332.9
  408.0   7440  -13.9  -18.9     66   2.12    114      9  334.9  342.6  335.4
  400.0   7590  -14.7  -21.7     55   1.70    115      8  335.8  342.1  336.1
  394.0   7704  -15.3  -25.3     42   1.25    114      7  336.5  341.2  336.7
  374.0   8096  -17.8  -30.0     34   0.85    110      4  338.1  341.4  338.3
  366.0   8258  -18.9  -31.9     31   0.73     92      5  338.8  341.7  339.0
  359.0   8402  -19.8  -34.4     26   0.58     75      5  339.5  341.8  339.6
  357.0   8443  -20.1  -35.1     25   0.54     75      5  339.6  341.8  339.8
  354.0   8506  -20.7  -32.7     33   0.69     75      4  339.6  342.4  339.8
  352.0   8548  -21.1  -30.1     44   0.90     75      4  339.7  343.1  339.9
  351.0   8569  -21.1  -26.1     64   1.30     75      4  339.9  344.9  340.2
  345.0   8696  -22.2  -26.6     67   1.27     75      3  340.1  345.0  340.4
  338.0   8847  -23.5  -27.2     72   1.22     60      3  340.4  345.0  340.6
  320.0   9245  -25.9  -36.9     35   0.51     20      5  342.4  344.4  342.5
  318.0   9291  -26.2  -37.9     33   0.46     15      5  342.6  344.4  342.6
  308.0   9521  -27.9  -42.9     22   0.28     11      3  343.4  344.5  343.4
  305.0   9592  -28.6  -43.6     22   0.27     10      3  343.4  344.5  343.4
  300.0   9710  -29.7  -44.7     22   0.24     15      4  343.4  344.4  343.4
  295.0   9830  -30.7  -44.7     24   0.24     24      4  343.6  344.7  343.7
  292.0   9903  -31.3  -45.3     24   0.23     30      4  343.8  344.8  343.8
  291.0   9927  -31.5  -45.5     24   0.23     29      4  343.8  344.8  343.9
  288.0  10001  -31.9  -42.9     33   0.30     27      4  344.3  345.6  344.4
  287.0  10026  -32.1  -40.1     45   0.41     26      4  344.4  346.0  344.4
  281.0  10175  -33.1  -43.1     36   0.30     21      4  345.0  346.3  345.1
  268.0  10505  -35.7  -44.1     42   0.29     10      5  345.9  347.1  346.0
  257.0  10798  -38.0  -44.9     48   0.27    355      4  346.7  347.9  346.8
  250.0  10990  -39.5  -45.5     53   0.26    345      7  347.2  348.3  347.3
  248.0  11045  -39.9  -45.9     53   0.25    344      7  347.4  348.5  347.5
  235.0  11401  -42.9                         335      8  348.2         348.2
  225.0  11690  -45.3                          10     10  348.9         348.9
  215.0  11991  -47.9                          20     14  349.5         349.5
  200.0  12470  -51.9                          10     18  350.4         350.4
  178.0  13199  -58.4                          10     21  351.7         351.7
  162.0  13788  -63.6                          20     15  352.4         352.4
  150.0  14270  -67.9                          55     21  352.9         352.9
  147.0  14385  -68.8                          60     24  353.3         353.3
  100.0  16580  -86.9                          70     41  359.6         359.6
   90.2  17139  -90.5                          75     40  363.2         363.2
   87.2  17320  -89.7                          75     37  368.3         368.3
   86.0  17396  -86.5                          75     36  376.3         376.3
   85.5  17428  -85.1                          76     36  379.7         379.7
   82.0  17659  -84.2                          85     35  386.0         386.0
   80.6  17755  -83.9                          79     34  388.6         388.6
   74.9  18167  -79.5                          54     30  406.1         406.1
   73.0  18315  -75.5                          45     28  417.4         417.4
   72.7  18338  -74.9                          40     27  419.3         419.3
   70.0  18560  -72.7                         350     17  428.5         428.5
   68.5  18687  -72.1                         326     17  432.5         432.5
   66.0  18904  -72.6                         285     16  436.0         436.0
   63.0  19176  -73.2                         290     10  440.4         440.4
   60.0  19462  -73.9                         325      4  445.1         445.1
   59.1  19550  -74.1                         326      6  446.6         446.6
   57.1  19752  -69.7                         330     11  461.0         461.0
   57.0  19763  -69.6                         330     11  461.4         461.4
   51.0  20431  -66.1                         315      6  484.5         484.5
   50.0  20550  -65.5                         305      3  488.7         488.7
   49.0  20673  -65.3                         195      4  492.0         492.0
   47.0  20927  -65.0                         170      7  498.7         498.7
   46.7  20966  -64.9                         180      7  499.8         499.8
   45.0  21193  -63.9                         239      8  507.5         507.5
   44.0  21332  -61.4                         275      8  516.8         516.8
   42.6  21533  -57.9                         277     12  530.3         530.3
   40.0  21926  -60.0                         280     19  534.5         534.5
   37.0  22412  -62.7                         250     16  539.8         539.8
   36.8  22446  -62.9                         255     14  540.1         540.1
   35.7  22633  -60.9                         252     19  550.0         550.0
   33.0  23120  -62.6                         245     32  558.1         558.1
   32.5  23214  -62.9                         247     30  559.6         559.6
   30.0  23710  -60.7                         260     19  578.6         578.6
   29.0  23922  -59.8                         295     18  586.7         586.7
   25.7  24677  -56.5                         285     28  616.7         616.7
   24.3  25030  -57.3                         280     33  624.3         624.3
   23.0  25379  -54.5                         275     38  642.4         642.4
   21.0  25959  -54.2                         265     38  660.1         660.1
   20.0  26270  -54.1                         255     34  669.8         669.8
   19.8  26334  -53.9                                     672.4         672.4
</PRE><H3>Station information and sounding indices</H3><PRE>
                         Station identifier: WAAA
                             Station number: 97180
                           Observation time: 161125/0000
                           Station latitude: -5.06
                          Station longitude: 119.55
                          Station elevation: 14.0
                            Showalter index: 2.71
                               Lifted index: -1.71
    LIFT computed using virtual temperature: -1.91
                                SWEAT index: 146.39
                                    K index: 32.60
                         Cross totals index: 16.90
                      Vertical totals index: 24.90
                        Totals totals index: 41.80
      Convective Available Potential Energy: 147.40
             CAPE using virtual temperature: 225.26
                      Convective Inhibition: -122.41
             CINS using virtual temperature: -81.19
                           Equilibrum Level: 328.09
 Equilibrum Level using virtual temperature: 290.89
                   Level of Free Convection: 740.15
             LFCT using virtual temperature: 783.64
                     Bulk Richardson Number: 24.13
          Bulk Richardson Number using CAPV: 36.88
  Temp [K] of the Lifted Condensation Level: 292.82
Pres [hPa] of the Lifted Condensation Level: 915.74
     Mean mixed layer potential temperature: 300.29
              Mean mixed layer mixing ratio: 16.05
              1000 hPa to 500 hPa thickness: 5785.00
Precipitable water [mm] for entire sounding: 51.86
</PRE>
<P>Description of the 
<A HREF="/upperair/columns.html">data columns</A>
or <A HREF="/upperair/indices.html">sounding indices</A>.

<P>
<FORM>
<INPUT CLASS="button" TYPE="button" VALUE=" Close this window " 
 onClick="window.close();">
<INPUT CLASS="button" TYPE="button" VALUE=" Select another map " 
 onClick="window.blur();">
</FORM>
<HR SIZE="1">
<I>Interested in graduate studies in atmospheric science?
Check out our program at the
<a href="http://www.uwyo.edu/atsc/howtoapply/"
target=_top>University of Wyoming
</a></I>
<HR SIZE="1"><FONT SIZE="-1">
Questions about the weather data provided by this site can be
addressed to <A HREF="mailto:ldoolman@uwyo.edu">
Larry Oolman (ldoolman@uwyo.edu)</A></FONT>
<HR SIZE="1">
<SCRIPT TYPE="text/javascript">
<!--
window.focus();
// -->
</SCRIPT>
</BODY>
</HTML>
