2018-12-13 12
<HTML>
<TITLE>University of Wyoming - Radiosonde Data</TITLE>
<LINK REL="StyleSheet" HREF="/resources/select.css" TYPE="text/css">
<BODY BGCOLOR="white">
<H2>97180 WAAA Ujung Pandang Observations at 00Z 13 Dec 2018</H2>
<PRE>
-----------------------------------------------------------------------------
   PRES   HGHT   TEMP   DWPT   RELH   MIXR   DRCT   SKNT   THTA   THTE   THTV
    hPa     m      C      C      %    g/kg    deg   knot     K      K      K 
-----------------------------------------------------------------------------
 1010.0     14   26.6   24.7     89  19.86      0      0  298.9  357.1  302.4
 1009.0     23   27.2   20.2     66  15.00    344      0  299.6  343.6  302.3
 1000.0    100   26.4   21.8     76  16.75    195      3  299.6  348.7  302.6
  978.0    297   25.6   20.9     75  16.19    230      4  300.7  348.4  303.6
  954.0    517   24.8   19.9     74  15.59    270      5  302.0  348.2  304.8
  945.0    601   24.2   19.6     76  15.43    285      5  302.2  348.0  305.0
  925.0    789   22.8   18.9     79  15.09    285      7  302.6  347.5  305.4
  906.0    970   21.0   18.2     84  14.74    286      9  302.6  346.4  305.2
  850.0   1520   18.4   14.4     78  12.28    290     14  305.4  342.4  307.7
  781.0   2244   14.0   12.2     89  11.56    298     10  308.2  343.4  310.3
  767.0   2397   13.7   10.9     83  10.78    300      9  309.5  342.6  311.5
  739.0   2712   13.2    8.2     72   9.32    321      7  312.2  341.3  313.9
  714.0   3002   11.4    6.7     73   8.72    340      5  313.3  340.7  315.0
  700.0   3168   10.4    5.9     74   8.39    355      6  314.0  340.4  315.6
  689.0   3300    9.4    6.0     79   8.55      5      8  314.2  341.2  315.9
  679.0   3421    8.4    6.0     85   8.71      1      7  314.5  341.9  316.1
  664.0   3604    7.3    5.0     86   8.32    355      6  315.2  341.6  316.8
  640.0   3907    5.5    3.4     87   7.70    350      5  316.5  341.1  318.0
  617.0   4207    3.6    1.8     88   7.12    320      2  317.7  340.6  319.1
  614.0   4247    3.4    1.6     88   7.05    331      2  317.9  340.6  319.3
  595.0   4502    2.6   -0.9     78   6.06     40      2  319.8  339.6  321.0
  573.0   4806    0.8   -2.5     79   5.60     40      3  321.2  339.7  322.3
  563.0   4948    0.0   -3.2     79   5.40    106      3  321.9  339.7  322.9
  552.0   5105   -0.8   -4.7     75   4.91    180      2  322.7  339.1  323.7
  540.0   5281   -1.7   -6.4     70   4.41    164      4  323.7  338.5  324.6
  533.0   5385   -2.1   -9.1     59   3.62    154      5  324.4  336.8  325.1
  512.0   5703   -3.7  -17.7     33   1.87    125      9  326.2  332.9  326.6
  500.0   5890   -5.1  -18.1     35   1.85    130     10  326.8  333.3  327.1
  457.0   6591   -8.7  -33.7     11   0.49    106     18  330.8  332.7  330.9
  456.0   6607   -8.8  -33.8     11   0.48    105     18  330.9  332.7  330.9
  406.0   7496  -13.8  -39.7      9   0.30    120     21  335.5  336.7  335.5
  400.0   7610  -14.5  -40.5      9   0.28    115     21  336.1  337.2  336.1
  359.0   8418  -19.7  -35.7     23   0.51    115     14  339.6  341.7  339.7
  318.0   9302  -26.2  -45.8     14   0.20    115      7  342.5  343.4  342.6
  313.0   9417  -27.1  -47.1     13   0.18    130      8  342.9  343.6  342.9
  305.0   9602  -28.6  -43.1     23   0.28    155      9  343.4  344.6  343.4
  300.0   9720  -29.5  -40.5     34   0.37    155     10  343.7  345.2  343.8
  293.0   9886  -30.9  -40.3     39   0.39    160      7  344.0  345.6  344.1
  280.0  10205  -33.6  -39.9     53   0.42    265      5  344.6  346.4  344.7
  272.0  10409  -35.3  -39.7     64   0.45    260      6  345.0  346.9  345.1
  250.0  10990  -39.7  -47.7     42   0.21    245     10  346.9  347.8  346.9
  249.0  11017  -40.1  -47.1     47   0.22    245     10  346.7  347.7  346.8
  225.0  11689  -45.8                         235     11  348.1         348.1
  200.0  12470  -52.5                         265     12  349.5         349.5
  196.0  12596  -53.6                         265     12  349.7         349.7
  170.0  13487  -61.4                         245     12  351.3         351.3
  162.0  13788  -64.1                         210     10  351.7         351.7
  150.0  14270  -68.3                         185      9  352.2         352.2
  133.0  14973  -74.2                         130     18  354.0         354.0
  123.0  15429  -78.1                         126     23  354.9         354.9
  119.0  15615  -79.1                         125     25  356.5         356.5
  113.0  15905  -80.6                          85     35  358.9         358.9
  102.0  16479  -83.7                          75     40  363.7         363.7
  100.0  16590  -84.3                          75     42  364.6         364.6
   89.3  17212  -89.7                          85     46  365.8         365.8
   77.1  18006  -90.5                          95     64  379.9         379.9
   77.0  18013  -90.5                          95     64  380.0         380.0
   76.7  18034  -90.5                          94     63  380.4         380.4
   71.6  18406  -88.9                          84     54  391.4         391.4
   70.6  18483  -88.3                          81     52  394.2         394.2
   70.0  18530  -85.9                          80     51  400.3         400.3
   69.0  18611  -79.9                          85     48  414.8         414.8
   68.4  18659  -76.3                          87     48  423.6         423.6
   67.2  18762  -72.9                          90     48  433.1         433.1
   62.0  19239  -69.0                         105     47  451.9         451.9
   59.9  19442  -67.3                         101     46  460.1         460.1
   50.0  20530  -65.9                          80     43  487.8         487.8
   49.0  20652  -66.0                          80     40  490.4         490.4
   48.0  20777  -66.1                          73     34  493.0         493.0
   46.0  21036  -63.1                          60     22  506.1         506.1
   45.7  21076  -62.7                          47     20  508.2         508.2
   44.0  21310  -62.4                         335      8  514.4         514.4
   42.0  21596  -62.1                         275     21  522.1         522.1
   39.7  21943  -61.7                         269     34  531.6         531.6
   38.0  22210  -62.9                         265     44  535.2         535.2
   33.0  23069  -66.8                         250     31  547.0         547.0
   32.6  23144  -67.1                         250     29  548.0         548.0
   31.0  23450  -64.0                         265     13  564.4         564.4
   30.0  23650  -61.9                         320     10  575.3         575.3
   28.4  23990  -60.9                         324     10  587.2         587.2
   28.0  24080  -58.9                         325     10  595.2         595.2
   27.0  24310  -53.7                         298     18  615.9         615.9
   26.0  24555  -52.6                         270     27  625.6         625.6
   25.0  24810  -51.5                         250     19  635.8         635.8
   23.0  25352  -49.2                         270     10  658.0         658.0
   22.6  25466  -48.7                         280      9  662.8         662.8
   22.0  25643  -48.6                         295      8  668.2         668.2
   20.0  26270  -48.3                         280     21  687.6         687.6
   18.0  26963  -48.3                         265     33  708.6         708.6
   17.0  27340  -48.3                         270     34  720.2         720.2
   16.6  27496  -48.3                                     725.2         725.2
</PRE><H3>Station information and sounding indices</H3><PRE>
                         Station identifier: WAAA
                             Station number: 97180
                           Observation time: 181213/0000
                           Station latitude: -5.06
                          Station longitude: 119.55
                          Station elevation: 14.0
                            Showalter index: 0.81
                               Lifted index: -1.33
    LIFT computed using virtual temperature: -1.98
                                SWEAT index: 210.81
                                    K index: 33.40
                         Cross totals index: 19.50
                      Vertical totals index: 23.50
                        Totals totals index: 43.00
      Convective Available Potential Energy: 157.03
             CAPE using virtual temperature: 258.95
                      Convective Inhibition: -68.68
             CINS using virtual temperature: -52.97
                           Equilibrum Level: 268.47
 Equilibrum Level using virtual temperature: 267.39
                   Level of Free Convection: 782.92
             LFCT using virtual temperature: 798.41
                     Bulk Richardson Number: 66.85
          Bulk Richardson Number using CAPV: 110.24
  Temp [K] of the Lifted Condensation Level: 292.90
Pres [hPa] of the Lifted Condensation Level: 914.02
     Mean mixed layer potential temperature: 300.53
              Mean mixed layer mixing ratio: 16.15
              1000 hPa to 500 hPa thickness: 5790.00
Precipitable water [mm] for entire sounding: 54.46
</PRE>
<P>Description of the 
<A HREF="/upperair/columns.html">data columns</A>
or <A HREF="/upperair/indices.html">sounding indices</A>.

<P>
<FORM>
<INPUT CLASS="button" TYPE="button" VALUE=" Close this window " 
 onClick="window.close();">
<INPUT CLASS="button" TYPE="button" VALUE=" Select another map " 
 onClick="window.blur();">
</FORM>
<HR SIZE="1">
<I>Interested in graduate studies in atmospheric science?
Check out our program at the
<a href="http://www.uwyo.edu/atsc/howtoapply/"
target=_top>University of Wyoming
</a></I>
<HR SIZE="1"><FONT SIZE="-1">
Questions about the weather data provided by this site can be
addressed to <A HREF="mailto:ldoolman@uwyo.edu">
Larry Oolman (ldoolman@uwyo.edu)</A></FONT>
<HR SIZE="1">
<SCRIPT TYPE="text/javascript">
<!--
window.focus();
// -->
</SCRIPT>
</BODY>
</HTML>
