2016-04-29 00
<HTML>
<TITLE>University of Wyoming - Radiosonde Data</TITLE>
<LINK REL="StyleSheet" HREF="/resources/select.css" TYPE="text/css">
<BODY BGCOLOR="white">
<H2>97180 WAAA Ujung Pandang Observations at 00Z 29 Apr 2016</H2>
<PRE>
-----------------------------------------------------------------------------
   PRES   HGHT   TEMP   DWPT   RELH   MIXR   DRCT   SKNT   THTA   THTE   THTV
    hPa     m      C      C      %    g/kg    deg   knot     K      K      K 
-----------------------------------------------------------------------------
 1009.0     14   26.0   23.6     87  18.57      0      0  298.4  352.6  301.7
 1002.0     72   26.2   21.7     76  16.61    132      6  299.2  347.8  302.1
 1000.0     89   26.4   21.4     74  16.33    170      8  299.6  347.5  302.5
  976.0    305   26.6   19.6     65  14.94    160      7  301.8  346.1  304.5
  925.0    780   24.2   17.2     65  13.53    115     11  304.1  344.6  306.5
  912.0    904   23.9   16.5     63  13.09    110     13  304.9  344.3  307.3
  859.0   1426   22.4   13.4     57  11.37     88     12  308.7  343.5  310.8
  852.0   1498   21.8   12.8     57  11.00     85     12  308.7  342.5  310.8
  850.0   1518   21.6   12.6     57  10.90     90     12  308.8  342.2  310.8
  822.0   1802   19.7   11.4     59  10.38    105      9  309.7  341.7  311.6
  700.0   3165   10.4    5.5     72   8.16     70     11  314.0  339.7  315.5
  689.0   3297    9.4    5.0     74   7.97     65     13  314.3  339.5  315.8
  684.0   3357    9.0    4.7     74   7.89     63     13  314.5  339.5  316.0
  658.0   3678    8.4    0.4     57   6.02     54     11  317.3  336.8  318.5
  606.0   4352    4.2   -0.3     73   6.22     34      9  320.0  340.3  321.2
  595.0   4501    3.5   -2.6     64   5.34     30      8  320.9  338.4  321.9
  582.0   4680    2.6   -5.4     56   4.42     33      8  321.9  336.6  322.7
  576.0   4764    1.8   -2.7     72   5.48     34      8  321.9  340.0  322.9
  573.0   4805    1.6   -3.4     69   5.23     35      8  322.1  339.5  323.2
  552.0   5105    0.2   -8.3     53   3.73     75      5  323.9  336.6  324.7
  549.0   5149    0.0   -9.0     51   3.54     77      6  324.2  336.3  324.9
  541.0   5266   -0.7  -11.7     43   2.90     83      8  324.7  334.7  325.3
  532.0   5400   -1.8   -9.5     56   3.53     90     10  324.9  337.0  325.6
  525.0   5505   -2.7   -7.7     68   4.10     89     10  325.1  339.0  325.9
  500.0   5890   -4.7   -8.5     75   4.05     85     12  327.2  341.1  328.1
  482.0   6179   -6.5   -8.8     84   4.10     71     14  328.5  342.6  329.3
  474.0   6308   -7.2   -9.7     82   3.90     65     15  329.2  342.7  330.0
  457.0   6591   -8.6  -11.6     79   3.48     80     12  330.8  343.0  331.5
  422.0   7208  -11.8  -15.7     73   2.69     50     13  334.4  344.0  334.9
  409.0   7450  -13.1  -17.3     71   2.42     53     17  335.7  344.5  336.2
  404.0   7544  -13.7  -20.7     56   1.83     54     19  336.1  342.9  336.5
  400.0   7620  -14.3  -19.3     66   2.09     55     20  336.3  343.9  336.7
  387.0   7870  -16.1  -19.2     77   2.18     60     19  337.1  345.1  337.6
  360.0   8401  -19.8  -23.1     75   1.66     70     16  339.2  345.4  339.5
  306.0   9595  -28.2  -31.9     71   0.87     70     15  343.5  346.9  343.7
  301.0   9716  -29.1  -32.8     70   0.81     62     14  343.9  347.1  344.1
  300.0   9740  -29.3  -33.3     68   0.77     60     14  344.0  347.0  344.1
  274.0  10378  -35.1  -36.4     88   0.62     48      8  344.6  347.1  344.7
  269.0  10506  -35.8  -39.0     72   0.49     45      7  345.4  347.4  345.6
  268.0  10532  -35.9  -39.5     69   0.46     47      7  345.6  347.5  345.7
  250.0  11010  -39.5  -44.2     61   0.30     85     12  347.2  348.5  347.3
  248.0  11065  -40.1  -44.3     64   0.30     88     12  347.1  348.4  347.2
  247.0  11092  -40.3                          90     12  347.2         347.2
  216.0  11987  -47.5                          95     11  349.5         349.5
  200.0  12500  -51.7                         130     13  350.7         350.7
  188.0  12887  -54.6                         155     20  352.4         352.4
  155.0  14095  -63.6                         165     10  357.0         357.0
  150.0  14300  -65.1                         165      6  357.7         357.7
  148.0  14378  -65.7                         180      5  358.1         358.1
  141.0  14660  -67.8                         255     12  359.5         359.5
  109.0  16158  -78.8                         260     12  366.1         366.1
  103.0  16488  -81.2                         245     12  367.4         367.4
  100.0  16660  -82.5                         220      9  368.1         368.1
   98.0  16772  -83.1                         200      9  369.0         369.0
   93.0  17061  -84.8                         190     10  371.3         371.3
   89.2  17291  -86.1                         160     10  373.1         373.1
   88.0  17366  -85.9                         140     11  375.0         375.0
   80.3  17869  -84.3                         122     23  388.2         388.2
   74.5  18281  -86.3                         106     32  392.4         392.4
   74.0  18319  -85.0                         105     33  395.9         395.9
   72.7  18417  -81.5                         100     27  405.3         405.3
   70.8  18566  -80.3                          93     18  410.9         410.9
   70.0  18630  -78.3                          90     14  416.6         416.6
   69.2  18696  -75.1                          64     12  424.8         424.8
   67.3  18858  -72.7                           0      8  433.4         433.4
   67.0  18885  -72.8                         350      7  433.8         433.8
   64.0  19153  -73.3                           5      5  438.3         438.3
   63.1  19236  -73.5                         357      6  439.7         439.7
   60.0  19534  -70.7                         330      9  452.3         452.3
   57.7  19765  -68.5                          12      8  462.3         462.3
   57.0  19838  -68.6                          25      8  463.7         463.7
   52.0  20386  -69.4                          20     16  474.3         474.3
   50.0  20620  -69.7                          40     15  478.8         478.8
   47.0  20987  -70.8                          80     27  484.8         484.8
   43.0  21514  -72.3                          88     37  493.5         493.5
   38.3  22201  -68.7                          99     51  519.3         519.3
   38.0  22249  -68.3                         100     52  521.3         521.3
   33.0  23111  -62.1                          80     48  559.3         559.3
   32.1  23280  -60.9                          67     35  567.0         567.0
   32.0  23300  -60.5                          65     34  568.7         568.7
   30.7  23562  -54.5                          14     19  591.6         591.6
   30.0  23710  -53.1                         345     11  599.3         599.3
   29.0  23929  -52.2                         270     20  607.7         607.7
   26.9  24414  -50.1                         252     23  626.7         626.7
   25.0  24886  -52.0                         235     26  634.6         634.6
   24.1  25123  -52.9                         222     16  638.5         638.5
   24.0  25150  -52.8                         220     15  639.6         639.6
   22.0  25712  -50.9                         295     12  661.5         661.5
   20.7  26106  -49.5                         292     15  677.2         677.2
   20.0  26330  -49.3                         290     17  684.5         684.5
   18.0  27018  -50.3                         280     14  702.2         702.2
   17.0  27391  -50.9                         280     17  712.0         712.0
   16.6  27546  -51.1                                     716.1         716.1
</PRE><H3>Station information and sounding indices</H3><PRE>
                         Station identifier: WAAA
                             Station number: 97180
                           Observation time: 160429/0000
                           Station latitude: -5.06
                          Station longitude: 119.55
                          Station elevation: 14.0
                            Showalter index: 1.32
                               Lifted index: -0.44
    LIFT computed using virtual temperature: -0.70
                                SWEAT index: 187.21
                                    K index: 34.00
                         Cross totals index: 17.30
                      Vertical totals index: 26.30
                        Totals totals index: 43.60
      Convective Available Potential Energy: 22.29
             CAPE using virtual temperature: 45.57
                      Convective Inhibition: -326.52
             CINS using virtual temperature: -244.92
                           Equilibrum Level: 438.01
 Equilibrum Level using virtual temperature: 430.28
                   Level of Free Convection: 537.31
             LFCT using virtual temperature: 686.16
                     Bulk Richardson Number: 2.16
          Bulk Richardson Number using CAPV: 4.42
  Temp [K] of the Lifted Condensation Level: 291.95
Pres [hPa] of the Lifted Condensation Level: 898.07
     Mean mixed layer potential temperature: 301.07
              Mean mixed layer mixing ratio: 15.50
              1000 hPa to 500 hPa thickness: 5801.00
Precipitable water [mm] for entire sounding: 53.08
</PRE>
<P>Description of the 
<A HREF="/upperair/columns.html">data columns</A>
or <A HREF="/upperair/indices.html">sounding indices</A>.

<P>
<FORM>
<INPUT CLASS="button" TYPE="button" VALUE=" Close this window " 
 onClick="window.close();">
<INPUT CLASS="button" TYPE="button" VALUE=" Select another map " 
 onClick="window.blur();">
</FORM>
<HR SIZE="1">
<I>Interested in graduate studies in atmospheric science?
Check out our program at the
<a href="http://www.uwyo.edu/atsc/howtoapply/"
target=_top>University of Wyoming
</a></I>
<HR SIZE="1"><FONT SIZE="-1">
Questions about the weather data provided by this site can be
addressed to <A HREF="mailto:ldoolman@uwyo.edu">
Larry Oolman (ldoolman@uwyo.edu)</A></FONT>
<HR SIZE="1">
<SCRIPT TYPE="text/javascript">
<!--
window.focus();
// -->
</SCRIPT>
</BODY>
</HTML>
