2018-08-04 00
<HTML>
<TITLE>University of Wyoming - Radiosonde Data</TITLE>
<LINK REL="StyleSheet" HREF="/resources/select.css" TYPE="text/css">
<BODY BGCOLOR="white">
<H2>97180 WAAA Ujung Pandang Observations at 00Z 04 Aug 2018</H2>
<PRE>
-----------------------------------------------------------------------------
   PRES   HGHT   TEMP   DWPT   RELH   MIXR   DRCT   SKNT   THTA   THTE   THTV
    hPa     m      C      C      %    g/kg    deg   knot     K      K      K 
-----------------------------------------------------------------------------
 1012.0     14   22.6   20.7     89  15.44      0      0  294.7  339.1  297.5
 1000.0    114   23.8   19.3     76  14.30    115      5  296.9  338.5  299.5
  995.0    158   24.0   19.0     74  14.10    111      5  297.6  338.6  300.1
  979.0    300   23.2   18.3     74  13.70    100      5  298.2  338.2  300.6
  946.0    599   21.6   16.8     74  12.87    145      6  299.5  337.3  301.8
  925.0    795   20.6   15.8     74  12.35    115      7  300.4  336.8  302.6
  882.0   1205   18.6   12.7     68  10.55     60      6  302.4  334.0  304.4
  881.0   1214   18.6   12.6     68  10.51     60      6  302.5  333.9  304.4
  850.0   1520   16.2   11.2     72   9.92     70     11  303.1  332.9  304.9
  823.0   1795   14.5   10.3     76   9.68     55      8  304.1  333.3  305.9
  800.0   2036   13.0    9.6     80   9.46     35      6  305.0  333.6  306.7
  794.0   2099   13.1    7.1     67   8.02     30      6  305.7  330.2  307.2
  769.0   2370   13.4   -3.6     31   3.83    328      7  308.9  321.1  309.6
  766.0   2402   13.3   -5.2     27   3.41    320      7  309.1  320.1  309.8
  761.0   2458   13.2   -7.8     22   2.81    318      8  309.6  318.7  310.1
  757.0   2502   13.2   -9.8     19   2.41    317      9  310.1  318.0  310.5
  755.0   2524   13.0  -10.0     19   2.38    316      9  310.1  317.9  310.5
  753.0   2547   12.8    0.8     44   5.41    315     10  310.1  327.2  311.1
  749.0   2592   12.4    4.4     58   7.05    314     11  310.1  332.1  311.4
  720.0   2924   11.2    1.2     50   5.83    302     17  312.3  330.9  313.4
  714.0   2994   10.8   -1.9     41   4.69    300     18  312.6  327.7  313.5
  700.0   3159    9.8   -9.2     25   2.73    310     17  313.3  322.4  313.8
  690.0   3278    9.0  -18.0     13   1.35    307     15  313.7  318.4  314.0
  669.0   3533    7.4  -24.6      8   0.78    302     12  314.7  317.5  314.8
  663.0   3607    7.0  -22.7     10   0.94    300     11  315.0  318.4  315.2
  646.0   3820    5.8  -17.2     17   1.54    318      7  316.0  321.4  316.3
  639.0   3909    5.5  -17.6     17   1.52    325      6  316.6  321.9  316.9
  638.0   3922    5.4  -17.6     17   1.51    325      6  316.7  322.0  317.0
  636.0   3948    5.2  -15.8     20   1.76    325      6  316.8  322.8  317.1
  633.0   3986    4.8   -7.2     41   3.54    325      6  316.7  328.4  317.4
  632.0   3999    4.6   -2.4     60   5.10    325      6  316.7  333.2  317.6
  594.0   4501    1.0   -2.7     76   5.30    325      7  318.1  335.4  319.1
  584.0   4639    0.0   -2.8     81   5.36    331      8  318.5  336.0  319.6
  572.0   4805   -0.5   -6.5     64   4.13    338     10  319.8  333.6  320.6
  551.0   5103   -2.1   -8.6     61   3.64    350     13  321.3  333.6  322.0
  531.0   5397   -3.8  -10.7     59   3.21     10      9  322.8  333.7  323.4
  527.0   5457   -4.1  -11.1     58   3.13     16      9  323.1  333.7  323.7
  508.0   5746   -5.9  -12.9     58   2.80     43     11  324.3  334.0  324.9
  500.0   5870   -6.7   -9.7     79   3.68     55     12  324.8  337.3  325.5
  495.0   5948   -7.1  -13.1     62   2.83     58     14  325.2  335.0  325.8
  491.0   6011   -7.4  -12.1     69   3.09     60     15  325.6  336.2  326.2
  488.0   6059   -7.7  -11.4     75   3.30     59     15  325.8  337.2  326.5
  482.0   6154   -8.3   -9.3     92   3.94     56     15  326.3  339.7  327.0
  455.0   6599   -9.2  -16.7     54   2.28     45     17  330.5  338.6  331.0
  453.0   6633   -9.3  -17.3     52   2.19     47     17  330.8  338.7  331.3
  421.0   7191  -12.9  -22.1     46   1.55     80     15  333.2  338.9  333.5
  400.0   7580  -15.5  -25.5     42   1.21     85     11  334.8  339.3  335.0
  396.0   7656  -15.9  -26.9     38   1.07     90     10  335.2  339.3  335.4
  389.0   7789  -16.8  -28.3     37   0.96    100      7  335.7  339.4  335.9
  358.0   8409  -21.2  -34.6     29   0.57    150      9  337.9  340.2  338.1
  349.0   8599  -22.5  -36.5     27   0.48    133      9  338.6  340.5  338.7
  330.0   9003  -26.3  -37.7     33   0.45     95     10  338.9  340.7  339.0
  300.0   9690  -32.7  -39.7     50   0.41    100     16  339.2  340.8  339.2
  291.0   9902  -34.6  -39.1     64   0.45     95     19  339.4  341.2  339.5
  286.0  10023  -35.7  -38.7     74   0.47     90     21  339.5  341.4  339.6
  265.0  10546  -39.9  -43.3     70   0.31     70     32  340.9  342.2  340.9
  255.0  10806  -42.0                          60     37  341.5         341.5
  250.0  10940  -43.1                          60     41  341.9         341.9
  213.0  11995  -51.3                          50     52  345.1         345.1
  200.0  12410  -54.5                          45     54  346.3         346.3
  176.0  13197  -60.8                          45     55  348.8         348.8
  150.0  14180  -68.7                          65     66  351.6         351.6
  145.0  14376  -70.1                          70     67  352.6         352.6
  112.0  15865  -80.5                         115     40  360.1         360.1
  105.0  16237  -83.1                         115     42  361.9         361.9
  100.0  16510  -80.7                         100     47  371.6         371.6
   98.3  16607  -79.7                          93     41  375.3         375.3
   95.2  16792  -72.7                          81     29  392.5         392.5
   92.8  16942  -71.9                          72     19  396.9         396.9
   90.7  17078  -67.5                          63     11  408.3         408.3
   90.0  17125  -67.7                          60      8  408.9         408.9
   86.0  17396  -68.6                         295     19  412.3         412.3
   74.6  18244  -71.5                         290     14  423.3         423.3
   74.0  18292  -71.5                         290     14  424.4         424.4
   70.0  18620  -71.3                         260     10  431.5         431.5
   67.0  18881  -71.3                         210      3  437.1         437.1
   64.0  19153  -71.2                          75      6  442.9         442.9
   57.0  19842  -71.1                          65     18  458.1         458.1
   54.8  20078  -68.1                          77     24  470.1         470.1
   50.0  20630  -69.5                         105     39  479.3         479.3
   49.0  20749  -70.3                         110     42  480.1         480.1
   48.8  20774  -70.5                         110     42  480.3         480.3
   46.2  21097  -69.5                         104     47  490.2         490.2
   41.9  21685  -63.1                          93     54  520.0         520.0
   39.0  22127  -62.1                          85     60  533.2         533.2
   31.7  23405  -59.3                          89     63  573.3         573.3
   30.0  23750  -56.9                          90     64  588.9         588.9
   25.1  24898  -51.4                          90     64  635.6         635.6
   25.0  24924  -51.2                          90     64  636.7         636.7
   23.5  25323  -49.3                          90     40  653.7         653.7
   22.0  25758  -47.3                          90     14  672.1         672.1
   21.0  26066  -45.9                         145     14  685.3         685.3
   20.6  26193  -45.3                         145     18  690.9         690.9
   20.0  26390  -45.5                         145     23  696.1         696.1
   19.0  26729  -46.9                         140     26  702.0         702.0
   18.0  27087  -48.4                         140     13  708.2         708.2
   17.7  27198  -48.9                                     710.1         710.1
</PRE><H3>Station information and sounding indices</H3><PRE>
                         Station identifier: WAAA
                             Station number: 97180
                           Observation time: 180804/0000
                           Station latitude: -5.06
                          Station longitude: 119.55
                          Station elevation: 14.0
                            Showalter index: 3.29
                               Lifted index: 0.93
    LIFT computed using virtual temperature: 0.83
                                SWEAT index: 168.39
                                    K index: 15.10
                         Cross totals index: 17.90
                      Vertical totals index: 22.90
                        Totals totals index: 40.80
      Convective Available Potential Energy: 0.00
             CAPE using virtual temperature: 0.00
                      Convective Inhibition: 0.00
             CINS using virtual temperature: 0.00
                     Bulk Richardson Number: 0.00
          Bulk Richardson Number using CAPV: 0.00
  Temp [K] of the Lifted Condensation Level: 290.68
Pres [hPa] of the Lifted Condensation Level: 919.75
     Mean mixed layer potential temperature: 297.73
              Mean mixed layer mixing ratio: 13.92
              1000 hPa to 500 hPa thickness: 5756.00
Precipitable water [mm] for entire sounding: 40.66
</PRE>
<P>Description of the 
<A HREF="/upperair/columns.html">data columns</A>
or <A HREF="/upperair/indices.html">sounding indices</A>.

<P>
<FORM>
<INPUT CLASS="button" TYPE="button" VALUE=" Close this window " 
 onClick="window.close();">
<INPUT CLASS="button" TYPE="button" VALUE=" Select another map " 
 onClick="window.blur();">
</FORM>
<HR SIZE="1">
<I>Interested in graduate studies in atmospheric science?
Check out our program at the
<a href="http://www.uwyo.edu/atsc/howtoapply/"
target=_top>University of Wyoming
</a></I>
<HR SIZE="1"><FONT SIZE="-1">
Questions about the weather data provided by this site can be
addressed to <A HREF="mailto:ldoolman@uwyo.edu">
Larry Oolman (ldoolman@uwyo.edu)</A></FONT>
<HR SIZE="1">
<SCRIPT TYPE="text/javascript">
<!--
window.focus();
// -->
</SCRIPT>
</BODY>
</HTML>
