2017-09-22 00
<HTML>
<TITLE>University of Wyoming - Radiosonde Data</TITLE>
<LINK REL="StyleSheet" HREF="/resources/select.css" TYPE="text/css">
<BODY BGCOLOR="white">
<H2>97180 WAAA Ujung Pandang Observations at 00Z 22 Sep 2017</H2>
<PRE>
-----------------------------------------------------------------------------
   PRES   HGHT   TEMP   DWPT   RELH   MIXR   DRCT   SKNT   THTA   THTE   THTV
    hPa     m      C      C      %    g/kg    deg   knot     K      K      K 
-----------------------------------------------------------------------------
 1009.0     14   26.4   23.6     85  18.57      0      0  298.8  353.1  302.1
 1000.0     91   26.8   20.8     70  15.73    135      4  299.9  346.2  302.8
  992.0    162   26.8   20.8     70  15.86    128      4  300.6  347.4  303.5
  977.0    296   25.9   20.1     71  15.43    115      3  301.0  346.6  303.8
  925.0    777   22.6   17.7     74  13.97    100     12  302.4  343.9  304.9
  912.0    901   21.4   17.2     77  13.69    105     16  302.4  343.1  304.9
  901.0   1007   20.4   16.7     79  13.45    103     18  302.4  342.4  304.9
  850.0   1513   18.6   12.6     68  10.90     95     27  305.6  338.6  307.6
  794.0   2096   15.2   10.7     74  10.27     95     27  308.0  339.4  309.9
  769.0   2369   13.6    9.8     78   9.99     95     24  309.1  339.8  311.0
  765.0   2413   14.6    9.6     72   9.90     95     24  310.6  341.3  312.5
  740.0   2695   14.6    3.6     48   6.74     95     21  313.6  335.0  314.9
  700.0   3164   11.0    2.0     54   6.36     95     16  314.6  334.9  315.8
  689.0   3296   10.1    0.9     53   5.97    105     15  315.1  334.2  316.2
  653.0   3742    7.2   -2.8     49   4.79    120     15  316.6  332.3  317.6
  602.0   4407    1.2   -1.4     83   5.77    142     15  317.2  335.8  318.3
  577.0   4749    0.0   -1.8     88   5.85    153     15  319.6  338.7  320.8
  573.0   4805   -0.3   -2.0     89   5.82    155     15  319.9  338.9  321.0
  531.0   5414   -3.5   -3.7     99   5.51    111     11  323.1  341.4  324.2
  512.0   5702   -5.1   -5.6     96   4.94     90      9  324.6  341.1  325.6
  500.0   5890   -6.1   -6.9     94   4.59     95     11  325.5  341.0  326.4
  484.0   6144   -7.3  -10.4     78   3.60     93     13  327.1  339.5  327.8
  453.0   6655  -11.9  -12.3     97   3.30     89     17  327.6  339.0  328.2
  442.0   6842  -13.1  -13.2     99   3.15     88     18  328.4  339.3  329.0
  434.0   6981  -14.1  -14.2     99   2.95     87     19  328.8  339.1  329.4
  424.0   7158  -14.3  -17.0     80   2.39     85     21  330.8  339.3  331.2
  422.0   7194  -13.9  -18.4     69   2.14     85     21  331.7  339.4  332.1
  421.0   7212  -13.5  -19.5     61   1.95     85     21  332.5  339.5  332.9
  415.0   7321  -13.1  -16.3     77   2.59     82     21  334.3  343.6  334.9
  400.0   7600  -14.9  -19.0     71   2.14     75     20  335.5  343.3  336.0
  358.0   8432  -20.5  -27.5     54   1.12     75     29  338.8  343.1  339.1
  345.0   8704  -22.1  -38.0     22   0.42     75     32  340.3  342.0  340.4
  335.0   8921  -23.3  -46.3     10   0.18     78     32  341.5  342.3  341.5
  309.0   9508  -27.7  -54.7      6   0.07     87     30  343.3  343.6  343.3
  300.0   9720  -29.1  -49.1     13   0.15     90     30  344.2  344.9  344.3
  257.0  10800  -39.1  -47.1     43   0.22    100     21  345.0  345.9  345.1
  254.0  10882  -39.9  -46.9     47   0.22     98     20  345.0  346.0  345.1
  250.0  10990  -40.9                          95     19  345.1         345.1
  225.0  11689  -47.1                          60     28  346.1         346.1
  200.0  12470  -54.1                          60     33  346.9         346.9
  188.0  12864  -57.7                          57     33  347.3         347.3
  178.0  13205  -59.5                          55     33  349.9         349.9
  166.0  13641  -61.7                          69     32  353.2         353.2
  150.0  14260  -67.5                          90     30  353.6         353.6
  146.0  14420  -68.9                          95     30  353.9         353.9
  135.0  14884  -73.1                          97     34  354.5         354.5
  127.0  15239  -75.9                          98     38  355.7         355.7
  119.0  15614  -75.7                         100     41  362.8         362.8
  114.0  15861  -75.5                          78     31  367.6         367.6
  108.0  16170  -77.2                          50     19  370.2         370.2
  100.0  16610  -79.5                          45     21  373.9         373.9
   99.2  16655  -79.9                          50     22  374.0         374.0
   97.0  16783  -79.3                          50     23  377.5         377.5
   92.0  17085  -77.9                          75     12  386.1         386.1
   88.0  17339  -76.7                         206     14  393.4         393.4
   87.0  17404  -76.8                         240     15  394.5         394.5
   83.0  17674  -77.2                         250     30  399.0         399.0
   78.4  18002  -77.7                         257     30  404.5         404.5
   72.2  18478  -73.1                         268     30  423.9         423.9
   71.0  18577  -72.8                         270     30  426.6         426.6
   70.0  18660  -72.5                         270     32  428.9         428.9
   65.3  19070  -72.5                         254     38  437.6         437.6
   64.0  19190  -71.3                         250     40  442.7         442.7
   61.5  19427  -68.9                         254     37  453.1         453.1
   52.3  20400  -69.3                         270     24  473.6         473.6
   50.0  20670  -68.3                         275     20  482.1         482.1
   45.9  21183  -68.5                         307     10  493.6         493.6
   45.0  21303  -67.5                         315      8  498.7         498.7
   43.0  21578  -65.4                          20     12  510.6         510.6
   42.4  21664  -64.7                          17     13  514.3         514.3
   41.0  21869  -64.6                          10     16  519.4         519.4
   39.0  22175  -64.5                          35     14  527.1         527.1
   37.0  22497  -64.4                          80     16  535.3         535.3
   34.4  22942  -64.3                          88     25  547.0         547.0
   32.0  23390  -61.6                          95     33  565.6         565.6
   30.1  23769  -59.3                          86     44  581.8         581.8
   30.0  23790  -58.7                          85     45  584.0         584.0
   28.0  24221  -58.9                          95     53  595.0         595.0
   24.9  24954  -59.3                          92     59  614.2         614.2
   22.4  25615  -58.9                          88     64  634.3         634.3
   20.0  26330  -55.1                          85     69  666.8         666.8
   19.0  26660  -53.8                          85     70  680.8         680.8
   18.9  26694  -53.6                          85     70  682.2         682.2
   17.3  27264  -51.3                          85     66  707.1         707.1
   16.0  27774  -50.4                          85     63  726.1         726.1
   14.0  28646  -48.8                          65     53  759.7         759.7
   13.9  28693  -48.7                                     761.5         761.5
</PRE><H3>Station information and sounding indices</H3><PRE>
                         Station identifier: WAAA
                             Station number: 97180
                           Observation time: 170922/0000
                           Station latitude: -5.06
                          Station longitude: 119.55
                          Station elevation: 14.0
                            Showalter index: 1.38
                               Lifted index: -1.90
    LIFT computed using virtual temperature: -2.07
                                SWEAT index: 216.20
                                    K index: 28.30
                         Cross totals index: 18.70
                      Vertical totals index: 24.70
                        Totals totals index: 43.40
      Convective Available Potential Energy: 267.47
             CAPE using virtual temperature: 314.39
                      Convective Inhibition: -158.86
             CINS using virtual temperature: -97.53
                           Equilibrum Level: 354.36
 Equilibrum Level using virtual temperature: 258.15
                   Level of Free Convection: 647.00
             LFCT using virtual temperature: 673.44
                     Bulk Richardson Number: 14.72
          Bulk Richardson Number using CAPV: 17.30
  Temp [K] of the Lifted Condensation Level: 292.25
Pres [hPa] of the Lifted Condensation Level: 904.82
     Mean mixed layer potential temperature: 300.74
              Mean mixed layer mixing ratio: 15.67
              1000 hPa to 500 hPa thickness: 5799.00
Precipitable water [mm] for entire sounding: 51.89
</PRE>
<P>Description of the 
<A HREF="/upperair/columns.html">data columns</A>
or <A HREF="/upperair/indices.html">sounding indices</A>.

<P>
<FORM>
<INPUT CLASS="button" TYPE="button" VALUE=" Close this window " 
 onClick="window.close();">
<INPUT CLASS="button" TYPE="button" VALUE=" Select another map " 
 onClick="window.blur();">
</FORM>
<HR SIZE="1">
<I>Interested in graduate studies in atmospheric science?
Check out our program at the
<a href="http://www.uwyo.edu/atsc/howtoapply/"
target=_top>University of Wyoming
</a></I>
<HR SIZE="1"><FONT SIZE="-1">
Questions about the weather data provided by this site can be
addressed to <A HREF="mailto:ldoolman@uwyo.edu">
Larry Oolman (ldoolman@uwyo.edu)</A></FONT>
<HR SIZE="1">
<SCRIPT TYPE="text/javascript">
<!--
window.focus();
// -->
</SCRIPT>
</BODY>
</HTML>
