2017-05-14 00
<HTML>
<TITLE>University of Wyoming - Radiosonde Data</TITLE>
<LINK REL="StyleSheet" HREF="/resources/select.css" TYPE="text/css">
<BODY BGCOLOR="white">
<H2>97180 WAAA Ujung Pandang Observations at 00Z 14 May 2017</H2>
<PRE>
-----------------------------------------------------------------------------
   PRES   HGHT   TEMP   DWPT   RELH   MIXR   DRCT   SKNT   THTA   THTE   THTV
    hPa     m      C      C      %    g/kg    deg   knot     K      K      K 
-----------------------------------------------------------------------------
 1009.0     14   25.4   24.1     93  19.15      0      0  297.8  353.6  301.2
 1008.0     22   24.4   22.9     91  17.80      3      0  296.9  348.5  300.0
 1003.0     64   26.0   23.0     84  18.00     17      2  298.9  351.6  302.1
 1000.0     89   26.2   22.6     81  17.61     25      3  299.4  351.0  302.5
  985.0    222   26.2   22.5     80  17.77      3      4  300.6  353.1  303.8
  976.0    303   25.6   22.0     80  17.36    350      4  300.9  352.1  304.0
  944.0    595   23.6   20.1     80  15.92    315      3  301.7  348.9  304.6
  925.0    773   22.4   18.9     81  15.09    125      1  302.2  347.0  304.9
  912.0    895   21.6   18.4     82  14.82    110      6  302.6  346.6  305.2
  865.0   1353   18.4   16.5     89  13.84    102     18  303.9  345.3  306.4
  854.0   1464   19.2   16.8     86  14.30    101     21  305.8  348.9  308.5
  850.0   1504   19.2   16.3     83  13.91    100     22  306.2  348.2  308.8
  821.0   1799   17.3   14.8     85  13.08     95     18  307.3  347.0  309.7
  765.0   2398   13.5   11.8     90  11.52     85     10  309.4  344.8  311.6
  739.0   2692   11.6   10.4     92  10.80    100      7  310.4  343.8  312.5
  731.0   2784   11.0    9.9     93  10.58     81      6  310.8  343.5  312.7
  712.0   3004   10.6    8.3     86   9.75     35      5  312.7  343.1  314.5
  700.0   3146   10.4    7.3     81   9.25     20      5  314.0  343.0  315.7
  687.0   3302    9.7    6.5     80   8.91     25      4  314.9  343.1  316.6
  665.0   3572    8.6    5.1     79   8.35     43      5  316.6  343.2  318.2
  663.0   3597    8.4    5.0     79   8.32     45      5  316.7  343.2  318.2
  639.0   3897    6.3    3.8     84   7.91    130      2  317.6  343.0  319.2
  571.0   4815    0.0    0.0    100   6.75    114      7  320.6  342.6  321.9
  500.0   5870   -4.7   -4.7    100   5.43     95     12  327.2  345.6  328.3
  486.0   6094   -5.7   -5.7    100   5.18     95     15  328.7  346.3  329.7
  457.0   6577   -7.9   -8.0     99   4.61     95     21  331.8  347.7  332.7
  456.0   6595   -8.0   -8.1     99   4.59     95     21  331.9  347.7  332.8
  438.0   6908   -9.7   -9.8     99   4.17    100     26  333.5  348.1  334.4
  432.0   7015  -10.5  -10.9     97   3.88    101     28  333.8  347.4  334.6
  423.0   7177  -14.3  -19.1     67   2.01    104     30  331.0  338.2  331.4
  404.0   7525  -17.1  -26.1     46   1.13    109     36  331.7  335.9  332.0
  400.0   7600  -16.5  -28.5     35   0.92    110     37  333.5  336.9  333.6
  389.0   7810  -16.5  -31.2     27   0.73    115     35  336.1  338.9  336.3
  388.0   7829  -16.5  -31.5     26   0.71    115     35  336.4  339.1  336.5
  382.0   7947  -15.3  -26.3     38   1.18    116     35  339.4  343.9  339.7
  329.0   9054  -25.3  -30.3     63   0.94    122     34  340.5  344.2  340.7
  319.0   9278  -27.1  -31.4     67   0.87    123     33  341.0  344.4  341.2
  308.0   9531  -27.5  -31.0     72   0.94    125     33  343.9  347.6  344.1
  305.0   9601  -27.9  -31.3     73   0.93    125     33  344.2  347.9  344.4
  300.0   9720  -28.7  -31.7     75   0.90    125     32  344.8  348.4  345.0
  250.0  11000  -37.9  -40.9     73   0.43     65     23  349.6  351.4  349.7
  242.0  11223  -39.9  -43.1     71   0.35     57     26  349.8  351.3  349.9
  236.0  11390  -41.4                          50     29  350.1         350.1
  200.0  12490  -51.3                          45     31  351.4         351.4
  188.0  12884  -55.2                          45     31  351.4         351.4
  180.0  13161  -57.9                          51     33  351.3         351.3
  155.0  14079  -65.6                          70     38  353.5         353.5
  150.0  14280  -67.3                          70     36  354.0         354.0
  114.0  15864  -78.7                         105     24  361.7         361.7
  108.0  16176  -80.9                          95     18  363.1         363.1
  102.0  16506  -83.3                          55      6  364.5         364.5
  100.0  16620  -84.1                          55      5  365.0         365.0
   98.9  16681  -84.1                          91      5  366.1         366.1
   97.3  16773  -79.9                         145      5  376.0         376.0
   97.0  16790  -79.9                         155      5  376.3         376.3
   92.0  17090  -80.3                         190     18  381.2         381.2
   87.0  17406  -80.8                         195     19  386.5         386.5
   83.0  17672  -81.2                         245     22  391.0         391.0
   81.4  17782  -81.3                         243     20  392.8         392.8
   78.0  18023  -80.2                         240     16  399.9         399.9
   77.6  18052  -80.1                         238     16  400.7         400.7
   73.9  18333  -74.3                         217     17  418.6         418.6
   71.0  18567  -74.5                         200     17  423.1         423.1
   70.0  18650  -74.5                         195     16  424.7         424.7
   69.0  18734  -74.3                         197     15  426.9         426.9
   67.0  18906  -73.6                         200     12  432.0         432.0
   61.9  19370  -71.7                         255     13  446.1         446.1
   61.0  19457  -71.4                         265     13  448.6         448.6
   60.7  19486  -71.3                         265     14  449.5         449.5
   59.0  19656  -65.7                         267     17  465.7         465.7
   56.8  19888  -64.3                         269     21  473.9         473.9
   50.0  20660  -68.5                         275     36  481.6         481.6
   48.4  20854  -68.9                         270     34  485.2         485.2
   45.0  21291  -67.8                         265     16  498.0         498.0
   44.6  21344  -67.7                         270     16  499.6         499.6
   43.0  21568  -64.7                         290     17  512.3         512.3
   40.8  21889  -60.3                         284     22  530.9         530.9
   37.9  22349  -58.9                         276     28  545.8         545.8
   32.6  23281  -64.1                         260     41  556.0         556.0
   32.0  23395  -64.0                         260     43  559.2         559.2
   30.0  23790  -63.7                         250     40  570.4         570.4
   29.0  23999  -63.0                         240     36  577.9         577.9
   28.6  24084  -62.7                         230     29  581.0         581.0
   28.0  24216  -60.7                         215     18  590.0         590.0
   27.1  24420  -57.7                         151     14  604.0         604.0
   26.0  24683  -55.3                          70     10  618.0         618.0
   25.9  24708  -55.1                          70     11  619.3         619.3
   24.0  25189  -56.8                          75     32  628.0         628.0
   21.0  26033  -59.8                         115     34  643.4         643.4
   20.9  26063  -59.9                         113     34  643.9         643.9
   20.0  26340  -57.1                          95     35  660.6         660.6
   19.8  26404  -56.5                                     664.4         664.4
</PRE><H3>Station information and sounding indices</H3><PRE>
                         Station identifier: WAAA
                             Station number: 97180
                           Observation time: 170514/0000
                           Station latitude: -5.06
                          Station longitude: 119.55
                          Station elevation: 14.0
                            Showalter index: -1.00
                               Lifted index: -2.12
    LIFT computed using virtual temperature: -2.27
                                SWEAT index: 251.62
                                    K index: 37.10
                         Cross totals index: 21.00
                      Vertical totals index: 23.90
                        Totals totals index: 44.90
      Convective Available Potential Energy: 533.02
             CAPE using virtual temperature: 607.94
                      Convective Inhibition: -25.10
             CINS using virtual temperature: -17.36
                           Equilibrum Level: 261.14
 Equilibrum Level using virtual temperature: 262.09
                   Level of Free Convection: 870.81
             LFCT using virtual temperature: 883.65
                     Bulk Richardson Number: 60.37
          Bulk Richardson Number using CAPV: 68.85
  Temp [K] of the Lifted Condensation Level: 294.36
Pres [hPa] of the Lifted Condensation Level: 932.36
     Mean mixed layer potential temperature: 300.33
              Mean mixed layer mixing ratio: 17.36
              1000 hPa to 500 hPa thickness: 5781.00
Precipitable water [mm] for entire sounding: 63.46
</PRE>
<P>Description of the 
<A HREF="/upperair/columns.html">data columns</A>
or <A HREF="/upperair/indices.html">sounding indices</A>.

<P>
<FORM>
<INPUT CLASS="button" TYPE="button" VALUE=" Close this window " 
 onClick="window.close();">
<INPUT CLASS="button" TYPE="button" VALUE=" Select another map " 
 onClick="window.blur();">
</FORM>
<HR SIZE="1">
<I>Interested in graduate studies in atmospheric science?
Check out our program at the
<a href="http://www.uwyo.edu/atsc/howtoapply/"
target=_top>University of Wyoming
</a></I>
<HR SIZE="1"><FONT SIZE="-1">
Questions about the weather data provided by this site can be
addressed to <A HREF="mailto:ldoolman@uwyo.edu">
Larry Oolman (ldoolman@uwyo.edu)</A></FONT>
<HR SIZE="1">
<SCRIPT TYPE="text/javascript">
<!--
window.focus();
// -->
</SCRIPT>
</BODY>
</HTML>
