2018-11-22 00
<HTML>
<TITLE>University of Wyoming - Radiosonde Data</TITLE>
<LINK REL="StyleSheet" HREF="/resources/select.css" TYPE="text/css">
<BODY BGCOLOR="white">
<H2>97180 WAAA Ujung Pandang Observations at 00Z 22 Nov 2018</H2>
<PRE>
-----------------------------------------------------------------------------
   PRES   HGHT   TEMP   DWPT   RELH   MIXR   DRCT   SKNT   THTA   THTE   THTV
    hPa     m      C      C      %    g/kg    deg   knot     K      K      K 
-----------------------------------------------------------------------------
 1011.0     14   26.2   24.0     88  19.00      0      0  298.4  353.9  301.8
 1003.0     82   27.0   21.0     70  15.88     62      2  299.9  346.6  302.7
 1000.0    108   27.0   21.0     70  15.93     85      3  300.1  347.0  303.0
  979.0    295   25.6   20.4     73  15.70     25      4  300.6  346.8  303.4
  946.0    596   23.3   19.5     79  15.33    280      3  301.2  346.5  303.9
  925.0    794   21.8   18.9     84  15.09    260      8  301.6  346.3  304.3
  919.0    851   21.4   18.5     84  14.81    258      8  301.8  345.6  304.4
  850.0   1529   17.6   12.8     73  11.04    235      8  304.6  337.8  306.6
  822.0   1813   15.8   10.9     73  10.06    224      8  305.6  336.1  307.4
  802.0   2022   15.6    5.6     51   7.16    216      9  307.5  329.7  308.9
  758.0   2495   12.6    1.6     47   5.70    198     10  309.3  327.2  310.4
  739.0   2706   11.1    3.6     60   6.73    190     10  309.9  330.9  311.1
  731.0   2797   10.4    4.4     66   7.22    192      9  310.1  332.6  311.5
  709.0   3050    9.6   -0.4     50   5.27    198      6  311.9  328.7  312.9
  700.0   3155    8.8    0.8     57   5.83    200      5  312.2  330.7  313.3
  656.0   3690    5.8    0.8     70   6.22    182      7  314.7  334.5  315.8
  639.0   3903    4.6   -0.3     70   5.89    175      8  315.7  334.6  316.8
  617.0   4188    3.1   -1.8     70   5.47    165      6  317.1  334.8  318.1
  594.0   4496    1.4   -3.4     71   5.04    110      7  318.6  335.1  319.5
  576.0   4746    0.0   -4.7     71   4.71    122      7  319.8  335.3  320.7
  572.0   4802   -0.4   -4.7     73   4.74    125      7  319.9  335.6  320.9
  565.0   4900   -1.1   -4.7     77   4.80    118      7  320.2  336.1  321.2
  553.0   5072   -1.7   -7.7     64   3.90    107      7  321.5  334.6  322.3
  531.0   5394   -2.8   -9.9     58   3.41     85      8  323.9  335.5  324.6
  514.0   5652   -3.7  -11.7     54   3.05     47      5  325.9  336.4  326.5
  511.0   5698   -4.1  -11.3     57   3.16     40      5  326.0  336.9  326.6
  500.0   5870   -5.5  -10.0     71   3.60     35      3  326.3  338.6  327.0
  494.0   5965   -6.3  -10.1     74   3.61     45      4  326.4  338.8  327.1
  473.0   6303   -8.5  -14.5     62   2.63     80      6  327.8  337.0  328.3
  464.0   6453   -9.5  -16.5     57   2.28     70      6  328.3  336.4  328.8
  455.0   6604  -10.4  -19.2     48   1.85     60      5  329.1  335.7  329.4
  454.0   6621  -10.5  -19.5     48   1.81     61      5  329.1  335.6  329.5
  452.0   6655  -10.3  -21.3     40   1.55     63      5  329.8  335.4  330.1
  448.0   6723  -10.5  -18.5     52   2.00     66      5  330.4  337.5  330.8
  447.0   6741  -10.7  -15.4     68   2.60     67      5  330.3  339.5  330.9
  443.0   6810  -11.1  -15.9     68   2.51     71      4  330.7  339.6  331.2
  441.0   6845  -11.3  -16.1     68   2.48     72      4  330.9  339.7  331.4
  438.0   6897  -11.3  -19.2     52   1.92     75      4  331.5  338.4  331.9
  437.0   6915  -11.3  -20.3     47   1.75     72      4  331.7  338.1  332.1
  436.0   6932  -11.3  -26.3     28   1.03     70      4  331.9  335.8  332.1
  421.0   7200  -12.5  -30.4     21   0.73     30      3  333.7  336.5  333.8
  405.0   7496  -13.9  -34.9     15   0.49     35      4  335.6  337.6  335.7
  400.0   7590  -14.5  -29.5     27   0.83     25      5  336.1  339.3  336.2
  390.0   7781  -15.9  -32.9     22   0.62      7      5  336.7  339.1  336.8
  389.0   7800  -16.0  -33.2     21   0.60      5      5  336.8  339.1  336.9
  386.0   7859  -16.3  -34.3     20   0.55    359      5  337.1  339.3  337.2
  383.0   7917  -16.7  -26.7     42   1.13    353      5  337.4  341.6  337.6
  374.0   8093  -18.1  -26.7     47   1.16    335      5  337.8  342.2  338.0
  340.0   8798  -23.7  -26.8     76   1.26    319      7  339.5  344.3  339.8
  336.0   8885  -24.3  -27.1     78   1.24    317      8  339.8  344.6  340.1
  332.0   8972  -24.9  -31.9     52   0.80    315      8  340.2  343.3  340.3
  331.0   8994  -25.0  -31.9     53   0.80    315      8  340.3  343.4  340.4
  325.0   9126  -25.9  -31.9     57   0.82    321      8  340.9  344.1  341.1
  320.0   9238  -26.7  -38.7     31   0.42    327      8  341.3  343.0  341.4
  304.0   9606  -29.5  -36.2     52   0.57    345      7  342.3  344.6  342.5
  302.0   9653  -29.9  -35.9     56   0.59    343      8  342.5  344.9  342.6
  300.0   9700  -30.5  -36.5     56   0.56    340      8  342.3  344.5  342.4
  292.0   9891  -32.0  -38.9     50   0.45    335      8  342.8  344.7  342.9
  283.0  10113  -33.7  -41.7     44   0.35    349      8  343.4  344.9  343.5
  279.0  10212  -34.5  -44.0     38   0.28    355      8  343.7  344.9  343.8
  275.0  10313  -35.3  -46.3     32   0.22      6      7  343.9  344.9  344.0
  268.0  10491  -36.9  -47.9     31   0.19     25      6  344.2  345.0  344.2
  255.0  10835  -39.9  -50.9     30   0.14     25      7  344.6  345.3  344.7
  250.0  10970  -41.3                          25      7  344.5         344.5
  224.0  11698  -47.3                          55     20  346.3         346.3
  200.0  12450  -53.5                          65     33  347.9         347.9
  155.0  14033  -66.9                         103     27  351.3         351.3
  153.0  14111  -67.5                         105     27  351.6         351.6
  150.0  14230  -68.5                         105     26  351.9         351.9
  136.0  14806  -73.7                          94     26  352.7         352.7
  132.0  14979  -75.2                          90     26  353.1         353.1
  130.0  15067  -75.9                          91     27  353.3         353.3
  126.0  15247  -74.5                          93     29  359.0         359.0
  113.0  15870  -76.5                         100     36  366.7         366.7
  101.0  16513  -78.5                          75     22  374.7         374.7
  100.0  16570  -78.7                          75     21  375.4         375.4
   78.0  17967  -83.8                         140     13  392.5         392.5
   76.9  18047  -84.1                         135     13  393.4         393.4
   74.0  18264  -80.7                         115     14  405.0         405.0
   71.4  18466  -77.5                          86     13  415.9         415.9
   70.0  18580  -76.3                          70     12  420.8         420.8
   68.4  18714  -74.7                          52     12  427.1         427.1
   66.0  18921  -75.2                          25     13  430.4         430.4
   63.0  19191  -75.8                          35      9  434.7         434.7
   60.0  19473  -76.5                         105     13  439.3         439.3
   57.6  19710  -77.1                          97     20  443.1         443.1
   54.0  20082  -76.5                          85     32  452.9         452.9
   52.1  20289  -76.1                          90     41  458.4         458.4
   50.0  20530  -70.7                          95     52  476.5         476.5
   49.0  20651  -69.0                          95     57  483.4         483.4
   47.2  20875  -65.7                          90     51  496.4         496.4
   44.9  21180  -62.1                          83     43  512.2         512.2
   44.0  21305  -62.0                          80     40  515.4         515.4
   42.0  21592  -61.9                          80     47  522.7         522.7
   40.0  21894  -61.7                          70     33  530.5         530.5
   38.1  22194  -61.5                          79     21  538.4         538.4
   38.0  22210  -61.4                          80     20  539.1         539.1
   36.0  22548  -58.8                         120     24  554.0         554.0
   35.0  22724  -57.5                         135     19  562.0         562.0
   33.0  23092  -58.5                         115     14  569.0         569.0
   31.0  23484  -59.5                         180      5  576.4         576.4
   30.0  23690  -57.5                         190     18  587.3         587.3
   27.0  24356  -56.4                         220     19  608.3         608.3
   26.7  24427  -56.3                         211     18  610.6         610.6
   26.0  24597  -54.5                         190     15  620.2         620.2
   25.6  24696  -53.5                         192     17  625.9         625.9
   25.0  24848  -53.2                         195     19  630.9         630.9
   24.0  25111  -52.8                         160     15  639.5         639.5
   23.7  25192  -52.7                         179     15  642.2         642.2
   23.0  25387  -50.1                         225     14  655.5         655.5
   22.8  25444  -49.3                         228     14  659.4         659.4
   20.0  26300  -50.1                         270     17  682.1         682.1
   19.0  26635  -50.0                         285     21  692.4         692.4
   16.1  27717  -49.7                         290     32  727.0         727.0
   16.0                                       290     32                     
</PRE><H3>Station information and sounding indices</H3><PRE>
                         Station identifier: WAAA
                             Station number: 97180
                           Observation time: 181122/0000
                           Station latitude: -5.06
                          Station longitude: 119.55
                          Station elevation: 14.0
                            Showalter index: 2.31
                               Lifted index: -1.42
    LIFT computed using virtual temperature: -1.76
                                SWEAT index: 172.60
                                    K index: 27.90
                         Cross totals index: 18.30
                      Vertical totals index: 23.10
                        Totals totals index: 41.40
      Convective Available Potential Energy: 296.00
             CAPE using virtual temperature: 430.78
                      Convective Inhibition: -49.87
             CINS using virtual temperature: -26.74
                           Equilibrum Level: 227.88
 Equilibrum Level using virtual temperature: 227.96
                   Level of Free Convection: 762.93
             LFCT using virtual temperature: 846.99
                     Bulk Richardson Number: 62.82
          Bulk Richardson Number using CAPV: 91.43
  Temp [K] of the Lifted Condensation Level: 292.68
Pres [hPa] of the Lifted Condensation Level: 913.61
     Mean mixed layer potential temperature: 300.35
              Mean mixed layer mixing ratio: 15.94
              1000 hPa to 500 hPa thickness: 5762.00
Precipitable water [mm] for entire sounding: 48.24
</PRE>
<P>Description of the 
<A HREF="/upperair/columns.html">data columns</A>
or <A HREF="/upperair/indices.html">sounding indices</A>.

<P>
<FORM>
<INPUT CLASS="button" TYPE="button" VALUE=" Close this window " 
 onClick="window.close();">
<INPUT CLASS="button" TYPE="button" VALUE=" Select another map " 
 onClick="window.blur();">
</FORM>
<HR SIZE="1">
<I>Interested in graduate studies in atmospheric science?
Check out our program at the
<a href="http://www.uwyo.edu/atsc/howtoapply/"
target=_top>University of Wyoming
</a></I>
<HR SIZE="1"><FONT SIZE="-1">
Questions about the weather data provided by this site can be
addressed to <A HREF="mailto:ldoolman@uwyo.edu">
Larry Oolman (ldoolman@uwyo.edu)</A></FONT>
<HR SIZE="1">
<SCRIPT TYPE="text/javascript">
<!--
window.focus();
// -->
</SCRIPT>
</BODY>
</HTML>
