2018-09-12 12
<HTML>
<TITLE>University of Wyoming - Radiosonde Data</TITLE>
<LINK REL="StyleSheet" HREF="/resources/select.css" TYPE="text/css">
<BODY BGCOLOR="white">
<H2>97180 WAAA Ujung Pandang Observations at 00Z 12 Sep 2018</H2>
<PRE>
-----------------------------------------------------------------------------
   PRES   HGHT   TEMP   DWPT   RELH   MIXR   DRCT   SKNT   THTA   THTE   THTV
    hPa     m      C      C      %    g/kg    deg   knot     K      K      K 
-----------------------------------------------------------------------------
 1012.0     14   23.0   18.2     74  13.17      0      0  295.1  333.1  297.5
 1011.0     22   24.4   18.4     69  13.35      5      0  296.6  335.4  299.0
 1003.0     86   23.6   16.6     65  11.98     49      1  296.5  331.3  298.6
 1000.0    110   24.0   17.0     65  12.34     65      1  297.1  333.1  299.4
  997.0    136   24.8   16.8     61  12.21     52      1  298.2  333.9  300.4
  979.0    297   25.4   15.5     54  11.42    330      1  300.3  334.1  302.4
  978.0    305   25.4   15.4     54  11.37    332      1  300.4  334.1  302.5
  946.0    597   23.9   12.1     48   9.43     45      4  301.8  329.9  303.5
  925.0    793   22.8    9.8     44   8.28     75      6  302.6  327.6  304.1
  883.0   1194   19.6    8.3     48   7.82    100      2  303.4  327.0  304.8
  852.0   1502   17.2    7.1     51   7.47    275      1  303.9  326.6  305.3
  850.0   1522   17.0    7.0     52   7.44    270      1  303.9  326.6  305.3
  823.0   1795   14.9    6.5     57   7.43    160      5  304.5  327.2  305.9
  817.0   1857   14.4    6.4     59   7.43    167      5  304.6  327.3  306.0
  794.0   2095   12.9    3.1     51   6.05    195      5  305.6  324.2  306.7
  766.0   2394   11.1   -1.1     43   4.64    130      4  306.7  321.3  307.6
  733.0   2761    8.8   -6.2     34   3.30     88      4  308.1  318.7  308.7
  714.0   2978   10.2  -20.8      9   1.03     63      4  312.0  315.6  312.2
  712.0   3001   10.1  -21.5      9   0.97     60      4  312.1  315.5  312.3
  700.0   3141    9.4  -25.6      7   0.68     95      2  312.9  315.3  313.0
  698.0   3165    9.4  -26.6      6   0.63    108      2  313.1  315.4  313.2
  687.0   3296    8.8  -26.8      6   0.63    180      3  313.9  316.1  314.0
  673.0   3466    8.0  -27.0      6   0.63    162     10  314.8  317.1  314.9
  647.0   3791    8.8  -29.2      5   0.53    126     23  319.3  321.3  319.4
  639.0   3892    8.2  -29.9      5   0.50    115     27  319.7  321.6  319.8
  544.0   5201    0.0  -39.0      3   0.24    104     21  325.1  326.0  325.1
  511.0   5697   -3.8  -39.8      4   0.24    100     19  326.3  327.3  326.4
  500.0   5870   -5.1  -40.1      4   0.23    105     18  326.8  327.7  326.8
  473.0   6297   -7.5  -39.6      6   0.26    130     11  329.0  330.0  329.0
  438.0   6889  -10.9  -39.0      8   0.30    110     10  332.1  333.2  332.1
  420.0   7212  -12.7  -38.7      9   0.32    110     10  333.7  335.0  333.8
  400.0   7580  -15.9  -35.9     16   0.45    110     11  334.2  336.0  334.3
  393.0   7713  -17.1  -34.1     21   0.55    113     12  334.4  336.5  334.5
  358.0   8402  -21.8  -45.6     10   0.18    130     15  337.0  337.8  337.1
  324.0   9138  -26.9  -57.9      4   0.05    122     16  339.8  340.0  339.8
  300.0   9690  -31.7  -53.7      9   0.09    115     16  340.6  341.0  340.6
  291.0   9902  -33.6  -54.1     11   0.08    115     16  340.8  341.2  340.8
  288.0   9974  -34.3  -54.3     11   0.08    111     16  340.9  341.2  340.9
  256.0  10780  -40.1  -57.1     15   0.07     66     20  344.0  344.3  344.0
  255.0  10807  -40.3                          65     20  344.1         344.1
  250.0  10940  -41.3                          65     18  344.5         344.5
  234.0  11379  -45.0                          70     16  345.5         345.5
  213.0  12002  -50.2                         105     20  346.8         346.8
  200.0  12420  -53.7                          95     25  347.6         347.6
  165.0  13625  -64.5                          69     25  349.1         349.1
  160.0  13811  -66.0                          65     25  349.6         349.6
  150.0  14200  -69.3                          55     42  350.5         350.5
  144.0  14442  -70.9                          53     50  351.9         351.9
  138.0  14688  -71.8                          50     59  354.6         354.6
  124.0  15306  -74.1                          75     44  361.4         361.4
  106.0  16213  -77.5                          60      9  371.6         371.6
  101.0  16492  -78.5                         130      7  374.8         374.8
  100.0  16550  -78.7                         140      9  375.4         375.4
   96.0  16782  -79.8                         145     14  377.6         377.6
   93.0  16962  -80.7                         130     14  379.4         379.4
   91.0  17086  -79.5                         115     12  384.2         384.2
   86.0  17410  -76.2                         120      7  397.0         397.0
   84.4  17517  -75.1                         136      8  401.4         401.4
   82.0  17687  -74.2                         160     10  406.6         406.6
   74.0  18291  -70.8                         115     12  425.8         425.8
   72.0  18452  -69.9                         100     12  431.0         431.0
   70.0  18620  -70.5                          85     12  433.2         433.2
   67.0  18879  -72.3                          85     15  434.8         434.8
   66.0  18968  -72.9                          78     16  435.4         435.4
   63.0  19241  -72.6                          55     20  441.9         441.9
   60.0  19529  -72.3                          65     19  448.8         448.8
   57.0  19831  -71.9                         100     21  456.2         456.2
   56.7  19862  -71.9                          99     22  456.9         456.9
   52.7  20299  -66.1                          79     41  480.0         480.0
   52.0  20381  -65.7                          75     44  482.8         482.8
   50.0  20620  -64.5                          80     42  491.1         491.1
   41.0  21851  -58.4                          90     59  534.8         534.8
   40.6  21912  -58.1                          90     59  537.1         537.1
   39.5  22082  -57.3                          90     57  543.4         543.4
   36.4  22598  -57.7                          90     53  555.2         555.2
   32.5  23321  -51.9                          90     46  588.9         588.9
   32.0  23421  -51.6                          90     45  592.3         592.3
   30.0  23840  -50.5                          80     22  606.4         606.4
   28.0  24284  -53.0                          95     14  611.5         611.5
   27.0  24517  -54.3                          80      4  614.2         614.2
   25.4  24910  -56.5                         317      4  618.8         618.8
   25.0  25011  -57.1                         285      4  619.9         619.9
   24.6  25113  -57.7                         254      4  621.0         621.0
   24.1  25242  -58.1                         215      5  623.5         623.5
   23.4  25429  -54.7                         158      6  638.7         638.7
   23.0  25539  -54.8                         125      6  641.7         641.7
   22.0  25823  -54.9                          70     12  649.5         649.5
   21.9  25852  -54.9                                     650.3         650.3
</PRE><H3>Station information and sounding indices</H3><PRE>
                         Station identifier: WAAA
                             Station number: 97180
                           Observation time: 180912/0000
                           Station latitude: -5.06
                          Station longitude: 119.55
                          Station elevation: 14.0
                            Showalter index: 7.91
                               Lifted index: 4.78
    LIFT computed using virtual temperature: 4.24
                                SWEAT index: 103.99
                                    K index: -5.90
                         Cross totals index: 12.10
                      Vertical totals index: 22.10
                        Totals totals index: 34.20
      Convective Available Potential Energy: 0.00
             CAPE using virtual temperature: 0.00
                      Convective Inhibition: 0.00
             CINS using virtual temperature: 0.00
                     Bulk Richardson Number: 0.00
          Bulk Richardson Number using CAPV: 0.00
  Temp [K] of the Lifted Condensation Level: 286.72
Pres [hPa] of the Lifted Condensation Level: 860.66
     Mean mixed layer potential temperature: 299.30
              Mean mixed layer mixing ratio: 11.53
              1000 hPa to 500 hPa thickness: 5760.00
Precipitable water [mm] for entire sounding: 24.39
</PRE>
<P>Description of the 
<A HREF="/upperair/columns.html">data columns</A>
or <A HREF="/upperair/indices.html">sounding indices</A>.

<P>
<FORM>
<INPUT CLASS="button" TYPE="button" VALUE=" Close this window " 
 onClick="window.close();">
<INPUT CLASS="button" TYPE="button" VALUE=" Select another map " 
 onClick="window.blur();">
</FORM>
<HR SIZE="1">
<I>Interested in graduate studies in atmospheric science?
Check out our program at the
<a href="http://www.uwyo.edu/atsc/howtoapply/"
target=_top>University of Wyoming
</a></I>
<HR SIZE="1"><FONT SIZE="-1">
Questions about the weather data provided by this site can be
addressed to <A HREF="mailto:ldoolman@uwyo.edu">
Larry Oolman (ldoolman@uwyo.edu)</A></FONT>
<HR SIZE="1">
<SCRIPT TYPE="text/javascript">
<!--
window.focus();
// -->
</SCRIPT>
</BODY>
</HTML>
