2016-07-20 00
<HTML>
<TITLE>University of Wyoming - Radiosonde Data</TITLE>
<LINK REL="StyleSheet" HREF="/resources/select.css" TYPE="text/css">
<BODY BGCOLOR="white">
<H2>97180 WAAA Ujung Pandang Observations at 00Z 20 Jul 2016</H2>
<PRE>
-----------------------------------------------------------------------------
   PRES   HGHT   TEMP   DWPT   RELH   MIXR   DRCT   SKNT   THTA   THTE   THTV
    hPa     m      C      C      %    g/kg    deg   knot     K      K      K 
-----------------------------------------------------------------------------
 1009.0     14   24.4   23.1     92  18.00      0      0  296.8  349.0  300.0
 1000.0     89   26.4   21.5     74  16.44     95      6  299.6  347.8  302.5
  999.0     98   26.8   21.8     74  16.77     95      6  300.0  349.3  303.0
  977.0    293   25.6   20.6     74  15.89     95      8  300.7  347.6  303.6
  925.0    773   22.6   17.6     73  13.88     85     14  302.4  343.7  304.9
  881.0   1198   19.9   15.9     78  13.09     85     11  303.9  343.1  306.3
  851.0   1501   18.1   14.7     81  12.54     60      6  304.9  342.7  307.2
  850.0   1511   18.0   14.7     81  12.52     60      6  305.0  342.7  307.3
  831.0   1705   16.6   13.8     84  12.08     63      6  305.5  341.9  307.7
  822.0   1798   16.3   13.1     81  11.69     65      6  306.2  341.5  308.3
  783.0   2212   15.2   10.2     72  10.08     99      9  309.2  340.2  311.1
  766.0   2396   13.9    9.6     75   9.89    115     10  309.8  340.3  311.7
  707.0   3070    9.4    7.4     87   9.22    106      9  312.0  340.7  313.7
  700.0   3153    9.2    6.4     83   8.69    105      9  312.6  339.8  314.3
  688.0   3294    8.4    5.5     82   8.33    105      9  313.4  339.6  314.9
  616.0   4197    3.7    0.1     78   6.32     65     12  317.9  338.4  319.1
  574.0   4774    0.6   -3.3     75   5.25     68     16  320.8  338.1  321.8
  562.0   4943    0.0   -5.0     69   4.72     69     17  322.0  337.7  323.0
  551.0   5101   -1.0   -6.0     69   4.47     70     18  322.7  337.7  323.6
  534.0   5350   -2.5   -7.5     69   4.10     73     19  323.8  337.6  324.6
  532.0   5380   -2.9   -6.9     74   4.31     74     19  323.6  338.1  324.5
  531.0   5395   -2.9   -6.5     76   4.45     74     19  323.8  338.8  324.7
  529.0   5425   -2.9   -7.9     68   4.01     74     19  324.2  337.7  325.0
  527.0   5455   -2.7  -16.7     33   1.98     75     19  324.8  331.7  325.1
  525.0   5485   -2.5  -21.5     22   1.31     75     19  325.4  330.1  325.6
  514.0   5653   -3.3  -24.3     18   1.05     77     19  326.4  330.2  326.6
  510.0   5714   -4.1  -17.1     36   1.97     78     20  326.1  333.1  326.5
  509.0   5730   -4.3  -12.3     54   2.94     78     20  326.1  336.2  326.6
  500.0   5870   -5.1  -13.1     53   2.80     80     20  326.8  336.5  327.3
  499.0   5886   -5.3  -13.3     53   2.76     80     20  326.7  336.3  327.2
  492.0   5997   -5.7  -14.9     48   2.45     80     22  327.6  336.2  328.0
  488.0   6061   -5.9  -15.9     45   2.28     80     22  328.1  336.1  328.5
  487.0   6077   -6.1  -16.1     45   2.25     80     22  328.0  335.9  328.4
  485.0   6109   -6.1  -24.1     23   1.13     80     22  328.4  332.5  328.6
  484.0   6125   -6.1  -21.1     29   1.48     80     22  328.6  333.9  328.9
  483.0   6141   -6.3  -16.3     45   2.23     80     22  328.5  336.4  329.0
  480.0   6190   -6.5  -16.5     45   2.21     80     22  328.9  336.7  329.3
  476.0   6255   -6.5  -30.5     13   0.64     80     22  329.6  332.1  329.8
  461.0   6504   -8.3  -31.3     14   0.61     80     23  330.4  332.8  330.6
  455.0   6606   -9.2  -26.2     24   0.99     80     23  330.6  334.3  330.8
  446.0   6760  -10.5  -18.5     52   2.00     88     20  330.8  338.0  331.2
  438.0   6899  -11.3  -18.9     53   1.97     95     18  331.5  338.6  331.9
  424.0   7148  -12.7  -19.7     56   1.90     93     17  332.8  339.7  333.2
  413.0   7348  -13.9  -20.9     55   1.76     92     16  333.8  340.2  334.1
  408.0   7440  -14.3  -28.3     29   0.92     91     16  334.4  337.9  334.6
  400.0   7590  -15.3  -28.3     32   0.93     90     15  335.0  338.6  335.2
  399.0   7609  -15.3  -25.3     42   1.23     90     15  335.2  339.9  335.5
  396.0   7666  -15.7  -27.7     35   1.00     90     15  335.5  339.2  335.7
  386.0   7858  -17.1  -24.1     55   1.42     90     15  336.1  341.4  336.4
  374.0   8094  -19.1  -24.4     63   1.42     90     15  336.4  341.7  336.7
  372.0   8134  -19.5  -24.5     65   1.42     87     15  336.5  341.8  336.8
  359.0   8397  -21.0  -28.4     51   1.03     65     15  337.9  341.9  338.2
  356.0   8460  -21.3  -29.3     49   0.96     63     14  338.3  342.0  338.5
  347.0   8648  -23.1  -29.1     58   1.00     59     13  338.4  342.2  338.6
  340.0   8797  -23.1  -31.1     48   0.84     55     12  340.3  343.6  340.5
  331.0   8991  -24.7  -32.5     48   0.76     50     10  340.8  343.8  340.9
  317.0   9302  -27.2  -34.7     49   0.64     70      9  341.4  344.0  341.6
  300.0   9700  -30.5  -37.5     50   0.51     50      9  342.3  344.3  342.4
  292.0   9890  -32.4  -37.9     58   0.50     45      8  342.2  344.3  342.4
  289.0   9963  -33.1  -38.1     61   0.50     50      8  342.2  344.2  342.3
  279.0  10205  -35.0  -41.0     54   0.38     65      7  343.0  344.6  343.1
  268.0  10483  -37.1  -44.4     46   0.28     65      7  343.9  345.1  344.0
  254.0  10852  -39.9  -48.9     38   0.18     42      5  345.0  345.8  345.1
  250.0  10960  -40.7                          35      4  345.4         345.4
  245.0  11094  -41.9                          10      2  345.6         345.6
  234.0  11399  -44.6                         345      4  346.1         346.1
  224.0  11688  -47.2                         350      6  346.5         346.5
  200.0  12440  -53.9                         330      9  347.2         347.2
  195.0  12598  -55.2                         330     11  347.7         347.7
  177.0  13200  -60.2                         340     11  349.3         349.3
  150.0  14230  -68.7                         305     13  351.6         351.6
  146.0  14387  -69.8                         300     12  352.4         352.4
  139.0  14672  -71.8                         280     11  353.8         353.8
  132.0  14971  -74.0                         310     12  355.3         355.3
  125.0  15287  -76.2                         305      9  356.8         356.8
  119.0  15572  -78.2                          25      5  358.1         358.1
  113.0  15872  -80.3                          45     10  359.5         359.5
  112.0  15924  -80.7                          43     10  359.7         359.7
  107.0  16180  -80.9                          30      9  364.1         364.1
  101.0  16504  -81.1                         115     10  369.8         369.8
  100.0  16560  -81.1                         125     12  370.8         370.8
   91.3  17073  -81.1                         101     32  380.6         380.6
   91.0  17091  -81.0                         100     33  381.1         381.1
   87.8  17293  -80.3                          90     31  386.4         386.4
   79.6  17861  -70.9                          61     25  416.8         416.8
   78.0  17981  -71.2                          55     24  418.7         418.7
   70.0  18620  -72.5                          80     20  428.9         428.9
   67.0  18877  -73.0                         125     18  433.3         433.3
   66.3  18938  -73.1                         125     19  434.4         434.4
   60.0  19522  -73.4                         130     30  446.2         446.2
   58.4  19680  -73.5                         123     30  449.5         449.5
   54.9  20043  -70.9                         108     30  463.5         463.5
   52.9  20265  -65.7                          99     30  480.4         480.4
   50.0  20610  -62.1                          85     30  496.7         496.7
   49.0  20735  -61.4                          85     30  501.3         501.3
   47.6  20915  -60.3                          87     30  508.0         508.0
   43.0  21551  -58.7                          95     29  527.0         527.0
   42.5  21624  -58.5                          94     27  529.2         529.2
   39.7  22050  -60.5                          91     15  534.6         534.6
   39.0  22161  -60.3                          90     12  537.7         537.7
   37.0  22489  -59.8                         315      9  547.1         547.1
   35.7  22712  -59.5                         305     14  553.6         553.6
   33.4  23134  -53.9                         287     24  579.1         579.1
   32.0  23407  -54.5                         275     30  584.7         584.7
   30.0  23820  -55.3                         280     41  593.3         593.3
   28.2  24213  -56.5                         284     36  600.5         600.5
   28.0  24259  -56.3                         285     35  602.2         602.2
   26.4  24633  -54.9                         264     32  616.5         616.5
   25.0  24978  -56.1                         245     29  622.8         622.8
   23.2  25452  -57.7                         248     27  631.5         631.5
   20.0  26390  -56.7                         255     22  661.9         661.9
   19.0  26717  -55.7                         255     22  674.7         674.7
   17.0  27427  -53.6                         240     15  703.2         703.2
   16.9  27465  -53.5                         242     15  704.8         704.8
   15.0  28248  -46.6                         285     16  752.0         752.0
   14.4  28516  -44.3                         291     15  768.7         768.7
   13.0  29203  -43.2                         305     13  795.3         795.3
   12.9  29255  -43.1                                     797.4         797.4
</PRE><H3>Station information and sounding indices</H3><PRE>
                         Station identifier: WAAA
                             Station number: 97180
                           Observation time: 160720/0000
                           Station latitude: -5.06
                          Station longitude: 119.55
                          Station elevation: 14.0
                            Showalter index: 0.72
                               Lifted index: -1.16
    LIFT computed using virtual temperature: -1.64
                                SWEAT index: 208.41
                                    K index: 35.00
                         Cross totals index: 19.80
                      Vertical totals index: 23.10
                        Totals totals index: 42.90
      Convective Available Potential Energy: 285.64
             CAPE using virtual temperature: 383.79
                      Convective Inhibition: -84.47
             CINS using virtual temperature: -56.56
                           Equilibrum Level: 221.32
 Equilibrum Level using virtual temperature: 221.29
                   Level of Free Convection: 736.61
             LFCT using virtual temperature: 753.49
                     Bulk Richardson Number: 153.91
          Bulk Richardson Number using CAPV: 206.80
  Temp [K] of the Lifted Condensation Level: 292.85
Pres [hPa] of the Lifted Condensation Level: 915.66
     Mean mixed layer potential temperature: 300.33
              Mean mixed layer mixing ratio: 16.08
              1000 hPa to 500 hPa thickness: 5781.00
Precipitable water [mm] for entire sounding: 53.64
</PRE>
<P>Description of the 
<A HREF="/upperair/columns.html">data columns</A>
or <A HREF="/upperair/indices.html">sounding indices</A>.

<P>
<FORM>
<INPUT CLASS="button" TYPE="button" VALUE=" Close this window " 
 onClick="window.close();">
<INPUT CLASS="button" TYPE="button" VALUE=" Select another map " 
 onClick="window.blur();">
</FORM>
<HR SIZE="1">
<I>Interested in graduate studies in atmospheric science?
Check out our program at the
<a href="http://www.uwyo.edu/atsc/howtoapply/"
target=_top>University of Wyoming
</a></I>
<HR SIZE="1"><FONT SIZE="-1">
Questions about the weather data provided by this site can be
addressed to <A HREF="mailto:ldoolman@uwyo.edu">
Larry Oolman (ldoolman@uwyo.edu)</A></FONT>
<HR SIZE="1">
<SCRIPT TYPE="text/javascript">
<!--
window.focus();
// -->
</SCRIPT>
</BODY>
</HTML>
