2016-06-09 12
<HTML>
<TITLE>University of Wyoming - Radiosonde Data</TITLE>
<LINK REL="StyleSheet" HREF="/resources/select.css" TYPE="text/css">
<BODY BGCOLOR="white">
<H2>97180 WAAA Ujung Pandang Observations at 00Z 09 Jun 2016</H2>
<PRE>
-----------------------------------------------------------------------------
   PRES   HGHT   TEMP   DWPT   RELH   MIXR   DRCT   SKNT   THTA   THTE   THTV
    hPa     m      C      C      %    g/kg    deg   knot     K      K      K 
-----------------------------------------------------------------------------
 1011.0     14   25.8   25.0     95  20.21    100      2  298.0  357.0  301.6
 1010.0     23   25.0   20.0     74  14.80     99      2  297.3  340.3  299.9
 1005.0     66   24.6   17.6     65  12.76     95      4  297.3  334.5  299.6
 1003.0     83   24.6   17.6     65  12.78     93      5  297.5  334.8  299.8
 1000.0    109   25.6   16.6     58  12.02     90      6  298.8  334.0  300.9
  999.0    118   26.4   17.4     58  12.67     89      6  299.6  336.9  301.9
  979.0    296   26.8   16.8     54  12.44     70      8  301.8  338.7  304.0
  925.0    794   24.0   10.0     41   8.40     70      5  303.8  329.3  305.4
  853.0   1496   19.6    6.5     43   7.19     75     14  306.4  328.5  307.7
  850.0   1526   19.4    6.4     43   7.14     80     15  306.4  328.4  307.8
  795.0   2094   15.3    3.8     46   6.36     60     11  307.9  327.7  309.1
  779.0   2267   14.0    3.0     47   6.13     74     11  308.4  327.5  309.5
  767.0   2397   13.7    1.2     43   5.48     85     11  309.5  326.8  310.5
  740.0   2698   13.1   -2.9     33   4.21    135     11  312.0  325.6  312.8
  725.0   2869   12.8   -5.2     28   3.60    141     13  313.5  325.2  314.1
  700.0   3162   11.4  -10.6     20   2.45    150     16  315.1  323.3  315.5
  667.0   3564    8.4   -7.6     31   3.25    164     12  316.1  326.9  316.7
  664.0   3601    8.3   -9.3     28   2.86    165     12  316.3  325.9  316.9
  646.0   3828    7.4  -19.6     13   1.26    191      6  317.9  322.3  318.1
  640.0   3904    7.0  -21.5     11   1.08    200      4  318.3  322.1  318.5
  610.0   4298    5.0  -31.0      5   0.48    292      5  320.3  322.1  320.4
  595.0   4499    3.3  -22.8     13   1.03    340      5  320.6  324.4  320.9
  573.0   4804    0.7  -10.5     43   3.03     30      8  321.1  331.4  321.7
  567.0   4889    0.0   -7.0     59   4.01     29      8  321.2  334.6  322.0
  532.0   5397   -2.5   -7.7     68   4.06     25     10  324.1  337.8  324.9
  512.0   5702   -4.0   -8.1     73   4.09      5     10  325.8  339.7  326.6
  506.0   5796   -4.5   -8.2     75   4.10      3     11  326.4  340.3  327.2
  500.0   5890   -4.9   -8.5     76   4.05      0     11  327.0  340.8  327.8
  465.0   6456   -8.5  -14.5     62   2.69     11      8  329.4  338.8  329.9
  449.0   6727   -8.7  -21.7     34   1.51     17      7  332.4  338.0  332.7
  439.0   6899   -9.9  -23.3     33   1.34     20      6  333.1  338.0  333.3
  406.0   7496  -14.1  -28.8     28   0.87     30      9  335.1  338.5  335.3
  400.0   7610  -14.9  -29.9     27   0.80     25      7  335.5  338.6  335.7
  390.0   7796  -16.1  -31.7     25   0.69     10      5  336.3  339.0  336.5
  360.0   8384  -20.1  -37.4     20   0.43     65      8  338.8  340.5  338.9
  318.0   9295  -26.3  -46.3     13   0.19     40     20  342.5  343.3  342.5
  304.0   9626  -28.5  -49.5     11   0.14     40     17  343.8  344.4  343.8
  300.0   9720  -29.5  -50.5     11   0.12     40     16  343.7  344.2  343.7
  257.0  10806  -37.5  -60.2      8   0.04     30     14  347.5  347.7  347.5
  250.0  11000  -38.9  -61.9      7   0.04     40      9  348.1  348.3  348.1
  245.0  11138  -40.1  -63.1      7   0.03     42      8  348.3  348.5  348.3
  236.0  11388  -42.2                          45      5  348.9         348.9
  225.0  11705  -44.8                          75      3  349.7         349.7
  206.0  12293  -49.7                          60      6  351.0         351.0
  200.0  12490  -51.3                          80      5  351.4         351.4
  197.0  12585  -52.1                          95      3  351.6         351.6
  188.0  12877  -54.6                         165      6  352.3         352.3
  163.0  13770  -62.2                         140      9  354.1         354.1
  155.0  14085  -64.9                         165      8  354.7         354.7
  150.0  14290  -66.7                         165      7  355.0         355.0
  140.0  14700  -70.5                         150      6  355.4         355.4
  133.0  14994  -72.1                         105      7  357.8         357.8
  126.0  15304  -73.8                          90      8  360.4         360.4
  120.0  15584  -75.3                         245      2  362.7         362.7
  114.0  15878  -76.8                         280     13  365.1         365.1
  108.0  16189  -78.5                         260     15  367.6         367.6
  100.0  16630  -80.9                         205     11  371.2         371.2
   97.0  16800  -81.5                         185     10  373.2         373.2
   92.0  17096  -82.6                         230      3  376.8         376.8
   83.0  17672  -84.7                         195      9  383.8         383.8
   81.3  17788  -85.1                         180     10  385.2         385.2
   74.2  18294  -85.1                         117     28  395.4         395.4
   74.0  18309  -84.9                         115     29  396.1         396.1
   70.0  18620  -80.3                          80     19  412.3         412.3
   68.9  18710  -78.5                          76     19  418.0         418.0
   67.0  18870  -78.7                          70     18  420.9         420.9
   65.2  19028  -73.9                          90     24  434.7         434.7
   63.0  19232  -73.1                         115     31  440.7         440.7
   54.0  20146  -69.6                          75     35  468.6         468.6
   53.7  20179  -69.5                          76     35  469.6         469.6
   50.0  20610  -66.3                          95     32  486.8         486.8
   47.7  20895  -64.1                          99     36  498.7         498.7
   45.0  21251  -63.7                         105     40  508.0         508.0
   43.7  21430  -63.5                         100     37  512.8         512.8
   41.6  21733  -60.1                          91     32  528.5         528.5
   39.2  22100  -61.5                          81     26  534.0         534.0
   39.0  22132  -61.6                          80     25  534.6         534.6
   38.2  22260  -61.9                          58     19  536.9         536.9
   37.2  22424  -57.7                          31     11  551.8         551.8
   37.0  22458  -57.5                          25      9  553.2         553.2
   35.5  22719  -55.7                         307     16  564.4         564.4
   35.0  22809  -55.9                         280     18  566.2         566.2
   30.0  23780  -58.1                         215     25  585.7         585.7
   29.0  23994  -57.6                         200     23  592.7         592.7
   28.8  24037  -57.5                                     594.2         594.2
</PRE><H3>Station information and sounding indices</H3><PRE>
                         Station identifier: WAAA
                             Station number: 97180
                           Observation time: 160609/0000
                           Station latitude: -5.06
                          Station longitude: 119.55
                          Station elevation: 14.0
                            Showalter index: 7.19
                               Lifted index: 3.31
    LIFT computed using virtual temperature: 3.30
                                SWEAT index: 117.79
                                    K index: 8.70
                         Cross totals index: 11.30
                      Vertical totals index: 24.30
                        Totals totals index: 35.60
      Convective Available Potential Energy: 0.00
             CAPE using virtual temperature: 0.00
                      Convective Inhibition: 0.00
             CINS using virtual temperature: 0.00
                     Bulk Richardson Number: 0.00
          Bulk Richardson Number using CAPV: 0.00
  Temp [K] of the Lifted Condensation Level: 287.57
Pres [hPa] of the Lifted Condensation Level: 855.35
     Mean mixed layer potential temperature: 300.72
              Mean mixed layer mixing ratio: 12.29
              1000 hPa to 500 hPa thickness: 5781.00
Precipitable water [mm] for entire sounding: 31.97
</PRE>
<P>Description of the 
<A HREF="/upperair/columns.html">data columns</A>
or <A HREF="/upperair/indices.html">sounding indices</A>.

<P>
<FORM>
<INPUT CLASS="button" TYPE="button" VALUE=" Close this window " 
 onClick="window.close();">
<INPUT CLASS="button" TYPE="button" VALUE=" Select another map " 
 onClick="window.blur();">
</FORM>
<HR SIZE="1">
<I>Interested in graduate studies in atmospheric science?
Check out our program at the
<a href="http://www.uwyo.edu/atsc/howtoapply/"
target=_top>University of Wyoming
</a></I>
<HR SIZE="1"><FONT SIZE="-1">
Questions about the weather data provided by this site can be
addressed to <A HREF="mailto:ldoolman@uwyo.edu">
Larry Oolman (ldoolman@uwyo.edu)</A></FONT>
<HR SIZE="1">
<SCRIPT TYPE="text/javascript">
<!--
window.focus();
// -->
</SCRIPT>
</BODY>
</HTML>
