2017-06-23 12
<HTML>
<TITLE>University of Wyoming - Radiosonde Data</TITLE>
<LINK REL="StyleSheet" HREF="/resources/select.css" TYPE="text/css">
<BODY BGCOLOR="white">
<H2>97180 WAAA Ujung Pandang Observations at 00Z 23 Jun 2017</H2>
<PRE>
-----------------------------------------------------------------------------
   PRES   HGHT   TEMP   DWPT   RELH   MIXR   DRCT   SKNT   THTA   THTE   THTV
    hPa     m      C      C      %    g/kg    deg   knot     K      K      K 
-----------------------------------------------------------------------------
 1010.0     14   24.6   23.0     91  17.87      0      0  296.9  348.7  300.1
 1006.0     49   24.2   20.3     79  15.14     44      2  296.8  340.8  299.5
 1000.0    101   25.6   20.9     75  15.83    110      5  298.8  345.0  301.6
  998.0    119   25.8   20.9     74  15.86    108      5  299.1  345.6  302.0
  981.0    269   25.6   18.6     65  13.94     94      9  300.4  341.5  302.9
  977.0    305   25.4   18.4     65  13.84     90     10  300.6  341.4  303.1
  925.0    781   23.0   16.0     65  12.51     85     16  302.8  340.1  305.1
  850.0   1515   19.6   10.6     56   9.53     80     11  306.7  335.7  308.4
  847.0   1545   19.4   10.4     56   9.43     79     11  306.8  335.6  308.5
  822.0   1798   17.6    9.6     59   9.22     70      9  307.5  335.8  309.2
  793.0   2101   15.5    8.7     64   8.96     85      8  308.5  336.0  310.1
  766.0   2393   13.5    7.8     68   8.72     75      6  309.3  336.3  310.9
  700.0   3153    8.2    5.4     83   8.10     95     11  311.5  336.8  313.1
  663.0   3600    5.2    4.0     92   7.74    115     12  313.0  337.4  314.5
  656.0   3687    4.6    3.7     94   7.67    114     12  313.3  337.5  314.8
  616.0   4197    2.1    0.6     89   6.51    110     10  316.2  337.1  317.4
  583.0   4642    0.0   -2.2     85   5.62    132     11  318.7  337.0  319.8
  572.0   4793   -0.8   -2.9     86   5.43    140     12  319.5  337.2  320.5
  550.0   5104   -2.5   -4.4     87   5.06    140     11  321.1  337.8  322.1
  530.0   5398   -4.0   -5.7     88   4.73    110      7  322.6  338.4  323.6
  500.0   5860   -6.5   -7.9     90   4.24    110     12  325.1  339.4  325.9
  489.0   6034   -7.7   -8.9     91   4.01    110     18  325.6  339.3  326.4
  473.0   6292   -9.0  -10.4     90   3.68    110     26  327.1  339.7  327.8
  437.0   6905  -12.2  -14.0     87   2.98     80     16  330.6  341.1  331.2
  436.0   6923  -12.3  -14.1     86   2.96     80     16  330.7  341.1  331.3
  434.0   6959  -12.3  -14.7     82   2.83     79     16  331.1  341.1  331.7
  431.0   7012  -11.9  -17.9     61   2.18     78     16  332.3  340.1  332.7
  404.0   7504  -16.2  -19.2     78   2.08     70     15  332.9  340.4  333.3
  400.0   7580  -16.9  -19.4     81   2.07     65     16  332.9  340.4  333.4
  397.0   7636  -17.5  -19.5     84   2.07     62     16  332.9  340.3  333.3
  380.0   7963  -19.9  -20.5     95   1.98     47     15  333.9  341.1  334.3
  373.0   8100  -21.1  -21.3     98   1.88     40     15  334.1  340.9  334.5
  371.0   8140  -21.3  -21.5     98   1.86     43     15  334.3  341.1  334.7
  369.0   8180  -20.5  -23.4     78   1.58     47     14  335.9  341.8  336.2
  367.0   8220  -19.9  -24.9     64   1.39     50     14  337.2  342.4  337.5
  358.0   8402  -21.4  -25.9     67   1.30     65     13  337.6  342.5  337.9
  330.0   8999  -26.3  -29.3     76   1.03     63     16  338.8  342.8  339.1
  300.0   9680  -31.9  -35.0     74   0.65     60     20  340.3  342.9  340.4
  291.0   9894  -33.5  -36.2     77   0.60     58     21  341.0  343.4  341.1
  259.0  10700  -40.1  -48.1     42   0.19     52     26  342.8  343.6  342.9
  250.0  10940  -42.1                          50     28  343.3         343.3
  200.0  12410  -54.7                          50     40  346.0         346.0
  194.0  12603  -56.5                          55     41  346.1         346.1
  191.0  12702  -57.5                          53     39  346.1         346.1
  176.0  13215  -59.5                          45     29  350.9         350.9
  168.0  13506  -60.7                          15     16  353.7         353.7
  160.0  13805  -63.5                         345     10  354.0         354.0
  152.0  14119  -66.3                         320      8  354.2         354.2
  150.0  14200  -67.1                         310      6  354.3         354.3
  145.0  14403  -68.6                         255      6  355.2         355.2
  144.0  14444  -68.9                         256      6  355.3         355.3
  125.0  15277  -74.1                         269      9  360.6         360.6
  124.0  15323  -74.1                         270      9  361.3         361.3
  118.0  15611  -74.3                         355      2  366.2         366.2
  112.0  15913  -74.5                         150      9  371.3         371.3
  107.0  16178  -74.7                         195     18  375.9         375.9
  100.0  16570  -74.9                         220     23  382.8         382.8
   96.0  16805  -76.7                         225     25  383.7         383.7
   93.1  16982  -78.1                         220     22  384.4         384.4
   91.0  17114  -76.4                         220     19  390.2         390.2
   88.2  17294  -74.1                         241     21  398.3         398.3
   87.0  17374  -74.6                         250     22  398.9         398.9
   82.3  17696  -76.7                         263     21  401.0         401.0
   78.0  18009  -75.0                         275     21  410.8         410.8
   74.0  18316  -73.3                         295     33  420.6         420.6
   70.0  18640  -71.5                         290     41  431.1         431.1
   68.5  18769  -69.1                         289     41  438.9         438.9
   62.3  19339  -67.7                         286     41  454.1         454.1
   61.0  19466  -68.1                         285     41  455.9         455.9
   54.0  20196  -70.5                         288     34  466.6         466.6
   50.3  20623  -65.3                         290     30  488.4         488.4
   50.0  20660  -65.1                         290     30  489.7         489.7
   47.0  21039  -64.5                         285     32  499.7         499.7
   39.0  22180  -62.9                         260     20  531.2         531.2
   38.3  22292  -60.9                         265     18  539.1         539.1
   37.0  22505  -62.3                         275     13  540.8         540.8
   35.4  22777  -64.1                         305     10  543.0         543.0
   35.0  22847  -64.1                         310      9  544.7         544.7
   34.0  23024  -64.2                          25      5  548.9         548.9
   32.0  23394  -64.5                          25      5  557.9         557.9
   31.7  23452  -64.5                          40      7  559.4         559.4
   30.0  23790  -61.9                         125     22  575.3         575.3
   29.4  23915  -59.1                         119     25  586.3         586.3
   27.1  24426  -56.7                          93     35  606.9         606.9
   26.0  24686  -57.5                          80     40  611.7         611.7
   23.6  25293  -59.5                          92     41  623.1         623.1
   22.0  25737  -56.5                         100     41  644.6         644.6
   20.0  26340  -52.5                          95     43  674.7         674.7
   19.9  26372  -51.9                          95     43  677.5         677.5
   17.0  27399  -49.8                         100     47  715.4         715.4
   16.1  27753  -49.1                          94     48  728.9         728.9
   14.4  28484  -49.9                          83     49  749.9         749.9
   14.0  28669  -48.8                          80     49  759.6         759.6
   13.4  28957  -47.1                          83     49  775.0         775.0
   13.0  29158  -46.9                          85     49  782.3         782.3
   12.0  29688  -46.5                                     802.0         802.0
</PRE><H3>Station information and sounding indices</H3><PRE>
                         Station identifier: WAAA
                             Station number: 97180
                           Observation time: 170623/0000
                           Station latitude: -5.06
                          Station longitude: 119.55
                          Station elevation: 14.0
                            Showalter index: 2.21
                               Lifted index: -0.55
    LIFT computed using virtual temperature: -0.66
                                SWEAT index: 161.19
                                    K index: 33.90
                         Cross totals index: 17.10
                      Vertical totals index: 26.10
                        Totals totals index: 43.20
      Convective Available Potential Energy: 95.93
             CAPE using virtual temperature: 120.47
                      Convective Inhibition: -219.29
             CINS using virtual temperature: -178.34
                           Equilibrum Level: 370.03
 Equilibrum Level using virtual temperature: 369.96
                   Level of Free Convection: 701.99
             LFCT using virtual temperature: 714.03
                     Bulk Richardson Number: 170.69
          Bulk Richardson Number using CAPV: 214.35
  Temp [K] of the Lifted Condensation Level: 290.90
Pres [hPa] of the Lifted Condensation Level: 898.98
     Mean mixed layer potential temperature: 299.90
              Mean mixed layer mixing ratio: 14.48
              1000 hPa to 500 hPa thickness: 5759.00
Precipitable water [mm] for entire sounding: 51.30
</PRE>
<P>Description of the 
<A HREF="/upperair/columns.html">data columns</A>
or <A HREF="/upperair/indices.html">sounding indices</A>.

<P>
<FORM>
<INPUT CLASS="button" TYPE="button" VALUE=" Close this window " 
 onClick="window.close();">
<INPUT CLASS="button" TYPE="button" VALUE=" Select another map " 
 onClick="window.blur();">
</FORM>
<HR SIZE="1">
<I>Interested in graduate studies in atmospheric science?
Check out our program at the
<a href="http://www.uwyo.edu/atsc/howtoapply/"
target=_top>University of Wyoming
</a></I>
<HR SIZE="1"><FONT SIZE="-1">
Questions about the weather data provided by this site can be
addressed to <A HREF="mailto:ldoolman@uwyo.edu">
Larry Oolman (ldoolman@uwyo.edu)</A></FONT>
<HR SIZE="1">
<SCRIPT TYPE="text/javascript">
<!--
window.focus();
// -->
</SCRIPT>
</BODY>
</HTML>
