2016-11-18 00
<HTML>
<TITLE>University of Wyoming - Radiosonde Data</TITLE>
<LINK REL="StyleSheet" HREF="/resources/select.css" TYPE="text/css">
<BODY BGCOLOR="white">
<H2>97180 WAAA Ujung Pandang Observations at 00Z 18 Nov 2016</H2>
<PRE>
-----------------------------------------------------------------------------
   PRES   HGHT   TEMP   DWPT   RELH   MIXR   DRCT   SKNT   THTA   THTE   THTV
    hPa     m      C      C      %    g/kg    deg   knot     K      K      K 
-----------------------------------------------------------------------------
 1007.0     14   25.2   23.7     91  18.72    125      4  297.8  352.3  301.1
 1000.0     74   25.0   21.3     80  16.23    155      4  298.1  345.5  301.0
  995.0    119   26.6   21.6     74  16.62    168      4  300.2  349.1  303.2
  975.0    299   25.6   20.6     74  15.93    220      4  300.9  347.9  303.8
  943.0    596   23.9   18.9     74  14.85    260      3  302.1  346.2  304.8
  925.0    767   23.0   18.0     73  14.24      0      1  302.8  345.2  305.4
  911.0    899   22.1   17.4     75  13.94     85      3  303.3  344.8  305.8
  864.0   1357   19.2   15.4     79  12.90    100     11  304.8  343.6  307.2
  850.0   1497   18.6   14.7     78  12.52    105     13  305.6  343.4  307.9
  793.0   2089   16.6   10.6     68  10.22     82     12  309.6  341.1  311.5
  765.0   2392   14.7    9.9     73  10.09     70     12  310.7  341.9  312.6
  733.0   2753   12.4    9.0     80   9.92     79     10  312.1  342.9  313.9
  712.0   2995   11.6    6.0     68   8.29     85      9  313.8  339.9  315.4
  700.0   3137   11.2    4.2     62   7.44    100      8  314.9  338.5  316.3
  687.0   3294   10.8    1.3     52   6.14    115      8  316.2  335.9  317.3
  685.0   3318   10.8    0.8     50   5.96    115      8  316.4  335.6  317.5
  645.0   3816    6.8    1.8     70   6.80    118      7  317.3  339.2  318.6
  615.0   4203    4.4   -0.6     70   6.00    120      6  318.9  338.4  320.1
  563.0   4921    0.0   -5.0     69   4.71    168      3  321.9  337.5  322.8
  551.0   5092   -1.4   -5.9     71   4.49    180      2  322.3  337.3  323.1
  524.0   5492   -4.5   -8.0     77   4.02    131      4  323.1  336.7  323.9
  510.0   5705   -5.6   -7.8     85   4.19    105      5  324.3  338.4  325.1
  509.0   5720   -5.7   -7.8     85   4.20    103      5  324.4  338.5  325.2
  500.0   5860   -5.5   -9.1     76   3.86     80      4  326.3  339.4  327.0
  491.0   6002   -6.4  -10.3     74   3.58     85      4  326.9  339.2  327.6
  480.0   6179   -7.5  -11.8     71   3.24     97      3  327.6  338.9  328.3
  476.0   6245   -7.9  -11.9     73   3.25    102      3  327.9  339.2  328.6
  474.0   6277   -7.9  -13.9     62   2.77    104      3  328.3  338.0  328.9
  473.0   6294   -8.0  -16.0     53   2.33    105      3  328.4  336.6  328.9
  472.0   6310   -8.1  -18.1     44   1.96    105      3  328.5  335.5  328.9
  465.0   6426   -8.5  -18.5     44   1.92    101      4  329.4  336.3  329.8
  461.0   6493   -8.9  -19.9     41   1.72    100      5  329.7  335.9  330.0
  457.0   6561   -9.3  -15.3     62   2.56     98      5  330.0  339.1  330.5
  453.0   6629   -9.9  -13.3     76   3.05     96      6  330.1  340.8  330.7
  444.0   6783  -10.5  -17.5     56   2.19     92      7  331.2  339.1  331.7
  436.0   6923  -11.5  -20.5     47   1.73     88      8  331.7  338.0  332.0
  432.0   6994  -11.7  -20.7     47   1.71     86      8  332.3  338.6  332.6
  429.0   7047  -12.1  -23.1     40   1.40     85      9  332.5  337.6  332.7
  427.0   7083  -12.3  -29.3     23   0.80     84      9  332.6  335.7  332.8
  419.0   7227  -13.1  -27.1     30   1.00     80     10  333.4  337.2  333.6
  412.0   7356  -13.3  -33.3     17   0.56     76     11  334.8  337.0  334.9
  404.0   7505  -14.1  -33.1     18   0.59     72     12  335.6  337.9  335.7
  400.0   7580  -14.7  -30.7     24   0.75     70     13  335.8  338.7  335.9
  396.0   7656  -15.3  -26.3     38   1.13     69     14  336.0  340.3  336.2
  373.0   8106  -18.3  -34.6     22   0.54     65     21  337.7  339.9  337.9
  366.0   8248  -19.3  -37.3     19   0.43     63     19  338.3  340.0  338.4
  354.0   8496  -20.9  -30.9     40   0.83     60     16  339.4  342.6  339.6
  348.0   8622  -21.7  -34.7     30   0.58     59     15  340.0  342.3  340.1
  344.0   8707  -22.3  -35.3     30   0.55     58     14  340.3  342.5  340.4
  340.0   8793  -23.1  -31.1     48   0.84     56     13  340.3  343.6  340.5
  338.0   8837  -23.5  -28.5     63   1.08     56     12  340.4  344.5  340.6
  331.0   8990  -24.5  -28.4     70   1.12     54     11  341.0  345.3  341.2
  321.0   9213  -26.1  -34.1     47   0.67     51      8  341.8  344.5  341.9
  320.0   9236  -26.3  -37.3     35   0.49     51      8  341.8  343.8  341.9
  313.0   9396  -27.5  -32.1     65   0.83     49      6  342.3  345.6  342.5
  300.0   9700  -29.9  -34.4     65   0.69     45      2  343.1  345.9  343.3
  291.0   9912  -31.5  -35.9     65   0.62     55      3  343.8  346.3  343.9
  268.0  10486  -36.0  -40.0     66   0.44     70      6  345.5  347.3  345.6
  250.0  10970  -39.7  -43.5     67   0.33     60      9  346.9  348.3  347.0
  248.0  11025  -40.1  -44.1     65   0.31     60      9  347.1  348.4  347.2
  245.0  11105  -40.8                          60      9  347.3         347.3
  235.0  11381  -43.1                          40      8  347.9         347.9
  214.0  12002  -48.5                          55     10  349.1         349.1
  205.0  12286  -50.9                          40     10  349.5         349.5
  200.0  12450  -52.3                          55      9  349.8         349.8
  187.0  12868  -56.2                          75     11  350.3         350.3
  161.0  13800  -64.8                         100     11  351.1         351.1
  150.0  14240  -68.9                          75     17  351.2         351.2
  148.0  14320  -69.9                          73     18  350.8         350.8
  146.0  14398  -70.4                          70     20  351.3         351.3
  119.0  15566  -78.1                          95     17  358.3         358.3
  107.0  16173  -82.2                          25     19  361.7         361.7
  101.0  16503  -84.3                          35     16  363.5         363.5
  100.0  16560  -84.7                          40     13  363.8         363.8
   96.0  16784  -85.7                         100     11  366.2         366.2
   91.0  17077  -87.0                         115     23  369.3         369.3
   84.0  17515  -88.9                         105     26  373.9         373.9
   77.0  17991  -85.4                          70     27  390.7         390.7
   76.5  18027  -85.1                          73     26  391.9         391.9
   75.6  18092  -85.1                          78     24  393.3         393.3
   74.6  18167  -80.5                          83     22  404.4         404.4
   70.0  18530  -77.5                         110     11  418.3         418.3
   66.0  18871  -74.7                         120      9  431.5         431.5
   63.1  19132  -72.5                          52      7  441.9         441.9
   62.0  19235  -72.3                          25      6  444.5         444.5
   59.0  19528  -71.8                         315      7  451.9         451.9
   56.0  19835  -71.3                         305     10  459.9         459.9
   54.7  19973  -71.1                         324      9  463.5         463.5
   54.0  20051  -69.2                         335      8  469.6         469.6
   52.7  20197  -65.5                         327     10  481.4         481.4
   50.6  20446  -61.5                         314     14  496.4         496.4
   50.0  20520  -61.3                         310     15  498.6         498.6
   49.0  20645  -61.5                         290     18  501.0         501.0
   44.0  21310  -62.6                         280     19  513.8         513.8
   42.0  21597  -63.1                         255     15  519.5         519.5
   41.4  21686  -63.3                         257     16  521.3         521.3
   38.0  22216  -62.5                         270     25  536.2         536.2
   35.0  22726  -61.7                         235     21  551.0         551.0
   33.0  23090  -61.2                         245     13  561.8         561.8
   31.0  23477  -60.6                         280     16  573.4         573.4
   30.0  23680  -60.3                         280     20  579.7         579.7
   29.0  23891  -60.5                         270     18  584.9         584.9
   27.0  24336  -60.8                         230     17  596.0         596.0
   26.5  24452  -60.9                         223     15  598.9         598.9
   26.0  24570  -60.6                         215     13  603.0         603.0
   25.0  24815  -60.0                         125      2  611.6         611.6
   24.9  24840  -59.9                         114      3  612.5         612.5
   24.0  25072  -55.8                          10     14  630.8         630.8
   23.8  25125  -54.9                           8     15  635.0         635.0
   22.0  25633  -51.5                         345     26  659.6         659.6
   21.2  25872  -49.9                         329     35  671.4         671.4
   21.0                                       325     37                     
</PRE><H3>Station information and sounding indices</H3><PRE>
                         Station identifier: WAAA
                             Station number: 97180
                           Observation time: 161118/0000
                           Station latitude: -5.06
                          Station longitude: 119.55
                          Station elevation: 14.0
                            Showalter index: 0.03
                               Lifted index: -1.66
    LIFT computed using virtual temperature: -1.98
                                SWEAT index: 206.39
                                    K index: 31.80
                         Cross totals index: 20.20
                      Vertical totals index: 24.10
                        Totals totals index: 44.30
      Convective Available Potential Energy: 218.80
             CAPE using virtual temperature: 293.04
                      Convective Inhibition: -171.76
             CINS using virtual temperature: -121.73
                           Equilibrum Level: 279.85
 Equilibrum Level using virtual temperature: 278.34
                   Level of Free Convection: 638.79
             LFCT using virtual temperature: 656.02
                     Bulk Richardson Number: 34.30
          Bulk Richardson Number using CAPV: 45.94
  Temp [K] of the Lifted Condensation Level: 292.89
Pres [hPa] of the Lifted Condensation Level: 915.04
     Mean mixed layer potential temperature: 300.43
              Mean mixed layer mixing ratio: 16.13
              1000 hPa to 500 hPa thickness: 5786.00
Precipitable water [mm] for entire sounding: 53.37
</PRE>
<P>Description of the 
<A HREF="/upperair/columns.html">data columns</A>
or <A HREF="/upperair/indices.html">sounding indices</A>.

<P>
<FORM>
<INPUT CLASS="button" TYPE="button" VALUE=" Close this window " 
 onClick="window.close();">
<INPUT CLASS="button" TYPE="button" VALUE=" Select another map " 
 onClick="window.blur();">
</FORM>
<HR SIZE="1">
<I>Interested in graduate studies in atmospheric science?
Check out our program at the
<a href="http://www.uwyo.edu/atsc/howtoapply/"
target=_top>University of Wyoming
</a></I>
<HR SIZE="1"><FONT SIZE="-1">
Questions about the weather data provided by this site can be
addressed to <A HREF="mailto:ldoolman@uwyo.edu">
Larry Oolman (ldoolman@uwyo.edu)</A></FONT>
<HR SIZE="1">
<SCRIPT TYPE="text/javascript">
<!--
window.focus();
// -->
</SCRIPT>
</BODY>
</HTML>
