2017-02-16 12
<HTML>
<TITLE>University of Wyoming - Radiosonde Data</TITLE>
<LINK REL="StyleSheet" HREF="/resources/select.css" TYPE="text/css">
<BODY BGCOLOR="white">
<H2>97180 WAAA Ujung Pandang Observations at 00Z 16 Feb 2017</H2>
<PRE>
-----------------------------------------------------------------------------
   PRES   HGHT   TEMP   DWPT   RELH   MIXR   DRCT   SKNT   THTA   THTE   THTV
    hPa     m      C      C      %    g/kg    deg   knot     K      K      K 
-----------------------------------------------------------------------------
 1011.0     14   25.0   23.2     90  18.08    120      4  297.2  349.7  300.4
 1009.0     31   24.4   21.9     86  16.70    115      4  296.8  345.2  299.8
 1006.0     57   25.2   21.8     81  16.65    109      4  297.8  346.3  300.8
 1004.0     74   26.2   22.1     78  17.00    104      4  299.0  348.8  302.1
 1000.0    109   26.4   21.8     76  16.75     95      4  299.6  348.7  302.6
  979.0    296   24.7   21.5     82  16.76     75      3  299.7  348.9  302.7
  950.0    561   22.4   21.0     92  16.78    356      2  299.9  349.2  302.9
  946.0    598   22.2   20.8     92  16.66    345      2  300.1  349.0  303.1
  925.0    794   21.2   19.8     92  15.98    295      5  301.0  348.1  303.9
  914.0    897   20.7   19.1     91  15.51    295      7  301.5  347.4  304.3
  853.0   1493   17.9   15.3     85  12.98    285     15  304.6  343.6  307.0
  850.0   1523   17.8   15.1     84  12.86    285     15  304.8  343.4  307.1
  740.0   2696   12.1    8.7     80   9.61    280     16  310.9  340.7  312.7
  731.0   2800   11.6    8.1     79   9.35    284     15  311.4  340.5  313.2
  700.0   3161    9.4    6.6     83   8.81    300     13  312.9  340.4  314.5
  664.0   3593    6.9    4.4     84   7.97    325      9  314.8  340.0  316.3
  640.0   3894    5.1    2.9     86   7.43    355     10  316.1  339.8  317.5
  617.0   4194    3.4    1.4     87   6.91      5     16  317.4  339.7  318.8
  595.0   4491    1.6   -0.1     88   6.43    350     19  318.7  339.6  320.0
  575.0   4770    0.0   -1.5     90   6.00    341     18  319.9  339.5  321.1
  522.0   5541   -4.5   -6.1     89   4.67    315     16  323.5  339.1  324.4
  516.0   5632   -4.9   -8.2     78   4.02    312     15  324.1  337.6  324.9
  512.0   5693   -5.1   -7.6     82   4.24    310     15  324.6  338.9  325.4
  502.0   5849   -5.5   -6.1     96   4.86    314     13  325.9  342.3  326.9
  500.0   5880   -5.7   -6.1     97   4.88    315     13  326.0  342.5  327.0
  450.0   6700   -9.7  -12.2     82   3.35    347      7  331.0  342.7  331.6
  439.0   6889  -10.9  -13.2     83   3.18    355      6  331.8  342.9  332.4
  422.0   7191  -12.9  -14.7     86   2.91     15      3  333.1  343.4  333.6
  406.0   7486  -14.8  -16.2     89   2.67    265      1  334.3  343.9  334.8
  400.0   7600  -15.5  -16.8     90   2.58    225      3  334.8  344.0  335.3
  390.0   7790  -17.0  -18.2     90   2.35    210      5  335.2  343.7  335.7
  384.0   7907  -17.9  -19.1     90   2.21    208      5  335.5  343.6  336.0
  374.0   8103  -18.8  -21.0     83   1.92    205      5  336.8  343.9  337.2
  359.0   8408  -20.3  -24.0     72   1.54    281      4  338.8  344.6  339.1
  345.0   8700  -22.6  -26.2     73   1.32    355      4  339.5  344.5  339.8
  331.0   9003  -25.1  -28.4     74   1.12    352      5  340.2  344.5  340.4
  319.0   9271  -26.9  -31.9     63   0.83    349      6  341.3  344.6  341.5
  305.0   9592  -29.5  -33.6     68   0.74    345      7  342.0  344.9  342.2
  300.0   9710  -30.5  -34.2     70   0.71    325      6  342.3  345.1  342.4
  292.0   9899  -32.0  -35.4     72   0.65    315      5  342.8  345.3  342.9
  280.0  10191  -34.4  -37.2     75   0.56     35      3  343.5  345.8  343.6
  268.0  10497  -36.9  -39.2     79   0.48     75      6  344.2  346.2  344.3
  253.0  10899  -40.1  -41.7     85   0.39     58     11  345.1  346.8  345.2
  250.0  10980  -40.7                          55     12  345.4         345.4
  235.0  11388  -44.4                          30     13  346.0         346.0
  200.0  12450  -54.1                          50     22  346.9         346.9
  161.0  13800  -65.1                          80     48  350.6         350.6
  150.0  14240  -68.7                          80     52  351.6         351.6
  100.0  16560  -83.7                          85     55  365.8         365.8
   96.6  16753  -85.1                          85     53  366.7         366.7
   96.0  16788  -84.7                          85     51  368.1         368.1
   92.9  16971  -82.7                          78     41  375.5         375.5
   87.7  17294  -83.7                          64     25  379.8         379.8
   86.0  17404  -83.2                          60     19  383.0         383.0
   79.9  17819  -81.1                          57     14  395.3         395.3
   77.2  18016  -76.9                          55     12  408.0         408.0
   77.0  18031  -76.8                          55     12  408.6         408.6
   74.0  18264  -74.8                         160      8  417.4         417.4
   71.6  18457  -73.1                         139      9  424.9         424.9
   70.0  18590  -73.1                         125      9  427.7         427.7
   68.6  18708  -73.7                         177      7  428.9         428.9
   67.0  18846  -70.9                         237      5  437.8         437.8
   66.0  18934  -71.1                         275      3  439.2         439.2
   63.0  19207  -71.9                         175      4  443.5         443.5
   60.0  19493  -72.6                         260      8  448.0         448.0
   59.0  19591  -72.9                         257     10  449.5         449.5
   57.0  19795  -71.6                         250     15  456.9         456.9
   52.5  20280  -68.5                         272     20  475.0         475.0
   52.0  20337  -68.7                         275     21  475.8         475.8
   50.0  20570  -69.5                         270     23  479.3         479.3
   48.8  20714  -70.1                         260     18  481.2         481.2
   47.0  20940  -68.4                         245     11  490.6         490.6
   43.8  21364  -65.1                         254     11  508.5         508.5
   40.0  21918  -64.4                         265     11  523.7         523.7
   38.0  22231  -64.0                         245      6  532.4         532.4
   36.0  22561  -63.6                         270     15  541.8         541.8
   35.7  22612  -63.5                         271     15  543.3         543.3
   34.1  22894  -60.9                         276     17  557.3         557.3
   33.0  23098  -60.8                         280     19  562.9         562.9
   30.0  23690  -60.3                         230     15  579.7         579.7
   29.0  23899  -61.2                         220     12  582.9         582.9
   27.3  24272  -62.7                         195      8  588.8         588.8
   27.0  24340  -62.5                         190      7  591.3         591.3
   26.0  24573  -61.7                         275      6  600.0         600.0
   24.0  25068  -60.0                         325     17  618.9         618.9
   23.5  25198  -59.5                         315     17  623.9         623.9
   22.5  25470  -56.3                         293     18  641.2         641.2
   20.4  26093  -53.5                         245     19  667.9         667.9
   20.0  26220  -53.9                         235     19  670.4         670.4
   19.0  26550  -53.6                         215     16  681.4         681.4
   18.2  26826  -53.3                                     690.6         690.6
</PRE><H3>Station information and sounding indices</H3><PRE>
                         Station identifier: WAAA
                             Station number: 97180
                           Observation time: 170216/0000
                           Station latitude: -5.06
                          Station longitude: 119.55
                          Station elevation: 14.0
                            Showalter index: -0.17
                               Lifted index: -2.14
    LIFT computed using virtual temperature: -2.31
                                SWEAT index: 224.19
                                    K index: 35.80
                         Cross totals index: 20.80
                      Vertical totals index: 23.50
                        Totals totals index: 44.30
      Convective Available Potential Energy: 527.68
             CAPE using virtual temperature: 599.50
                      Convective Inhibition: -32.94
             CINS using virtual temperature: -19.57
                           Equilibrum Level: 186.65
 Equilibrum Level using virtual temperature: 185.59
                   Level of Free Convection: 755.99
             LFCT using virtual temperature: 820.88
                     Bulk Richardson Number: 26.53
          Bulk Richardson Number using CAPV: 30.15
  Temp [K] of the Lifted Condensation Level: 293.94
Pres [hPa] of the Lifted Condensation Level: 937.57
     Mean mixed layer potential temperature: 299.41
              Mean mixed layer mixing ratio: 16.79
              1000 hPa to 500 hPa thickness: 5771.00
Precipitable water [mm] for entire sounding: 60.66
</PRE>
<P>Description of the 
<A HREF="/upperair/columns.html">data columns</A>
or <A HREF="/upperair/indices.html">sounding indices</A>.

<P>
<FORM>
<INPUT CLASS="button" TYPE="button" VALUE=" Close this window " 
 onClick="window.close();">
<INPUT CLASS="button" TYPE="button" VALUE=" Select another map " 
 onClick="window.blur();">
</FORM>
<HR SIZE="1">
<I>Interested in graduate studies in atmospheric science?
Check out our program at the
<a href="http://www.uwyo.edu/atsc/howtoapply/"
target=_top>University of Wyoming
</a></I>
<HR SIZE="1"><FONT SIZE="-1">
Questions about the weather data provided by this site can be
addressed to <A HREF="mailto:ldoolman@uwyo.edu">
Larry Oolman (ldoolman@uwyo.edu)</A></FONT>
<HR SIZE="1">
<SCRIPT TYPE="text/javascript">
<!--
window.focus();
// -->
</SCRIPT>
</BODY>
</HTML>
