2018-07-30 00
<HTML>
<TITLE>University of Wyoming - Radiosonde Data</TITLE>
<LINK REL="StyleSheet" HREF="/resources/select.css" TYPE="text/css">
<BODY BGCOLOR="white">
<H2>97180 WAAA Ujung Pandang Observations at 00Z 30 Jul 2018</H2>
<PRE>
-----------------------------------------------------------------------------
   PRES   HGHT   TEMP   DWPT   RELH   MIXR   DRCT   SKNT   THTA   THTE   THTV
    hPa     m      C      C      %    g/kg    deg   knot     K      K      K 
-----------------------------------------------------------------------------
 1011.0     14   24.0   20.5     81  15.26     85      2  296.2  340.4  298.9
 1003.0     79   25.4   20.4     74  15.29     81      4  298.3  342.9  301.0
 1000.0    103   25.4   20.4     74  15.33     80      5  298.6  343.4  301.3
  936.0    689   23.6   16.6     65  12.86    110      8  302.4  340.7  304.7
  925.0    793   22.6   15.6     65  12.19    115      8  302.4  338.7  304.6
  913.0    906   21.6   15.3     68  12.14    110      6  302.5  338.7  304.7
  883.0   1194   19.1   14.7     76  12.02     80      4  302.8  338.6  305.0
  880.0   1223   18.8   14.6     77  12.01     79      5  302.8  338.6  305.0
  850.0   1520   17.4   13.7     79  11.72     70     10  304.4  339.6  306.5
  799.0   2046   13.8   12.8     94  11.76     40      6  305.9  341.5  308.1
  766.0   2398   11.8   10.5     92  10.54     20      3  307.5  339.6  309.4
  713.0   2996    8.3    6.7     90   8.70     10     10  310.0  336.9  311.6
  700.0   3149    7.4    5.7     89   8.27     10     11  310.6  336.4  312.2
  695.0   3208    6.8    5.3     90   8.10     14     12  310.6  335.8  312.1
  688.0   3292    7.0    3.3     77   7.10     20     13  311.7  334.1  313.1
  668.0   3534    5.2    4.5     95   7.97     36     16  312.4  337.3  313.9
  663.0   3596    5.8    5.2     96   8.44     40     17  313.7  340.2  315.3
  657.0   3671    6.0    2.1     76   6.82     39     16  314.8  336.5  316.0
  653.0   3721    6.4   -2.6     53   4.86     38     15  315.8  331.5  316.7
  652.0   3734    6.6   -8.4     33   3.13     38     15  316.1  326.5  316.7
  643.0   3848    7.0  -11.0     26   2.58     36     14  317.8  326.6  318.3
  622.0   4120    4.4  -10.6     33   2.75     31     10  317.9  327.2  318.4
  616.0   4199    4.2  -13.8     26   2.14     30      9  318.5  325.9  318.9
  585.0   4618    3.0  -31.0      6   0.50     79     12  321.9  323.7  322.0
  572.0   4799    1.6  -31.5      6   0.48    100     13  322.3  324.1  322.4
  558.0   4999    0.0  -32.0      7   0.47     93     13  322.7  324.5  322.8
  551.0   5099   -0.6  -32.6      7   0.45     90     13  323.2  324.9  323.2
  531.0   5393   -2.3  -34.3      7   0.40    110     11  324.5  326.1  324.6
  511.0   5697   -4.1  -36.1      6   0.34    105     12  326.0  327.3  326.0
  500.0   5870   -5.1  -37.1      6   0.32    115     17  326.8  328.0  326.8
  473.0   6297   -7.6  -39.6      6   0.26    115     23  328.8  329.9  328.9
  421.0   7193  -13.0  -45.0      5   0.17    100     14  333.1  333.8  333.2
  418.0   7248  -13.3  -45.3      5   0.16    102     14  333.4  334.1  333.4
  400.0   7580  -15.7  -48.7      4   0.11    115     15  334.5  335.0  334.5
  373.0   8103  -18.6  -46.8      6   0.15    140     15  337.4  338.1  337.5
  361.0   8348  -19.9  -45.9      8   0.17    140     11  338.8  339.6  338.9
  359.0   8389  -20.3  -45.6      8   0.18    140     10  338.9  339.6  338.9
  344.0   8701  -23.1  -43.3     14   0.24     95      9  339.2  340.2  339.2
  324.0   9139  -27.1  -40.1     28   0.36     77     10  339.5  341.0  339.6
  300.0   9690  -31.1  -46.1     21   0.20     55     12  341.4  342.3  341.5
  291.0   9902  -32.6  -48.8     18   0.16     45     13  342.2  342.9  342.3
  267.0  10502  -37.0  -56.6     11   0.07     60     12  344.4  344.7  344.4
  251.0  10933  -40.1  -62.1      8   0.04     46     18  345.9  346.1  345.9
  250.0  10960  -40.1                          45     18  346.3         346.3
  234.0  11399  -44.1                          45     18  346.8         346.8
  200.0  12440  -53.7                          40     24  347.6         347.6
  186.0  12892  -57.4                          55     30  348.9         348.9
  161.0  13790  -64.7                          70     40  351.2         351.2
  150.0  14230  -68.3                          65     36  352.2         352.2
  119.0  15560  -77.9                          60     20  358.7         358.7
  106.0  16224  -82.7                          70     21  361.6         361.6
  100.0  16550  -79.1                          95     25  374.6         374.6
   96.0  16782  -79.6                          95     25  378.1         378.1
   91.0  17085  -80.2                          65     12  382.7         382.7
   87.4  17314  -80.7                          79     10  386.1         386.1
   86.0  17407  -80.0                          85      9  389.2         389.2
   82.0  17679  -78.1                         145     11  398.6         398.6
   78.0  17965  -76.1                         150     16  408.5         408.5
   77.7  17987  -75.9                         149     16  409.3         409.3
   73.0  18346  -78.1                         129     17  412.0         412.0
   70.0  18590  -72.9                         115     17  428.1         428.1
   67.4  18814  -68.7                         102     18  441.8         441.8
   66.0  18942  -68.2                          95     19  445.6         445.6
   60.0  19520  -66.0                          95     32  462.8         462.8
   55.0  20047  -64.0                          80     38  479.1         479.1
   53.5  20215  -63.3                          81     39  484.4         484.4
   50.0  20630  -64.1                          85     42  492.0         492.0
   45.4  21222  -63.3                          91     45  507.7         507.7
   43.0  21559  -62.6                          95     46  517.4         517.4
   37.0  22494  -60.6                          75     55  545.3         545.3
   30.8  23634  -58.1                          88     54  581.3         581.3
   30.0  23800  -57.3                          90     54  587.8         587.8
   27.6  24331  -53.5                          92     58  612.6         612.6
   25.3  24890  -53.7                          95     62  627.5         627.5
   25.0  24966  -53.7                          95     62  629.6         629.6
   23.0  25502  -53.9                          85     47  644.3         644.3
   22.5  25643  -53.9                          87     43  648.2         648.2
   20.0  26400  -52.9                         100     21  673.5         673.5
   19.0  26735  -51.0                         150     13  689.4         689.4
   17.2  27384  -47.3                         154     15  721.0         721.0
   17.0  27461  -47.3                         155     15  723.4         723.4
   16.0  27862  -47.4                         280      7  735.9         735.9
   15.0  28288  -47.4                         305     16  749.5         749.5
   14.0  28744  -47.4                         280     35  764.3         764.3
   12.6  29440  -47.5                         285     22  787.4         787.4
   12.0  29763  -46.0                         275     23  803.9         803.9
   11.9  29819  -45.7                         276     25  806.7         806.7
   11.4  30105  -43.9                         281     36  823.1         823.1
   11.0  30344  -44.5                         285     45  829.4         829.4
   10.0  30980  -46.1                         270     49  846.4         846.4
    9.9  31047  -46.1                                     848.8         848.8
    9.0  31683  -44.3                                     879.1         879.1
</PRE><H3>Station information and sounding indices</H3><PRE>
                         Station identifier: WAAA
                             Station number: 97180
                           Observation time: 180730/0000
                           Station latitude: -5.06
                          Station longitude: 119.55
                          Station elevation: 14.0
                            Showalter index: 1.97
                               Lifted index: 0.90
    LIFT computed using virtual temperature: 0.15
                                SWEAT index: 201.40
                                    K index: 34.50
                         Cross totals index: 18.80
                      Vertical totals index: 22.50
                        Totals totals index: 41.30
      Convective Available Potential Energy: 23.89
             CAPE using virtual temperature: 34.28
                      Convective Inhibition: -102.76
             CINS using virtual temperature: -87.22
                           Equilibrum Level: 660.28
 Equilibrum Level using virtual temperature: 656.73
                   Level of Free Convection: 763.18
             LFCT using virtual temperature: 773.22
                     Bulk Richardson Number: 14.74
          Bulk Richardson Number using CAPV: 21.15
  Temp [K] of the Lifted Condensation Level: 291.20
Pres [hPa] of the Lifted Condensation Level: 907.15
     Mean mixed layer potential temperature: 299.45
              Mean mixed layer mixing ratio: 14.61
              1000 hPa to 500 hPa thickness: 5767.00
Precipitable water [mm] for entire sounding: 43.61
</PRE>
<P>Description of the 
<A HREF="/upperair/columns.html">data columns</A>
or <A HREF="/upperair/indices.html">sounding indices</A>.

<P>
<FORM>
<INPUT CLASS="button" TYPE="button" VALUE=" Close this window " 
 onClick="window.close();">
<INPUT CLASS="button" TYPE="button" VALUE=" Select another map " 
 onClick="window.blur();">
</FORM>
<HR SIZE="1">
<I>Interested in graduate studies in atmospheric science?
Check out our program at the
<a href="http://www.uwyo.edu/atsc/howtoapply/"
target=_top>University of Wyoming
</a></I>
<HR SIZE="1"><FONT SIZE="-1">
Questions about the weather data provided by this site can be
addressed to <A HREF="mailto:ldoolman@uwyo.edu">
Larry Oolman (ldoolman@uwyo.edu)</A></FONT>
<HR SIZE="1">
<SCRIPT TYPE="text/javascript">
<!--
window.focus();
// -->
</SCRIPT>
</BODY>
</HTML>
