2016-05-04 12
<HTML>
<TITLE>University of Wyoming - Radiosonde Data</TITLE>
<LINK REL="StyleSheet" HREF="/resources/select.css" TYPE="text/css">
<BODY BGCOLOR="white">
<H2>97180 WAAA Ujung Pandang Observations at 00Z 04 May 2016</H2>
<PRE>
-----------------------------------------------------------------------------
   PRES   HGHT   TEMP   DWPT   RELH   MIXR   DRCT   SKNT   THTA   THTE   THTV
    hPa     m      C      C      %    g/kg    deg   knot     K      K      K 
-----------------------------------------------------------------------------
 1010.0     14   25.2   23.7     91  18.67    125      3  297.5  351.8  300.8
 1009.0     22   26.6   22.4     78  17.23    123      3  299.0  349.4  302.1
 1000.0     98   26.6   22.5     78  17.50    100      5  299.8  351.1  302.9
  994.0    152   27.4   23.7     80  18.97     75      4  301.1  357.1  304.5
  977.0    305   26.4   22.9     81  18.41      5      3  301.5  356.0  304.8
  945.0    601   24.4   21.4     84  17.37      0      2  302.4  353.9  305.5
  927.0    772   23.2   20.6     85  16.78    351      1  302.8  352.8  305.9
  925.0    791   23.2   20.5     85  16.71    350      1  303.0  352.8  306.1
  913.0    904   22.8   18.9     78  15.25     60      1  303.7  349.3  306.5
  884.0   1185   21.8   14.8     64  12.11    144      2  305.5  342.1  307.8
  882.0   1204   21.7   14.6     64  12.01    150      2  305.6  341.9  307.8
  854.0   1483   20.2   12.2     60  10.56    193      5  306.9  339.0  308.8
  853.0   1493   20.2   11.8     58  10.26    195      5  307.0  338.3  308.9
  850.0   1523   20.4   10.4     53   9.40    190      5  307.5  336.3  309.2
  841.0   1615   20.0    9.0     49   8.64    175      5  308.0  334.6  309.6
  823.0   1802   19.1    8.1     49   8.32    145      5  309.0  334.8  310.6
  816.0   1875   18.8    7.8     49   8.20    123      4  309.4  334.8  310.9
  808.0   1960   17.6   10.6     64  10.03     97      3  309.0  339.8  310.9
  795.0   2099   16.9    8.8     59   9.05     55      2  309.7  337.6  311.4
  783.0   2229   16.2    7.2     55   8.20     51      2  310.3  335.8  311.8
  771.0   2360   14.8   10.0     73  10.10     46      3  310.2  341.3  312.1
  768.0   2393   14.7    9.6     72   9.84     45      3  310.4  340.8  312.2
  740.0   2708   13.2    5.4     59   7.67     65      3  312.1  336.2  313.6
  728.0   2846   12.6    3.6     54   6.85     27      3  312.9  334.6  314.2
  715.0   2997   11.8    3.7     58   7.02    345      3  313.6  335.8  314.9
  700.0   3175   10.8    3.8     62   7.23      0      3  314.4  337.4  315.8
  689.0   3304   10.0    3.2     63   7.03     15      4  314.9  337.3  316.3
  665.0   3594    8.2    1.8     64   6.59      5      2  316.1  337.2  317.4
  641.0   3894    6.3    0.3     66   6.15    120      4  317.3  337.2  318.5
  567.0   4895    0.0   -4.5     72   4.86     84      7  321.2  337.3  322.2
  543.0   5239   -2.5   -5.1     82   4.85     71      8  322.2  338.4  323.2
  532.0   5401   -3.2   -6.4     79   4.49     65      8  323.3  338.4  324.2
  524.0   5521   -3.7   -7.3     76   4.24     72      8  324.1  338.4  324.9
  506.0   5796   -3.7  -16.7     36   2.06     89      8  327.4  334.6  327.8
  500.0   5890   -4.1  -20.1     28   1.56     95      8  328.0  333.6  328.3
  475.0   6288   -6.9  -21.4     31   1.47    125      9  329.3  334.7  329.6
  439.0   6898  -11.3  -23.4     36   1.33    135     10  331.3  336.2  331.6
  423.0   7186  -13.3  -24.3     39   1.27    126      9  332.3  337.0  332.5
  422.0   7204  -13.4  -24.8     38   1.23    125      9  332.4  336.9  332.6
  412.0   7386  -14.3  -29.3     27   0.83    100      9  333.5  336.6  333.6
  400.0   7610  -15.9  -23.9     50   1.40     70     10  334.2  339.4  334.5
  399.0   7629  -15.9  -22.9     55   1.53     69     10  334.5  340.1  334.8
  390.0   7800  -16.6  -25.0     48   1.30     60     11  335.7  340.6  335.9
  373.0   8134  -18.1  -29.1     38   0.93     66     12  338.1  341.6  338.2
  369.0   8215  -18.7  -25.7     54   1.29     67     12  338.3  343.2  338.6
  346.0   8691  -21.1  -34.1     30   0.62     75     14  341.3  343.8  341.5
  335.0   8930  -22.3  -38.3     22   0.42     95     11  342.9  344.6  342.9
  332.0   8995  -22.8  -38.7     22   0.41    100     10  343.0  344.7  343.1
  300.0   9730  -28.7  -43.7     22   0.27     95      6  344.8  345.9  344.9
  281.0  10189  -32.3  -46.9     22   0.20     95     10  346.2  347.0  346.2
  258.0  10789  -37.0  -51.1     22   0.13     95      6  347.8  348.4  347.8
  250.0  11010  -38.7  -52.7     21   0.12     85      5  348.4  348.9  348.4
  245.0  11148  -40.1  -53.1     24   0.11     77      5  348.3  348.8  348.3
  216.0  11987  -47.3                          30      5  349.9         349.9
  200.0  12500  -51.7                          25     10  350.7         350.7
  197.0  12594  -52.5                          25     10  350.9         350.9
  188.0  12885  -55.1                          45      8  351.5         351.5
  155.0  14086  -65.7                          30      5  353.4         353.4
  150.0  14290  -67.5                          20      4  353.6         353.6
  140.0  14688  -70.2                          80      9  355.9         355.9
  126.0  15296  -74.3                          80      7  359.4         359.4
  120.0  15578  -76.2                         340      2  361.0         361.0
  114.0  15874  -78.2                         270      3  362.6         362.6
  108.0  16186  -80.3                         270      7  364.2         364.2
  100.0  16630  -83.3                         300      6  366.5         366.5
   98.2  16731  -83.9                         300      5  367.3         367.3
   97.0  16799  -83.9                         310      3  368.5         368.5
   92.0  17093  -84.1                          65      9  373.8         373.8
   87.0  17404  -84.3                          65     18  379.4         379.4
   84.4  17573  -81.3                         104     15  388.8         388.8
   83.0  17667  -81.6                         125     13  390.1         390.1
   79.7  17895  -82.3                         194      6  393.1         393.1
   78.0  18017  -81.5                         230      3  397.2         397.2
   74.0  18315  -79.6                         285     19  407.2         407.2
   73.3  18368  -79.3                         285     20  409.0         409.0
   70.0  18630  -80.1                         285     27  412.7         412.7
   63.5  19179  -80.3                         290     27  423.9         423.9
   63.0  19224  -79.7                         290     27  426.2         426.2
   60.3  19473  -76.5                         308     19  438.7         438.7
   60.0  19502  -76.4                         310     18  439.6         439.6
   57.0  19799  -75.1                         270     10  448.9         448.9
   51.0  20445  -72.4                         140     18  469.7         469.7
   50.3  20525  -72.1                         116     20  472.4         472.4
   50.0  20560  -72.7                         105     21  471.8         471.8
   49.0  20679  -72.8                          95     22  474.2         474.2
   46.8  20948  -73.1                          98     27  479.8         479.8
   44.4  21259  -70.3                         101     33  493.9         493.9
   42.3  21546  -71.3                         105     38  498.3         498.3
   42.0  21588  -71.1                         105     39  499.7         499.7
   41.2  21702  -70.7                         100     37  503.6         503.6
   39.7  21925  -65.7                          90     34  521.5         521.5
   38.0  22192  -64.7                          78     31  530.6         530.6
   36.8  22390  -60.3                          69     28  546.8         546.8
   35.0  22706  -57.4                          55     24  562.3         562.3
   33.9  22908  -55.5                          55     14  572.4         572.4
   33.0  23080  -54.9                          55      5  578.5         578.5
   31.4  23398  -53.7                         186     12  589.9         589.9
   31.0  23480  -54.4                         220     14  590.3         590.3
   30.2  23648  -55.7                         216     18  591.1         591.1
   30.0  23690  -55.7                         215     19  592.2         592.2
   27.7  24196  -55.3                         249     12  607.0         607.0
   27.0  24360  -54.1                         260     10  614.7         614.7
   26.4  24503  -53.1                         281     15  621.6         621.6
   26.0  24601  -53.3                         295     18  623.8         623.8
   24.0  25113  -54.1                         295     34  635.7         635.7
   23.2  25330  -54.5                         297     33  640.8         640.8
   22.0  25674  -52.4                         300     32  657.0         657.0
   20.0  26290  -48.5                         265     24  687.0         687.0
   18.5  26804  -47.1                         280     17  706.8         706.8
   18.0  26986  -46.3                         285     14  714.8         714.8
   17.6  27135  -45.7                                     721.4         721.4
</PRE><H3>Station information and sounding indices</H3><PRE>
                         Station identifier: WAAA
                             Station number: 97180
                           Observation time: 160504/0000
                           Station latitude: -5.06
                          Station longitude: 119.55
                          Station elevation: 14.0
                            Showalter index: 4.37
                               Lifted index: -2.62
    LIFT computed using virtual temperature: -3.50
                                SWEAT index: 142.79
                                    K index: 27.90
                         Cross totals index: 14.50
                      Vertical totals index: 24.50
                        Totals totals index: 39.00
      Convective Available Potential Energy: 1148.13
             CAPE using virtual temperature: 1330.02
                      Convective Inhibition: -80.19
             CINS using virtual temperature: -37.43
                           Equilibrum Level: 146.44
 Equilibrum Level using virtual temperature: 146.40
                   Level of Free Convection: 776.80
             LFCT using virtual temperature: 811.35
                     Bulk Richardson Number: 5235.04
          Bulk Richardson Number using CAPV: 6064.38
  Temp [K] of the Lifted Condensation Level: 295.07
Pres [hPa] of the Lifted Condensation Level: 932.50
     Mean mixed layer potential temperature: 301.04
              Mean mixed layer mixing ratio: 18.15
              1000 hPa to 500 hPa thickness: 5792.00
Precipitable water [mm] for entire sounding: 51.37
</PRE>
<P>Description of the 
<A HREF="/upperair/columns.html">data columns</A>
or <A HREF="/upperair/indices.html">sounding indices</A>.

<P>
<FORM>
<INPUT CLASS="button" TYPE="button" VALUE=" Close this window " 
 onClick="window.close();">
<INPUT CLASS="button" TYPE="button" VALUE=" Select another map " 
 onClick="window.blur();">
</FORM>
<HR SIZE="1">
<I>Interested in graduate studies in atmospheric science?
Check out our program at the
<a href="http://www.uwyo.edu/atsc/howtoapply/"
target=_top>University of Wyoming
</a></I>
<HR SIZE="1"><FONT SIZE="-1">
Questions about the weather data provided by this site can be
addressed to <A HREF="mailto:ldoolman@uwyo.edu">
Larry Oolman (ldoolman@uwyo.edu)</A></FONT>
<HR SIZE="1">
<SCRIPT TYPE="text/javascript">
<!--
window.focus();
// -->
</SCRIPT>
</BODY>
</HTML>
