2018-10-20 12
<HTML>
<TITLE>University of Wyoming - Radiosonde Data</TITLE>
<LINK REL="StyleSheet" HREF="/resources/select.css" TYPE="text/css">
<BODY BGCOLOR="white">
<H2>97180 WAAA Ujung Pandang Observations at 00Z 20 Oct 2018</H2>
<PRE>
-----------------------------------------------------------------------------
   PRES   HGHT   TEMP   DWPT   RELH   MIXR   DRCT   SKNT   THTA   THTE   THTV
    hPa     m      C      C      %    g/kg    deg   knot     K      K      K 
-----------------------------------------------------------------------------
 1012.0     14   25.6   23.0     86  17.83      0      0  297.7  349.7  300.9
 1000.0    116   25.8   19.8     69  14.76    120      4  298.9  342.2  301.6
  991.0    196   26.4   20.4     70  15.48    122      4  300.3  345.9  303.1
  979.0    303   25.5   20.2     73  15.44    125      5  300.4  345.9  303.2
  947.0    595   22.9   19.5     81  15.33     95      2  300.7  345.9  303.4
  946.0    605   22.8   19.5     82  15.33     95      2  300.7  345.9  303.4
  925.0    801   22.8   18.2     75  14.43    105      6  302.6  345.5  305.2
  923.0    820   22.8   17.9     74  14.18    105      6  302.8  345.0  305.4
  891.0   1126   19.8   16.1     79  13.09    107     14  302.8  341.8  305.1
  853.0   1500   17.9   14.3     79  12.19    110     23  304.6  341.3  306.9
  850.0   1530   17.8   14.2     79  12.12    105     22  304.8  341.2  307.0
  831.0   1724   17.8   11.8     68  10.57    102     20  306.8  338.9  308.7
  773.0   2340   13.2    8.6     74   9.15     91     13  308.2  336.3  309.9
  768.0   2395   12.9    8.3     74   9.05     90     12  308.5  336.3  310.1
  740.0   2706   11.2    6.9     75   8.52     45     13  309.9  336.3  311.5
  700.0   3171    8.6    4.8     77   7.76     65     16  312.0  336.3  313.4
  694.0   3242    8.2    3.8     74   7.29     67     16  312.3  335.2  313.7
  641.0   3895    6.2   -2.8     53   4.88     85     18  317.2  333.1  318.1
  572.0   4817    1.2  -24.8     12   0.90    103     16  321.8  325.1  322.0
  557.0   5029    0.0  -16.0     29   1.98    108     16  322.9  329.8  323.2
  532.0   5392   -3.1  -14.9     39   2.26    115     15  323.4  331.3  323.9
  504.0   5818   -6.7  -13.7     57   2.65    106     18  324.1  333.2  324.6
  500.0   5880   -7.1  -14.1     57   2.58    105     19  324.3  333.3  324.8
  494.0   5975   -6.3  -14.3     53   2.57    105     17  326.4  335.4  326.9
  493.0   5991   -6.4  -14.1     55   2.63    105     17  326.5  335.6  327.0
  479.0   6216   -7.9  -10.6     81   3.58    106     18  327.3  339.6  328.0
  400.0   7600  -16.5  -18.3     86   2.27    115     24  333.5  341.6  333.9
  384.0   7905  -18.7  -20.1     89   2.03    113     23  334.5  341.9  334.9
  359.0   8398  -22.0  -23.5     87   1.61    110     22  336.6  342.5  336.9
  331.0   8991  -26.0  -27.7     85   1.19    100     21  339.0  343.5  339.2
  317.0   9307  -28.1  -29.9     85   1.01     70     19  340.3  344.2  340.5
  300.0   9700  -31.1  -33.6     79   0.75     70     24  341.4  344.4  341.6
  294.0   9842  -32.1  -36.9     62   0.55     69     24  342.0  344.2  342.1
  254.0  10852  -40.1  -46.1     53   0.24     65     25  344.7  345.8  344.8
  250.0  10960  -40.9                          65     25  345.1         345.1
  200.0  12440  -54.1                          50     26  346.9         346.9
  177.0  13192  -60.6                          55     32  348.5         348.5
  150.0  14210  -69.5                          55     29  350.2         350.2
  138.0  14692  -73.0                          60     31  352.5         352.5
  114.0  15796  -80.9                          80     40  357.5         357.5
  112.0  15895  -80.9                          80     38  359.4         359.4
  108.0  16099  -80.9                          80     31  363.1         363.1
  106.0  16205  -78.8                          80     27  369.0         369.0
  104.0  16314  -76.7                          70     24  375.1         375.1
  100.0  16540  -74.1                          50     17  384.3         384.3
   91.0  17092  -75.5                          30     20  392.1         392.1
   87.3  17335  -76.1                          30     20  395.5         395.5
   86.0  17423  -75.3                          30     20  398.7         398.7
   83.3  17610  -73.7                          10     16  405.7         405.7
   82.0  17702  -74.0                           0     14  407.0         407.0
   78.0  17995  -74.8                         240      3  411.0         411.0
   74.3  18280  -75.7                         171     11  415.0         415.0
   74.0  18304  -75.6                         165     12  415.8         415.8
   70.0  18630  -73.7                         115     14  426.4         426.4
   67.9  18808  -72.7                         108     17  432.3         432.3
   64.0  19152  -73.6                          95     22  437.6         437.6
   59.1  19615  -74.9                          88     30  444.8         444.8
   57.2  19805  -72.5                          85     34  454.4         454.4
   54.0  20141  -73.0                          80     40  460.8         460.8
   52.0  20361  -73.4                         100     46  464.9         464.9
   51.3  20440  -73.5                         100     48  466.4         466.4
   50.0  20590  -73.3                         100     53  470.4         470.4
   45.6  21131  -70.5                          95     62  489.7         489.7
   44.6  21263  -67.1                          94     64  501.1         501.1
   38.8  22110  -62.9                          86     77  532.0         532.0
   38.3  22191  -61.6                          85     78  537.4         537.4
   38.0  22240  -60.8                          85     78  540.7         540.7
   35.9  22596  -54.9                          92     51  564.7         564.7
   35.0  22759  -53.0                          95     39  573.7         573.7
   34.4  22870  -51.7                          89     33  580.0         580.0
   33.0  23137  -52.4                          75     19  585.1         585.1
   32.0  23335  -52.9                          95      7  588.9         588.9
   30.5  23644  -53.7                         140     12  594.8         594.8
   30.0  23750  -53.7                         155     14  597.6         597.6
   29.6  23837  -51.5                         139     11  606.0         606.0
   29.0  23969  -51.8                         115      6  608.8         608.8
   28.0  24196  -52.2                         290      9  613.6         613.6
   26.0  24674  -53.2                         270     10  623.9         623.9
   25.1  24902  -53.7                         135      2  628.9         628.9
   25.0  24928  -53.6                         120      1  629.9         629.9
   24.0  25192  -52.5                          10      4  640.5         640.5
   23.0  25468  -51.3                         295      8  651.7         651.7
   22.0  25757  -50.1                         305     17  663.6         663.6
   21.8  25816  -49.9                         304     18  666.1         666.1
   20.0  26380  -49.3                         290     25  684.5         684.5
   18.0  27071  -48.9                         250     24  706.7         706.7
   16.2  27764  -47.9                         259     24  731.5         731.5
   16.0  27846  -47.1                         260     24  736.7         736.7
   15.7  27972  -45.9                         261     29  744.7         744.7
   15.0  28278  -45.3                         265     40  756.4         756.4
   12.0  29776  -42.4                         270     38  816.6         816.6
   11.4  30120  -41.7                                     831.0         831.0
</PRE><H3>Station information and sounding indices</H3><PRE>
                         Station identifier: WAAA
                             Station number: 97180
                           Observation time: 181020/0000
                           Station latitude: -5.06
                          Station longitude: 119.55
                          Station elevation: 14.0
                            Showalter index: -0.70
                               Lifted index: -2.39
    LIFT computed using virtual temperature: -2.85
                                SWEAT index: 233.41
                                    K index: 35.30
                         Cross totals index: 21.30
                      Vertical totals index: 24.90
                        Totals totals index: 46.20
      Convective Available Potential Energy: 203.68
             CAPE using virtual temperature: 296.63
                      Convective Inhibition: -95.57
             CINS using virtual temperature: -72.81
                           Equilibrum Level: 293.48
 Equilibrum Level using virtual temperature: 290.69
                   Level of Free Convection: 753.94
             LFCT using virtual temperature: 782.69
                     Bulk Richardson Number: 15.26
          Bulk Richardson Number using CAPV: 22.22
  Temp [K] of the Lifted Condensation Level: 292.32
Pres [hPa] of the Lifted Condensation Level: 914.62
     Mean mixed layer potential temperature: 299.88
              Mean mixed layer mixing ratio: 15.56
              1000 hPa to 500 hPa thickness: 5764.00
Precipitable water [mm] for entire sounding: 50.04
</PRE>
<P>Description of the 
<A HREF="/upperair/columns.html">data columns</A>
or <A HREF="/upperair/indices.html">sounding indices</A>.

<P>
<FORM>
<INPUT CLASS="button" TYPE="button" VALUE=" Close this window " 
 onClick="window.close();">
<INPUT CLASS="button" TYPE="button" VALUE=" Select another map " 
 onClick="window.blur();">
</FORM>
<HR SIZE="1">
<I>Interested in graduate studies in atmospheric science?
Check out our program at the
<a href="http://www.uwyo.edu/atsc/howtoapply/"
target=_top>University of Wyoming
</a></I>
<HR SIZE="1"><FONT SIZE="-1">
Questions about the weather data provided by this site can be
addressed to <A HREF="mailto:ldoolman@uwyo.edu">
Larry Oolman (ldoolman@uwyo.edu)</A></FONT>
<HR SIZE="1">
<SCRIPT TYPE="text/javascript">
<!--
window.focus();
// -->
</SCRIPT>
</BODY>
</HTML>
