2017-06-08 12
<HTML>
<TITLE>University of Wyoming - Radiosonde Data</TITLE>
<LINK REL="StyleSheet" HREF="/resources/select.css" TYPE="text/css">
<BODY BGCOLOR="white">
<H2>97180 WAAA Ujung Pandang Observations at 00Z 08 Jun 2017</H2>
<PRE>
-----------------------------------------------------------------------------
   PRES   HGHT   TEMP   DWPT   RELH   MIXR   DRCT   SKNT   THTA   THTE   THTV
    hPa     m      C      C      %    g/kg    deg   knot     K      K      K 
-----------------------------------------------------------------------------
 1011.0     14   25.4   23.4     89  18.30      0      0  297.6  350.9  300.9
 1000.0    107   26.0   21.0     74  15.93      0      4  299.1  345.8  302.0
  995.0    152   26.2   21.2     74  16.21    352      4  299.8  347.4  302.7
  979.0    295   25.4   20.4     74  15.71    325      5  300.3  346.6  303.1
  946.0    598   23.6   18.9     75  14.70    355      2  301.5  345.0  304.1
  925.0    796   22.4   17.8     75  14.06     80      1  302.2  344.0  304.8
  914.0    900   21.8   17.5     76  13.93     80      2  302.6  344.1  305.2
  883.0   1198   20.1   16.5     80  13.54    340      5  303.9  344.3  306.3
  853.0   1498   18.4   15.5     83  13.15    305      4  305.1  344.6  307.5
  850.0   1528   18.2   15.4     84  13.11    305      4  305.2  344.6  307.6
  823.0   1804   15.8   14.3     91  12.58      0      0  305.4  343.4  307.8
  819.0   1846   15.4   14.1     92  12.50      8      0  305.5  343.2  307.8
  795.0   2098   14.3   12.8     91  11.81     55      2  306.9  342.8  309.1
  772.0   2347   13.2   11.5     89  11.16    325      1  308.3  342.4  310.4
  767.0   2402   12.9   10.8     87  10.69    305      1  308.6  341.4  310.6
  757.0   2513   12.4    9.3     81   9.81    298      2  309.2  339.4  311.0
  755.0   2535   12.2    8.5     78   9.31    296      2  309.2  337.9  310.9
  747.0   2624   12.4    2.4     50   6.13    290      3  310.4  329.6  311.5
  740.0   2703   11.9    2.7     53   6.31    285      4  310.6  330.4  311.8
  721.0   2921   10.4    3.4     62   6.82    321      2  311.3  332.8  312.6
  714.0   3002   10.1    2.7     60   6.57    335      1  311.8  332.6  313.1
  700.0   3167    9.4    1.4     57   6.09      0      1  312.9  332.2  314.0
  689.0   3298    8.8   -1.4     49   5.05     65      1  313.6  329.9  314.6
  685.0   3346    8.6   -2.4     46   4.70     55      1  313.9  329.1  314.8
  670.0   3529    8.0   -4.0     42   4.27     16      1  315.2  329.1  316.1
  664.0   3603    7.2    0.0     60   5.80      0      1  315.1  333.7  316.2
  660.0   3653    6.6    2.7     76   7.09     28      1  315.0  337.6  316.4
  649.0   3791    5.8    3.7     86   7.75    107      2  315.6  340.3  317.1
  643.0   3867    5.4    0.4     70   6.17    150      3  316.0  335.8  317.2
  641.0   3892    5.2    0.7     73   6.34    165      3  316.1  336.4  317.3
  631.0   4020    4.2    2.4     88   7.26    171      3  316.4  339.6  317.7
  617.0   4202    2.7    1.3     91   6.88    180      4  316.7  338.7  318.0
  614.0   4242    2.4    1.1     91   6.80    187      4  316.8  338.6  318.1
  612.0   4268    2.2    0.7     90   6.62    191      5  316.8  338.1  318.1
  601.0   4415    2.4   -2.6     70   5.29    216      6  318.7  336.0  319.7
  597.0   4469    2.2   -5.8     55   4.18    225      7  319.1  332.9  319.9
  595.0   4496    2.0   -5.5     57   4.27    230      7  319.2  333.3  320.0
  574.0   4785    0.0   -2.8     81   5.45    230      8  320.1  338.0  321.1
  573.0   4799   -0.1   -2.9     81   5.44    230      8  320.2  338.1  321.2
  552.0   5097   -1.3   -3.9     82   5.22    210      4  322.2  339.5  323.2
  535.0   5346   -2.3   -4.8     83   5.03    113      2  323.9  340.7  324.8
  531.0   5405   -2.7   -5.2     83   4.93     90      2  324.1  340.6  325.0
  512.0   5693   -4.6   -6.9     84   4.46    120      6  325.1  340.2  326.0
  500.0   5880   -5.9   -8.1     84   4.18    115      8  325.8  340.0  326.6
  493.0   5990   -6.6   -8.7     85   4.05    115     10  326.3  340.1  327.1
  456.0   6597  -10.2  -11.8     88   3.41     65      7  329.1  340.9  329.8
  453.0   6648  -10.5  -12.1     88   3.36     63      7  329.3  341.0  330.0
  438.0   6907  -12.3  -13.7     89   3.05     55      8  330.3  341.0  330.9
  436.0   6942  -12.5  -13.9     89   3.01     56      9  330.4  341.0  331.0
  428.0   7083  -12.7  -15.2     82   2.76     61     11  331.9  341.7  332.5
  423.0   7173  -12.1  -15.6     75   2.70     65     13  333.8  343.4  334.3
  418.0   7264  -12.1  -20.1     51   1.86     68     14  334.9  341.8  335.3
  405.0   7505  -13.3  -29.3     25   0.84     77     18  336.4  339.6  336.6
  400.0   7600  -13.5  -32.5     19   0.63     80     20  337.4  339.8  337.5
  389.0   7811  -15.1  -38.1     12   0.37     89     20  338.0  339.5  338.0
  380.0   7988  -15.9  -44.9      6   0.18     97     21  339.2  339.9  339.2
  371.0   8168  -17.3  -30.3     31   0.83    105     21  339.6  342.9  339.8
  345.0   8702  -21.7  -34.7     30   0.59    130     22  340.9  343.2  341.0
  313.0   9417  -27.5  -40.5     28   0.36    142     23  342.3  343.8  342.4
  305.0   9602  -29.2  -39.8     35   0.40    145     23  342.5  344.1  342.6
  300.0   9720  -30.3  -39.3     41   0.42    145     23  342.6  344.3  342.6
  291.0   9936  -32.5  -39.5     50   0.43    132     19  342.4  344.2  342.5
  280.0  10204  -34.6  -42.5     45   0.33    115     15  343.2  344.6  343.3
  254.0  10882  -39.9  -49.9     34   0.16     98     18  345.0  345.7  345.1
  250.0  10990  -40.9                          95     19  345.1         345.1
  215.0  11990  -48.5                          60     27  348.6         348.6
  200.0  12470  -52.1                          65     32  350.1         350.1
  187.0  12891  -55.6                          70     29  351.2         351.2
  150.0  14270  -67.1                         140     27  354.3         354.3
  140.0  14677  -71.1                         145     29  354.4         354.4
  137.0  14805  -72.3                         143     28  354.4         354.4
  126.0  15285  -73.9                         135     25  360.1         360.1
  108.0  16169  -76.8                         190     21  370.8         370.8
  102.0  16496  -77.9                         180     10  374.8         374.8
  100.0  16610  -78.3                         205      3  376.2         376.2
   97.0  16785  -78.3                         325     13  379.4         379.4
   88.5  17313  -78.5                         262     24  389.2         389.2
   87.0  17412  -77.0                         250     26  394.1         394.1
   86.5  17446  -76.5                         251     26  395.7         395.7
   71.5  18547  -78.5                         273     41  413.6         413.6
   70.0  18670  -76.7                         275     43  420.0         420.0
   69.0  18753  -74.9                         273     43  425.6         425.6
   67.0  18923  -75.3                         270     44  428.2         428.2
   64.5  19143  -75.9                         270     41  431.7         431.7
   61.3  19437  -75.1                         270     37  439.8         439.8
   60.1  19552  -70.3                         270     35  453.0         453.0
   58.1  19755  -66.3                         270     32  466.4         466.4
   55.0  20089  -63.6                         270     28  479.8         479.8
   54.6  20133  -63.3                         270     28  481.6         481.6
   50.0  20670  -65.7                         275     31  488.2         488.2
   49.5  20731  -66.3                         274     31  488.2         488.2
   47.0  21046  -64.1                         270     31  500.9         500.9
   46.4  21125  -63.5                         269     31  504.1         504.1
   43.5  21519  -65.3                         261     31  509.0         509.0
   43.0  21589  -65.2                         260     31  511.0         511.0
   40.4  21969  -64.7                         258     24  521.4         521.4
   37.0  22513  -58.3                         255     13  551.1         551.1
   36.9  22530  -58.1                         257     12  552.0         552.0
   35.0  22864  -55.8                         290      2  566.4         566.4
   34.6  22937  -55.3                         336      4  569.6         569.6
   34.0  23048  -55.6                          45      6  571.5         571.5
   30.0  23840  -58.1                          70     29  585.7         585.7
   28.0  24272  -60.8                          85     32  589.8         589.8
   27.8  24317  -61.1                          90     33  590.2         590.2
   27.0  24499  -60.7                         110     35  596.2         596.2
   25.7  24806  -60.1                         105     36  606.4         606.4
   24.1  25210  -57.9                          99     38  624.1         624.1
   23.4  25397  -54.1                          96     39  640.4         640.4
   21.3  26002  -53.5                          86     41  659.7         659.7
   20.0  26410  -50.9                          80     43  679.6         679.6
   19.6  26542  -49.3                          82     41  688.5         688.5
   19.0  26745  -49.6                          85     39  693.8         693.8
   16.3  27746  -50.9                          85     45  720.5         720.5
   15.0  28290  -49.6                          85     49  742.2         742.2
   13.3  29078  -47.7                          81     49  774.6         774.6
   13.0  29230  -46.2                          80     49  784.8         784.8
   12.7  29385  -44.7                                     795.4         795.4
</PRE><H3>Station information and sounding indices</H3><PRE>
                         Station identifier: WAAA
                             Station number: 97180
                           Observation time: 170608/0000
                           Station latitude: -5.06
                          Station longitude: 119.55
                          Station elevation: 14.0
                            Showalter index: -0.86
                               Lifted index: -1.64
    LIFT computed using virtual temperature: -1.87
                                SWEAT index: 200.81
                                    K index: 31.50
                         Cross totals index: 21.30
                      Vertical totals index: 24.10
                        Totals totals index: 45.40
      Convective Available Potential Energy: 197.77
             CAPE using virtual temperature: 273.65
                      Convective Inhibition: -70.54
             CINS using virtual temperature: -59.52
                           Equilibrum Level: 262.25
 Equilibrum Level using virtual temperature: 260.53
                   Level of Free Convection: 819.98
             LFCT using virtual temperature: 824.34
                     Bulk Richardson Number: 133.55
          Bulk Richardson Number using CAPV: 184.79
  Temp [K] of the Lifted Condensation Level: 292.76
Pres [hPa] of the Lifted Condensation Level: 918.58
     Mean mixed layer potential temperature: 299.96
              Mean mixed layer mixing ratio: 15.93
              1000 hPa to 500 hPa thickness: 5773.00
Precipitable water [mm] for entire sounding: 54.14
</PRE>
<P>Description of the 
<A HREF="/upperair/columns.html">data columns</A>
or <A HREF="/upperair/indices.html">sounding indices</A>.

<P>
<FORM>
<INPUT CLASS="button" TYPE="button" VALUE=" Close this window " 
 onClick="window.close();">
<INPUT CLASS="button" TYPE="button" VALUE=" Select another map " 
 onClick="window.blur();">
</FORM>
<HR SIZE="1">
<I>Interested in graduate studies in atmospheric science?
Check out our program at the
<a href="http://www.uwyo.edu/atsc/howtoapply/"
target=_top>University of Wyoming
</a></I>
<HR SIZE="1"><FONT SIZE="-1">
Questions about the weather data provided by this site can be
addressed to <A HREF="mailto:ldoolman@uwyo.edu">
Larry Oolman (ldoolman@uwyo.edu)</A></FONT>
<HR SIZE="1">
<SCRIPT TYPE="text/javascript">
<!--
window.focus();
// -->
</SCRIPT>
</BODY>
</HTML>
