2018-12-04 12
<HTML>
<TITLE>University of Wyoming - Radiosonde Data</TITLE>
<LINK REL="StyleSheet" HREF="/resources/select.css" TYPE="text/css">
<BODY BGCOLOR="white">
<H2>97180 WAAA Ujung Pandang Observations at 00Z 04 Dec 2018</H2>
<PRE>
-----------------------------------------------------------------------------
   PRES   HGHT   TEMP   DWPT   RELH   MIXR   DRCT   SKNT   THTA   THTE   THTV
    hPa     m      C      C      %    g/kg    deg   knot     K      K      K 
-----------------------------------------------------------------------------
 1009.0     14   26.0   23.2     85  18.11      0      0  298.4  351.3  301.6
 1008.0     23   26.8   19.8     66  14.64      9      0  299.3  342.2  301.9
 1000.0     91   25.8   19.8     69  14.76     85      2  298.9  342.2  301.6
  977.0    297   25.0   19.0     69  14.33    140      3  300.1  342.3  302.7
  944.0    600   23.7   17.7     69  13.71     85      3  301.8  342.5  304.3
  925.0    780   23.0   17.0     69  13.35     95      3  302.8  342.6  305.2
  912.0    902   22.2   16.6     71  13.23    110      4  303.3  342.8  305.7
  881.0   1200   20.4   15.7     75  12.92    115      4  304.3  343.1  306.7
  851.0   1499   18.5   14.8     79  12.62     95      3  305.4  343.4  307.7
  850.0   1509   18.4   14.8     80  12.61     95      3  305.4  343.4  307.7
  832.0   1693   17.4   13.9     80  12.14    117      3  306.2  343.0  308.5
  822.0   1796   16.9   13.2     79  11.77    130      3  306.7  342.4  308.9
  794.0   2092   15.3   11.4     77  10.76    105      5  308.1  341.0  310.1
  766.0   2398   13.7    9.4     75   9.78    105      7  309.6  339.7  311.4
  750.0   2577   12.8    8.3     74   9.24    120      7  310.4  339.1  312.2
  739.0   2702   12.4    6.3     66   8.14    130      7  311.4  336.8  312.9
  727.0   2840   12.0    4.0     58   7.06    124      7  312.4  334.6  313.7
  709.0   3050   10.4    4.4     66   7.45    115      6  312.8  336.3  314.2
  700.0   3157   10.4    1.4     54   6.09    110      6  314.0  333.4  315.1
  688.0   3301    9.9   -8.0     27   3.05     95      6  315.0  325.1  315.6
  684.0   3349    9.8  -11.2     22   2.39     94      6  315.4  323.4  315.8
  660.0   3644    8.4  -11.6     23   2.40     85      7  317.0  325.1  317.5
  650.0   3770    8.0  -11.0     25   2.55     82      7  318.0  326.6  318.5
  646.0   3821    7.4   -3.6     46   4.56     81      7  317.9  332.8  318.7
  617.0   4196    4.7   -2.8     58   5.08     70      8  319.0  335.6  320.0
  597.0   4465    2.8   -2.2     70   5.48     83      8  319.8  337.7  320.8
  573.0   4796    0.9   -2.2     80   5.71    100      9  321.3  340.1  322.4
  572.0   4810    0.8   -2.2     80   5.73    100      9  321.4  340.2  322.5
  556.0   5037    0.0   -8.0     55   3.78     99     11  323.0  335.8  323.8
  552.0   5095   -0.3   -8.3     55   3.72     99     12  323.3  335.9  324.1
  547.0   5168   -0.1  -15.1     31   2.17     98     12  324.4  332.0  324.8
  545.0   5197   -0.5  -11.5     43   2.93     98     13  324.3  334.4  324.9
  544.0   5212   -0.9   -7.9     59   3.90     98     13  324.0  337.2  324.7
  538.0   5300   -1.5   -7.5     64   4.07     98     14  324.3  338.0  325.1
  535.0   5345   -1.7  -10.7     50   3.18     97     14  324.6  335.5  325.2
  525.0   5495   -2.5   -9.5     59   3.56     97     15  325.4  337.5  326.1
  508.0   5755   -3.9  -11.9     54   3.04     96     18  326.7  337.3  327.3
  507.0   5771   -3.9  -13.9     46   2.59     96     18  326.9  336.0  327.4
  505.0   5802   -4.3  -10.3     63   3.48     95     18  326.8  338.8  327.5
  500.0   5880   -4.7  -11.7     58   3.14     95     19  327.2  338.1  327.9
  493.0   5991   -5.0  -19.9     30   1.61     95     18  328.1  333.9  328.5
  492.0   6007   -5.1  -21.1     27   1.45     95     18  328.3  333.5  328.6
  484.0   6136   -6.3  -17.3     41   2.04     96     18  328.3  335.6  328.7
  470.0   6365   -7.5  -23.5     27   1.23     99     17  329.6  334.1  329.9
  460.0   6532   -8.9  -19.9     41   1.72    100     17  329.9  336.1  330.2
  459.0   6549   -9.1  -22.1     34   1.43    100     17  329.9  335.1  330.1
  455.0   6616   -9.7  -18.7     48   1.93    101     17  329.9  336.9  330.3
  452.0   6668   -9.9  -16.9     57   2.27    102     17  330.3  338.4  330.8
  446.0   6771  -10.1  -25.1     28   1.12    103     16  331.3  335.5  331.5
  405.0   7505  -15.8  -27.2     37   1.02    110     15  333.2  337.1  333.4
  400.0   7600  -16.5  -27.5     38   1.01    110     14  333.5  337.2  333.7
  389.0   7809  -17.1  -34.0     22   0.56    100     10  335.4  337.5  335.5
  378.0   8024  -17.7  -40.7     12   0.29     71      9  337.3  338.5  337.4
  374.0   8103  -18.3  -38.6     15   0.37     60      8  337.5  339.0  337.6
  365.0   8285  -19.7  -33.7     28   0.61     57      8  338.0  340.4  338.1
  360.0   8387  -19.9  -41.9     12   0.27     55      8  339.1  340.2  339.1
  359.0   8407  -20.1  -42.1     12   0.27     55      8  339.1  340.2  339.2
  345.0   8696  -22.4  -44.4     12   0.22    135      8  339.9  340.8  339.9
  305.0   9590  -29.5  -51.5     10   0.11    190      4  342.0  342.5  342.0
  300.0   9710  -30.5  -52.5     10   0.10    185      3  342.3  342.7  342.3
  292.0   9900  -31.8  -53.5     10   0.09    160      4  343.1  343.4  343.1
  280.0  10195  -33.9  -55.2     10   0.08     90      6  344.2  344.6  344.2
  272.0  10399  -35.3  -56.3     10   0.07     91      7  345.0  345.3  345.0
  252.0  10926  -39.9  -51.9     27   0.13     95      9  345.8  346.4  345.9
  250.0  10980  -40.5                          95      9  345.7         345.7
  225.0  11679  -46.3                          85      9  347.5         347.5
  215.0  11980  -48.8                         105      8  348.1         348.1
  200.0  12460  -52.7                          95      8  349.1         349.1
  187.0  12878  -56.1                          70     14  350.4         350.4
  154.0  14086  -66.0                         105     19  353.6         353.6
  150.0  14250  -67.3                         100     20  354.0         354.0
  138.0  14746  -71.5                          86     19  355.1         355.1
  126.0  15267  -74.6                          70     17  358.8         358.8
  107.0  16203  -80.2                         155     10  365.4         365.4
  100.0  16590  -82.5                         215      8  368.1         368.1
   91.0  17107  -85.0                         335      3  373.2         373.2
   86.0  17417  -86.5                         130      8  376.3         376.3
   82.0  17678  -87.7                         135     17  378.9         378.9
   80.9  17753  -88.1                         130     18  379.6         379.6
   77.0  18021  -87.5                         100     19  386.3         386.3
   72.6  18340  -86.7                          94     23  394.5         394.5
   70.0  18540  -83.3                          90     26  405.9         405.9
   69.2  18604  -82.3                          89     26  409.4         409.4
   63.1  19121  -81.5                          77     29  422.0         422.0
   62.0  19222  -79.5                          75     30  428.6         428.6
   60.3  19380  -76.3                          83     32  439.1         439.1
   56.6  19745  -76.3                         102     38  447.2         447.2
   56.0  19807  -75.8                         105     39  449.6         449.6
   50.0  20470  -71.1                         100     45  475.5         475.5
   49.0  20589  -69.9                          99     46  481.1         481.1
   46.6  20887  -70.5                          97     48  486.6         486.6
   44.0  21229  -67.8                          95     50  501.4         501.4
   43.4  21311  -67.1                          94     46  505.0         505.0
   40.5  21734  -60.1                          92     25  532.5         532.5
   39.0  21969  -59.1                          90     13  540.7         540.7
   38.3  22082  -58.7                          66      7  544.7         544.7
   38.0  22132  -58.1                          55      4  547.4         547.4
   36.0  22474  -53.9                         195      4  566.8         566.8
   35.9  22492  -53.7                         197      4  567.8         567.8
   34.0  22837  -55.2                         235     11  572.6         572.6
   31.2  23382  -57.7                         249     14  580.2         580.2
   31.0  23423  -57.4                         250     14  582.1         582.1
   30.0  23630  -55.9                         255     12  591.6         591.6
   29.1  23823  -56.7                         258     13  594.6         594.6
   28.1  24047  -52.3                         261     14  612.8         612.8
   24.1  25031  -55.5                         275     18  631.0         631.0
   21.0  25916  -52.2                         290     23  666.1         666.1
   20.0  26230  -51.1                         285     15  679.0         679.0
   19.0  26564  -51.0                         235     24  689.2         689.2
   16.7  27403  -50.9                         258     23  715.5         715.5
   16.0  27683  -49.7                         265     23  728.2         728.2
   15.0  28106  -47.9                                     747.8         747.8
</PRE><H3>Station information and sounding indices</H3><PRE>
                         Station identifier: WAAA
                             Station number: 97180
                           Observation time: 181204/0000
                           Station latitude: -5.06
                          Station longitude: 119.55
                          Station elevation: 14.0
                            Showalter index: 0.83
                               Lifted index: 1.26
    LIFT computed using virtual temperature: 0.97
                                SWEAT index: 202.58
                                    K index: 28.90
                         Cross totals index: 19.50
                      Vertical totals index: 23.10
                        Totals totals index: 42.60
      Convective Available Potential Energy: 0.00
             CAPE using virtual temperature: 0.00
                      Convective Inhibition: 0.00
             CINS using virtual temperature: 0.00
                     Bulk Richardson Number: 0.00
          Bulk Richardson Number using CAPV: 0.00
  Temp [K] of the Lifted Condensation Level: 290.84
Pres [hPa] of the Lifted Condensation Level: 897.76
     Mean mixed layer potential temperature: 299.96
              Mean mixed layer mixing ratio: 14.42
              1000 hPa to 500 hPa thickness: 5789.00
Precipitable water [mm] for entire sounding: 47.21
</PRE>
<P>Description of the 
<A HREF="/upperair/columns.html">data columns</A>
or <A HREF="/upperair/indices.html">sounding indices</A>.

<P>
<FORM>
<INPUT CLASS="button" TYPE="button" VALUE=" Close this window " 
 onClick="window.close();">
<INPUT CLASS="button" TYPE="button" VALUE=" Select another map " 
 onClick="window.blur();">
</FORM>
<HR SIZE="1">
<I>Interested in graduate studies in atmospheric science?
Check out our program at the
<a href="http://www.uwyo.edu/atsc/howtoapply/"
target=_top>University of Wyoming
</a></I>
<HR SIZE="1"><FONT SIZE="-1">
Questions about the weather data provided by this site can be
addressed to <A HREF="mailto:ldoolman@uwyo.edu">
Larry Oolman (ldoolman@uwyo.edu)</A></FONT>
<HR SIZE="1">
<SCRIPT TYPE="text/javascript">
<!--
window.focus();
// -->
</SCRIPT>
</BODY>
</HTML>
