2018-05-23 00
<HTML>
<TITLE>University of Wyoming - Radiosonde Data</TITLE>
<LINK REL="StyleSheet" HREF="/resources/select.css" TYPE="text/css">
<BODY BGCOLOR="white">
<H2>97180 WAAA Ujung Pandang Observations at 00Z 23 May 2018</H2>
<PRE>
-----------------------------------------------------------------------------
   PRES   HGHT   TEMP   DWPT   RELH   MIXR   DRCT   SKNT   THTA   THTE   THTV
    hPa     m      C      C      %    g/kg    deg   knot     K      K      K 
-----------------------------------------------------------------------------
 1007.0     14   26.0   24.1     89  19.19      0      0  298.6  354.7  302.0
 1001.0     68   27.6   21.6     70  16.52     69      3  300.7  349.4  303.6
 1000.0     77   27.8   21.8     70  16.75     80      3  300.9  350.4  304.0
  975.0    301   26.5   20.5     70  15.84     70      9  301.8  348.8  304.7
  925.0    766   23.8   17.8     69  14.06     80     17  303.6  345.7  306.2
  864.0   1362   19.4   15.7     79  13.15     92     25  305.0  344.6  307.4
  850.0   1503   19.0   15.4     80  13.11     95     27  306.0  345.6  308.4
  821.0   1798   17.9   13.5     75  11.97    100     30  307.9  344.4  310.2
  738.0   2704   14.6    7.6     63   8.95     90     26  313.8  342.0  315.5
  700.0   3147   11.8    4.8     62   7.76     85     24  315.5  340.2  317.0
  667.0   3551    9.8    2.8     62   7.07     82     20  317.7  340.4  319.0
  640.0   3892    6.8    1.4     69   6.66     80     16  318.0  339.5  319.2
  625.0   4088    5.0    0.6     73   6.44     80     16  318.1  338.9  319.4
  594.0   4501    2.5   -0.9     78   6.08     80     15  319.9  339.7  321.1
  573.0   4793    0.8   -1.9     82   5.83     95     14  321.2  340.3  322.3
  564.0   4921    0.0   -2.4     84   5.72     86     12  321.7  340.6  322.8
  531.0   5401   -2.4   -5.3     80   4.86     50      6  324.5  340.8  325.4
  512.0   5691   -3.8   -7.1     77   4.40     70      7  326.1  341.1  327.0
  500.0   5880   -4.7   -8.3     76   4.11    115      6  327.2  341.3  328.1
  492.0   6007   -5.7   -8.9     78   3.99    140      5  327.5  341.2  328.3
  474.0   6298   -7.2  -13.6     60   2.85    175      7  329.2  339.2  329.8
  456.0   6600   -8.7  -18.4     45   1.98    175      5  331.0  338.1  331.4
  449.0   6721   -9.3  -20.3     40   1.71    144      5  331.7  337.9  332.0
  442.0   6843  -10.1  -21.1     40   1.62    113      6  332.2  338.1  332.5
  439.0   6895  -10.6  -19.3     49   1.90    100      6  332.2  339.1  332.6
  438.0   6913  -10.7  -18.7     52   2.01     99      6  332.3  339.5  332.7
  437.0   6931  -10.7  -21.7     40   1.55     98      6  332.5  338.2  332.8
  436.0   6948  -10.5  -15.5     67   2.64     96      6  332.9  342.4  333.5
  429.0   7073  -11.3  -15.3     72   2.73     88      5  333.5  343.2  334.0
  417.0   7291  -11.7  -21.7     43   1.63     74      3  335.7  341.7  336.0
  406.0   7496  -12.5  -25.7     32   1.17     60      2  337.2  341.7  337.5
  400.0   7610  -12.9  -27.9     27   0.97      0      1  338.1  341.9  338.3
  398.0   7648  -13.1  -29.1     25   0.87     30      1  338.4  341.7  338.5
  390.0   7800  -14.3  -30.1     25   0.81    150      2  338.8  341.9  338.9
  375.0   8092  -16.6  -31.9     25   0.71    200      3  339.6  342.4  339.7
  360.0   8396  -18.9  -33.8     26   0.61      0      1  340.4  342.8  340.5
  346.0   8692  -21.2  -35.6     26   0.53    180      1  341.1  343.3  341.2
  334.0   8956  -23.3  -37.3     27   0.47    159      1  341.8  343.7  341.9
  318.0   9310  -26.2  -37.0     36   0.50    130      2  342.6  344.6  342.7
  306.0   9587  -28.5  -36.8     45   0.54     80      2  343.1  345.3  343.2
  300.0   9730  -29.7  -36.7     51   0.55    115      2  343.4  345.6  343.5
  293.0   9897  -31.2  -36.7     58   0.57    150      4  343.6  345.9  343.8
  284.0  10117  -33.1  -36.7     70   0.58    143      7  343.9  346.3  344.1
  281.0  10191  -33.6  -38.1     64   0.51    140      8  344.2  346.3  344.3
  269.0  10493  -35.9  -43.9     43   0.29    105      4  345.2  346.5  345.3
  258.0  10782  -38.1  -49.5     29   0.16    320      5  346.2  346.9  346.2
  250.0  11000  -39.7  -53.7     21   0.10    300      4  346.9  347.4  346.9
  249.0  11028  -39.9  -53.9     21   0.10    306      4  347.0  347.5  347.0
  246.0  11109  -40.5                         325      3  347.3         347.3
  236.0  11388  -42.5                         305      4  348.4         348.4
  216.0  11983  -46.9                         230     10  350.5         350.5
  200.0  12500  -50.7                         190     13  352.3         352.3
  188.0  12887  -54.2                         175     12  353.0         353.0
  179.0  13194  -57.0                         170     10  353.4         353.4
  150.0  14300  -66.9                         225     10  354.6         354.6
  140.0  14696  -69.9                         240      8  356.4         356.4
  133.0  14991  -72.2                         180      5  357.6         357.6
  127.0  15256  -74.2                         200      5  358.7         358.7
  114.0  15877  -79.0                         290      8  361.2         361.2
  108.0  16188  -81.3                         250      7  362.3         362.3
  102.0  16516  -83.8                           0      1  363.5         363.5
  100.0  16630  -84.7                          70      1  363.8         363.8
   97.0  16797  -86.3                          60      2  363.9         363.9
   95.5  16883  -87.1                         130      1  364.0         364.0
   92.0  17089  -84.1                         190     10  373.9         373.9
   90.7  17167  -82.9                         184     12  377.7         377.7
   87.0  17401  -82.2                         165     17  383.7         383.7
   83.0  17665  -81.3                         190     10  390.6         390.6
   80.0  17872  -80.7                         175      8  396.0         396.0
   78.0  18016  -78.3                         165      6  403.8         403.8
   76.3  18142  -76.3                         219      8  410.6         410.6
   74.0  18319  -76.1                         295     10  414.6         414.6
   71.0  18558  -75.8                         235      7  420.2         420.2
   70.0  18640  -75.7                         225      7  422.1         422.1
   60.0  19536  -74.5                         180      9  443.8         443.8
   57.0  19834  -74.1                         115     18  451.3         451.3
   55.7  19969  -73.9                         101     19  454.7         454.7
   52.3  20341  -68.7                          63     20  475.0         475.0
   52.0  20376  -68.8                          60     20  475.5         475.5
   50.0  20610  -69.9                          65     20  478.4         478.4
   49.9  20622  -69.9                          65     20  478.6         478.6
   47.1  20967  -67.7                          79     32  491.9         491.9
   44.9  21259  -61.1                          90     41  514.6         514.6
   43.0  21526  -61.9                         100     50  519.1         519.1
   40.2  21941  -63.1                          97     51  526.2         526.2
   35.0  22805  -59.6                          90     53  556.5         556.5
   31.2  23522  -56.7                          83     57  582.9         582.9
   30.0  23770  -56.5                          80     58  590.0         590.0
   29.0  23986  -56.2                          85     56  596.5         596.5
   25.4  24828  -55.1                          89     55  622.8         622.8
   24.0  25192  -54.1                          90     54  635.8         635.8
   21.4  25929  -52.1                          87     56  663.0         663.0
   20.0  26370  -48.5                          85     57  687.0         687.0
   19.9  26403  -48.1                          85     57  689.2         689.2
   17.4  27291  -46.9                          95     65  719.9         719.9
   17.0  27445  -46.7                          95     65  725.3         725.3
   16.2  27764  -46.3                          83     59  736.7         736.7
   16.0  27847  -45.9                          80     57  740.7         740.7
   14.0  28744  -41.6                         120     21  784.1         784.1
   13.8  28840  -41.1                         123     20  788.9         788.9
   13.0  29244  -41.6                         135     15  800.6         800.6
   12.0  29786  -42.4                         320     12  816.5         816.5
   11.1  30313  -43.1                         320     25  832.3         832.3
   11.0  30374  -42.6                         320     27  836.4         836.4
   10.4  30755  -39.3                                     862.0         862.0
</PRE><H3>Station information and sounding indices</H3><PRE>
                         Station identifier: WAAA
                             Station number: 97180
                           Observation time: 180523/0000
                           Station latitude: -5.06
                          Station longitude: 119.55
                          Station elevation: 14.0
                            Showalter index: -0.03
                               Lifted index: -1.31
    LIFT computed using virtual temperature: -1.62
                                SWEAT index: 244.80
                                    K index: 32.10
                         Cross totals index: 20.10
                      Vertical totals index: 23.70
                        Totals totals index: 43.80
      Convective Available Potential Energy: 208.89
             CAPE using virtual temperature: 270.40
                      Convective Inhibition: -203.05
             CINS using virtual temperature: -151.37
                           Equilibrum Level: 248.22
 Equilibrum Level using virtual temperature: 247.55
                   Level of Free Convection: 640.09
             LFCT using virtual temperature: 650.13
                     Bulk Richardson Number: 12.96
          Bulk Richardson Number using CAPV: 16.77
  Temp [K] of the Lifted Condensation Level: 292.59
Pres [hPa] of the Lifted Condensation Level: 900.05
     Mean mixed layer potential temperature: 301.54
              Mean mixed layer mixing ratio: 16.10
              1000 hPa to 500 hPa thickness: 5803.00
Precipitable water [mm] for entire sounding: 54.81
</PRE>
<P>Description of the 
<A HREF="/upperair/columns.html">data columns</A>
or <A HREF="/upperair/indices.html">sounding indices</A>.

<P>
<FORM>
<INPUT CLASS="button" TYPE="button" VALUE=" Close this window " 
 onClick="window.close();">
<INPUT CLASS="button" TYPE="button" VALUE=" Select another map " 
 onClick="window.blur();">
</FORM>
<HR SIZE="1">
<I>Interested in graduate studies in atmospheric science?
Check out our program at the
<a href="http://www.uwyo.edu/atsc/howtoapply/"
target=_top>University of Wyoming
</a></I>
<HR SIZE="1"><FONT SIZE="-1">
Questions about the weather data provided by this site can be
addressed to <A HREF="mailto:ldoolman@uwyo.edu">
Larry Oolman (ldoolman@uwyo.edu)</A></FONT>
<HR SIZE="1">
<SCRIPT TYPE="text/javascript">
<!--
window.focus();
// -->
</SCRIPT>
</BODY>
</HTML>
