2016-06-02 00
<HTML>
<TITLE>University of Wyoming - Radiosonde Data</TITLE>
<LINK REL="StyleSheet" HREF="/resources/select.css" TYPE="text/css">
<BODY BGCOLOR="white">
<H2>97180 WAAA Ujung Pandang Observations at 00Z 02 Jun 2016</H2>
<PRE>
-----------------------------------------------------------------------------
   PRES   HGHT   TEMP   DWPT   RELH   MIXR   DRCT   SKNT   THTA   THTE   THTV
    hPa     m      C      C      %    g/kg    deg   knot     K      K      K 
-----------------------------------------------------------------------------
 1010.0     14   26.0   23.0     84  17.87    120      3  298.3  350.5  301.5
 1000.0    100   26.0   20.0     70  14.95    105      5  299.1  343.0  301.8
  998.0    118   27.2   20.2     66  15.17    106      5  300.5  345.2  303.2
  978.0    297   26.1   19.1     65  14.42    120      4  301.1  343.8  303.7
  945.0    600   24.2   17.2     65  13.22    200      2  302.2  341.5  304.6
  925.0    789   23.0   16.0     65  12.51      0      1  302.8  340.1  305.1
  913.0    902   22.4   15.4     65  12.23     90      2  303.4  340.0  305.6
  850.0   1519   19.4   12.4     64  10.75     80     11  306.4  339.1  308.4
  794.0   2102   15.2   10.3     73   9.98     75      8  307.9  338.5  309.8
  782.0   2232   14.2    9.8     75   9.82     67      6  308.3  338.4  310.1
  766.0   2407   13.7    9.0     73   9.51     55      3  309.6  338.9  311.4
  749.0   2597   13.2    8.2     72   9.19     91      4  311.0  339.5  312.7
  740.0   2699   12.9    6.4     65   8.21    110      5  311.8  337.4  313.3
  737.0   2733   12.8    5.8     62   7.91    111      5  312.0  336.8  313.5
  734.0   2768   12.8    4.8     58   7.40    112      6  312.4  335.6  313.8
  727.0   2848   13.4   -5.6     26   3.48    115      7  313.9  325.3  314.5
  722.0   2906   13.4  -10.6     18   2.37    117      8  314.5  322.5  314.9
  700.0   3166   11.6  -11.4     19   2.30    125     11  315.3  323.0  315.7
  697.0   3202   11.4  -13.6     16   1.93    126     11  315.5  322.0  315.8
  682.0   3383    9.8   -4.2     37   4.13    129     10  315.6  329.1  316.4
  655.0   3718    8.2  -16.8     15   1.58    136      8  317.5  323.0  317.8
  642.0   3883    7.2  -20.8     12   1.14    140      7  318.2  322.2  318.4
  641.0   3895    7.1  -20.9     12   1.14    140      7  318.2  322.3  318.5
  637.0   3947    6.8  -21.2     11   1.11    135      7  318.4  322.4  318.7
  632.0   4012    6.2  -13.8     22   2.09    128      7  318.5  325.7  318.9
  628.0   4064    5.4   -4.6     49   4.35    123      8  318.1  332.5  319.0
  620.0   4168    4.4   -1.6     65   5.52    113      8  318.2  336.1  319.2
  618.0   4195    4.2   -1.6     66   5.52    110      8  318.2  336.2  319.3
  597.0   4475    2.0   -2.2     74   5.48    105      8  318.8  336.8  319.9
  595.0   4502    1.8   -3.0     70   5.19    105      8  319.0  335.9  320.0
  585.0   4639    1.0   -7.0     55   3.89    121      8  319.5  332.5  320.3
  580.0   4708    1.0  -18.0     23   1.61    129      8  320.3  325.9  320.6
  573.0   4806    0.7  -21.3     17   1.23    140      8  321.1  325.4  321.3
  557.0   5033    0.0  -29.0      9   0.63    136      8  322.9  325.2  323.0
  535.0   5354   -2.1  -28.1     12   0.71    131      8  324.1  326.7  324.2
  532.0   5399   -2.3  -30.8      9   0.56    130      8  324.4  326.5  324.5
  529.0   5444   -2.5  -33.5      7   0.43    129      8  324.6  326.3  324.7
  526.0   5489   -2.5  -34.5      7   0.39    128      9  325.2  326.7  325.3
  523.0   5534   -2.5  -23.5     18   1.11    127      9  325.7  329.8  325.9
  522.0   5550   -2.7  -15.7     36   2.17    127      9  325.6  333.3  326.1
  509.0   5749   -4.1  -13.1     50   2.75    123     11  326.3  335.9  326.9
  508.0   5765   -4.3  -13.3     50   2.71    123     11  326.2  335.7  326.8
  500.0   5890   -3.7  -18.7     30   1.76    120     12  328.5  334.8  328.8
  496.0   5953   -3.5  -21.5     23   1.39    118     12  329.5  334.6  329.7
  486.0   6114   -4.5  -27.5     15   0.83    112     14  330.2  333.3  330.3
  474.0   6310   -6.0  -21.1     29   1.51    105     15  330.7  336.2  331.0
  462.0   6511   -7.5  -14.5     57   2.71    117     13  331.2  340.8  331.8
  439.0   6907   -9.1  -15.2     61   2.69    140      8  334.1  343.7  334.6
  436.0   6960   -9.3  -15.3     62   2.68    140      8  334.5  344.1  335.0
  406.0   7506  -13.8  -17.6     73   2.37    140      9  335.6  344.2  336.1
  400.0   7620  -14.7  -18.1     75   2.31    130     11  335.8  344.2  336.3
  397.0   7677  -15.1  -17.9     79   2.37    127     12  336.0  344.6  336.5
  391.0   7790  -15.9  -18.7     79   2.25    120     14  336.4  344.6  336.8
  319.0   9298  -27.1  -29.6     79   1.04     93     16  341.0  345.0  341.2
  310.0   9505  -27.9  -32.8     63   0.79     89     17  342.7  345.8  342.9
  300.0   9740  -29.7  -36.7     51   0.55     85     17  343.4  345.6  343.5
  251.0  10983  -39.9  -47.9     42   0.20     70     21  346.2  347.1  346.3
  250.0  11010  -40.3                          70     21  346.0         346.0
  216.0  11980  -48.4                          55     21  348.2         348.2
  200.0  12490  -52.7                          60     26  349.1         349.1
  156.0  14044  -66.3                          60     31  351.7         351.7
  155.0  14083  -66.7                          60     31  351.8         351.8
  150.0  14280  -68.5                          60     29  351.9         351.9
  133.0  14977  -72.2                          65     24  357.6         357.6
  114.0  15871  -77.0                         115     19  364.7         364.7
  108.0  16184  -78.7                         165     19  367.2         367.2
  100.0  16630  -81.1                         185     25  370.8         370.8
   97.0  16800  -82.1                         185     19  372.1         372.1
   92.0  17095  -83.9                         175     10  374.2         374.2
   87.0  17406  -85.8                         185      6  376.5         376.5
   86.1  17464  -86.1                         175      4  376.9         376.9
   83.2  17652  -85.7                         282      4  381.4         381.4
   83.0  17666  -85.2                         290      4  382.7         382.7
   82.1  17726  -83.1                         287      6  388.2         388.2
   78.0  18012  -83.2                         275     15  393.6         393.6
   76.0  18157  -83.3                         250      9  396.4         396.4
   74.0  18307  -82.3                         225      3  401.5         401.5
   70.0  18620  -80.3                         100     21  412.3         412.3
   69.2  18685  -77.3                          97     22  420.1         420.1
   63.0  19230  -73.8                          75     28  439.2         439.2
   60.2  19493  -72.1                          84     31  448.7         448.7
   55.0  20021  -74.7                         103     37  454.5         454.5
   52.0  20350  -71.9                         115     41  468.4         468.4
   50.0  20580  -69.9                         115     46  478.4         478.4
   48.6  20750  -67.1                         109     45  488.9         488.9
   45.1  21200  -66.7                          95     43  500.4         500.4
   44.5  21281  -64.3                          92     42  508.2         508.2
   44.0  21351  -64.0                          90     42  510.6         510.6
   37.0  22426  -59.2                          70     19  548.9         548.9
   35.0  22771  -57.6                          10     11  561.7         561.7
   34.6  22842  -57.3                           0     13  564.4         564.4
   33.0  23139  -58.3                         320     21  569.4         569.4
   32.4  23255  -58.7                         315     22  571.3         571.3
   31.4  23452  -56.7                         307     23  581.8         581.8
   30.0  23740  -57.3                         295     25  587.8         587.8
   29.2  23911  -58.1                         271     27  590.2         590.2
   28.0  24177  -57.5                         235     29  598.9         598.9
   25.0  24895  -56.0                         210     18  622.9         622.9
   24.4  25049  -55.7                         217     20  628.2         628.2
   23.0  25431  -52.4                         235     25  648.6         648.6
   22.0  25718  -49.9                         238     28  664.3         664.3
   20.4  26211  -51.3                         244     33  674.6         674.6
   20.0  26340  -51.3                         245     34  678.4         678.4
   16.2  27712  -50.1                         245     33  724.4         724.4
   15.0  28218  -48.0                         245     33  747.4         747.4
   14.6  28395  -47.3                         249     32  755.6         755.6
   13.6  28863  -48.5                         259     29  767.0         767.0
   13.0  29160  -48.6                         265     27  776.4         776.4
   12.8  29262  -48.7                         270     27  779.7         779.7
   12.0  29692  -45.7                         290     28  804.7         804.7
   11.0  30273  -41.7                                     839.6         839.6
</PRE><H3>Station information and sounding indices</H3><PRE>
                         Station identifier: WAAA
                             Station number: 97180
                           Observation time: 160602/0000
                           Station latitude: -5.06
                          Station longitude: 119.55
                          Station elevation: 14.0
                            Showalter index: 3.56
                               Lifted index: 1.55
    LIFT computed using virtual temperature: 1.00
                                SWEAT index: 182.79
                                    K index: 12.50
                         Cross totals index: 16.10
                      Vertical totals index: 23.10
                        Totals totals index: 39.20
      Convective Available Potential Energy: 4.51
             CAPE using virtual temperature: 31.19
                      Convective Inhibition: -284.17
             CINS using virtual temperature: -192.45
                           Equilibrum Level: 574.20
 Equilibrum Level using virtual temperature: 506.86
                   Level of Free Convection: 607.37
             LFCT using virtual temperature: 620.66
                     Bulk Richardson Number: 4.39
          Bulk Richardson Number using CAPV: 30.36
  Temp [K] of the Lifted Condensation Level: 291.08
Pres [hPa] of the Lifted Condensation Level: 892.48
     Mean mixed layer potential temperature: 300.71
              Mean mixed layer mixing ratio: 14.75
              1000 hPa to 500 hPa thickness: 5790.00
Precipitable water [mm] for entire sounding: 43.00
</PRE>
<P>Description of the 
<A HREF="/upperair/columns.html">data columns</A>
or <A HREF="/upperair/indices.html">sounding indices</A>.

<P>
<FORM>
<INPUT CLASS="button" TYPE="button" VALUE=" Close this window " 
 onClick="window.close();">
<INPUT CLASS="button" TYPE="button" VALUE=" Select another map " 
 onClick="window.blur();">
</FORM>
<HR SIZE="1">
<I>Interested in graduate studies in atmospheric science?
Check out our program at the
<a href="http://www.uwyo.edu/atsc/howtoapply/"
target=_top>University of Wyoming
</a></I>
<HR SIZE="1"><FONT SIZE="-1">
Questions about the weather data provided by this site can be
addressed to <A HREF="mailto:ldoolman@uwyo.edu">
Larry Oolman (ldoolman@uwyo.edu)</A></FONT>
<HR SIZE="1">
<SCRIPT TYPE="text/javascript">
<!--
window.focus();
// -->
</SCRIPT>
</BODY>
</HTML>
