2017-08-27 00
<HTML>
<TITLE>University of Wyoming - Radiosonde Data</TITLE>
<LINK REL="StyleSheet" HREF="/resources/select.css" TYPE="text/css">
<BODY BGCOLOR="white">
<H2>97180 WAAA Ujung Pandang Observations at 00Z 27 Aug 2017</H2>
<PRE>
-----------------------------------------------------------------------------
   PRES   HGHT   TEMP   DWPT   RELH   MIXR   DRCT   SKNT   THTA   THTE   THTV
    hPa     m      C      C      %    g/kg    deg   knot     K      K      K 
-----------------------------------------------------------------------------
 1009.0     14   23.2   18.2     73  13.21      0      0  295.6  333.8  297.9
 1008.0     23   24.8   16.8     61  12.08     11      0  297.3  332.5  299.4
 1000.0     92   25.2   17.2     61  12.50    100      2  298.4  334.9  300.6
  980.0    270   24.8   14.8     54  10.91    109      6  299.7  331.9  301.6
  977.0    297   24.6   14.7     54  10.85    110      7  299.8  331.8  301.7
  925.0    775   21.2   12.2     56   9.74    105     17  301.0  330.0  302.7
  881.0   1195   18.1   10.8     62   9.32     85     16  302.0  329.9  303.7
  850.0   1503   15.8    9.8     68   9.02     90     22  302.7  329.8  304.3
  814.0   1870   13.0    9.9     81   9.49     92     26  303.5  332.0  305.2
  803.0   1985   15.8    5.8     51   7.25     92     27  307.6  330.1  309.0
  786.0   2167   18.0  -12.0     12   1.95     93     29  311.9  318.4  312.2
  751.0   2554   16.0  -15.0     11   1.60     94     33  313.8  319.3  314.1
  741.0   2668   15.6  -15.4     10   1.57     95     35  314.6  319.9  314.9
  738.0   2702   15.3   -9.7     17   2.50     95     35  314.6  323.0  315.1
  734.0   2748   15.0   -2.0     31   4.52     96     33  314.8  329.4  315.6
  700.0   3148   12.4   -0.6     41   5.26    100     20  316.2  333.2  317.2
  673.0   3476   10.4   -1.6     43   5.08     94     16  317.5  334.1  318.5
  616.0   4197    3.8   -5.0     52   4.30     80      7  318.1  332.3  318.9
  585.0   4617    0.0   -7.0     59   3.89     70     11  318.4  331.2  319.1
  572.0   4796   -0.5  -12.6     39   2.54     65     13  319.8  328.5  320.3
  543.0   5210   -1.7  -25.7     14   0.87     79     21  323.2  326.4  323.4
  511.0   5689   -4.3  -23.2     21   1.16     95     30  325.6  329.9  325.9
  500.0   5860   -5.3  -22.3     25   1.29     90     27  326.5  331.2  326.8
  487.0   6066   -6.7  -20.7     32   1.52     86     26  327.3  332.7  327.6
  421.0   7189  -11.7  -36.8     10   0.39     65     21  334.8  336.3  334.9
  411.0   7374  -12.5  -39.5      9   0.30     80     22  336.0  337.3  336.1
  404.0   7504  -13.5  -39.2      9   0.32     90     22  336.4  337.7  336.4
  400.0   7580  -14.1  -39.1     10   0.32     90     21  336.6  337.9  336.6
  344.0   8688  -23.2  -45.0     12   0.20     95     12  339.0  339.9  339.1
  303.0   9619  -30.9  -49.9     14   0.13     72     26  340.7  341.3  340.8
  300.0   9690  -31.5  -49.5     15   0.14     70     27  340.9  341.5  340.9
  291.0   9903  -33.3  -47.8     22   0.17     70     26  341.2  342.0  341.3
  275.0  10298  -36.7  -44.7     43   0.26     68     29  341.9  343.0  342.0
  257.0  10762  -39.9  -50.9     30   0.14     66     33  343.9  344.5  343.9
  250.0  10950  -41.5                          65     35  344.2         344.2
  214.0  11974  -49.3                          70     33  347.7         347.7
  200.0  12420  -52.7                          80     29  349.1         349.1
  181.0  13059  -57.1                          84     22  352.1         352.1
  177.0  13198  -58.4                          85     21  352.1         352.1
  161.0  13783  -64.1                          50     14  352.3         352.3
  150.0  14220  -68.3                          40     19  352.2         352.2
  145.0  14421  -70.3                          40     22  352.2         352.2
  138.0  14710  -71.5                          40     26  355.0         355.0
  125.0  15286  -74.0                          55     20  360.7         360.7
  119.0  15573  -75.3                          25      6  363.5         363.5
  116.0  15722  -75.9                         328      9  365.0         365.0
  113.0  15870  -77.1                         270     12  365.5         365.5
  103.0  16395  -81.5                         260     11  366.9         366.9
  101.0  16504  -81.2                         245      6  369.5         369.5
  100.0  16560  -81.1                         235      4  370.8         370.8
   96.0  16792  -80.2                          65      4  376.8         376.8
   92.6  16997  -79.5                         149      5  382.2         382.2
   91.2  17084  -76.3                         185      6  390.2         390.2
   91.0  17097  -76.4                         190      6  390.3         390.3
   82.3  17675  -79.1                         224     15  396.1         396.1
   82.0  17697  -78.9                         225     15  396.9         396.9
   78.0  17987  -76.1                         220      7  408.5         408.5
   74.0  18292  -73.1                         270     17  420.9         420.9
   71.8  18470  -73.9                         259     20  422.9         422.9
   70.1  18611  -70.9                         251     23  432.2         432.2
   70.0  18620  -70.7                         250     23  432.8         432.8
   63.6  19190  -69.9                         245     29  446.6         446.6
   62.6  19285  -67.5                         245     30  453.9         453.9
   58.3  19712  -68.9                         241     35  460.1         460.1
   57.0  19848  -68.2                         240     36  464.7         464.7
   55.0  20063  -67.1                         265     37  472.0         472.0
   53.0  20286  -65.9                         265     41  479.7         479.7
   50.0  20640  -65.9                         265     46  487.8         487.8
   47.0  21013  -67.1                         265     40  493.7         493.7
   46.4  21090  -67.3                         265     37  494.9         494.9
   43.0  21547  -67.3                         265     19  505.8         505.8
   41.0  21834  -67.3                         285      8  512.7         512.7
   40.3  21937  -67.3                         333      9  515.3         515.3
   39.0  22136  -64.4                          65     10  527.5         527.5
   38.7  22182  -63.7                          66     12  530.4         530.4
   36.1  22610  -61.7                          76     25  546.2         546.2
   35.0  22800  -61.8                          80     31  550.8         550.8
   30.0  23750  -62.3                          85     47  574.2         574.2
   27.3  24330  -63.5                          88     52  586.5         586.5
   26.0  24633  -61.7                          90     55  599.8         599.8
   24.2  25078  -59.1                          91     57  619.8         619.8
   20.0  26280  -56.1                          95     64  663.7         663.7
   18.3  26847  -54.1                          97     64  687.0         687.0
   14.0  28582  -51.1                         105     64  751.7         751.7
   13.0  29062  -50.3                          90     72  770.7         770.7
   12.9  29112  -50.2                          90     72  772.6         772.6
   12.3  29420  -49.7                          90     72  785.1         785.1
   12.0                                        90     72                     
</PRE><H3>Station information and sounding indices</H3><PRE>
                         Station identifier: WAAA
                             Station number: 97180
                           Observation time: 170827/0000
                           Station latitude: -5.06
                          Station longitude: 119.55
                          Station elevation: 14.0
                            Showalter index: 6.13
                               Lifted index: 4.91
    LIFT computed using virtual temperature: 4.55
                                SWEAT index: 188.62
                                    K index: 17.90
                         Cross totals index: 15.10
                      Vertical totals index: 21.10
                        Totals totals index: 36.20
      Convective Available Potential Energy: 0.00
             CAPE using virtual temperature: 0.00
                      Convective Inhibition: 0.00
             CINS using virtual temperature: 0.00
                     Bulk Richardson Number: 0.00
          Bulk Richardson Number using CAPV: 0.00
  Temp [K] of the Lifted Condensation Level: 286.34
Pres [hPa] of the Lifted Condensation Level: 856.99
     Mean mixed layer potential temperature: 299.27
              Mean mixed layer mixing ratio: 11.28
              1000 hPa to 500 hPa thickness: 5768.00
Precipitable water [mm] for entire sounding: 32.37
</PRE>
<P>Description of the 
<A HREF="/upperair/columns.html">data columns</A>
or <A HREF="/upperair/indices.html">sounding indices</A>.

<P>
<FORM>
<INPUT CLASS="button" TYPE="button" VALUE=" Close this window " 
 onClick="window.close();">
<INPUT CLASS="button" TYPE="button" VALUE=" Select another map " 
 onClick="window.blur();">
</FORM>
<HR SIZE="1">
<I>Interested in graduate studies in atmospheric science?
Check out our program at the
<a href="http://www.uwyo.edu/atsc/howtoapply/"
target=_top>University of Wyoming
</a></I>
<HR SIZE="1"><FONT SIZE="-1">
Questions about the weather data provided by this site can be
addressed to <A HREF="mailto:ldoolman@uwyo.edu">
Larry Oolman (ldoolman@uwyo.edu)</A></FONT>
<HR SIZE="1">
<SCRIPT TYPE="text/javascript">
<!--
window.focus();
// -->
</SCRIPT>
</BODY>
</HTML>
