2018-08-30 00
<HTML>
<TITLE>University of Wyoming - Radiosonde Data</TITLE>
<LINK REL="StyleSheet" HREF="/resources/select.css" TYPE="text/css">
<BODY BGCOLOR="white">
<H2>97180 WAAA Ujung Pandang Observations at 00Z 30 Aug 2018</H2>
<PRE>
-----------------------------------------------------------------------------
   PRES   HGHT   TEMP   DWPT   RELH   MIXR   DRCT   SKNT   THTA   THTE   THTV
    hPa     m      C      C      %    g/kg    deg   knot     K      K      K 
-----------------------------------------------------------------------------
 1012.0     14   25.2   21.9     82  16.65      0      0  297.3  345.7  300.3
 1011.0     23   22.8   21.6     93  16.36    354      0  295.0  342.1  297.9
 1000.0    118   22.6   20.7     89  15.63    290      5  295.8  340.8  298.5
  979.0    304   22.5   20.6     89  15.88    260      6  297.5  343.6  300.3
  954.0    530   22.4   20.5     89  16.19    226      7  299.6  347.0  302.4
  946.0    604   22.2   20.1     88  15.94    215      7  300.1  346.9  302.9
  929.0    762   21.8   19.3     86  15.41    223      8  301.2  346.8  304.0
  925.0    800   21.0   18.4     85  14.62    225      8  300.8  343.9  303.4
  874.0   1289   17.2   15.8     91  13.09    225      6  301.7  340.5  304.1
  852.0   1507   15.9   14.5     91  12.35    225      5  302.6  339.4  304.9
  850.0   1527   15.8   14.4     91  12.28    225      5  302.7  339.3  304.9
  823.0   1800   14.1   13.1     94  11.66    210      9  303.7  338.6  305.8
  794.0   2103   12.2   11.7     97  10.99    240     10  304.8  337.9  306.8
  788.0   2167   11.8   11.4     97  10.86    237     10  305.0  337.8  307.0
  767.0   2392   11.1   10.8     98  10.69    225     11  306.6  339.0  308.5
  739.0   2703   10.0    9.9     99  10.45    235      7  308.7  340.8  310.6
  718.0   2943    9.2    9.2    100  10.27    311      4  310.4  342.1  312.3
  713.0   3001    9.0    9.0    100  10.19    330      3  310.8  342.3  312.7
  700.0   3154    8.4    8.4    100   9.98      0      3  311.8  342.8  313.6
  688.0   3296    7.7    7.7    100   9.65     15      4  312.6  342.7  314.4
  663.0   3601    6.3    6.1     99   8.98     50      9  314.3  342.6  316.0
  634.0   3970    4.6    4.2     97   8.22     53      8  316.4  342.5  317.9
  616.0   4203    3.2    2.7     97   7.62     55      7  317.4  341.8  318.9
  586.0   4608    0.8    0.2     96   6.67     89      9  319.1  340.8  320.4
  583.0   4650    0.0   -0.5     96   6.37     92      9  318.7  339.3  319.9
  578.0   4719   -0.3   -0.9     96   6.24     98      9  319.1  339.4  320.3
  574.0   4774   -3.3   -7.3     74   3.87    103     10  316.2  328.9  317.0
  566.0   4886   -2.1   -2.6     96   5.62    112     10  318.9  337.2  320.0
  565.0   4900   -2.3   -2.7     97   5.58    113     10  318.8  337.1  319.9
  564.0   4914   -2.5   -3.1     96   5.43    114     10  318.8  336.5  319.8
  563.0   4928   -4.5   -6.6     85   4.17    116     10  316.6  330.2  317.4
  551.0   5098   -4.5   -7.5     79   3.96    130     11  318.5  331.6  319.3
  545.0   5184   -4.5   -8.0     77   3.86    128     11  319.5  332.4  320.3
  510.0   5705   -6.8   -9.8     79   3.59    115      9  322.8  335.0  323.5
  500.0   5860   -7.5  -10.3     80   3.51     95      6  323.8  335.8  324.5
  491.0   6000   -8.4  -11.0     81   3.37     70      4  324.4  336.0  325.1
  472.0   6305  -10.3  -12.7     83   3.08    110      4  325.8  336.4  326.4
  460.0   6504  -11.5  -13.7     84   2.90    108      7  326.6  336.7  327.2
  421.0   7177  -16.3  -20.7     69   1.76    100     17  328.9  335.2  329.2
  420.0   7195  -16.4  -20.8     69   1.75    100     17  329.0  335.3  329.3
  400.0   7560  -18.3  -22.2     71   1.62     85     19  331.1  337.0  331.4
  393.0   7692  -19.1  -21.9     78   1.70     79     21  331.8  337.9  332.1
  372.0   8098  -21.5  -26.2     66   1.21     60     26  333.8  338.3  334.1
  349.0   8569  -24.3  -31.3     52   0.81     72     24  336.2  339.3  336.3
  343.0   8695  -24.9  -31.2     56   0.83     75     24  337.0  340.2  337.2
  332.0   8933  -26.1  -31.1     63   0.86     76     24  338.5  341.9  338.7
  316.0   9289  -28.7  -37.7     42   0.47     78     24  339.7  341.6  339.8
  300.0   9660  -31.7  -39.7     45   0.41     80     24  340.6  342.2  340.7
  261.0  10620  -40.1  -47.1     47   0.21     72     31  342.1  343.0  342.1
  250.0  10910  -42.7                          70     33  342.4         342.4
  214.0  11942  -51.7                          60     41  344.0         344.0
  200.0  12380  -54.3                          55     44  346.6         346.6
  193.0  12600  -56.0                          50     46  347.5         347.5
  159.0  13799  -65.2                          65     47  351.8         351.8
  150.0  14160  -67.9                          75     37  352.9         352.9
  146.0  14322  -69.1                          82     36  353.6         353.6
  144.0  14403  -69.4                          85     35  354.4         354.4
  130.0  15005  -71.8                          55     21  360.6         360.6
  124.0  15283  -72.9                          90     12  363.5         363.5
  118.0  15575  -74.1                         105     16  366.6         366.6
  113.0  15830  -75.1                          85     15  369.2         369.2
  106.0  16202  -74.8                          40     12  376.7         376.7
  101.0  16482  -74.5                          35      5  382.4         382.4
  100.0  16540  -74.5                          10      5  383.5         383.5
   99.1  16593  -72.1                         351      7  389.2         389.2
   96.0  16780  -73.2                         285     16  390.6         390.6
   93.6  16928  -74.1                         288     15  391.6         391.6
   86.0  17426  -72.6                         300     12  404.3         404.3
   82.0  17707  -71.7                         235     10  411.6         411.6
   79.3  17904  -71.1                         245      9  416.8         416.8
   78.0  18001  -71.3                         250      8  418.4         418.4
   70.0  18640  -72.7                         230     14  428.5         428.5
   68.9  18732  -73.3                         207     13  429.2         429.2
   67.0  18897  -72.7                         165     11  434.0         434.0
   57.0  19850  -69.0                          90     31  462.8         462.8
   54.8  20082  -68.1                          85     37  470.1         470.1
   50.0  20630  -67.3                          75     50  484.5         484.5
   46.5  21066  -68.9                          80     55  490.8         490.8
   43.0  21548  -66.2                          85     61  508.5         508.5
   32.5  23274  -56.5                          89     69  576.7         576.7
   30.4  23705  -51.0                          90     71  602.7         602.7
   30.0  23790  -49.9                          85     65  608.0         608.0
   29.0  24012  -48.1                          90     48  618.9         618.9
   28.9  24035  -47.9                          90     48  620.0         620.0
   27.2  24432  -49.7                          90     44  625.8         625.8
   27.0  24481  -49.3                          90     43  628.4         628.4
   25.7  24805  -46.3                          77     28  645.7         645.7
   25.0  24989  -45.2                          70     19  654.0         654.0
   24.8  25042  -44.9                          53     18  656.4         656.4
   24.0  25259  -45.7                         345     13  660.2         660.2
   23.0  25539  -46.8                         305     23  665.2         665.2
   20.4  26331  -49.7                         241     24  679.4         679.4
   20.0  26460  -49.9                         230     24  682.7         682.7
   19.0  26793  -50.6                         210     17  690.5         690.5
   18.0  27145  -51.4                         230      1  698.8         698.8
   17.0  27516  -52.2                         305      5  707.7         707.7
   16.9  27555  -52.3                         304      7  708.6         708.6
   15.9  27952  -49.3                         292     25  730.9         730.9
   15.0  28334  -49.2                         280     42  743.5         743.5
   14.0  28786  -49.1                         265     36  758.8         758.8
   13.0  29272  -48.9                         280     25  775.5         775.5
   12.9  29323  -48.9                                     777.3         777.3
</PRE><H3>Station information and sounding indices</H3><PRE>
                         Station identifier: WAAA
                             Station number: 97180
                           Observation time: 180830/0000
                           Station latitude: -5.06
                          Station longitude: 119.55
                          Station elevation: 14.0
                            Showalter index: -0.30
                               Lifted index: -1.93
    LIFT computed using virtual temperature: -2.19
                                SWEAT index: 188.79
                                    K index: 37.70
                         Cross totals index: 21.90
                      Vertical totals index: 23.30
                        Totals totals index: 45.20
      Convective Available Potential Energy: 359.11
             CAPE using virtual temperature: 405.03
                      Convective Inhibition: -40.74
             CINS using virtual temperature: -38.06
                           Equilibrum Level: 336.10
 Equilibrum Level using virtual temperature: 334.75
                   Level of Free Convection: 859.15
             LFCT using virtual temperature: 871.30
                     Bulk Richardson Number: 131.59
          Bulk Richardson Number using CAPV: 148.42
  Temp [K] of the Lifted Condensation Level: 293.44
Pres [hPa] of the Lifted Condensation Level: 957.61
     Mean mixed layer potential temperature: 297.11
              Mean mixed layer mixing ratio: 15.93
              1000 hPa to 500 hPa thickness: 5742.00
Precipitable water [mm] for entire sounding: 58.27
</PRE>
<P>Description of the 
<A HREF="/upperair/columns.html">data columns</A>
or <A HREF="/upperair/indices.html">sounding indices</A>.

<P>
<FORM>
<INPUT CLASS="button" TYPE="button" VALUE=" Close this window " 
 onClick="window.close();">
<INPUT CLASS="button" TYPE="button" VALUE=" Select another map " 
 onClick="window.blur();">
</FORM>
<HR SIZE="1">
<I>Interested in graduate studies in atmospheric science?
Check out our program at the
<a href="http://www.uwyo.edu/atsc/howtoapply/"
target=_top>University of Wyoming
</a></I>
<HR SIZE="1"><FONT SIZE="-1">
Questions about the weather data provided by this site can be
addressed to <A HREF="mailto:ldoolman@uwyo.edu">
Larry Oolman (ldoolman@uwyo.edu)</A></FONT>
<HR SIZE="1">
<SCRIPT TYPE="text/javascript">
<!--
window.focus();
// -->
</SCRIPT>
</BODY>
</HTML>
