2018-10-10 00
<HTML>
<TITLE>University of Wyoming - Radiosonde Data</TITLE>
<LINK REL="StyleSheet" HREF="/resources/select.css" TYPE="text/css">
<BODY BGCOLOR="white">
<H2>97180 WAAA Ujung Pandang Observations at 00Z 10 Oct 2018</H2>
<PRE>
-----------------------------------------------------------------------------
   PRES   HGHT   TEMP   DWPT   RELH   MIXR   DRCT   SKNT   THTA   THTE   THTV
    hPa     m      C      C      %    g/kg    deg   knot     K      K      K 
-----------------------------------------------------------------------------
 1010.0     14   25.0   19.0     69  13.89      0      0  297.3  337.7  299.8
 1009.0     22   27.6   17.6     54  12.71     15      0  300.0  337.4  302.3
 1008.0     30   26.8   16.8     54  12.08     30      1  299.3  334.8  301.4
 1000.0     95   26.0   18.0     61  13.16    150      4  299.1  337.8  301.5
  977.0    300   24.9   20.6     77  15.88    175      3  300.0  346.7  302.9
  975.0    318   24.8   20.8     78  16.14    179      3  300.1  347.6  303.0
  944.0    600   22.7   18.7     78  14.61    235      1  300.8  343.9  303.4
  925.0    777   21.4   17.4     78  13.70    110      2  301.2  341.7  303.7
  921.0    815   21.2   16.6     75  13.07    116      2  301.4  340.1  303.7
  912.0    901   21.8   13.9     61  11.03    130      3  302.9  335.8  304.9
  904.0    978   22.4   11.4     50   9.45    127      4  304.2  332.7  305.9
  888.0   1134   22.2    7.2     38   7.22    121      6  305.6  327.7  306.9
  850.0   1513   19.2    3.2     35   5.70    105     12  306.2  323.9  307.3
  830.0   1717   18.2   -0.8     28   4.37     91     13  307.3  321.1  308.1
  822.0   1800   17.7   -0.7     29   4.45     85     14  307.6  321.7  308.4
  793.0   2107   15.8   -0.2     34   4.78     45     10  308.8  323.9  309.6
  778.0   2269   14.6    6.6     59   7.92     42      9  309.1  333.7  310.6
  766.0   2400   13.8    5.1     56   7.24     40      9  309.7  332.2  311.0
  739.0   2702   12.0    1.6     49   5.87     75     12  310.9  329.4  311.9
  728.0   2828   11.2    0.2     47   5.36     76     14  311.4  328.4  312.4
  717.0   2956   11.8  -21.2      8   0.99     78     16  313.4  316.8  313.6
  700.0   3156   10.4  -12.6     18   2.08     80     19  314.0  321.0  314.4
  679.0   3409    9.0  -13.0     20   2.08     88     18  315.1  322.2  315.6
  668.0   3544    8.6  -29.4      5   0.50     93     18  316.2  318.0  316.3
  664.0   3594    9.0   -6.0     34   3.70     95     18  317.2  329.4  317.9
  663.0   3606    8.9   -5.9     35   3.73     95     18  317.2  329.5  317.9
  632.0   4002    6.0   -3.0     52   4.88     68     16  318.3  334.2  319.2
  617.0   4198    4.8   -4.2     52   4.56     55     15  319.1  334.1  319.9
  593.0   4521    2.8   -6.2     52   4.08     62     17  320.4  334.0  321.2
  581.0   4687    2.4  -13.6     30   2.32     66     18  321.8  329.8  322.2
  552.0   5100    0.9  -15.8     28   2.04     75     21  324.7  331.9  325.1
  536.0   5337    0.0  -17.0     27   1.89     87     19  326.4  333.1  326.8
  512.0   5701   -2.7  -19.0     27   1.67    105     16  327.4  333.4  327.8
  500.0   5890   -4.1  -20.1     28   1.56    110     16  328.0  333.6  328.3
  475.0   6293   -6.6  -23.8     24   1.19     85     14  329.8  334.1  330.0
  460.0   6545   -8.1  -26.1     22   0.99     73     11  330.9  334.6  331.1
  439.0   6907  -10.7  -23.5     34   1.32     55      7  332.0  336.9  332.3
  436.0   6960  -11.1  -23.1     36   1.37     47      6  332.2  337.3  332.5
  429.0   7085  -10.7  -32.7     15   0.57     29      3  334.2  336.5  334.4
  422.0   7211  -11.8  -34.0     14   0.51     10      1  334.4  336.4  334.5
  406.0   7506  -14.3  -37.1     13   0.39    145      3  334.9  336.4  334.9
  400.0   7620  -15.3  -38.3     12   0.35    150      5  335.0  336.4  335.1
  375.0   8101  -19.6  -42.6     11   0.24    195     11  335.6  336.6  335.6
  371.0   8181  -20.3  -43.3     11   0.22    197     11  335.7  336.6  335.7
  331.0   9012  -25.0  -46.5     12   0.18    215     12  340.4  341.1  340.4
  319.0   9281  -26.5  -47.5     12   0.16    233     10  341.9  342.6  341.9
  305.0   9602  -29.3  -48.1     14   0.16    255      7  342.4  343.1  342.4
  300.0   9720  -30.3  -48.3     16   0.16    255      7  342.6  343.2  342.6
  268.0  10500  -36.5  -51.9     19   0.12    240     16  344.7  345.2  344.8
  252.0  10926  -39.9  -53.9     21   0.10    249     21  345.8  346.3  345.8
  250.0  10980  -40.5                         250     22  345.7         345.7
  205.0  12296  -51.7                         280     16  348.3         348.3
  200.0  12460  -53.1                         275     17  348.5         348.5
  170.0  13477  -61.5                         280      9  351.2         351.2
  162.0  13778  -63.9                         245     12  351.9         351.9
  150.0  14260  -67.9                         245     20  352.9         352.9
  126.0  15253  -75.3                         240     17  357.6         357.6
  119.0  15579  -77.7                         230     12  359.0         359.0
  113.0  15874  -79.9                         255      6  360.3         360.3
  107.0  16185  -82.2                          30      4  361.6         361.6
  100.0  16570  -85.1                          45     22  363.1         363.1
   98.9  16631  -85.7                          50     22  363.1         363.1
   96.7  16756  -80.1                          58     20  376.3         376.3
   96.0  16798  -79.1                          60     19  379.1         379.1
   93.9  16924  -75.9                          93     14  387.7         387.7
   91.0  17105  -76.6                         140      8  389.8         389.8
   87.0  17364  -77.7                         170     13  392.7         392.7
   86.3  17410  -77.9                         177     13  393.2         393.2
   79.8  17861  -75.3                         241     12  407.4         407.4
   78.0  17993  -75.4                         260     12  409.9         409.9
   74.0  18298  -75.7                         280      4  415.6         415.6
   70.0  18620  -75.9                          60      7  421.7         421.7
   67.0  18873  -75.9                          90     15  427.0         427.0
   64.7  19075  -75.9                          84     20  431.3         431.3
   63.0  19230  -75.5                          80     23  435.4         435.4
   57.0  19811  -74.0                          90     34  451.5         451.5
   56.6  19852  -73.9                          90     35  452.6         452.6
   52.3  20319  -68.3                          87     44  476.0         476.0
   50.0  20590  -67.3                          85     49  484.5         484.5
   47.6  20888  -64.7                          84     52  497.5         497.5
   42.0  21652  -64.3                          80     60  516.6         516.6
   41.7  21696  -64.3                          80     60  517.7         517.7
   33.3  23113  -55.4                          95     63  575.5         575.5
   33.0  23170  -55.1                          95     63  578.0         578.0
   30.0  23770  -51.3                          90     21  604.2         604.2
   29.0  23991  -49.8                          90     13  614.1         614.1
   28.4  24128  -48.9                           1     11  620.4         620.4
   28.0  24221  -48.7                         300      9  623.6         623.6
   26.8  24509  -47.9                         286      9  633.5         633.5
   25.0  24962  -50.0                         265      9  640.1         640.1
   24.0  25228  -51.3                         275     12  644.0         644.0
   23.0  25505  -52.6                         260     19  648.0         648.0
   22.2  25735  -53.7                                     651.3         651.3
</PRE><H3>Station information and sounding indices</H3><PRE>
                         Station identifier: WAAA
                             Station number: 97180
                           Observation time: 181010/0000
                           Station latitude: -5.06
                          Station longitude: 119.55
                          Station elevation: 14.0
                            Showalter index: 10.26
                               Lifted index: 1.71
    LIFT computed using virtual temperature: 1.16
                                SWEAT index: 78.42
                                    K index: 3.50
                         Cross totals index: 7.30
                      Vertical totals index: 23.30
                        Totals totals index: 30.60
      Convective Available Potential Energy: 0.00
             CAPE using virtual temperature: 0.00
                      Convective Inhibition: 0.00
             CINS using virtual temperature: 0.00
                     Bulk Richardson Number: 0.00
          Bulk Richardson Number using CAPV: 0.00
  Temp [K] of the Lifted Condensation Level: 291.11
Pres [hPa] of the Lifted Condensation Level: 902.03
     Mean mixed layer potential temperature: 299.83
              Mean mixed layer mixing ratio: 14.66
              1000 hPa to 500 hPa thickness: 5795.00
Precipitable water [mm] for entire sounding: 33.82
</PRE>
<P>Description of the 
<A HREF="/upperair/columns.html">data columns</A>
or <A HREF="/upperair/indices.html">sounding indices</A>.

<P>
<FORM>
<INPUT CLASS="button" TYPE="button" VALUE=" Close this window " 
 onClick="window.close();">
<INPUT CLASS="button" TYPE="button" VALUE=" Select another map " 
 onClick="window.blur();">
</FORM>
<HR SIZE="1">
<I>Interested in graduate studies in atmospheric science?
Check out our program at the
<a href="http://www.uwyo.edu/atsc/howtoapply/"
target=_top>University of Wyoming
</a></I>
<HR SIZE="1"><FONT SIZE="-1">
Questions about the weather data provided by this site can be
addressed to <A HREF="mailto:ldoolman@uwyo.edu">
Larry Oolman (ldoolman@uwyo.edu)</A></FONT>
<HR SIZE="1">
<SCRIPT TYPE="text/javascript">
<!--
window.focus();
// -->
</SCRIPT>
</BODY>
</HTML>
