2016-09-29 12
<HTML>
<TITLE>University of Wyoming - Radiosonde Data</TITLE>
<LINK REL="StyleSheet" HREF="/resources/select.css" TYPE="text/css">
<BODY BGCOLOR="white">
<H2>97180 WAAA Ujung Pandang Observations at 00Z 29 Sep 2016</H2>
<PRE>
-----------------------------------------------------------------------------
   PRES   HGHT   TEMP   DWPT   RELH   MIXR   DRCT   SKNT   THTA   THTE   THTV
    hPa     m      C      C      %    g/kg    deg   knot     K      K      K 
-----------------------------------------------------------------------------
 1010.0     14   25.2   24.1     94  19.14      0      0  297.5  353.2  300.9
 1003.0     71   25.0   22.5     86  17.45     80      1  297.9  348.7  301.0
 1000.0     96   25.6   22.2     82  17.17    115      2  298.8  349.0  301.8
  980.0    276   25.0   21.1     79  16.36     15      1  299.9  347.9  302.8
  977.0    303   24.9   21.0     79  16.27      0      1  300.0  347.8  302.9
  945.0    597   23.4   19.5     79  15.31    270      2  301.3  346.6  304.1
  925.0    786   22.4   18.5     79  14.71    350      2  302.2  345.9  304.9
  913.0    899   21.8   17.9     78  14.35    350      2  302.8  345.5  305.4
  881.0   1206   20.3   16.3     78  13.41     35      3  304.2  344.4  306.7
  856.0   1455   19.0   15.0     78  12.68     27      5  305.4  343.6  307.8
  850.0   1515   18.6   14.7     78  12.52     25      5  305.6  343.4  307.9
  793.0   2105   14.3   12.6     90  11.72     15      7  307.2  342.8  309.3
  771.0   2344   12.6   11.8     95  11.40     35      9  307.8  342.5  309.9
  767.0   2388   12.2   11.8     97  11.46     39     10  307.8  342.8  309.9
  746.0   2621   13.0    8.0     72   9.10     58     12  311.1  339.4  312.8
  739.0   2700   12.6    7.4     71   8.84     65     13  311.5  339.1  313.2
  700.0   3153   10.2    4.2     66   7.44     85     16  313.8  337.3  315.2
  688.0   3297    9.5    3.5     66   7.22     90     18  314.6  337.5  315.9
  682.0   3370    9.2    3.2     66   7.11     87     18  315.0  337.6  316.3
  639.0   3902    5.2    1.8     79   6.87     65     19  316.4  338.4  317.7
  587.0   4595    0.0    0.0    100   6.56     71     18  318.1  339.2  319.3
  551.0   5100   -2.0   -2.1     99   5.97     75     18  321.5  341.1  322.6
  526.0   5470   -3.5   -3.7     99   5.57     60     13  324.0  342.5  325.1
  511.0   5698   -4.6   -5.0     97   5.19     50     10  325.3  342.7  326.3
  500.0   5870   -5.5   -6.0     96   4.92     65      9  326.3  342.9  327.2
  473.0   6299   -7.7   -8.7     93   4.23     80     13  328.8  343.3  329.6
  414.0   7329  -12.9  -15.0     84   2.90     89     19  334.8  345.2  335.4
  405.0   7496  -13.9  -16.1     83   2.69     90     20  335.6  345.3  336.2
  400.0   7590  -14.5  -16.8     83   2.58     90     21  336.1  345.4  336.6
  350.0   8591  -21.3  -23.7     81   1.62     88     22  339.9  346.0  340.3
  305.0   9591  -29.3  -31.2     83   0.93     85     23  342.3  345.9  342.5
  303.0   9639  -29.7  -31.6     83   0.90     85     23  342.4  346.0  342.6
  300.0   9710  -30.3  -32.1     84   0.87     85     23  342.6  346.0  342.7
  291.0   9926  -32.3  -36.5     66   0.58     83     23  342.7  345.0  342.8
  278.0  10247  -34.5  -36.8     80   0.59     81     22  344.0  346.4  344.2
  250.0  10980  -39.9  -44.9     59   0.28     75     21  346.6  347.8  346.7
  200.0  12460  -52.5                          65     35  349.5         349.5
  157.0  13984  -66.1                          51     42  351.4         351.4
  154.0  14101  -67.1                          50     43  351.6         351.6
  150.0  14260  -68.5                          50     44  351.9         351.9
  119.0  15590  -77.2                         105     34  360.0         360.0
  102.0  16476  -83.0                         125     46  365.1         365.1
  100.0  16590  -83.7                         120     43  365.8         365.8
   96.0  16815  -85.2                         110     37  367.2         367.2
   93.1  16984  -86.3                         115     33  368.2         368.2
   86.2  17412  -80.9                         118     29  387.3         387.3
   82.0  17695  -80.2                         120     27  394.2         394.2
   75.1  18193  -79.1                         103     27  406.6         406.6
   72.8  18371  -75.1                          97     27  418.7         418.7
   70.0  18600  -73.3                          90     27  427.2         427.2
   67.0  18858  -71.7                          75     31  436.0         436.0
   65.8  18964  -71.1                          74     26  439.6         439.6
   63.0  19226  -65.7                          70     15  457.1         457.1
   62.2  19303  -64.1                         111     14  462.2         462.2
   60.0  19522  -64.9                         225     13  465.2         465.2
   57.0  19833  -66.1                         225     22  469.4         469.4
   55.0  20050  -66.9                         185     10  472.4         472.4
   53.6  20207  -67.5                         160      6  474.5         474.5
   52.0  20390  -66.6                           0      2  480.8         480.8
   51.9  20401  -66.5                         357      2  481.2         481.2
   50.9  20520  -62.9                         325      5  492.3         492.3
   50.0  20630  -62.1                         295      8  496.7         496.7
   49.0  20755  -62.1                         275      8  499.6         499.6
   47.0  21012  -62.1                         240     13  505.6         505.6
   44.8  21309  -62.1                         258     15  512.5         512.5
   43.1  21550  -58.9                         272     17  526.1         526.1
   41.1  21847  -60.5                         289     19  529.3         529.3
   41.0  21862  -60.4                         290     19  529.9         529.9
   38.2  22305  -58.1                         280     35  546.6         546.6
   37.0  22505  -59.0                         275     42  549.3         549.3
   35.3  22799  -60.3                         273     42  553.3         553.3
   34.2  22998  -57.5                         271     43  565.7         565.7
   30.3  23758  -60.1                         265     44  578.6         578.6
   30.0  23820  -60.1                         265     44  580.2         580.2
   29.0  24032  -59.4                         265     37  587.9         587.9
   27.4  24386  -58.1                         277     25  601.0         601.0
   27.0  24479  -57.1                         280     22  606.5         606.5
   26.1  24693  -54.7                         274     23  619.1         619.1
   24.0  25233  -52.5                         260     27  640.4         640.4
   22.2  25735  -50.5                         269     29  660.8         660.8
   20.0  26410  -52.1                         280     32  675.9         675.9
   18.4  26948  -53.7                         280     34  687.2         687.2
   17.0  27458  -52.5                         280     36  706.9         706.9
   16.8  27534  -52.3                                     709.8         709.8
</PRE><H3>Station information and sounding indices</H3><PRE>
                         Station identifier: WAAA
                             Station number: 97180
                           Observation time: 160929/0000
                           Station latitude: -5.06
                          Station longitude: 119.55
                          Station elevation: 14.0
                            Showalter index: 0.03
                               Lifted index: -1.80
    LIFT computed using virtual temperature: -1.96
                                SWEAT index: 195.38
                                    K index: 32.80
                         Cross totals index: 20.20
                      Vertical totals index: 24.10
                        Totals totals index: 44.30
      Convective Available Potential Energy: 329.27
             CAPE using virtual temperature: 384.70
                      Convective Inhibition: -73.42
             CINS using virtual temperature: -58.05
                           Equilibrum Level: 256.16
 Equilibrum Level using virtual temperature: 255.74
                   Level of Free Convection: 803.36
             LFCT using virtual temperature: 813.75
                     Bulk Richardson Number: 31.15
          Bulk Richardson Number using CAPV: 36.39
  Temp [K] of the Lifted Condensation Level: 293.67
Pres [hPa] of the Lifted Condensation Level: 932.87
     Mean mixed layer potential temperature: 299.57
              Mean mixed layer mixing ratio: 16.61
              1000 hPa to 500 hPa thickness: 5774.00
Precipitable water [mm] for entire sounding: 59.45
</PRE>
<P>Description of the 
<A HREF="/upperair/columns.html">data columns</A>
or <A HREF="/upperair/indices.html">sounding indices</A>.

<P>
<FORM>
<INPUT CLASS="button" TYPE="button" VALUE=" Close this window " 
 onClick="window.close();">
<INPUT CLASS="button" TYPE="button" VALUE=" Select another map " 
 onClick="window.blur();">
</FORM>
<HR SIZE="1">
<I>Interested in graduate studies in atmospheric science?
Check out our program at the
<a href="http://www.uwyo.edu/atsc/howtoapply/"
target=_top>University of Wyoming
</a></I>
<HR SIZE="1"><FONT SIZE="-1">
Questions about the weather data provided by this site can be
addressed to <A HREF="mailto:ldoolman@uwyo.edu">
Larry Oolman (ldoolman@uwyo.edu)</A></FONT>
<HR SIZE="1">
<SCRIPT TYPE="text/javascript">
<!--
window.focus();
// -->
</SCRIPT>
</BODY>
</HTML>
