2016-07-19 12
<HTML>
<TITLE>University of Wyoming - Radiosonde Data</TITLE>
<LINK REL="StyleSheet" HREF="/resources/select.css" TYPE="text/css">
<BODY BGCOLOR="white">
<H2>97180 WAAA Ujung Pandang Observations at 00Z 19 Jul 2016</H2>
<PRE>
-----------------------------------------------------------------------------
   PRES   HGHT   TEMP   DWPT   RELH   MIXR   DRCT   SKNT   THTA   THTE   THTV
    hPa     m      C      C      %    g/kg    deg   knot     K      K      K 
-----------------------------------------------------------------------------
 1008.0     14   23.4   22.1     92  16.93      0      0  295.9  344.7  298.9
 1003.0     58   23.8   20.1     80  15.00     66      4  296.7  340.2  299.4
 1000.0     84   24.4   19.9     76  14.86    105      6  297.6  340.8  300.2
  998.0    102   25.4   20.4     74  15.37    103      6  298.7  343.6  301.5
  975.0    306   25.2   18.4     66  13.83     80      5  300.5  341.3  303.0
  973.0    324   25.2   18.2     65  13.70     79      5  300.7  341.1  303.2
  943.0    596   23.2   17.5     70  13.49     60      5  301.4  341.3  303.8
  925.0    764   22.0   17.0     73  13.35     75      6  301.8  341.4  304.2
  880.0   1198   19.5   15.1     75  12.37     85      3  303.6  340.6  305.8
  850.0   1500   17.8   13.7     77  11.72     75      3  304.8  340.1  306.9
  828.0   1725   16.2   13.2     82  11.65     64      3  305.4  340.5  307.5
  821.0   1797   16.0   12.7     81  11.36     60      3  305.9  340.3  308.0
  794.0   2082   15.2   10.7     75  10.28     99      4  308.0  339.4  309.9
  793.0   2093   15.1   10.7     75  10.25    100      4  308.0  339.4  309.9
  738.0   2697   11.5    7.7     78   9.04    145      1  310.4  338.5  312.1
  712.0   2998    9.7    6.3     79   8.47    315      3  311.6  338.1  313.2
  700.0   3141    8.8    5.6     80   8.21    320      4  312.2  337.9  313.7
  687.0   3296    7.9    4.9     81   7.95    315      5  312.9  337.9  314.4
  677.0   3417    7.2    4.3     82   7.75    335      5  313.4  337.8  314.9
  662.0   3602    7.8    2.8     71   7.12      5      5  316.1  338.9  317.4
  638.0   3902    6.0    1.0     70   6.50     30     10  317.4  338.4  318.6
  615.0   4201    4.2   -0.7     70   5.93     35      9  318.7  338.0  319.8
  593.0   4497    2.4   -2.5     70   5.40     75      6  320.0  337.7  321.0
  564.0   4905    0.0   -4.9     70   4.74     78      7  321.7  337.5  322.6
  552.0   5077   -1.5   -4.7     79   4.92     80      8  321.9  338.2  322.9
  550.0   5106   -1.6   -4.9     78   4.86     80      8  322.1  338.3  323.1
  530.0   5400   -2.9   -6.8     74   4.36     76     13  324.0  338.7  324.9
  521.0   5536   -3.3   -9.3     63   3.65     74     15  325.1  337.6  325.8
  516.0   5612   -3.5  -14.5     42   2.42     73     16  325.8  334.2  326.2
  501.0   5844   -5.3  -18.3     35   1.81     70     20  326.3  332.8  326.7
  500.0   5860   -5.3  -20.3     30   1.53     70     20  326.5  332.0  326.8
  494.0   5955   -5.9  -13.9     53   2.66     69     20  326.9  336.2  327.4
  491.0   6002   -6.1  -13.1     58   2.86     68     21  327.2  337.2  327.8
  488.0   6050   -6.1  -18.1     38   1.90     68     21  327.8  334.6  328.2
  473.0   6294   -7.6  -18.0     43   1.97     65     22  328.9  336.0  329.3
  460.0   6511   -8.9  -17.9     48   2.05     72     20  329.9  337.2  330.3
  455.0   6595   -9.4  -17.4     52   2.15     75     19  330.3  337.9  330.7
  445.0   6767  -10.5  -16.5     61   2.38     71     19  331.0  339.5  331.5
  443.0   6802  -10.7  -16.7     61   2.35     70     19  331.2  339.6  331.7
  442.0   6819  -10.9  -13.5     81   3.07     69     19  331.1  341.9  331.8
  421.0   7190  -13.2  -15.4     84   2.76     60     19  332.8  342.6  333.4
  400.0   7580  -15.7  -17.4     87   2.45     60     19  334.5  343.3  335.0
  367.0   8224  -20.1  -21.8     86   1.83     74     14  337.0  343.7  337.3
  349.0   8595  -21.7  -26.7     64   1.24     83     12  339.7  344.4  339.9
  344.0   8700  -22.5  -27.5     64   1.17     85     11  340.0  344.4  340.2
  306.0   9549  -29.1  -34.1     62   0.70     28      8  342.3  345.1  342.4
  304.0   9596  -29.6  -34.4     63   0.69     25      8  342.3  345.0  342.4
  300.0   9690  -30.5  -34.9     65   0.66     30      7  342.3  344.9  342.4
  293.0   9857  -31.9  -34.7     76   0.69     29      7  342.6  345.4  342.8
  281.0  10152  -33.7  -42.7     40   0.32     28      8  344.1  345.4  344.2
  262.0  10639  -38.1  -45.1     48   0.26     26      9  344.6  345.7  344.7
  256.0  10798  -39.3  -49.3     34   0.17     25      9  345.2  345.9  345.2
  252.0  10906  -40.1  -52.1     27   0.12     12     10  345.5  346.1  345.6
  250.0  10960  -40.5                           5     10  345.7         345.7
  245.0  11094  -41.7                          10      9  345.9         345.9
  234.0  11399  -44.4                         305      3  346.4         346.4
  224.0  11688  -47.0                         245      6  346.8         346.8
  214.0  11991  -49.7                         220      6  347.1         347.1
  204.0  12309  -52.5                         255      2  347.4         347.4
  200.0  12440  -53.7                           0      1  347.6         347.6
  195.0  12598  -55.0                           0      1  348.0         348.0
  178.0  13165  -59.7                         125      4  349.5         349.5
  161.0  13790  -64.9                         165      9  351.0         351.0
  153.0  14107  -67.5                         165      7  351.6         351.6
  150.0  14230  -68.5                         170      5  351.9         351.9
  147.0  14350  -69.5                         192      4  352.2         352.2
  146.0  14389  -69.7                         200      3  352.5         352.5
  139.0  14671  -71.5                         350      1  354.4         354.4
  132.0  14968  -73.4                          90      5  356.3         356.3
  107.0  16172  -80.9                          60     29  364.1         364.1
  101.0  16503  -82.9                          50     19  366.2         366.2
  100.0  16560  -83.3                          45     17  366.5         366.5
   99.6  16582  -83.5                          45     15  366.6         366.6
   96.0  16788  -83.1                           0      5  371.2         371.2
   91.0  17088  -82.5                         190      9  378.1         378.1
   84.2  17522  -81.7                         145     18  388.2         388.2
   75.1  18183  -71.3                          79     30  422.9         422.9
   74.0  18270  -71.2                          70     32  424.9         424.9
   70.0  18600  -70.9                          60     32  432.4         432.4
   67.0  18862  -70.1                          65     24  439.5         439.5
   63.0  19230  -69.0                          85     26  449.7         449.7
   60.0  19522  -68.2                          80     26  458.0         458.0
   55.9  19945  -66.9                         104     31  470.2         470.2
   55.0  20044  -65.5                         110     32  475.5         475.5
   53.7  20190  -63.5                         102     33  483.5         483.5
   50.0  20630  -61.9                          80     35  497.2         497.2
   49.0  20755  -61.6                          75     33  500.7         500.7
   47.8  20908  -61.3                          78     22  505.1         505.1
   47.0  21012  -61.8                          80     15  506.3         506.3
   45.0  21279  -63.0                         110      5  509.6         509.6
   44.3  21376  -63.5                         108      8  510.8         510.8
   41.9  21717  -63.9                         102     20  518.0         518.0
   41.0  21851  -62.7                         100     24  524.2         524.2
   39.0  22161  -59.9                         100     14  538.8         538.8
   37.9  22338  -58.3                         133     10  547.3         547.3
   37.0  22489  -58.1                         160      7  551.5         551.5
   35.0  22839  -57.8                         145     16  561.3         561.3
   34.0  23022  -57.6                         115      5  566.5         566.5
   32.0  23404  -57.1                         290     13  577.5         577.5
   31.0  23604  -56.9                         285     10  583.4         583.4
   30.0  23810  -56.7                         305      9  589.5         589.5
   29.0  24027  -56.1                         325     13  597.0         597.0
   24.3  25159  -52.7                         283     33  637.6         637.6
   24.0  25240  -52.6                         280     34  640.2         640.2
   21.3  26013  -51.7                         260     37  665.1         665.1
   20.0  26420  -53.1                         250     39  672.9         672.9
   18.3  26990  -54.5                         261     36  685.8         685.8
   17.0  27464  -52.5                         270     34  706.9         706.9
   16.9  27502  -52.3                         270     34  708.6         708.6
   15.0  28274  -52.2                         265     24  733.6         733.6
   14.0  28720  -52.1                         265     23  748.4         748.4
   13.8  28813  -52.1                                     751.5         751.5
</PRE><H3>Station information and sounding indices</H3><PRE>
                         Station identifier: WAAA
                             Station number: 97180
                           Observation time: 160719/0000
                           Station latitude: -5.06
                          Station longitude: 119.55
                          Station elevation: 14.0
                            Showalter index: 1.57
                               Lifted index: 0.88
    LIFT computed using virtual temperature: 0.34
                                SWEAT index: 190.39
                                    K index: 33.60
                         Cross totals index: 19.00
                      Vertical totals index: 23.10
                        Totals totals index: 42.10
      Convective Available Potential Energy: 0.00
             CAPE using virtual temperature: 0.00
                      Convective Inhibition: 0.00
             CINS using virtual temperature: 0.00
                     Bulk Richardson Number: 0.00
          Bulk Richardson Number using CAPV: 0.00
  Temp [K] of the Lifted Condensation Level: 290.82
Pres [hPa] of the Lifted Condensation Level: 900.58
     Mean mixed layer potential temperature: 299.67
              Mean mixed layer mixing ratio: 14.36
              1000 hPa to 500 hPa thickness: 5776.00
Precipitable water [mm] for entire sounding: 52.27
</PRE>
<P>Description of the 
<A HREF="/upperair/columns.html">data columns</A>
or <A HREF="/upperair/indices.html">sounding indices</A>.

<P>
<FORM>
<INPUT CLASS="button" TYPE="button" VALUE=" Close this window " 
 onClick="window.close();">
<INPUT CLASS="button" TYPE="button" VALUE=" Select another map " 
 onClick="window.blur();">
</FORM>
<HR SIZE="1">
<I>Interested in graduate studies in atmospheric science?
Check out our program at the
<a href="http://www.uwyo.edu/atsc/howtoapply/"
target=_top>University of Wyoming
</a></I>
<HR SIZE="1"><FONT SIZE="-1">
Questions about the weather data provided by this site can be
addressed to <A HREF="mailto:ldoolman@uwyo.edu">
Larry Oolman (ldoolman@uwyo.edu)</A></FONT>
<HR SIZE="1">
<SCRIPT TYPE="text/javascript">
<!--
window.focus();
// -->
</SCRIPT>
</BODY>
</HTML>
