2017-06-16 00
<HTML>
<TITLE>University of Wyoming - Radiosonde Data</TITLE>
<LINK REL="StyleSheet" HREF="/resources/select.css" TYPE="text/css">
<BODY BGCOLOR="white">
<H2>97180 WAAA Ujung Pandang Observations at 00Z 16 Jun 2017</H2>
<PRE>
-----------------------------------------------------------------------------
   PRES   HGHT   TEMP   DWPT   RELH   MIXR   DRCT   SKNT   THTA   THTE   THTV
    hPa     m      C      C      %    g/kg    deg   knot     K      K      K 
-----------------------------------------------------------------------------
 1011.0     14   25.2   22.8     87  17.63      0      0  297.4  348.7  300.6
 1000.0    107   26.0   20.0     70  14.95     85      3  299.1  343.0  301.8
  996.0    142   25.8   19.8     69  14.82     75      3  299.3  342.8  301.9
  979.0    293   24.8   19.2     71  14.54     30      2  299.7  342.4  302.4
  946.0    594   22.7   18.1     75  13.98    355      4  300.6  341.8  303.1
  925.0    791   21.4   17.3     77  13.62    300      1  301.2  341.4  303.6
  914.0    895   20.7   16.9     79  13.39    215      2  301.5  341.1  303.9
  898.0   1048   19.6   16.2     81  13.07    160      3  301.9  340.7  304.3
  882.0   1203   19.4   15.8     80  12.98    105      4  303.3  342.0  305.6
  877.0   1252   19.4   15.7     79  12.95    103      4  303.7  342.5  306.1
  852.0   1501   17.6   14.3     81  12.18     90      6  304.3  340.9  306.5
  850.0   1521   17.4   14.2     81  12.12     95      6  304.4  340.7  306.6
  823.0   1795   15.6   13.0     84  11.55     30      3  305.3  340.1  307.4
  802.0   2015   14.2   12.0     87  11.10     55      4  306.1  339.7  308.1
  794.0   2099   13.8   11.2     84  10.66     65      4  306.6  338.9  308.5
  766.0   2401   12.6    8.5     76   9.18    140      4  308.4  336.5  310.1
  749.0   2589   11.8    6.8     71   8.34    134      4  309.5  335.3  311.0
  739.0   2701   11.2    6.6     73   8.34    130      4  310.0  335.9  311.5
  713.0   2999    9.5    6.1     79   8.33     65      4  311.3  337.3  312.9
  700.0   3152    8.6    5.8     83   8.33     80      7  312.0  338.0  313.5
  688.0   3295    7.2    5.5     88   8.28     85     10  312.0  337.9  313.6
  679.0   3404    6.2    5.2     93   8.23     81      9  312.0  337.8  313.6
  663.0   3600    5.6    4.1     90   7.79     75      8  313.5  338.1  315.0
  651.0   3750    5.2    3.2     87   7.45     84      9  314.7  338.3  316.1
  648.0   3788    5.2    2.5     83   7.12     86     10  315.1  337.8  316.4
  641.0   3877    5.4   -1.6     61   5.34     91     10  316.3  333.6  317.3
  630.0   4019    4.8   -5.2     48   4.14     99     11  317.2  330.8  318.0
  616.0   4202    3.8   -8.0     42   3.42    110     13  318.0  329.4  318.7
  614.0   4229    3.6   -8.4     41   3.32    109     13  318.1  329.2  318.8
  605.0   4349    2.6  -10.4     38   2.88    106     13  318.3  328.0  318.9
  600.0   4416    2.2   -9.8     41   3.04    104     12  318.6  328.8  319.2
  598.0   4443    2.2  -10.8     38   2.82    103     12  318.9  328.4  319.5
  597.0   4457    2.0   -5.0     60   4.44    103     12  318.8  333.5  319.7
  596.0   4470    2.0   -7.0     51   3.81    103     12  319.0  331.7  319.7
  595.0   4484    2.2  -11.8     35   2.62    102     12  319.4  328.3  319.9
  581.0   4676    1.2  -17.8     23   1.63     97     11  320.4  326.1  320.7
  570.0   4830    0.0   -9.0     51   3.41     93     11  320.7  332.2  321.4
  553.0   5072   -1.9   -7.9     64   3.83     86     10  321.3  334.1  322.0
  551.0   5101   -2.0   -7.4     67   4.01     85     10  321.4  334.9  322.2
  550.0   5116   -2.1   -7.1     69   4.10     85     10  321.5  335.3  322.3
  546.0   5174   -2.1   -7.0     69   4.17     85     10  322.2  336.2  323.0
  545.0   5189   -2.3   -7.2     69   4.11     84     11  322.1  335.9  322.9
  542.0   5233   -1.9  -12.9     43   2.63     84     11  323.1  332.2  323.6
  526.0   5471   -3.7  -23.7     20   1.08     83     12  323.7  327.7  323.9
  500.0   5870   -6.1  -29.1     14   0.69     80     15  325.5  328.1  325.7
  492.0   5996   -6.8  -29.8     14   0.66     90     13  326.1  328.6  326.3
  487.0   6075   -7.3  -30.3     14   0.64     87     13  326.5  328.9  326.6
  473.0   6301   -8.6  -28.7     18   0.76     80     12  327.6  330.5  327.8
  468.0   6384   -9.1  -28.1     20   0.81     86     12  328.0  331.1  328.2
  462.0   6483   -9.3  -22.3     34   1.39     94     12  329.0  334.1  329.3
  443.0   6806  -11.3  -22.3     40   1.45    118     11  330.4  335.7  330.7
  438.0   6893  -11.8  -26.9     27   0.97    125     11  330.8  334.4  331.0
  432.0   6999  -12.5  -32.5     17   0.58    122     12  331.3  333.5  331.4
  404.0   7505  -16.6  -26.4     43   1.11    105     17  332.4  336.5  332.6
  402.0   7543  -16.9  -25.9     46   1.16    103     17  332.5  336.8  332.7
  400.0   7580  -17.3  -25.3     50   1.23    100     17  332.4  337.0  332.7
  392.0   7732  -18.1  -21.8     73   1.71     82     20  333.3  339.6  333.6
  389.0   7789  -18.3  -21.9     73   1.71     75     21  333.7  340.0  334.1
  368.0   8203  -20.1  -22.8     79   1.67     73     23  336.7  342.9  337.1
  329.0   9026  -26.1  -29.2     75   1.04     69     26  339.4  343.4  339.6
  302.0   9643  -30.3  -36.3     56   0.57     65     29  341.9  344.2  342.0
  300.0   9690  -30.5  -38.5     45   0.46     65     29  342.3  344.1  342.4
  255.0  10816  -40.1  -47.1     47   0.22     61     38  344.4  345.3  344.4
  250.0  10950  -41.1                          60     39  344.8         344.8
  204.0  12290  -52.8                          45     38  347.1         347.1
  200.0  12420  -53.9                          40     37  347.2         347.2
  195.0  12582  -55.5                          45     30  347.2         347.2
  181.0  13057  -56.3                          60      8  353.4         353.4
  177.0  13197  -57.3                          65      2  354.0         354.0
  169.0  13486  -59.4                         155      3  355.3         355.3
  150.0  14230  -64.7                         130     14  358.4         358.4
  139.0  14684  -68.2                         130     12  360.2         360.2
  132.0  14992  -70.5                         150      7  361.4         361.4
  125.0  15316  -73.0                         215     14  362.6         362.6
  123.0  15412  -73.7                         213     15  363.0         363.0
  113.0  15899  -76.2                         200     19  367.3         367.3
  107.0  16212  -77.7                         175     18  370.1         370.1
  100.0  16600  -79.7                         165     13  373.5         373.5
   97.0  16774  -79.3                         155      7  377.5         377.5
   92.0  17075  -78.7                         205      6  384.5         384.5
   81.8  17746  -77.3                         269     15  400.5         400.5
   80.5  17838  -74.9                         278     16  407.2         407.2
   78.0  18022  -74.3                         295     18  412.1         412.1
   75.3  18227  -73.7                         297     21  417.6         417.6
   70.4  18617  -76.7                         300     27  419.3         419.3
   70.0  18650  -76.7                         300     28  420.0         420.0
   66.4  18954  -76.9                         291     28  425.9         425.9
   64.0  19170  -71.7                         285     28  441.8         441.8
   63.0  19262  -69.5                         282     30  448.7         448.7
   57.2  19843  -66.1                         266     41  468.9         468.9
   55.0  20081  -66.7                         260     46  472.9         472.9
   53.3  20271  -67.1                         263     43  476.2         476.2
   50.0  20660  -63.5                         270     38  493.4         493.4
   45.0  21309  -61.6                         270     32  513.2         513.2
   43.9  21462  -61.1                         264     28  518.0         518.0
   40.2  22005  -62.5                         241     15  527.7         527.7
   37.8  22389  -57.7                         225      6  549.3         549.3
   37.0  22522  -58.1                         220      3  551.6         551.6
   35.0  22869  -59.1                          10      4  557.9         557.9
   34.0  23050  -59.6                          75     15  561.1         561.1
   32.0  23429  -60.7                          95     18  568.0         568.0
   31.3  23567  -61.1                          92     22  570.5         570.5
   30.0  23830  -61.1                          85     30  577.5         577.5
   26.9  24511  -59.5                          85     39  600.3         600.3
   25.9  24750  -56.1                          85     42  616.5         616.5
   24.6  25079  -54.5                          85     46  630.2         630.2
   23.4  25398  -56.3                          85     50  634.0         634.0
   21.5  25939  -54.3                          85     56  655.5         655.5
   21.0  26089  -55.1                          85     58  657.5         657.5
   20.3  26305  -56.3                          82     55  660.3         660.3
   20.0  26400  -56.3                          80     54  663.1         663.1
   18.0  27076  -52.4                          95     46  695.8         695.8
   17.5  27257  -51.3                          96     47  704.8         704.8
   14.0  28720  -48.8                         100     51  759.8         759.8
   13.0  29206  -47.9                          75     51  778.9         778.9
   12.1  29676  -47.1                                     798.0         798.0
</PRE><H3>Station information and sounding indices</H3><PRE>
                         Station identifier: WAAA
                             Station number: 97180
                           Observation time: 170616/0000
                           Station latitude: -5.06
                          Station longitude: 119.55
                          Station elevation: 14.0
                            Showalter index: 0.49
                               Lifted index: -0.41
    LIFT computed using virtual temperature: -1.11
                                SWEAT index: 197.40
                                    K index: 34.90
                         Cross totals index: 20.30
                      Vertical totals index: 23.50
                        Totals totals index: 43.80
      Convective Available Potential Energy: 44.21
             CAPE using virtual temperature: 117.45
                      Convective Inhibition: -97.06
             CINS using virtual temperature: -72.16
                           Equilibrum Level: 381.35
 Equilibrum Level using virtual temperature: 380.03
                   Level of Free Convection: 697.44
             LFCT using virtual temperature: 719.27
                     Bulk Richardson Number: 14.69
          Bulk Richardson Number using CAPV: 39.04
  Temp [K] of the Lifted Condensation Level: 291.51
Pres [hPa] of the Lifted Condensation Level: 909.94
     Mean mixed layer potential temperature: 299.49
              Mean mixed layer mixing ratio: 14.86
              1000 hPa to 500 hPa thickness: 5763.00
Precipitable water [mm] for entire sounding: 48.77
</PRE>
<P>Description of the 
<A HREF="/upperair/columns.html">data columns</A>
or <A HREF="/upperair/indices.html">sounding indices</A>.

<P>
<FORM>
<INPUT CLASS="button" TYPE="button" VALUE=" Close this window " 
 onClick="window.close();">
<INPUT CLASS="button" TYPE="button" VALUE=" Select another map " 
 onClick="window.blur();">
</FORM>
<HR SIZE="1">
<I>Interested in graduate studies in atmospheric science?
Check out our program at the
<a href="http://www.uwyo.edu/atsc/howtoapply/"
target=_top>University of Wyoming
</a></I>
<HR SIZE="1"><FONT SIZE="-1">
Questions about the weather data provided by this site can be
addressed to <A HREF="mailto:ldoolman@uwyo.edu">
Larry Oolman (ldoolman@uwyo.edu)</A></FONT>
<HR SIZE="1">
<SCRIPT TYPE="text/javascript">
<!--
window.focus();
// -->
</SCRIPT>
</BODY>
</HTML>
