2018-06-09 00
<HTML>
<TITLE>University of Wyoming - Radiosonde Data</TITLE>
<LINK REL="StyleSheet" HREF="/resources/select.css" TYPE="text/css">
<BODY BGCOLOR="white">
<H2>97180 WAAA Ujung Pandang Observations at 00Z 09 Jun 2018</H2>
<PRE>
-----------------------------------------------------------------------------
   PRES   HGHT   TEMP   DWPT   RELH   MIXR   DRCT   SKNT   THTA   THTE   THTV
    hPa     m      C      C      %    g/kg    deg   knot     K      K      K 
-----------------------------------------------------------------------------
 1010.0     14   25.8   19.8     69  14.61      0      0  298.1  340.7  300.7
 1000.0    100   26.2   18.2     61  13.33    105     11  299.4  338.5  301.7
  987.0    216   27.0   18.0     58  13.33     96     14  301.3  340.8  303.7
  978.0    297   26.6   17.2     56  12.79     90     16  301.7  339.7  304.0
  945.0    599   25.3   14.2     50  10.92    100     14  303.3  336.0  305.3
  925.0    788   24.4   12.4     47   9.87     90     11  304.2  334.0  306.1
  882.0   1200   21.5   11.3     52   9.64     85      6  305.4  334.7  307.2
  854.0   1480   19.6   10.6     56   9.48    146      4  306.2  335.1  308.0
  852.0   1500   19.5   10.5     56   9.44    150      4  306.4  335.1  308.1
  850.0   1520   19.4   10.4     56   9.40    145      3  306.4  335.1  308.2
  805.0   1986   16.8   -0.2     32   4.71     53      5  308.5  323.4  309.4
  794.0   2103   15.6    4.5     47   6.68     30      6  308.4  329.2  309.7
  790.0   2146   15.2    6.2     55   7.58     36      6  308.4  331.9  309.9
  768.0   2385   14.2    1.2     41   5.46     67      7  309.9  327.1  310.9
  766.0   2407   14.0    1.0     41   5.42     70      7  309.9  327.0  310.9
  753.0   2551   13.0    0.0     41   5.11     77      9  310.3  326.5  311.3
  737.0   2731   11.2    7.1     76   8.66     85     12  310.3  337.1  311.9
  729.0   2823   10.6    8.4     86   9.58     89     13  310.6  340.2  312.4
  728.0   2834   10.6    8.4     86   9.59     90     13  310.7  340.4  312.5
  702.0   3138   11.2    1.2     50   5.98    104     18  314.6  333.8  315.7
  700.0   3162   11.0    1.0     50   5.91    105     18  314.6  333.6  315.8
  678.0   3427    9.4   -7.6     29   3.20    111     18  315.7  326.3  316.3
  664.0   3599    8.6   -8.1     30   3.14    115     18  316.7  327.1  317.3
  636.0   3954    6.8   -9.2     31   3.01    106     18  318.6  328.7  319.2
  617.0   4201    4.7   -6.3     45   3.88    100     18  319.0  331.9  319.7
  602.0   4402    3.0   -4.0     60   4.75     93     20  319.2  334.9  320.2
  573.0   4799    0.4   -9.2     48   3.33     80     24  320.7  331.9  321.3
  569.0   4856    0.0  -10.0     47   3.16     81     24  320.9  331.6  321.5
  552.0   5098   -1.3  -14.3     37   2.30     83     25  322.1  330.1  322.6
  533.0   5376   -2.5  -17.5     31   1.83     85     27  324.0  330.4  324.3
  519.0   5587   -3.5  -19.5     28   1.58     87     28  325.2  330.9  325.5
  510.0   5724   -4.3  -21.3     25   1.38     89     28  325.9  330.9  326.2
  505.0   5802   -4.7  -22.7     23   1.23     89     29  326.3  330.8  326.6
  502.0   5849   -4.9  -23.9     21   1.11     90     29  326.6  330.7  326.9
  500.0   5880   -5.3  -23.3     23   1.18     90     29  326.5  330.8  326.8
  498.0   5912   -5.5  -20.5     30   1.51     89     29  326.6  332.1  326.9
  496.0   5943   -5.7  -12.7     58   2.92     87     28  326.8  336.9  327.4
  493.0   5991   -6.0  -10.6     70   3.48     85     28  327.0  338.9  327.7
  492.0   6007   -6.1   -9.9     74   3.68     85     28  327.0  339.7  327.8
  440.0   6876  -12.1  -18.1     61   2.10     73     28  330.1  337.6  330.5
  413.0   7359  -16.5  -18.7     83   2.13     67     28  330.4  338.0  330.9
  405.0   7506  -17.5  -20.7     76   1.83     65     28  331.0  337.6  331.3
  402.0   7563  -17.9  -21.4     74   1.73     68     27  331.2  337.4  331.5
  400.0   7600  -18.1  -21.5     75   1.73     70     27  331.4  337.6  331.7
  396.0   7675  -18.5  -23.0     68   1.53     72     28  331.8  337.4  332.1
  395.0   7694  -18.7  -23.5     66   1.46     72     29  331.8  337.2  332.1
  394.0   7713  -18.5  -25.5     54   1.23     73     29  332.3  336.8  332.5
  386.0   7866  -18.5  -32.5     28   0.65     76     32  334.2  336.8  334.4
  372.0   8143  -18.1  -47.1      6   0.15     82     37  338.3  338.9  338.4
  345.0   8699  -22.1  -48.9      7   0.13     95     48  340.3  340.9  340.4
  323.0   9185  -25.5  -50.5      8   0.12     88     40  342.0  342.5  342.1
  312.0   9436  -25.7  -51.7      7   0.10     84     36  345.2  345.6  345.2
  300.0   9720  -27.7  -50.7      9   0.12     80     31  346.2  346.8  346.2
  292.0   9910  -29.3  -51.9      9   0.11     80     34  346.6  347.1  346.6
  250.0  11000  -38.7  -58.7     10   0.06     60     49  348.4  348.6  348.4
  245.0  11138  -39.9  -57.9     13   0.06     59     49  348.6  348.9  348.6
  200.0  12490  -51.7                          45     51  350.7         350.7
  171.0  13471  -60.4                          35     54  352.4         352.4
  151.0  14250  -67.3                          30     51  353.3         353.3
  150.0  14290  -67.7                          30     51  353.3         353.3
  140.0  14697  -70.7                          40     60  355.1         355.1
  124.0  15414  -75.9                          56     50  358.1         358.1
  120.0  15602  -77.2                          60     47  359.2         359.2
  116.0  15797  -78.5                          70     39  360.2         360.2
  108.0  16203  -79.4                          90     22  366.0         366.0
  103.0  16472  -79.9                         120     21  369.9         369.9
  100.0  16640  -80.3                         130     26  372.3         372.3
   97.0  16814  -79.6                         120     22  376.9         376.9
   93.9  16999  -78.9                         102     10  381.8         381.8
   92.0  17114  -79.7                          90      2  382.6         382.6
   88.0  17365  -81.3                         275      7  384.2         384.2
   83.0  17696  -83.4                         275      9  386.4         386.4
   81.9  17771  -83.9                         255     10  386.8         386.8
   79.0  17974  -80.8                         215     16  397.1         397.1
   78.3  18024  -80.1                         209     16  399.7         399.7
   73.4  18390  -81.5                         169     14  404.2         404.2
   70.0  18660  -78.9                         140     13  415.3         415.3
   64.8  19101  -75.1                          73      9  432.8         432.8
   62.1  19351  -69.3                          36      6  451.0         451.0
   61.0  19458  -68.2                          20      5  455.6         455.6
   58.8  19678  -66.1                          78      4  465.2         465.2
   58.0  19761  -66.0                         100      4  467.4         467.4
   50.0  20660  -64.5                          85     29  491.1         491.1
   48.0  20909  -66.1                          84     33  493.0         493.0
   45.4  21250  -62.3                          83     39  510.1         510.1
   41.0  21881  -61.8                          80     49  526.5         526.5
   40.4  21972  -61.7                          80     48  528.9         528.9
   39.5  22112  -61.7                          81     47  532.3         532.3
   39.0  22191  -58.7                          82     46  541.9         541.9
   35.0  22870  -59.9                          85     40  555.7         555.7
   30.0  23840  -56.9                          95     47  588.9         588.9
   29.5  23946  -56.3                          95     48  593.4         593.4
   28.0  24275  -56.5                          95     50  601.6         601.6
   25.0  24989  -57.1                          95     55  619.9         619.9
   22.0  25797  -55.1                          95     60  648.9         648.9
   20.5  26250  -50.7                          95     63  675.4         675.4
   20.0  26410  -50.3                          95     64  681.5         681.5
   18.0  27102  -47.9                          90     69  709.9         709.9
   17.7  27212  -47.5                          90     69  714.5         714.5
   17.5  27287  -47.5                          90     69  716.8         716.8
   15.0  28305  -47.5                         110     24  749.1         749.1
   14.4  28575  -47.5                         116     21  757.9         757.9
   13.0  29258  -44.6                         130     12  790.4         790.4
   12.0  29793  -42.3                         155     12  816.7         816.7
   11.9  29849  -42.1                                     819.5         819.5
</PRE><H3>Station information and sounding indices</H3><PRE>
                         Station identifier: WAAA
                             Station number: 97180
                           Observation time: 180609/0000
                           Station latitude: -5.06
                          Station longitude: 119.55
                          Station elevation: 14.0
                            Showalter index: 3.68
                               Lifted index: 1.98
    LIFT computed using virtual temperature: 1.46
                                SWEAT index: 159.78
                                    K index: 25.10
                         Cross totals index: 15.70
                      Vertical totals index: 24.70
                        Totals totals index: 40.40
      Convective Available Potential Energy: 0.00
             CAPE using virtual temperature: 0.00
                      Convective Inhibition: 0.00
             CINS using virtual temperature: 0.00
                     Bulk Richardson Number: 0.00
          Bulk Richardson Number using CAPV: 0.00
  Temp [K] of the Lifted Condensation Level: 288.42
Pres [hPa] of the Lifted Condensation Level: 860.93
     Mean mixed layer potential temperature: 301.05
              Mean mixed layer mixing ratio: 12.88
              1000 hPa to 500 hPa thickness: 5780.00
Precipitable water [mm] for entire sounding: 37.81
</PRE>
<P>Description of the 
<A HREF="/upperair/columns.html">data columns</A>
or <A HREF="/upperair/indices.html">sounding indices</A>.

<P>
<FORM>
<INPUT CLASS="button" TYPE="button" VALUE=" Close this window " 
 onClick="window.close();">
<INPUT CLASS="button" TYPE="button" VALUE=" Select another map " 
 onClick="window.blur();">
</FORM>
<HR SIZE="1">
<I>Interested in graduate studies in atmospheric science?
Check out our program at the
<a href="http://www.uwyo.edu/atsc/howtoapply/"
target=_top>University of Wyoming
</a></I>
<HR SIZE="1"><FONT SIZE="-1">
Questions about the weather data provided by this site can be
addressed to <A HREF="mailto:ldoolman@uwyo.edu">
Larry Oolman (ldoolman@uwyo.edu)</A></FONT>
<HR SIZE="1">
<SCRIPT TYPE="text/javascript">
<!--
window.focus();
// -->
</SCRIPT>
</BODY>
</HTML>
