2018-10-08 00
<HTML>
<TITLE>University of Wyoming - Radiosonde Data</TITLE>
<LINK REL="StyleSheet" HREF="/resources/select.css" TYPE="text/css">
<BODY BGCOLOR="white">
<H2>97180 WAAA Ujung Pandang Observations at 00Z 08 Oct 2018</H2>
<PRE>
-----------------------------------------------------------------------------
   PRES   HGHT   TEMP   DWPT   RELH   MIXR   DRCT   SKNT   THTA   THTE   THTV
    hPa     m      C      C      %    g/kg    deg   knot     K      K      K 
-----------------------------------------------------------------------------
 1010.0     14   25.0   20.1     74  14.89      0      0  297.3  340.6  300.0
 1009.0     22   25.8   16.8     58  12.07    351      0  298.2  333.5  300.4
 1000.0     98   25.8   17.8     61  12.99    270      3  298.9  337.1  301.3
  959.0    467   25.4   13.4     47  10.17    137     10  302.1  332.5  304.0
  945.0    596   24.5   12.5     47   9.72     90     12  302.5  331.6  304.3
  925.0    784   23.2   11.2     47   9.11    100     16  303.0  330.4  304.7
  857.0   1443   19.2    5.2     40   6.51    100     21  305.5  325.6  306.7
  850.0   1513   18.6    5.6     42   6.75    100     22  305.6  326.4  306.9
  822.0   1799   18.2   -4.3     21   3.38    100     27  308.2  319.1  308.8
  818.0   1841   18.2   -5.8     19   3.05     99     26  308.6  318.4  309.1
  766.0   2395   14.5   -4.0     28   3.73     85     12  310.4  322.4  311.1
  739.0   2698   12.5   -3.0     34   4.16     60     12  311.4  324.8  312.2
  717.0   2952   10.8   -2.2     40   4.56     74     14  312.3  326.9  313.1
  701.0   3140   10.2    1.2     54   5.99     84     15  313.6  332.7  314.8
  700.0   3152   10.0    1.0     54   5.91     85     15  313.5  332.4  314.6
  693.0   3236   11.4    3.4     58   7.10     88     15  316.0  338.7  317.3
  640.0   3891    7.1   -3.0     49   4.82    110     13  318.4  334.2  319.3
  597.0   4464    3.4   -8.6     41   3.36     97     14  320.5  331.8  321.1
  559.0   4994    0.0   -7.0     59   4.07     84     14  322.5  336.2  323.3
  550.0   5124   -0.9   -9.9     50   3.29     81     15  323.0  334.2  323.6
  549.0   5139   -1.1   -7.1     64   4.11     81     15  322.9  336.7  323.7
  544.0   5212   -1.1  -12.1     43   2.79     79     15  323.7  333.4  324.3
  540.0   5271   -1.5   -9.5     54   3.46     78     15  323.9  335.7  324.6
  532.0   5389   -2.1  -11.3     49   3.05     75     15  324.6  335.1  325.2
  500.0   5880   -4.7  -18.7     33   1.76     75     23  327.2  333.5  327.6
  474.0   6299   -7.1  -26.1     20   0.97     72     21  329.3  332.9  329.5
  456.0   6597   -9.3  -26.6     23   0.96     70     20  330.2  333.8  330.4
  413.0   7359  -14.9  -27.9     32   0.94     53     12  332.5  336.0  332.7
  406.0   7488  -15.9  -31.0     26   0.71     50     11  332.9  335.6  333.0
  400.0   7600  -16.7  -33.7     22   0.56     55      8  333.2  335.4  333.3
  395.0   7694  -17.3  -33.3     24   0.59     64      9  333.6  335.9  333.7
  383.0   7925  -16.9  -49.9      4   0.10     87     12  337.1  337.6  337.1
  374.0   8102  -18.0  -49.0      5   0.12    105     14  337.9  338.4  337.9
  360.0   8386  -19.8  -47.7      6   0.14    100     11  339.2  339.8  339.2
  352.0   8553  -20.9  -46.9      8   0.16    121      9  339.9  340.6  340.0
  331.0   9002  -25.0  -43.7     16   0.24    180      5  340.3  341.3  340.3
  321.0   9225  -27.1  -42.1     23   0.30    191      7  340.4  341.6  340.5
  318.0   9293  -27.4  -43.1     21   0.27    195      7  340.9  342.0  340.9
  305.0   9592  -29.0  -47.7     15   0.17    180     13  342.8  343.5  342.8
  304.0   9616  -29.1  -48.1     14   0.16    181     13  342.9  343.6  343.0
  300.0   9710  -29.9  -49.9     12   0.13    185     14  343.1  343.7  343.1
  253.0  10899  -39.9  -55.9     16   0.08    227     16  345.4  345.8  345.4
  250.0  10980  -40.7                         230     16  345.4         345.4
  215.0  11974  -49.0                         260      4  347.8         347.8
  205.0  12287  -51.5                         185      4  348.5         348.5
  200.0  12450  -52.9                         180      5  348.8         348.8
  187.0  12871  -56.6                         170      8  349.6         349.6
  170.0  13467  -61.8                         215      8  350.6         350.6
  162.0  13768  -64.5                         245      6  351.0         351.0
  154.0  14085  -67.2                         205      7  351.4         351.4
  150.0  14250  -68.7                         190      8  351.6         351.6
  137.0  14784  -73.1                         170      9  353.0         353.0
  125.0  15308  -77.3                         150     10  354.8         354.8
  116.0  15735  -80.7                         116     19  356.1         356.1
  107.0  16184  -82.4                          80     29  361.1         361.1
  101.0  16505  -83.7                          60     38  364.8         364.8
  100.0  16560  -83.9                          55     38  365.4         365.4
   91.0  17089  -80.2                          75     21  382.7         382.7
   90.8  17101  -80.1                          73     21  383.1         383.1
   89.2  17203  -76.5                          59     19  392.3         392.3
   86.0  17417  -75.0                          30     16  399.3         399.3
   82.0  17696  -73.1                          20      6  408.7         408.7
   78.0  17989  -71.2                          70      7  418.7         418.7
   75.6  18172  -69.9                          70      6  425.1         425.1
   74.0  18300  -70.2                          70      6  427.1         427.1
   70.0  18630  -70.9                         110     12  432.4         432.4
   57.0  19836  -73.1                         110     26  453.5         453.5
   56.1  19929  -73.3                         107     28  455.1         455.1
   52.1  20365  -69.5                          95     35  473.7         473.7
   52.0  20377  -69.5                          95     35  474.0         474.0
   50.0  20610  -69.3                         100     41  479.8         479.8
   45.9  21123  -67.5                          91     48  496.0         496.0
   43.8  21407  -63.9                          87     51  511.5         511.5
   42.0  21664  -64.3                          83     54  516.6         516.6
   39.9  21981  -60.7                          78     58  533.3         533.3
   37.2  22416  -61.1                          71     64  543.1         543.1
   37.0  22450  -61.0                          70     64  544.0         544.0
   36.6  22517  -61.0                          70     64  546.0         546.0
   35.6  22689  -60.7                          77     60  551.0         551.0
   34.6  22868  -57.5                          85     56  563.8         563.8
   32.0  23362  -57.2                         105     45  577.3         577.3
   30.7  23624  -57.1                         102     42  584.5         584.5
   30.0  23770  -56.1                         100     40  591.1         591.1
   28.8  24032  -50.3                         100     23  614.0         614.0
   28.0  24213  -50.9                         100     12  617.3         617.3
   26.0  24689  -52.5                         115      9  625.9         625.9
   25.0  24941  -53.4                         105      8  630.5         630.5
   24.0  25204  -54.3                          25      4  635.3         635.3
   23.0  25477  -55.2                         325      4  640.3         640.3
   22.5  25618  -55.7                         293      3  642.9         642.9
   22.0  25762  -55.2                         260      2  648.4         648.4
   21.0  26059  -54.3                         355      8  660.0         660.0
   20.0  26370  -53.3                           5     10  672.3         672.3
   19.4  26566  -53.5                         329     11  677.5         677.5
   19.0  26701  -52.8                         305     12  683.8         683.8
   18.1  27014  -51.1                         327      9  698.6         698.6
   18.0                                       330      9                     
</PRE><H3>Station information and sounding indices</H3><PRE>
                         Station identifier: WAAA
                             Station number: 97180
                           Observation time: 181008/0000
                           Station latitude: -5.06
                          Station longitude: 119.55
                          Station elevation: 14.0
                            Showalter index: 8.41
                               Lifted index: 4.57
    LIFT computed using virtual temperature: 4.24
                                SWEAT index: 134.22
                                    K index: 19.90
                         Cross totals index: 10.30
                      Vertical totals index: 23.30
                        Totals totals index: 33.60
      Convective Available Potential Energy: 0.00
             CAPE using virtual temperature: 0.00
                      Convective Inhibition: 0.00
             CINS using virtual temperature: 0.00
                     Bulk Richardson Number: 0.00
          Bulk Richardson Number using CAPV: 0.00
  Temp [K] of the Lifted Condensation Level: 286.60
Pres [hPa] of the Lifted Condensation Level: 849.19
     Mean mixed layer potential temperature: 300.33
              Mean mixed layer mixing ratio: 11.63
              1000 hPa to 500 hPa thickness: 5782.00
Precipitable water [mm] for entire sounding: 31.69
</PRE>
<P>Description of the 
<A HREF="/upperair/columns.html">data columns</A>
or <A HREF="/upperair/indices.html">sounding indices</A>.

<P>
<FORM>
<INPUT CLASS="button" TYPE="button" VALUE=" Close this window " 
 onClick="window.close();">
<INPUT CLASS="button" TYPE="button" VALUE=" Select another map " 
 onClick="window.blur();">
</FORM>
<HR SIZE="1">
<I>Interested in graduate studies in atmospheric science?
Check out our program at the
<a href="http://www.uwyo.edu/atsc/howtoapply/"
target=_top>University of Wyoming
</a></I>
<HR SIZE="1"><FONT SIZE="-1">
Questions about the weather data provided by this site can be
addressed to <A HREF="mailto:ldoolman@uwyo.edu">
Larry Oolman (ldoolman@uwyo.edu)</A></FONT>
<HR SIZE="1">
<SCRIPT TYPE="text/javascript">
<!--
window.focus();
// -->
</SCRIPT>
</BODY>
</HTML>
