2017-06-30 12
<HTML>
<TITLE>University of Wyoming - Radiosonde Data</TITLE>
<LINK REL="StyleSheet" HREF="/resources/select.css" TYPE="text/css">
<BODY BGCOLOR="white">
<H2>97180 WAAA Ujung Pandang Observations at 00Z 30 Jun 2017</H2>
<PRE>
-----------------------------------------------------------------------------
   PRES   HGHT   TEMP   DWPT   RELH   MIXR   DRCT   SKNT   THTA   THTE   THTV
    hPa     m      C      C      %    g/kg    deg   knot     K      K      K 
-----------------------------------------------------------------------------
 1010.0     14   24.6   22.8     90  17.65      0      0  296.9  348.1  300.0
 1003.0     71   26.0   21.3     75  16.18     70      5  298.9  346.2  301.8
 1000.0     96   26.4   21.4     74  16.33    100      7  299.6  347.5  302.5
  977.0    300   25.0   20.3     75  15.60     95      4  300.1  346.0  302.9
  925.0    779   21.6   17.7     78  13.97    105     11  301.4  342.7  303.9
  881.0   1200   19.1   16.2     83  13.32    100     17  303.0  342.7  305.4
  850.0   1509   17.2   15.1     87  12.86     90     15  304.1  342.7  306.5
  843.0   1580   16.6   14.7     89  12.63     88     15  304.2  342.1  306.6
  822.0   1795   16.6   14.2     86  12.52     80     14  306.4  344.3  308.7
  819.0   1826   16.6   14.1     85  12.50     76     14  306.8  344.6  309.1
  793.0   2099   14.8   12.6     86  11.67     40     10  307.7  343.2  309.9
  765.0   2404   12.9   10.9     88  10.79     45     12  308.8  341.8  310.8
  764.0   2415   12.8   10.8     88  10.76     47     12  308.8  341.8  310.8
  739.0   2695   12.8    8.4     75   9.44     85     13  311.8  341.1  313.5
  736.0   2729   12.8    8.1     73   9.29     87     13  312.1  341.1  313.9
  700.0   3148   10.0    5.3     73   8.04    110     11  313.5  338.9  315.1
  688.0   3291    8.9    4.7     75   7.82    120     12  313.8  338.5  315.3
  663.0   3596    6.5    3.3     80   7.35    120     11  314.5  337.8  315.9
  660.0   3634    6.2    3.1     81   7.30    114     11  314.6  337.7  315.9
  639.0   3897    5.0    1.3     77   6.61     70      9  316.2  337.4  317.4
  616.0   4196    3.8   -0.8     72   5.90     75     12  318.0  337.1  319.1
  603.0   4369    3.0   -2.0     70   5.51     86     13  319.1  337.1  320.1
  595.0   4477    3.4   -8.6     41   3.37     94     13  320.8  332.1  321.4
  588.0   4573    2.8  -14.2     27   2.18    100     14  321.2  328.7  321.6
  562.0   4936    0.0  -15.0     31   2.13    124     15  322.0  329.4  322.4
  551.0   5093   -0.9  -15.9     31   2.02    135     16  322.8  329.9  323.2
  529.0   5417   -2.7  -17.7     31   1.81    129     16  324.4  330.8  324.8
  500.0   5860   -6.3  -21.3     29   1.40    120     15  325.3  330.3  325.6
  492.0   5985   -7.4  -20.2     35   1.58    120     12  325.5  331.1  325.8
  464.0   6440  -11.3  -16.0     68   2.38    147     10  326.1  334.4  326.6
  456.0   6574  -11.9  -15.7     73   2.48    155      9  327.0  335.6  327.4
  452.0   6641  -11.3  -14.2     79   2.84    159      8  328.5  338.4  329.1
  440.0   6849   -8.9  -28.9     18   0.80    172      7  334.1  337.2  334.3
  437.0   6902   -9.3  -29.6     17   0.75    175      7  334.2  337.1  334.4
  404.0   7504  -14.3  -38.3     11   0.35    166     14  335.4  336.8  335.4
  400.0   7580  -14.7  -39.7     10   0.30    165     15  335.8  337.0  335.9
  389.0   7789  -16.3  -39.8     11   0.31    155     12  336.4  337.7  336.5
  378.0   8004  -17.9  -39.9     13   0.32    162     13  337.0  338.3  337.1
  373.0   8102  -18.7  -39.4     14   0.34    165     13  337.2  338.6  337.3
  330.0   9000  -26.5  -34.8     45   0.61    105     12  338.6  340.9  338.7
  329.0   9022  -26.7  -34.7     47   0.61    102     12  338.6  341.0  338.7
  323.0   9154  -27.9  -35.9     46   0.56     86     14  338.7  340.9  338.8
  317.0   9288  -28.8  -33.4     64   0.72     70     16  339.3  342.1  339.4
  315.0   9333  -29.1  -32.6     72   0.79     69     17  339.5  342.6  339.6
  311.0   9424  -29.3  -35.3     56   0.61     67     18  340.4  342.9  340.6
  300.0   9680  -31.1  -40.1     41   0.39     60     22  341.4  343.0  341.5
  294.0   9823  -32.3  -37.3     61   0.53     57     22  341.7  343.8  341.8
  279.0  10191  -34.9  -40.9     54   0.39     51     23  343.1  344.7  343.2
  273.0  10343  -35.7  -45.7     35   0.24     48     23  344.1  345.1  344.1
  267.0  10496  -36.9  -47.5     33   0.20     45     23  344.5  345.3  344.5
  252.0  10896  -40.1  -52.1     27   0.12     45     25  345.5  346.1  345.6
  250.0  10950  -40.7                          45     25  345.4         345.4
  234.0  11392  -44.4                          50     20  346.4         346.4
  200.0  12440  -53.1                         170     12  348.5         348.5
  195.0  12597  -54.5                         175     12  348.8         348.8
  177.0  13197  -59.9                         165     11  349.8         349.8
  161.0  13783  -65.1                         130     16  350.5         350.5
  153.0  14099  -68.0                         130     16  350.8         350.8
  151.0  14180  -68.7                         137     15  350.9         350.9
  150.0  14220  -69.3                         140     14  350.5         350.5
  138.0  14707  -72.2                         220     20  353.8         353.8
  119.0  15571  -77.5                         205     18  359.4         359.4
  117.0  15670  -78.1                         205     14  360.1         360.1
  112.0  15919  -78.1                         225     10  364.6         364.6
  110.0  16022  -78.1                         224     10  366.5         366.5
  104.0  16343  -76.9                         221      9  374.7         374.7
  101.0  16512  -74.4                         220      9  382.7         382.7
  100.0  16570  -73.5                         235     10  385.5         385.5
   96.0  16806  -74.4                         280     16  388.2         388.2
   87.0  17374  -76.7                         260     19  394.7         394.7
   80.4  17830  -78.5                         275     30  400.0         400.0
   78.1  17997  -75.3                         280     35  409.9         409.9
   78.0  18004  -75.3                         280     35  410.1         410.1
   70.0  18630  -76.1                         265     41  421.3         421.3
   68.2  18781  -76.5                         263     40  423.5         423.5
   61.5  19384  -72.7                         257     35  444.7         444.7
   60.0  19532  -70.4                         255     34  452.9         452.9
   56.0  19947  -64.1                         265     35  476.3         476.3
   52.0  20407  -61.6                         275     37  492.4         492.4
   50.1  20638  -60.3                         270     42  500.7         500.7
   50.0  20650  -60.1                         270     42  501.4         501.4
   45.0  21301  -62.1                         260     45  511.9         511.9
   41.0  21877  -63.9                         245     23  521.3         521.3
   40.5  21953  -64.1                         252     18  522.5         522.5
   39.0  22185  -62.4                         275      3  532.5         532.5
   38.9  22201  -62.3                         281      4  533.1         533.1
   37.0  22508  -63.7                          45     18  537.4         537.4
   35.6  22745  -64.7                          50     22  540.6         540.6
   32.0  23399  -62.9                          65     33  562.1         562.1
   30.8  23636  -60.1                          83     36  575.9         575.9
   30.0  23800  -59.7                          95     38  581.3         581.3
   29.0  24013  -59.1                         100     43  588.6         588.6
   25.0  24948  -56.4                          85     47  621.8         621.8
   21.7  25840  -53.9                          98     53  655.0         655.0
   20.0  26360  -54.1                         105     56  669.8         669.8
   17.0  27401  -54.4                          90     51  700.8         700.8
   15.6  27952  -54.5                          92     49  717.8         717.8
   14.0  28655  -50.4                          95     47  754.2         754.2
   13.1  29086  -47.9                                     777.3         777.3
</PRE><H3>Station information and sounding indices</H3><PRE>
                         Station identifier: WAAA
                             Station number: 97180
                           Observation time: 170630/0000
                           Station latitude: -5.06
                          Station longitude: 119.55
                          Station elevation: 14.0
                            Showalter index: -0.48
                               Lifted index: -1.81
    LIFT computed using virtual temperature: -2.48
                                SWEAT index: 226.19
                                    K index: 33.90
                         Cross totals index: 21.40
                      Vertical totals index: 23.50
                        Totals totals index: 44.90
      Convective Available Potential Energy: 202.65
             CAPE using virtual temperature: 290.48
                      Convective Inhibition: -87.62
             CINS using virtual temperature: -46.32
                           Equilibrum Level: 278.09
 Equilibrum Level using virtual temperature: 277.45
                   Level of Free Convection: 683.19
             LFCT using virtual temperature: 770.67
                     Bulk Richardson Number: 44.37
          Bulk Richardson Number using CAPV: 63.60
  Temp [K] of the Lifted Condensation Level: 292.63
Pres [hPa] of the Lifted Condensation Level: 919.02
     Mean mixed layer potential temperature: 299.79
              Mean mixed layer mixing ratio: 15.79
              1000 hPa to 500 hPa thickness: 5764.00
Precipitable water [mm] for entire sounding: 51.28
</PRE>
<P>Description of the 
<A HREF="/upperair/columns.html">data columns</A>
or <A HREF="/upperair/indices.html">sounding indices</A>.

<P>
<FORM>
<INPUT CLASS="button" TYPE="button" VALUE=" Close this window " 
 onClick="window.close();">
<INPUT CLASS="button" TYPE="button" VALUE=" Select another map " 
 onClick="window.blur();">
</FORM>
<HR SIZE="1">
<I>Interested in graduate studies in atmospheric science?
Check out our program at the
<a href="http://www.uwyo.edu/atsc/howtoapply/"
target=_top>University of Wyoming
</a></I>
<HR SIZE="1"><FONT SIZE="-1">
Questions about the weather data provided by this site can be
addressed to <A HREF="mailto:ldoolman@uwyo.edu">
Larry Oolman (ldoolman@uwyo.edu)</A></FONT>
<HR SIZE="1">
<SCRIPT TYPE="text/javascript">
<!--
window.focus();
// -->
</SCRIPT>
</BODY>
</HTML>
