2016-09-04 12
<HTML>
<TITLE>University of Wyoming - Radiosonde Data</TITLE>
<LINK REL="StyleSheet" HREF="/resources/select.css" TYPE="text/css">
<BODY BGCOLOR="white">
<H2>97180 WAAA Ujung Pandang Observations at 00Z 04 Sep 2016</H2>
<PRE>
-----------------------------------------------------------------------------
   PRES   HGHT   TEMP   DWPT   RELH   MIXR   DRCT   SKNT   THTA   THTE   THTV
    hPa     m      C      C      %    g/kg    deg   knot     K      K      K 
-----------------------------------------------------------------------------
 1011.0     14   25.0   20.9     78  15.65      0      0  297.2  342.7  300.0
 1010.0     22   25.8   19.8     69  14.61     15      0  298.1  340.7  300.7
 1000.0    106   25.8   18.8     65  13.85    165      3  298.9  339.5  301.4
  978.0    303   24.6   20.5     78  15.81    165      5  299.7  346.1  302.5
  977.0    312   24.6   20.6     78  15.90    163      5  299.7  346.4  302.6
  972.0    357   24.4   20.1     77  15.49    152      5  300.0  345.5  302.8
  951.0    550   24.6   14.6     54  11.10    108      7  302.1  335.1  304.1
  945.0    605   24.2   14.2     54  10.91     95      7  302.2  334.8  304.2
  925.0    793   23.0   13.0     53  10.27     90     11  302.8  333.6  304.7
  880.0   1225   21.4   10.4     49   9.07     81     12  305.5  333.1  307.2
  850.0   1524   19.4    8.4     49   8.20     75     12  306.4  331.6  308.0
  809.0   1946   15.6    7.6     59   8.16     64     10  306.8  331.8  308.3
  795.0   2094   14.6    6.0     56   7.44     60      9  307.3  330.2  308.7
  786.0   2190   14.0    5.0     55   7.00     49      7  307.6  329.3  308.9
  776.0   2299   14.6    0.6     38   5.18     36      5  309.4  325.7  310.3
  767.0   2397   14.2    0.5     39   5.20     25      3  310.0  326.5  311.0
  714.0   2998   12.0   -0.1     43   5.33     75      5  314.0  331.1  315.0
  709.0   3057   11.8   -0.2     44   5.35     86      5  314.4  331.6  315.4
  700.0   3164   11.2   -1.8     40   4.81    105      5  314.9  330.4  315.8
  689.0   3294   10.2   -1.9     43   4.87    140      2  315.2  331.0  316.1
  664.0   3597    8.0   -1.9     49   5.02      0      0  316.1  332.4  317.0
  640.0   3898    5.8   -2.1     57   5.17    290      4  316.9  333.7  317.9
  618.0   4185    3.7   -2.2     66   5.31    205      2  317.6  334.9  318.7
  595.0   4496    1.4   -2.3     76   5.47    295      1  318.5  336.3  319.5
  589.0   4579    0.8   -2.3     80   5.52    264      2  318.7  336.7  319.7
  582.0   4675    0.2   -2.3     83   5.58    228      3  319.1  337.3  320.1
  577.0   4744    1.0   -3.8     70   5.03    201      4  320.8  337.4  321.8
  573.0   4800    0.8   -4.6     67   4.77    180      5  321.1  337.0  322.1
  561.0   4970    0.0   -7.0     59   4.05    159      4  322.2  335.8  323.0
  532.0   5391   -3.4   -8.3     69   3.87    105      1  323.1  336.2  323.9
  516.0   5633   -5.3   -9.0     75   3.77     97      4  323.6  336.4  324.3
  512.0   5694   -5.7   -9.3     75   3.70     95      5  323.9  336.4  324.6
  500.0   5880   -6.7  -10.4     75   3.48     75      6  324.8  336.7  325.5
  493.0   5990   -7.3  -11.3     74   3.30     60      7  325.3  336.6  326.0
  487.0   6086   -7.9  -12.0     72   3.15     57      9  325.8  336.6  326.4
  474.0   6296   -8.4  -17.1     50   2.13     50     12  327.6  335.2  328.1
  459.0   6545   -9.1  -23.1     31   1.31     79     12  329.9  334.6  330.1
  449.0   6716   -8.9  -33.9     11   0.49     98     12  332.2  334.1  332.3
  438.0   6905  -10.2  -35.0     11   0.45    120     12  332.9  334.7  333.0
  400.0   7600  -14.9  -38.9     11   0.33    110     12  335.5  336.9  335.6
  390.0   7789  -16.2  -41.0     10   0.27    105     12  336.3  337.4  336.4
  355.0   8491  -20.9  -48.9      6   0.13    136      9  339.1  339.6  339.1
  345.0   8698  -22.5  -49.3      7   0.12    145      8  339.7  340.3  339.8
  318.0   9288  -27.1  -50.5      9   0.12     65      6  341.4  341.9  341.4
  300.0   9710  -30.3  -51.3     11   0.11    145      3  342.6  343.1  342.6
  292.0   9899  -31.8  -52.5     11   0.10    160      5  343.1  343.5  343.1
  280.0  10191  -34.2  -54.4     11   0.08    115      2  343.8  344.2  343.8
  268.0  10497  -36.6  -56.3     11   0.07     30      7  344.5  344.8  344.5
  253.0  10899  -39.9  -58.9     11   0.05     18      7  345.4  345.7  345.4
  250.0  10980  -40.5                          15      7  345.7         345.7
  235.0  11390  -44.0                          10      8  346.6         346.6
  225.0  11679  -46.5                          40     12  347.2         347.2
  200.0  12460  -53.1                          45     29  348.5         348.5
  180.0  13129  -59.3                          58     43  349.1         349.1
  170.0  13481  -61.8                          65     50  350.7         350.7
  150.0  14250  -67.1                          60     25  354.3         354.3
  139.0  14696  -70.5                          55     20  356.1         356.1
  119.0  15606  -77.5                         120      8  359.4         359.4
  118.0  15655  -77.9                         121      9  359.6         359.6
  107.0  16208  -80.0                         135     15  365.7         365.7
  102.0  16478  -81.1                         125     23  368.8         368.8
  100.0  16590  -81.5                         130     27  370.0         370.0
   96.0  16819  -82.1                         140     37  373.2         373.2
   89.7  17199  -83.1                         119     36  378.5         378.5
   87.0  17372  -80.7                         110     36  386.6         386.6
   85.0  17503  -78.9                         100     35  392.9         392.9
   78.0  17991  -80.5                          65     30  399.3         399.3
   77.1  18057  -80.7                          71     30  400.2         400.2
   74.4  18259  -80.1                          89     29  405.6         405.6
   70.0  18610  -73.9                         120     28  426.0         426.0
   68.7  18719  -72.9                         118     29  430.4         430.4
   67.3  18841  -68.7                         116     30  442.0         442.0
   64.4  19105  -67.5                         112     33  450.2         450.2
   63.2  19219  -63.1                         110     34  462.4         462.4
   63.0  19239  -63.0                         110     34  462.9         462.9
   60.1  19529  -61.9                          86     23  471.7         471.7
   55.0  20069  -64.4                          40      2  478.1         478.1
   52.0  20411  -66.0                         335      4  482.1         482.1
   50.0  20650  -67.1                          65      4  484.9         484.9
   49.3  20735  -67.5                          85      5  486.0         486.0
   47.0  21024  -64.4                          40      5  500.0         500.0
   46.9  21037  -64.3                          34      5  500.6         500.6
   45.0  21292  -63.2                         285      9  509.2         509.2
   41.0  21867  -60.7                         245     21  529.2         529.2
   39.8  22050  -59.9                         239     16  535.7         535.7
   39.0  22177  -59.8                         235     13  539.0         539.0
   37.0  22506  -59.6                         260     11  547.7         547.7
   32.0  23413  -59.1                         275     30  572.3         572.3
   30.0  23820  -55.3                         280     27  593.3         593.3
   29.8  23863  -54.9                         280     27  595.5         595.5
   27.4  24401  -53.7                         277     25  613.3         613.3
   25.3  24911  -55.5                         274     23  622.3         622.3
   23.0  25518  -55.5                         270     20  639.5         639.5
   21.0  26098  -55.5                         285     17  656.3         656.3
   20.0  26410  -53.7                         275     19  671.0         671.0
   17.0  27462  -52.1                         250     19  708.1         708.1
   15.0  28271  -50.8                         230     19  738.0         738.0
   14.5  28491  -50.5                                     746.4         746.4
</PRE><H3>Station information and sounding indices</H3><PRE>
                         Station identifier: WAAA
                             Station number: 97180
                           Observation time: 160904/0000
                           Station latitude: -5.06
                          Station longitude: 119.55
                          Station elevation: 14.0
                            Showalter index: 3.89
                               Lifted index: -0.60
    LIFT computed using virtual temperature: -0.82
                                SWEAT index: 130.81
                                    K index: 21.50
                         Cross totals index: 15.10
                      Vertical totals index: 26.10
                        Totals totals index: 41.20
      Convective Available Potential Energy: 15.21
             CAPE using virtual temperature: 27.62
                      Convective Inhibition: -337.56
             CINS using virtual temperature: -238.94
                           Equilibrum Level: 476.89
 Equilibrum Level using virtual temperature: 470.74
                   Level of Free Convection: 598.29
             LFCT using virtual temperature: 610.62
                     Bulk Richardson Number: 6.04
          Bulk Richardson Number using CAPV: 10.97
  Temp [K] of the Lifted Condensation Level: 290.90
Pres [hPa] of the Lifted Condensation Level: 901.48
     Mean mixed layer potential temperature: 299.66
              Mean mixed layer mixing ratio: 14.46
              1000 hPa to 500 hPa thickness: 5774.00
Precipitable water [mm] for entire sounding: 39.71
</PRE>
<P>Description of the 
<A HREF="/upperair/columns.html">data columns</A>
or <A HREF="/upperair/indices.html">sounding indices</A>.

<P>
<FORM>
<INPUT CLASS="button" TYPE="button" VALUE=" Close this window " 
 onClick="window.close();">
<INPUT CLASS="button" TYPE="button" VALUE=" Select another map " 
 onClick="window.blur();">
</FORM>
<HR SIZE="1">
<I>Interested in graduate studies in atmospheric science?
Check out our program at the
<a href="http://www.uwyo.edu/atsc/howtoapply/"
target=_top>University of Wyoming
</a></I>
<HR SIZE="1"><FONT SIZE="-1">
Questions about the weather data provided by this site can be
addressed to <A HREF="mailto:ldoolman@uwyo.edu">
Larry Oolman (ldoolman@uwyo.edu)</A></FONT>
<HR SIZE="1">
<SCRIPT TYPE="text/javascript">
<!--
window.focus();
// -->
</SCRIPT>
</BODY>
</HTML>
