2018-04-05 12
<HTML>
<TITLE>University of Wyoming - Radiosonde Data</TITLE>
<LINK REL="StyleSheet" HREF="/resources/select.css" TYPE="text/css">
<BODY BGCOLOR="white">
<H2>97180 WAAA Ujung Pandang Observations at 00Z 05 Apr 2018</H2>
<PRE>
-----------------------------------------------------------------------------
   PRES   HGHT   TEMP   DWPT   RELH   MIXR   DRCT   SKNT   THTA   THTE   THTV
    hPa     m      C      C      %    g/kg    deg   knot     K      K      K 
-----------------------------------------------------------------------------
 1008.0     14   24.4   23.3     94  18.25    115      4  296.9  349.8  300.1
 1007.0     23   25.4   20.4     74  15.23    114      4  298.0  342.3  300.7
 1000.0     88   26.0   21.1     74  16.03    110      2  299.1  346.1  302.0
  991.0    168   26.4   20.4     70  15.48    151      2  300.3  345.9  303.1
  976.0    302   25.5   19.8     71  15.09    220      3  300.7  345.2  303.4
  944.0    595   23.4   18.4     73  14.28    265      1  301.5  343.8  304.1
  925.0    774   22.2   17.5     75  13.79      5      2  302.0  342.9  304.5
  912.0    897   21.5   17.0     75  13.51    330      2  302.5  342.7  304.9
  881.0   1198   19.7   15.6     77  12.85     45      4  303.7  342.1  306.0
  855.0   1459   18.2   14.5     79  12.29     53      8  304.7  341.6  306.9
  850.0   1510   18.0   14.3     79  12.20     55      9  305.0  341.7  307.2
  770.0   2350   13.8    5.8     58   7.56     97      9  309.2  332.7  310.6
  765.0   2405   13.3    5.9     61   7.65    100      9  309.2  332.9  310.6
  753.0   2538   12.0    6.0     67   7.85     96      9  309.2  333.6  310.7
  738.0   2706   11.4    5.4     67   7.67     90      9  310.4  334.3  311.8
  700.0   3147    9.8    3.8     66   7.23     35      8  313.3  336.2  314.7
  687.0   3302    9.4    2.6     62   6.74      5     10  314.5  336.0  315.8
  669.0   3522    8.8    0.8     57   6.10    328     12  316.3  335.9  317.4
  663.0   3595    8.4    0.4     57   5.98    315     12  316.6  335.9  317.7
  639.0   3894    6.6   -1.2     58   5.53    300     18  317.9  335.9  319.0
  616.0   4191    4.8   -2.8     58   5.10    320     16  319.2  335.9  320.2
  558.0   4994    0.0   -7.0     59   4.08    289     12  322.7  336.4  323.5
  551.0   5095   -0.8   -7.0     63   4.12    285     12  322.9  336.8  323.7
  538.0   5284   -2.3   -7.1     70   4.20    282     10  323.3  337.4  324.1
  534.0   5343   -2.1  -12.1     46   2.85    281      9  324.3  334.1  324.8
  530.0   5403   -2.6  -10.0     57   3.40    280      8  324.3  335.9  325.0
  528.0   5433   -2.9   -8.9     63   3.71    283      9  324.4  337.0  325.1
  511.0   5690   -5.2   -9.1     75   3.79    305     14  324.6  337.4  325.3
  505.0   5782   -6.1   -9.1     79   3.82    302     15  324.6  337.6  325.4
  500.0   5860   -6.7   -9.4     81   3.77    300     16  324.8  337.6  325.6
  474.0   6278   -7.7  -11.8     72   3.29    276     10  328.6  340.0  329.2
  473.0   6295   -7.8  -11.9     72   3.26    275     10  328.6  339.9  329.2
  455.0   6596  -10.3  -14.2     73   2.82    250      9  329.2  339.1  329.7
  448.0   6716  -11.3  -18.3     56   2.03    252      9  329.4  336.6  329.8
  441.0   6837  -12.5  -18.5     61   2.03    254      8  329.3  336.6  329.8
  438.0   6890  -12.7  -16.8     71   2.36    255      8  329.7  338.1  330.2
  430.0   7031  -13.5  -23.5     43   1.34    304      5  330.4  335.4  330.7
  429.0   7048  -13.5  -26.5     33   1.03    310      4  330.7  334.5  330.9
  428.0   7066  -13.5  -22.5     47   1.48    316      4  330.9  336.3  331.2
  425.0   7120  -13.9  -20.9     55   1.71    335      3  331.1  337.3  331.4
  422.0   7174  -14.3  -17.6     76   2.29    354      1  331.2  339.4  331.7
  421.0   7192  -14.4  -17.8     76   2.26      0      1  331.3  339.4  331.8
  404.0   7505  -16.1  -20.4     70   1.89    190      2  333.0  339.9  333.4
  400.0   7580  -16.5  -21.0     68   1.80    205      1  333.5  340.0  333.8
  393.0   7713  -17.3  -23.3     60   1.50    306      2  334.1  339.6  334.4
  388.0   7809  -18.0  -23.1     64   1.54     20      2  334.4  340.1  334.8
  384.0   7886  -18.5  -23.0     68   1.57     16      2  334.7  340.6  335.1
  373.0   8103  -20.1  -27.1     54   1.12      5      3  335.4  339.6  335.6
  370.0   8163  -20.5  -26.5     59   1.19      7      3  335.6  340.1  335.9
  359.0   8386  -21.1  -29.1     49   0.97     17      4  337.8  341.5  337.9
  344.0   8700  -23.6  -28.1     66   1.10     30      5  338.6  342.8  338.8
  342.0   8743  -23.9  -28.0     69   1.12     21      5  338.7  342.9  338.9
  330.0   9003  -25.4  -32.0     54   0.80    325      5  340.1  343.2  340.3
  324.0   9137  -26.1  -34.1     47   0.66    320      5  340.9  343.5  341.0
  300.0   9690  -30.5  -36.5     56   0.56    300      7  342.3  344.5  342.4
  299.0   9714  -30.7  -36.7     56   0.55    299      7  342.3  344.6  342.4
  279.0  10198  -34.7  -43.4     41   0.30    270     11  343.4  344.6  343.5
  277.0  10249  -35.1  -44.1     39   0.28    270     11  343.5  344.7  343.6
  256.0  10789  -40.1  -48.1     42   0.19    274     13  344.0  344.8  344.0
  250.0  10950  -41.5                         275     13  344.2         344.2
  245.0  11084  -42.6                         270     12  344.6         344.6
  214.0  11981  -50.1                         180      4  346.4         346.4
  204.0  12299  -52.8                          90      4  347.0         347.0
  200.0  12430  -53.9                          90      5  347.2         347.2
  150.0  14210  -68.9                          90     46  351.2         351.2
  138.0  14693  -71.3                          90     53  355.4         355.4
  125.0  15267  -74.2                          85     20  360.4         360.4
  118.0  15601  -75.9                         125     15  363.3         363.3
  107.0  16168  -78.7                         120     27  368.2         368.2
  101.0  16502  -80.4                          90     22  371.1         371.1
  100.0  16560  -80.7                          80     21  371.6         371.6
   97.4  16708  -81.7                          45     14  372.4         372.4
   96.0  16790  -80.6                          10     12  376.1         376.1
   94.6  16873  -79.5                         348     14  379.9         379.9
   91.0  17093  -80.2                         290     19  382.7         382.7
   86.0  17412  -81.2                         250     18  386.9         386.9
   85.5  17445  -81.3                         254     17  387.4         387.4
   82.0  17683  -80.7                         280      7  393.2         393.2
   78.0  17966  -80.0                         310     17  400.3         400.3
   74.0  18265  -79.3                         275     18  407.9         407.9
   70.0  18580  -78.5                         270      8  416.1         416.1
   63.0  19186  -76.5                         345      5  433.3         433.3
   60.0  19466  -75.5                         310      8  441.5         441.5
   59.3  19534  -75.3                         345      7  443.5         443.5
   57.0  19762  -75.5                         105      5  448.0         448.0
   54.0  20075  -75.9                         120      9  454.1         454.1
   51.0  20406  -76.3                         100     10  460.8         460.8
   50.7  20440  -76.3                         104     10  461.5         461.5
   50.0  20520  -75.5                         115      9  465.2         465.2
   48.0  20758  -73.2                         180     11  476.1         476.1
   46.9  20893  -71.9                         156     17  482.4         482.4
   44.7  21181  -65.1                         106     29  505.6         505.6
   44.0  21277  -64.9                          90     33  508.3         508.3
   42.0  21561  -64.5                          75     32  516.3         516.3
   37.6  22237  -63.3                          88     39  535.8         535.8
   35.2  22643  -62.1                          96     44  549.1         549.1
   34.6  22749  -59.9                          98     45  557.6         557.6
   34.0  22858  -60.5                         100     46  558.9         558.9
   32.9  23062  -61.5                          99     50  561.4         561.4
   31.5  23334  -58.1                          97     55  577.6         577.6
   30.0  23640  -58.5                          95     60  584.6         584.6
   26.5  24420  -56.3                          92     65  611.9         611.9
   25.0  24795  -54.8                          90     67  626.5         626.5
   20.4  26101  -49.5                          90     68  680.0         680.0
   20.0  26230  -49.1                          90     68  685.1         685.1
   12.4  29387  -46.2                          90     86  795.5         795.5
   12.0  29604  -46.0                          90     86  803.7         803.7
   11.8  29715  -45.9                                     808.0         808.0
</PRE><H3>Station information and sounding indices</H3><PRE>
                         Station identifier: WAAA
                             Station number: 97180
                           Observation time: 180405/0000
                           Station latitude: -5.06
                          Station longitude: 119.55
                          Station elevation: 14.0
                            Showalter index: -0.50
                               Lifted index: -1.81
    LIFT computed using virtual temperature: -2.07
                                SWEAT index: 205.59
                                    K index: 33.00
                         Cross totals index: 21.00
                      Vertical totals index: 24.70
                        Totals totals index: 45.70
      Convective Available Potential Energy: 123.38
             CAPE using virtual temperature: 164.86
                      Convective Inhibition: -166.37
             CINS using virtual temperature: -73.87
                           Equilibrum Level: 339.07
 Equilibrum Level using virtual temperature: 337.11
                   Level of Free Convection: 554.57
             LFCT using virtual temperature: 763.83
                     Bulk Richardson Number: 30.00
          Bulk Richardson Number using CAPV: 40.09
  Temp [K] of the Lifted Condensation Level: 291.82
Pres [hPa] of the Lifted Condensation Level: 904.87
     Mean mixed layer potential temperature: 300.28
              Mean mixed layer mixing ratio: 15.22
              1000 hPa to 500 hPa thickness: 5772.00
Precipitable water [mm] for entire sounding: 49.96
</PRE>
<P>Description of the 
<A HREF="/upperair/columns.html">data columns</A>
or <A HREF="/upperair/indices.html">sounding indices</A>.

<P>
<FORM>
<INPUT CLASS="button" TYPE="button" VALUE=" Close this window " 
 onClick="window.close();">
<INPUT CLASS="button" TYPE="button" VALUE=" Select another map " 
 onClick="window.blur();">
</FORM>
<HR SIZE="1">
<I>Interested in graduate studies in atmospheric science?
Check out our program at the
<a href="http://www.uwyo.edu/atsc/howtoapply/"
target=_top>University of Wyoming
</a></I>
<HR SIZE="1"><FONT SIZE="-1">
Questions about the weather data provided by this site can be
addressed to <A HREF="mailto:ldoolman@uwyo.edu">
Larry Oolman (ldoolman@uwyo.edu)</A></FONT>
<HR SIZE="1">
<SCRIPT TYPE="text/javascript">
<!--
window.focus();
// -->
</SCRIPT>
</BODY>
</HTML>
