2017-05-10 12
<HTML>
<TITLE>University of Wyoming - Radiosonde Data</TITLE>
<LINK REL="StyleSheet" HREF="/resources/select.css" TYPE="text/css">
<BODY BGCOLOR="white">
<H2>97180 WAAA Ujung Pandang Observations at 00Z 10 May 2017</H2>
<PRE>
-----------------------------------------------------------------------------
   PRES   HGHT   TEMP   DWPT   RELH   MIXR   DRCT   SKNT   THTA   THTE   THTV
    hPa     m      C      C      %    g/kg    deg   knot     K      K      K 
-----------------------------------------------------------------------------
 1010.0     14   25.8   22.4     82  17.21    110      2  298.1  348.3  301.2
 1001.0     87   27.0   22.2     75  17.16    141      2  300.1  350.5  303.1
 1000.0     95   27.2   22.3     75  17.28    145      2  300.4  351.2  303.4
  977.0    301   25.8   20.9     74  16.23    215      3  301.0  348.9  303.9
  945.0    596   23.9   19.0     74  14.82    115      6  301.9  345.8  304.5
  925.0    785   22.6   17.7     74  13.97     95     10  302.4  343.9  304.9
  882.0   1196   19.9   16.1     79  13.23     95      9  303.8  343.3  306.2
  874.0   1275   19.4   15.8     80  13.09     96      9  304.0  343.2  306.4
  851.0   1504   18.8   15.1     79  12.87    100      8  305.8  344.6  308.1
  850.0   1514   18.8   15.1     79  12.86    100      8  305.8  344.6  308.2
  822.0   1799   17.0   13.9     82  12.28     70      6  306.9  344.2  309.2
  761.0   2456   13.0   11.1     88  11.02     59      7  309.4  343.2  311.4
  739.0   2703   12.5    9.1     80   9.89     55      8  311.4  342.1  313.3
  734.0   2760   12.4    8.6     78   9.64     56      8  311.9  341.9  313.7
  713.0   3002   10.7    6.6     76   8.67     60      7  312.6  339.8  314.3
  700.0   3156    9.6    5.4     75   8.10     75      5  313.1  338.5  314.6
  688.0   3298    8.9    4.6     75   7.81     90      4  313.9  338.5  315.4
  664.0   3589    7.5    3.0     73   7.23    355      3  315.5  338.5  316.9
  640.0   3891    6.0    1.4     72   6.67    350      5  317.1  338.6  318.4
  617.0   4192    4.6   -0.2     71   6.15    315      5  318.8  338.8  320.0
  590.0   4559    2.8   -2.2     70   5.55    300      5  320.9  339.1  321.9
  573.0   4794    1.3   -4.7     64   4.73    290      5  321.8  337.5  322.7
  558.0   5008    0.0   -7.0     59   4.08    276      6  322.7  336.4  323.5
  557.0   5022    0.0   -9.0     51   3.49    275      6  322.9  334.7  323.5
  551.0   5109   -0.5   -8.5     55   3.67    269      6  323.3  335.7  324.0
  545.0   5197   -0.7  -10.7     47   3.12    264      6  324.0  334.7  324.7
  541.0   5255   -1.1   -9.1     55   3.57    260      7  324.2  336.4  324.9
  540.0   5270   -1.1   -6.0     69   4.55    259      7  324.4  339.7  325.3
  531.0   5404   -1.8   -7.9     63   4.00    250      7  325.1  338.7  325.9
  516.0   5631   -3.1  -11.1     54   3.19    262      7  326.2  337.2  326.9
  506.0   5786   -4.1  -12.1     54   3.00    270      7  326.9  337.3  327.4
  500.0   5880   -4.7  -11.7     58   3.14    275      7  327.2  338.1  327.9
  492.0   6007   -5.1  -13.1     53   2.85    285      5  328.3  338.2  328.8
  484.0   6136   -5.5  -14.5     49   2.58    281      5  329.3  338.4  329.8
  478.0   6234   -6.1  -19.1     35   1.78    277      4  329.8  336.2  330.1
  474.0   6300   -6.6  -17.1     43   2.12    275      4  329.9  337.5  330.4
  470.0   6366   -7.1  -15.1     53   2.53    265      4  330.1  339.1  330.6
  439.0   6897   -9.8  -21.3     39   1.60    180      6  333.1  339.0  333.5
  434.0   6986  -10.3  -22.3     37   1.48    192      6  333.6  339.1  333.9
  406.0   7496  -14.1  -25.2     38   1.22    265      7  335.2  339.8  335.4
  400.0   7610  -14.9  -25.9     39   1.16    275      8  335.5  339.9  335.8
  395.0   7705  -15.7  -24.7     46   1.31    274      8  335.7  340.6  336.0
  360.0   8392  -20.2  -31.9     35   0.74    265     12  338.7  341.6  338.9
  345.0   8707  -22.2  -35.1     30   0.56    215      5  340.1  342.3  340.2
  332.0   8991  -24.1  -38.1     26   0.43    215      6  341.3  343.0  341.4
  318.0   9301  -26.5  -38.8     30   0.42    215      7  342.2  343.9  342.3
  305.0   9601  -28.8  -39.4     35   0.41    155      4  343.1  344.8  343.1
  300.0   9720  -29.7  -39.7     37   0.41    150      2  343.4  345.1  343.5
  292.0   9908  -31.2  -41.1     37   0.36    235      1  343.9  345.4  343.9
  280.0  10201  -33.6  -43.3     37   0.30    235      4  344.6  345.8  344.6
  257.0  10798  -38.5  -47.7     38   0.20    320      6  345.9  346.7  345.9
  251.0  10963  -39.9  -48.9     38   0.18    329      8  346.2  347.0  346.2
  250.0  10990  -40.3                         330      8  346.0         346.0
  235.0  11400  -43.9                         345     10  346.8         346.8
  225.0  11689  -46.3                           5     12  347.3         347.3
  200.0  12470  -53.1                          25     15  348.5         348.5
  186.0  12932  -57.1                          34     21  349.4         349.4
  170.0  13488  -61.2                          45     29  351.6         351.6
  150.0  14260  -66.9                          55     31  354.6         354.6
  140.0  14670  -70.3                          65     21  355.8         355.8
  133.0  14975  -72.8                          70     14  356.6         356.6
  131.0  15065  -73.5                          62     13  356.8         356.8
  126.0  15287  -74.7                          40     10  358.7         358.7
  120.0  15566  -76.2                         340     13  361.0         361.0
  108.0  16170  -79.4                         285     26  366.0         366.0
  100.0  16610  -81.7                         270     29  369.6         369.6
   92.3  17058  -83.3                         260     21  375.0         375.0
   92.0  17076  -83.2                         255     20  375.6         375.6
   87.0  17389  -81.7                         205     13  384.6         384.6
   85.1  17513  -81.1                         198     13  388.3         388.3
   82.0  17725  -78.0                         185     14  398.8         398.8
   79.4  17909  -75.3                         203     16  408.0         408.0
   71.0  18558  -75.3                         265     22  421.3         421.3
   70.0  18640  -75.3                         270     23  423.0         423.0
   68.3  18782  -75.1                         265     22  426.4         426.4
   64.0  19162  -73.7                         250     21  437.5         437.5
   61.3  19413  -72.7                         265     25  445.1         445.1
   58.0  19742  -68.4                         285     31  461.8         461.8
   57.3  19814  -67.5                         283     31  465.5         465.5
   53.0  20281  -69.3                         273     32  471.9         471.9
   52.0  20395  -68.8                         270     32  475.5         475.5
   50.0  20630  -67.9                         260     21  483.1         483.1
   49.6  20678  -67.9                         264     20  484.2         484.2
   47.7  20915  -63.5                         282     17  500.1         500.1
   45.0  21275  -61.1                         310     11  514.2         514.2
   44.5  21344  -60.7                         307     12  516.9         516.9
   35.0  22822  -64.7                         250     34  543.2         543.2
   33.0  23181  -64.4                         235     24  553.2         553.2
   32.3  23312  -64.3                         207     11  556.9         556.9
   32.0  23369  -64.0                         195      6  559.3         559.3
   31.4  23485  -63.3                         239     10  564.1         564.1
   30.7  23625  -58.9                         291     14  579.6         579.6
   30.0  23770  -58.3                         345     19  585.1         585.1
   28.4  24117  -54.1                         305     23  606.0         606.0
   28.0  24208  -54.4                         295     24  607.6         607.6
   26.1  24655  -55.9                         300     15  615.7         615.7
   26.0  24680  -55.6                         300     14  617.2         617.2
   25.4  24828  -53.7                         202      9  626.8         626.8
   25.0  24930  -54.1                         135      6  628.4         628.4
   24.0  25190  -55.2                         160     20  632.5         632.5
   23.6  25297  -55.7                         150     20  634.2         634.2
   23.0  25462  -54.7                         135     20  641.8         641.8
   22.0  25746  -53.0                          60     29  655.0         655.0
   21.8  25805  -52.7                          60     30  657.7         657.7
   20.0  26360  -52.1                          65     37  675.9         675.9
   19.0  26692  -52.2                          75     37  685.7         685.7
   18.0  27041  -52.3                          85     37  696.1         696.1
   17.5  27224  -52.3                                     701.6         701.6
</PRE><H3>Station information and sounding indices</H3><PRE>
                         Station identifier: WAAA
                             Station number: 97180
                           Observation time: 170510/0000
                           Station latitude: -5.06
                          Station longitude: 119.55
                          Station elevation: 14.0
                            Showalter index: 0.35
                               Lifted index: -1.26
    LIFT computed using virtual temperature: -1.72
                                SWEAT index: 204.20
                                    K index: 34.40
                         Cross totals index: 19.80
                      Vertical totals index: 23.50
                        Totals totals index: 43.30
      Convective Available Potential Energy: 261.19
             CAPE using virtual temperature: 373.79
                      Convective Inhibition: -66.36
             CINS using virtual temperature: -46.03
                           Equilibrum Level: 208.47
 Equilibrum Level using virtual temperature: 208.25
                   Level of Free Convection: 776.53
             LFCT using virtual temperature: 792.56
                     Bulk Richardson Number: 160.31
          Bulk Richardson Number using CAPV: 229.42
  Temp [K] of the Lifted Condensation Level: 293.17
Pres [hPa] of the Lifted Condensation Level: 915.66
     Mean mixed layer potential temperature: 300.66
              Mean mixed layer mixing ratio: 16.41
              1000 hPa to 500 hPa thickness: 5785.00
Precipitable water [mm] for entire sounding: 54.77
</PRE>
<P>Description of the 
<A HREF="/upperair/columns.html">data columns</A>
or <A HREF="/upperair/indices.html">sounding indices</A>.

<P>
<FORM>
<INPUT CLASS="button" TYPE="button" VALUE=" Close this window " 
 onClick="window.close();">
<INPUT CLASS="button" TYPE="button" VALUE=" Select another map " 
 onClick="window.blur();">
</FORM>
<HR SIZE="1">
<I>Interested in graduate studies in atmospheric science?
Check out our program at the
<a href="http://www.uwyo.edu/atsc/howtoapply/"
target=_top>University of Wyoming
</a></I>
<HR SIZE="1"><FONT SIZE="-1">
Questions about the weather data provided by this site can be
addressed to <A HREF="mailto:ldoolman@uwyo.edu">
Larry Oolman (ldoolman@uwyo.edu)</A></FONT>
<HR SIZE="1">
<SCRIPT TYPE="text/javascript">
<!--
window.focus();
// -->
</SCRIPT>
</BODY>
</HTML>
