2018-08-07 00
<HTML>
<TITLE>University of Wyoming - Radiosonde Data</TITLE>
<LINK REL="StyleSheet" HREF="/resources/select.css" TYPE="text/css">
<BODY BGCOLOR="white">
<H2>97180 WAAA Ujung Pandang Observations at 00Z 07 Aug 2018</H2>
<PRE>
-----------------------------------------------------------------------------
   PRES   HGHT   TEMP   DWPT   RELH   MIXR   DRCT   SKNT   THTA   THTE   THTV
    hPa     m      C      C      %    g/kg    deg   knot     K      K      K 
-----------------------------------------------------------------------------
 1010.0     14   24.0   20.5     81  15.28    195      2  296.3  340.5  299.0
 1009.0     23   23.4   19.3     78  14.17    188      2  295.8  336.7  298.3
 1007.0     40   23.6   19.2     76  14.11    174      3  296.2  337.0  298.7
 1003.0     74   24.8   19.8     74  14.72    146      5  297.7  340.6  300.3
 1000.0    100   25.6   19.6     69  14.57    125      6  298.8  341.4  301.4
  980.0    279   25.2   17.2     61  12.76    120      9  300.1  337.7  302.4
  978.0    297   25.4   17.4     61  12.95    120      9  300.4  338.7  302.8
  945.0    599   22.9   15.7     64  11.99    130      7  300.9  336.4  303.0
  936.0    684   22.2   15.2     65  11.74    126      8  301.0  335.8  303.1
  925.0    787   22.0   16.0     69  12.51    120     10  301.8  339.0  304.1
  882.0   1197   20.0   12.8     64  10.67     85     11  303.8  335.9  305.8
  852.0   1495   18.5   10.6     60   9.48     85      7  305.3  334.1  307.1
  850.0   1515   18.4   10.4     60   9.40     85      6  305.4  333.9  307.1
  840.0   1617   18.2    8.2     52   8.18     54      5  306.2  331.3  307.7
  823.0   1791   16.8    8.3     57   8.39      0      3  306.6  332.2  308.1
  767.0   2390   12.0    8.5     79   9.16    324      6  307.6  335.7  309.3
  745.0   2634   11.0    3.0     58   6.41    309      8  309.1  329.1  310.3
  739.0   2701   10.6    4.6     66   7.25    305      8  309.4  331.9  310.7
  720.0   2919   10.0   -5.0     34   3.68    298     10  311.0  322.9  311.7
  709.0   3047   10.2  -18.8     11   1.23    294     11  312.6  316.9  312.8
  700.0   3153    9.4  -26.6      6   0.62    290     12  312.9  315.1  313.0
  679.0   3404    8.0  -13.0     21   2.08    287     10  314.0  321.1  314.4
  663.0   3600    7.5  -24.4      8   0.80    285      8  315.6  318.5  315.8
  660.0   3637    7.4  -26.6      7   0.66    283      8  315.9  318.3  316.0
  639.0   3899    5.9  -25.4      8   0.76    265      6  317.1  319.9  317.3
  615.0   4209    4.1  -24.1     11   0.89    280      7  318.5  321.8  318.7
  593.0   4504    2.4  -22.8     14   1.04    265      6  319.9  323.6  320.1
  571.0   4810    0.6  -21.4     17   1.21    110      2  321.3  325.6  321.5
  564.0   4910    0.0  -21.0     19   1.28    108      3  321.7  326.3  322.0
  544.0   5197   -2.7  -13.7     43   2.45    100      7  321.8  330.3  322.3
  530.0   5403   -3.9  -12.1     53   2.87     95      9  322.8  332.6  323.3
  515.0   5629   -5.3  -10.3     68   3.41     73     11  323.8  335.4  324.4
  510.0   5705   -6.0  -11.0     68   3.25     65     12  323.8  334.9  324.4
  500.0   5860   -7.5  -12.5     67   2.94     70     13  323.8  333.9  324.4
  468.0   6368  -12.1  -14.2     84   2.74     63     16  324.3  333.7  324.8
  458.0   6532  -13.5  -14.4     93   2.75     61     18  324.6  334.1  325.1
  454.0   6598  -14.1  -14.5     96   2.75     60     18  324.6  334.1  325.2
  451.0   6648  -14.5  -14.6     99   2.75     63     18  324.7  334.2  325.3
  446.0   6732  -14.9  -15.0     99   2.69     69     18  325.3  334.6  325.8
  444.0   6766  -15.7  -15.8     99   2.53     71     18  324.7  333.4  325.2
  443.0   6783  -15.7  -15.9     98   2.51     73     18  324.9  333.6  325.4
  441.0   6817  -15.1  -18.8     73   1.98     75     18  326.1  333.0  326.4
  439.0   6851  -13.1  -21.1     51   1.63     77     18  329.0  334.9  329.3
  437.0   6886  -11.7  -22.7     40   1.42     80     18  331.2  336.4  331.5
  434.0   6938  -10.5  -27.5     23   0.93     83     18  333.4  336.9  333.6
  402.0   7522  -12.3  -37.3     10   0.39    122     18  338.4  340.0  338.5
  400.0   7560  -12.9  -37.9     10   0.37    125     18  338.1  339.6  338.2
  388.0   7788  -14.8  -38.9     11   0.34    140     20  338.5  339.9  338.6
  344.0   8689  -22.5  -42.8     14   0.26    120     15  339.9  341.0  340.0
  341.0   8755  -23.1  -43.1     14   0.25    114     16  340.0  341.1  340.1
  317.0   9282  -27.7  -45.3     17   0.21     60     21  340.9  341.8  340.9
  302.0   9633  -30.7  -46.7     19   0.19     56     30  341.3  342.1  341.4
  300.0   9680  -31.3  -47.3     19   0.18     55     31  341.1  341.9  341.2
  284.0  10067  -32.9  -51.9     13   0.11     52     34  344.2  344.7  344.3
  256.0  10787  -39.4  -55.6     16   0.08     45     40  345.0  345.4  345.0
  254.0  10842  -39.9  -55.9     16   0.08     45     39  345.0  345.4  345.1
  250.0  10950  -40.7                          45     38  345.4         345.4
  200.0  12430  -52.9                          45     47  348.8         348.8
  177.0  13190  -59.2                          45     57  350.9         350.9
  150.0  14220  -67.7                          50     75  353.3         353.3
  138.0  14701  -71.0                          45     72  355.9         355.9
  113.0  15855  -79.0                          95     47  361.9         361.9
  100.0  16560  -83.9                         100     38  365.4         365.4
   98.0  16672  -84.9                         105     40  365.6         365.6
   92.5  16998  -77.5                         105     35  386.2         386.2
   91.0  17092  -77.4                         105     33  388.2         388.2
   86.0  17417  -77.1                         100     25  395.2         395.2
   82.0  17695  -74.4                          95     19  406.0         406.0
   79.5  17875  -72.7                          39     12  413.2         413.2
   78.0  17988  -72.2                           5      8  416.4         416.4
   74.0  18300  -71.0                         305      2  425.3         425.3
   70.0  18630  -69.7                         120      4  434.9         434.9
   69.5  18673  -69.7                         117      5  435.8         435.8
   65.8  18996  -71.7                          92     12  438.4         438.4
   64.0  19161  -70.2                          80     15  445.2         445.2
   62.1  19339  -68.5                          86     17  452.7         452.7
   58.0  19749  -68.0                         100     22  462.8         462.8
   52.0  20405  -67.2                          85     28  479.4         479.4
   50.1  20628  -66.9                          94     33  485.1         485.1
   50.0  20640  -66.9                          95     33  485.4         485.4
   46.8  21044  -62.7                          93     40  504.8         504.8
   43.5  21493  -64.3                          90     48  511.5         511.5
   43.0  21564  -63.9                          90     49  514.2         514.2
   37.9  22346  -59.3                          92     53  544.8         544.8
   30.0  23820  -56.5                          95     60  590.0         590.0
   29.7  23884  -56.5                          95     60  591.7         591.7
   29.0  24036  -55.5                          95     59  598.4         598.4
   27.0  24494  -52.6                          90     55  618.9         618.9
   26.9  24517  -52.5                          90     55  619.9         619.9
   24.0  25254  -52.5                          85     48  640.5         640.5
   23.7  25335  -52.5                                     642.8         642.8
</PRE><H3>Station information and sounding indices</H3><PRE>
                         Station identifier: WAAA
                             Station number: 97180
                           Observation time: 180807/0000
                           Station latitude: -5.06
                          Station longitude: 119.55
                          Station elevation: 14.0
                            Showalter index: 2.01
                               Lifted index: -0.02
    LIFT computed using virtual temperature: -0.25
                                SWEAT index: 149.80
                                    K index: 0.30
                         Cross totals index: 17.90
                      Vertical totals index: 25.90
                        Totals totals index: 43.80
      Convective Available Potential Energy: 43.70
             CAPE using virtual temperature: 49.46
                      Convective Inhibition: -402.34
             CINS using virtual temperature: -275.78
                           Equilibrum Level: 439.67
 Equilibrum Level using virtual temperature: 439.49
                   Level of Free Convection: 499.69
             LFCT using virtual temperature: 503.93
                     Bulk Richardson Number: 7.10
          Bulk Richardson Number using CAPV: 8.03
  Temp [K] of the Lifted Condensation Level: 289.41
Pres [hPa] of the Lifted Condensation Level: 886.87
     Mean mixed layer potential temperature: 299.53
              Mean mixed layer mixing ratio: 13.32
              1000 hPa to 500 hPa thickness: 5760.00
Precipitable water [mm] for entire sounding: 35.96
</PRE>
<P>Description of the 
<A HREF="/upperair/columns.html">data columns</A>
or <A HREF="/upperair/indices.html">sounding indices</A>.

<P>
<FORM>
<INPUT CLASS="button" TYPE="button" VALUE=" Close this window " 
 onClick="window.close();">
<INPUT CLASS="button" TYPE="button" VALUE=" Select another map " 
 onClick="window.blur();">
</FORM>
<HR SIZE="1">
<I>Interested in graduate studies in atmospheric science?
Check out our program at the
<a href="http://www.uwyo.edu/atsc/howtoapply/"
target=_top>University of Wyoming
</a></I>
<HR SIZE="1"><FONT SIZE="-1">
Questions about the weather data provided by this site can be
addressed to <A HREF="mailto:ldoolman@uwyo.edu">
Larry Oolman (ldoolman@uwyo.edu)</A></FONT>
<HR SIZE="1">
<SCRIPT TYPE="text/javascript">
<!--
window.focus();
// -->
</SCRIPT>
</BODY>
</HTML>
