2018-05-29 12
<HTML>
<TITLE>University of Wyoming - Radiosonde Data</TITLE>
<LINK REL="StyleSheet" HREF="/resources/select.css" TYPE="text/css">
<BODY BGCOLOR="white">
<H2>97180 WAAA Ujung Pandang Observations at 00Z 29 May 2018</H2>
<PRE>
-----------------------------------------------------------------------------
   PRES   HGHT   TEMP   DWPT   RELH   MIXR   DRCT   SKNT   THTA   THTE   THTV
    hPa     m      C      C      %    g/kg    deg   knot     K      K      K 
-----------------------------------------------------------------------------
 1009.0     14   26.0   24.1     89  19.15      0      0  298.4  354.3  301.8
 1000.0     87   25.8   21.2     76  16.13    145      4  298.9  346.1  301.8
  992.0    158   25.8   19.8     69  14.88    130      3  299.6  343.3  302.3
  976.0    302   25.1   19.3     71  14.69    100      2  300.3  343.5  302.9
  944.0    596   23.5   18.4     73  14.30    105      3  301.6  344.0  304.2
  925.0    775   22.6   17.8     74  14.06     75      3  302.4  344.2  305.0
  912.0    897   21.8   17.2     75  13.73     70      3  302.8  343.7  305.3
  865.0   1354   18.8   15.0     79  12.55     62      4  304.3  341.9  306.6
  850.0   1504   18.8   13.8     73  11.80     60      4  305.8  341.5  308.0
  821.0   1801   16.9   11.9     72  10.78    100      4  306.9  339.6  308.9
  787.0   2163   14.6    9.6     72   9.62     97      6  308.1  337.6  309.9
  777.0   2272   14.8    5.8     55   7.50     96      7  309.5  332.8  310.9
  765.0   2404   14.6    7.3     62   8.44     95      8  310.6  336.9  312.2
  756.0   2505   14.4    8.4     67   9.23     95      7  311.5  340.2  313.2
  739.0   2696   13.2    6.9     65   8.52     95      4  312.2  338.9  313.9
  713.0   2998   11.4    4.5     63   7.49    145      5  313.5  337.1  314.9
  707.0   3070   11.0    4.0     62   7.26    136      5  313.7  336.7  315.1
  700.0   3153   10.6    3.6     62   7.13    125      6  314.2  336.8  315.5
  663.0   3603    6.8    3.7     80   7.58    105      6  314.9  338.9  316.3
  659.0   3653    6.4    3.7     83   7.63    112      6  314.9  339.1  316.4
  657.0   3678    7.2    0.2     61   5.95    115      6  316.1  335.2  317.2
  639.0   3907    6.9   -8.3     33   3.21    145      7  318.3  329.0  318.9
  633.0   3985    6.8  -11.2     26   2.58    147      7  319.0  327.8  319.5
  605.0   4354    3.8  -15.2     24   1.95    158      7  319.7  326.4  320.1
  583.0   4655    3.2  -22.8     13   1.06    166      7  322.4  326.2  322.6
  573.0   4794    2.2  -19.7     18   1.41    170      7  322.8  327.8  323.1
  552.0   5095    0.0  -13.0     37   2.56    155      6  323.7  332.5  324.2
  531.0   5404   -2.7   -9.7     58   3.46    140      4  324.1  335.8  324.7
  522.0   5540   -3.9   -8.3     71   3.94    126      5  324.2  337.5  325.0
  516.0   5631   -4.9   -7.8     80   4.14    116      6  324.1  338.1  324.9
  514.0   5662   -4.7   -7.7     80   4.19    113      6  324.7  338.8  325.5
  512.0   5693   -4.4   -8.0     76   4.11    110      6  325.4  339.3  326.2
  508.0   5755   -3.9   -8.6     70   3.95    115      7  326.7  340.2  327.5
  500.0   5880   -4.5  -10.5     63   3.46    125      8  327.5  339.4  328.2
  488.0   6072   -5.5  -12.5     58   3.02    132      8  328.5  339.1  329.1
  474.0   6299   -7.0  -14.9     53   2.55    140      9  329.5  338.5  330.0
  458.0   6568   -8.7  -17.7     48   2.09    127      9  330.6  338.0  331.0
  447.0   6757   -9.9  -14.9     67   2.71    117      9  331.4  340.9  331.9
  406.0   7496  -13.3  -18.2     67   2.25     80      8  336.1  344.4  336.6
  404.0   7534  -13.5  -18.4     67   2.23     80      8  336.4  344.5  336.9
  400.0   7610  -13.3  -20.3     56   1.92     80      7  337.6  344.7  338.0
  396.0   7686  -13.3  -22.3     47   1.62     85      7  338.6  344.7  338.9
  375.0   8098  -16.1  -29.9     29   0.86    110      6  340.2  343.6  340.4
  366.0   8281  -17.3  -33.3     24   0.63    110      6  341.0  343.5  341.1
  360.0   8404  -18.0  -35.3     20   0.53    110      6  341.7  343.8  341.8
  340.0   8829  -20.3  -42.3     12   0.27     85      6  344.1  345.3  344.2
  332.0   9002  -21.8  -40.6     17   0.33     75      6  344.4  345.8  344.5
  319.0   9293  -24.4  -37.8     28   0.47     75      3  344.8  346.7  344.9
  306.0   9597  -27.1  -34.8     48   0.65     20      7  345.2  347.8  345.3
  302.0   9692  -27.9  -33.9     56   0.72     37      8  345.3  348.2  345.4
  300.0   9740  -28.1  -33.1     62   0.79     45      9  345.7  348.8  345.8
  293.0   9906  -29.5  -34.5     62   0.71     60     11  346.1  348.9  346.2
  270.0  10480  -34.2  -39.2     60   0.47     75     12  347.3  349.3  347.4
  250.0  11020  -38.7  -43.7     59   0.32     60     16  348.4  349.7  348.5
  243.0  11214  -40.1  -47.1     47   0.23     59     15  349.1  350.1  349.2
  226.0  11697  -44.3                          55     11  350.1         350.1
  216.0  11998  -46.9                          65     11  350.6         350.6
  200.0  12510  -51.3                          10     13  351.4         351.4
  197.0  12605  -52.1                           5     14  351.6         351.6
  188.0  12899  -54.6                         355     15  352.3         352.3
  155.0  14114  -64.9                           0     15  354.7         354.7
  150.0  14320  -66.7                           0     15  355.0         355.0
  148.0  14397  -67.4                           5     16  355.2         355.2
  127.0  15272  -74.9                          30     10  357.5         357.5
  121.0  15549  -77.3                          50     10  358.1         358.1
  103.0  16471  -85.2                          30     25  359.7         359.7
  100.0  16640  -86.7                          30     26  360.0         360.0
   95.6  16886  -87.9                          30     28  362.3         362.3
   93.7  16996  -87.5                          30     21  365.2         365.2
   92.1  17091  -82.3                          30     14  377.2         377.2
   92.0  17097  -82.2                          30     14  377.5         377.5
   87.9  17356  -78.3                         280     16  390.3         390.3
   87.0  17414  -78.6                         255     16  390.8         390.8
   82.2  17738  -80.5                         243     21  393.4         393.4
   79.0  17966  -79.3                         235     25  400.4         400.4
   71.0  18579  -75.9                         260     17  419.9         419.9
   70.0  18660  -75.5                         255     14  422.5         422.5
   67.6  18862  -76.1                         227     11  425.5         425.5
   67.0  18915  -75.6                         220     10  427.6         427.6
   64.0  19183  -73.1                          85      6  438.8         438.8
   63.1  19265  -72.3                          63      8  442.3         442.3
   61.0  19465  -72.9                          10     14  445.2         445.2
   59.2  19641  -73.5                          10     14  447.8         447.8
   58.0  19763  -71.4                          10     14  455.1         455.1
   56.4  19929  -68.5                          52     13  465.4         465.4
   55.0  20080  -69.0                          90     12  467.6         467.6
   52.0  20416  -70.0                         115     15  472.7         472.7
   51.3  20497  -70.3                         113     17  473.9         473.9
   50.0  20650  -70.5                         110     22  476.9         476.9
   43.0  21564  -64.4                          85     40  512.8         512.8
   38.4  22249  -59.9                          90     44  541.2         541.2
   34.5  22913  -60.7                          94     47  555.9         555.9
   30.0  23790  -55.1                         100     52  593.8         593.8
   29.0  24009  -54.1                         100     54  602.5         602.5
   23.9  25260  -48.1                          91     52  654.0         654.0
   21.0  26110  -48.1                          85     51  678.6         678.6
   20.0  26430  -48.1                          90     54  688.2         688.2
   17.1  27467  -46.1                          95     60  726.1         726.1
   17.0  27505  -46.1                          95     60  727.1         727.1
   16.8  27584  -46.2                          95     60  729.3         729.3
   14.2  28697  -47.7                         104     28  760.3         760.3
   14.0  28792  -47.4                         105     25  764.5         764.5
   13.0  29284  -45.6                         130     14  786.9         786.9
   12.4  29598  -44.5                                     801.5         801.5
</PRE><H3>Station information and sounding indices</H3><PRE>
                         Station identifier: WAAA
                             Station number: 97180
                           Observation time: 180529/0000
                           Station latitude: -5.06
                          Station longitude: 119.55
                          Station elevation: 14.0
                            Showalter index: 1.78
                               Lifted index: 0.53
    LIFT computed using virtual temperature: 0.24
                                SWEAT index: 181.61
                                    K index: 30.10
                         Cross totals index: 18.30
                      Vertical totals index: 23.30
                        Totals totals index: 41.60
      Convective Available Potential Energy: 8.23
             CAPE using virtual temperature: 17.54
                      Convective Inhibition: -195.21
             CINS using virtual temperature: -153.16
                           Equilibrum Level: 510.02
 Equilibrum Level using virtual temperature: 508.92
                   Level of Free Convection: 662.98
             LFCT using virtual temperature: 671.09
                     Bulk Richardson Number: 18.03
          Bulk Richardson Number using CAPV: 38.45
  Temp [K] of the Lifted Condensation Level: 291.87
Pres [hPa] of the Lifted Condensation Level: 908.61
     Mean mixed layer potential temperature: 299.99
              Mean mixed layer mixing ratio: 15.25
              1000 hPa to 500 hPa thickness: 5793.00
Precipitable water [mm] for entire sounding: 48.20
</PRE>
<P>Description of the 
<A HREF="/upperair/columns.html">data columns</A>
or <A HREF="/upperair/indices.html">sounding indices</A>.

<P>
<FORM>
<INPUT CLASS="button" TYPE="button" VALUE=" Close this window " 
 onClick="window.close();">
<INPUT CLASS="button" TYPE="button" VALUE=" Select another map " 
 onClick="window.blur();">
</FORM>
<HR SIZE="1">
<I>Interested in graduate studies in atmospheric science?
Check out our program at the
<a href="http://www.uwyo.edu/atsc/howtoapply/"
target=_top>University of Wyoming
</a></I>
<HR SIZE="1"><FONT SIZE="-1">
Questions about the weather data provided by this site can be
addressed to <A HREF="mailto:ldoolman@uwyo.edu">
Larry Oolman (ldoolman@uwyo.edu)</A></FONT>
<HR SIZE="1">
<SCRIPT TYPE="text/javascript">
<!--
window.focus();
// -->
</SCRIPT>
</BODY>
</HTML>
