2016-02-18 12
<HTML>
<TITLE>University of Wyoming - Radiosonde Data</TITLE>
<LINK REL="StyleSheet" HREF="/resources/select.css" TYPE="text/css">
<BODY BGCOLOR="white">
<H2>97180 WAAA Ujung Pandang Observations at 00Z 18 Feb 2016</H2>
<PRE>
-----------------------------------------------------------------------------
   PRES   HGHT   TEMP   DWPT   RELH   MIXR   DRCT   SKNT   THTA   THTE   THTV
    hPa     m      C      C      %    g/kg    deg   knot     K      K      K 
-----------------------------------------------------------------------------
 1012.0     14   24.8   23.4     92  18.28      0      0  296.9  350.0  300.2
 1001.0    105   27.0   23.0     79  18.04    351      2  300.1  353.1  303.3
 1000.0    113   27.0   23.1     79  18.17    350      2  300.1  353.6  303.4
  979.0    300   25.8   22.1     80  17.43    350      4  300.7  352.1  303.9
  947.0    593   23.8   20.5     82  16.33    315      8  301.6  349.9  304.5
  925.0    800   22.4   19.4     83  15.58    310      8  302.2  348.4  305.0
  915.0    894   21.8   19.0     84  15.36    305      8  302.5  348.1  305.3
  853.0   1502   17.6   16.4     93  13.98    260      4  304.3  346.1  306.8
  850.0   1532   17.4   16.3     93  13.91    265      4  304.4  346.0  306.9
  824.0   1797   16.0   14.4     91  12.72    265      4  305.6  343.9  307.9
  795.0   2102   14.4   12.3     88  11.45    230      6  307.0  341.8  309.1
  792.0   2135   14.2   12.1     87  11.32    229      6  307.1  341.6  309.2
  768.0   2393   13.0    9.0     77   9.49    220      4  308.5  337.7  310.3
  741.0   2694   11.5    5.5     66   7.69    185      2  310.1  334.1  311.6
  717.0   2971   10.2    2.2     58   6.29    198      4  311.6  331.5  312.8
  714.0   3005   10.0    2.3     59   6.39    200      4  311.8  331.9  312.9
  700.0   3170    9.0    3.0     66   6.83    195      4  312.4  334.0  313.7
  684.0   3362    8.0    1.0     61   6.05    195      5  313.4  332.6  314.5
  667.0   3570    8.0   -4.0     42   4.29    195      6  315.6  329.6  316.5
  665.0   3594    7.9   -3.9     43   4.35    195      6  315.8  330.0  316.6
  637.0   3949    6.2   -1.8     57   5.29    204     10  317.8  335.0  318.8
  618.0   4197    5.1   -6.6     42   3.78    210     12  319.3  331.9  320.0
  612.0   4276    4.8   -8.2     38   3.38    211     11  319.8  331.2  320.5
  596.0   4492    3.4   -5.2     53   4.39    215      8  320.6  335.2  321.4
  594.0   4519    3.2   -4.8     56   4.53    218      8  320.7  335.7  321.6
  587.0   4616    2.8   -9.2     41   3.26    227      8  321.3  332.4  321.9
  575.0   4783    2.2   -8.8     44   3.44    244      8  322.5  334.2  323.2
  574.0   4797    2.2  -10.2     39   3.09    245      8  322.7  333.3  323.3
  570.0   4853    2.4  -15.6     25   2.00    242      8  323.6  330.6  323.9
  555.0   5068    0.8   -8.2     51   3.73    231      6  324.1  336.8  324.9
  553.0   5097    0.6  -10.8     42   3.06    230      6  324.3  334.8  324.9
  550.0   5141    0.4  -14.6     31   2.25    231      6  324.5  332.4  324.9
  546.0   5200    0.0   -7.0     59   4.17    232      7  324.7  338.8  325.5
  542.0   5259   -0.3   -4.4     74   5.12    233      7  325.0  342.2  326.0
  541.0   5274    0.0  -14.0     34   2.41    233      7  325.6  334.0  326.0
  540.0   5288    0.0  -16.0     29   2.04    233      7  325.7  332.9  326.1
  535.0   5363   -0.5  -11.5     43   2.98    234      8  326.0  336.3  326.6
  533.0   5393   -0.7  -17.7     26   1.80    235      8  326.1  332.5  326.5
  532.0   5408   -0.8  -17.7     27   1.80    235      8  326.1  332.6  326.5
  519.0   5605   -2.3  -17.3     31   1.91    221      7  326.7  333.4  327.1
  513.0   5697   -3.0  -20.2     25   1.51    215      6  326.9  332.4  327.2
  500.0   5900   -4.5  -26.5     16   0.88    240      4  327.5  330.8  327.7
  494.0   5995   -5.1  -24.1     21   1.11    248      4  327.9  332.0  328.1
  490.0   6058   -5.3  -26.3     17   0.92    254      5  328.4  331.8  328.6
  487.0   6106   -5.5  -11.5     63   3.28    258      5  328.7  340.1  329.4
  475.0   6301   -6.5  -13.9     56   2.77    275      6  329.9  339.6  330.4
  470.0   6383   -6.9  -14.9     53   2.57    280      7  330.4  339.5  330.9
  459.0   6567   -7.5  -16.5     49   2.31    291      9  331.8  340.1  332.3
  433.0   7017  -10.5  -18.5     52   2.06    319     14  333.6  341.1  334.0
  423.0   7195  -11.9  -19.4     53   1.95    330     16  334.1  341.2  334.5
  410.0   7433  -13.7  -20.7     56   1.80    324     18  334.7  341.3  335.1
  400.0   7620  -14.9  -22.9     51   1.52    320     19  335.5  341.2  335.9
  395.0   7715  -15.5  -22.5     55   1.60    319     19  336.0  341.9  336.3
  383.0   7948  -16.9  -26.9     42   1.11    317     18  337.1  341.3  337.3
  379.0   8027  -17.7  -22.7     65   1.64    316     17  337.1  343.1  337.4
  375.0   8105  -18.2  -23.3     64   1.57    315     17  337.4  343.2  337.7
  346.0   8695  -22.3  -28.1     59   1.10    340     14  339.7  343.9  339.9
  306.0   9595  -28.5  -35.3     52   0.62    295      4  343.1  345.6  343.3
  300.0   9740  -29.5  -36.5     51   0.56    280      4  343.7  346.0  343.8
  281.0  10199  -33.2  -41.3     44   0.37    245      8  344.9  346.4  344.9
  269.0  10505  -35.7  -44.5     40   0.27    260      8  345.6  346.7  345.6
  266.0  10584  -36.3  -45.3     39   0.25    275      7  345.8  346.9  345.8
  259.0  10768  -37.7  -49.7     27   0.16    309      6  346.4  347.1  346.4
  250.0  11010  -40.1  -51.1     30   0.14    355      4  346.3  346.9  346.3
  247.0  11090  -40.8                           5      4  346.5         346.5
  226.0  11679  -45.8                          50     10  347.7         347.7
  200.0  12490  -52.7                          65     14  349.1         349.1
  188.0  12877  -55.8                          70     19  350.3         350.3
  179.0  13184  -58.3                          65     19  351.2         351.2
  163.0  13770  -63.1                         100     14  352.7         352.7
  150.0  14290  -67.3                          80     25  354.0         354.0
  140.0  14694  -70.5                          75     35  355.4         355.4
  126.0  15310  -75.4                          75     45  357.4         357.4
  120.0  15596  -77.7                          70     43  358.2         358.2
  114.0  15890  -76.8                          50     19  365.1         365.1
  108.0  16199  -75.9                         310      8  372.6         372.6
  107.0  16253  -75.7                         303     11  373.9         373.9
  103.0  16471  -76.9                         275     23  375.6         375.6
  100.0  16640  -77.9                         275     27  377.0         377.0
   87.0  17424  -81.8                         250     27  384.5         384.5
   80.6  17854  -83.9                         215     14  388.6         388.6
   79.0  17966  -83.1                         215      8  392.5         392.5
   74.1  18324  -80.5                         239     12  405.2         405.2
   74.0  18332  -80.4                         240     12  405.7         405.7
   71.0  18569  -75.9                         240     19  419.9         419.9
   70.2  18633  -74.7                         244     19  423.9         423.9
   70.0  18650  -74.7                         245     19  424.2         424.2
   64.0  19179  -72.8                         330     16  439.5         439.5
   61.0  19462  -71.7                         330     16  447.9         447.9
   55.0  20073  -69.5                         270     25  466.5         466.5
   53.6  20225  -68.9                         267     24  471.3         471.3
   50.0  20640  -69.5                         260     23  479.3         479.3
   45.0  21271  -68.5                         205     12  496.4         496.4
   43.0  21547  -66.5                          30      8  507.7         507.7
   41.0  21837  -64.5                         335      6  519.8         519.8
   40.1  21972  -63.5                         331      7  525.5         525.5
   39.0  22142  -64.4                         325      8  527.5         527.5
   37.0  22463  -66.1                         280      6  531.1         531.1
   36.3  22579  -66.7                         260      6  532.4         532.4
   35.0  22799  -67.1                         215     12  537.1         537.1
   33.0  23155  -67.7                         190     16  544.6         544.6
   30.9  23551  -68.3                         118     17  553.2         553.2
   30.0  23730  -65.7                          85     17  565.0         565.0
   27.0  24389  -58.3                         355     14  603.0         603.0
   26.0  24625  -55.7                         330     17  617.0         617.0
   25.5  24746  -54.3                         332     17  624.3         624.3
   23.0  25410  -53.8                         345     16  644.5         644.5
   22.0  25696  -53.6                           5      6  653.4         653.4
   21.0  25996  -53.3                          75      8  662.8         662.8
   20.0  26310  -53.1                          80     10  672.9         672.9
   19.0  26641  -53.0                          70     12  683.2         683.2
   18.5  26812  -52.9                                     688.7         688.7
</PRE><H3>Station information and sounding indices</H3><PRE>
                         Station identifier: WAAA
                             Station number: 97180
                           Observation time: 160218/0000
                           Station latitude: -5.06
                          Station longitude: 119.55
                          Station elevation: 14.0
                            Showalter index: 0.02
                               Lifted index: -2.11
    LIFT computed using virtual temperature: -3.02
                                SWEAT index: 207.60
                                    K index: 32.20
                         Cross totals index: 20.80
                      Vertical totals index: 21.90
                        Totals totals index: 42.70
      Convective Available Potential Energy: 771.13
             CAPE using virtual temperature: 953.67
                      Convective Inhibition: -23.80
             CINS using virtual temperature: -17.27
                           Equilibrum Level: 175.34
 Equilibrum Level using virtual temperature: 175.19
                   Level of Free Convection: 874.47
             LFCT using virtual temperature: 885.47
                     Bulk Richardson Number: 178.75
          Bulk Richardson Number using CAPV: 221.07
  Temp [K] of the Lifted Condensation Level: 294.59
Pres [hPa] of the Lifted Condensation Level: 935.18
     Mean mixed layer potential temperature: 300.30
              Mean mixed layer mixing ratio: 17.55
              1000 hPa to 500 hPa thickness: 5787.00
Precipitable water [mm] for entire sounding: 52.81
</PRE>
<P>Description of the 
<A HREF="/upperair/columns.html">data columns</A>
or <A HREF="/upperair/indices.html">sounding indices</A>.

<P>
<FORM>
<INPUT CLASS="button" TYPE="button" VALUE=" Close this window " 
 onClick="window.close();">
<INPUT CLASS="button" TYPE="button" VALUE=" Select another map " 
 onClick="window.blur();">
</FORM>
<HR SIZE="1">
<I>Interested in graduate studies in atmospheric science?
Check out our program at the
<a href="http://www.uwyo.edu/atsc/howtoapply/"
target=_top>University of Wyoming
</a></I>
<HR SIZE="1"><FONT SIZE="-1">
Questions about the weather data provided by this site can be
addressed to <A HREF="mailto:ldoolman@uwyo.edu">
Larry Oolman (ldoolman@uwyo.edu)</A></FONT>
<HR SIZE="1">
<SCRIPT TYPE="text/javascript">
<!--
window.focus();
// -->
</SCRIPT>
</BODY>
</HTML>
