2017-12-11 00
<HTML>
<TITLE>University of Wyoming - Radiosonde Data</TITLE>
<LINK REL="StyleSheet" HREF="/resources/select.css" TYPE="text/css">
<BODY BGCOLOR="white">
<H2>97180 WAAA Ujung Pandang Observations at 00Z 11 Dec 2017</H2>
<PRE>
-----------------------------------------------------------------------------
   PRES   HGHT   TEMP   DWPT   RELH   MIXR   DRCT   SKNT   THTA   THTE   THTV
    hPa     m      C      C      %    g/kg    deg   knot     K      K      K 
-----------------------------------------------------------------------------
 1011.0     14   24.6   24.0     96  19.00      0      0  296.8  351.9  300.2
 1010.0     22   25.2   21.7     81  16.48      5      0  297.5  345.4  300.4
 1000.0    103   25.2   21.6     80  16.54     55      2  298.4  346.6  301.3
  978.0    299   24.3   20.7     80  15.97    325      3  299.4  346.2  302.2
  945.0    602   23.0   19.3     79  15.13    335      4  301.0  345.7  303.7
  925.0    791   22.2   18.4     79  14.62    310      1  302.0  345.4  304.6
  913.0    903   21.5   18.0     81  14.47      0      1  302.4  345.4  305.1
  882.0   1200   19.7   17.1     85  14.10    340      3  303.6  345.6  306.1
  857.0   1447   18.2   16.3     89  13.79    340      5  304.5  345.8  307.0
  850.0   1517   18.0   15.9     88  13.55    340      6  305.0  345.7  307.5
  795.0   2088   15.6   12.4     81  11.54    345      7  308.4  343.6  310.5
  740.0   2699   13.1    8.7     75   9.65    285      3  312.0  342.0  313.8
  717.0   2968   12.0    7.1     72   8.90      0      3  313.6  341.6  315.3
  714.0   3004   11.7    7.0     73   8.87     10      3  313.6  341.5  315.3
  700.0   3170   10.4    6.5     77   8.75     50      5  314.0  341.5  315.6
  689.0   3300    9.6    5.7     76   8.41     55      4  314.6  341.1  316.1
  665.0   3591    8.0    4.0     76   7.70     45      3  315.9  340.4  317.3
  641.0   3892    6.2    2.1     75   7.01     75      5  317.2  339.7  318.5
  595.0   4502    2.6   -1.6     74   5.77     70      9  319.9  338.8  321.0
  574.0   4797    0.9   -3.3     73   5.24     85     12  321.2  338.5  322.2
  563.0   4956    0.0   -4.3     73   4.97     80     12  321.9  338.4  322.8
  554.0   5085   -0.7   -4.3     77   5.05     75     12  322.5  339.3  323.5
  553.0   5099   -0.8   -4.6     75   4.93     75     12  322.6  339.0  323.6
  531.0   5424   -2.1  -12.1     46   2.86     94     14  324.8  334.7  325.4
  513.0   5697   -3.7  -14.6     43   2.41    110     16  326.0  334.5  326.5
  511.0   5728   -3.9  -14.9     42   2.37    108     16  326.2  334.5  326.6
  501.0   5884   -5.1  -13.1     53   2.80    101     15  326.6  336.3  327.1
  500.0   5900   -5.3  -12.3     58   2.99    100     15  326.5  336.9  327.1
  499.0   5916   -5.5  -11.5     63   3.20     99     15  326.5  337.5  327.1
  496.0   5963   -5.7   -8.4     81   4.11     98     15  326.8  340.8  327.6
  484.0   6155   -6.3  -13.3     58   2.85     90     13  328.3  338.3  328.9
  476.0   6285   -6.9  -10.7     74   3.57     86     12  329.2  341.5  329.9
  475.0   6301   -7.0  -10.8     74   3.55     85     12  329.2  341.5  329.9
  450.0   6721   -9.9  -13.9     73   2.92     85     14  330.7  341.0  331.3
  447.0   6772  -10.1  -16.1     61   2.45     85     14  331.1  339.8  331.6
  440.0   6894  -10.9  -15.9     67   2.53     85     14  331.6  340.6  332.1
  433.0   7017  -11.3  -21.3     43   1.62     85     15  332.6  338.5  332.9
  424.0   7178  -12.5  -27.5     27   0.95     85     15  333.1  336.6  333.2
  404.0   7545  -14.5  -27.5     32   1.00     85     17  335.1  338.9  335.3
  400.0   7620  -15.1  -26.1     39   1.14     85     17  335.3  339.6  335.5
  398.0   7658  -14.9  -32.9     20   0.61     85     17  336.0  338.4  336.1
  392.0   7772  -15.9  -30.9     26   0.75     85     16  336.2  339.1  336.3
  388.0   7849  -16.7  -25.7     46   1.22     85     15  336.1  340.7  336.4
  381.0   7986  -17.9  -22.3     68   1.69     85     14  336.3  342.5  336.6
  360.0   8406  -20.5  -23.6     76   1.59     85     11  338.3  344.3  338.7
  355.0   8510  -21.1  -23.9     78   1.57     90     10  338.8  344.7  339.2
  332.0   9000  -24.4  -30.9     55   0.88    115      7  340.8  344.2  341.0
  329.0   9067  -24.9  -31.9     52   0.81    121      7  341.1  344.2  341.2
  318.0   9313  -26.9  -31.5     65   0.87    145      7  341.6  345.0  341.8
  305.0   9612  -28.9  -32.4     72   0.83    175      7  342.9  346.2  343.1
  300.0   9730  -29.7  -32.8     74   0.81    185      7  343.4  346.6  343.6
  269.0  10496  -35.5  -38.1     77   0.53    210      6  345.8  348.0  345.9
  257.0  10810  -38.1  -41.2     73   0.40    220      5  346.5  348.2  346.6
  250.0  11000  -39.7  -43.1     70   0.34    240      4  346.9  348.3  347.0
  249.0  11027  -39.9  -43.0     72   0.35    241      4  347.0  348.4  347.1
  236.0  11383  -42.9                         255      4  347.8         347.8
  225.0  11699  -45.6                         255      3  348.4         348.4
  200.0  12480  -52.3                         115      4  349.8         349.8
  196.0  12606  -53.4                          75      4  350.0         350.0
  187.0  12898  -56.0                          40      6  350.5         350.5
  170.0  13491  -61.3                          45      8  351.4         351.4
  154.0  14106  -66.8                          80     17  352.1         352.1
  150.0  14270  -68.3                          80     19  352.2         352.2
  126.0  15273  -76.1                          90     29  356.1         356.1
  107.0  16213  -83.5                          85     41  359.2         359.2
  106.0  16267  -83.9                          90     40  359.4         359.4
  100.0  16590  -81.9                         100     40  369.2         369.2
   97.0  16761  -82.6                          95     42  371.1         371.1
   92.7  17015  -83.7                          78     31  373.8         373.8
   87.4  17346  -81.3                          57     16  384.9         384.9
   87.0  17372  -81.4                          55     15  385.2         385.2
   82.0  17705  -82.7                          90      6  389.1         389.1
   81.3  17753  -82.9                          75      5  389.7         389.7
   79.2  17900  -82.9                          27      3  392.6         392.6
   78.0  17987  -81.2                           0      1  397.8         397.8
   74.4  18257  -76.1                         248     10  414.0         414.0
   74.0  18288  -76.2                         235     11  414.5         414.5
   70.0  18610  -76.9                         195     16  419.6         419.6
   68.5  18735  -77.5                         190     16  420.9         420.9
   67.0  18862  -77.3                         185     16  423.9         423.9
   63.0  19217  -76.8                         200      4  432.6         432.6
   60.0  19499  -76.4                         315      6  439.5         439.5
   57.8  19714  -76.1                         337      8  444.9         444.9
   57.0  19796  -75.8                         345      9  447.4         447.4
   54.0  20111  -74.6                          30      5  457.1         457.1
   51.0  20444  -73.3                          70      6  467.6         467.6
   50.0  20560  -72.9                          70      8  471.3         471.3
   46.2  21031  -65.9                          86     13  498.9         498.9
   42.0  21609  -65.7                         105     19  513.2         513.2
   39.1  22043  -65.5                         101     27  524.3         524.3
   34.7  22770  -63.9                          96     40  546.7         546.7
   31.0  23467  -60.3                          90     53  574.2         574.2
   30.0  23670  -59.3                          90     55  582.4         582.4
   26.0  24583  -53.2                          90     59  624.1         624.1
   25.9  24607  -53.0                          90     59  625.3         625.3
   24.9  24858  -51.3                                     637.2         637.2
</PRE><H3>Station information and sounding indices</H3><PRE>
                         Station identifier: WAAA
                             Station number: 97180
                           Observation time: 171211/0000
                           Station latitude: -5.06
                          Station longitude: 119.55
                          Station elevation: 14.0
                            Showalter index: -0.66
                               Lifted index: -0.84
    LIFT computed using virtual temperature: -1.25
                                SWEAT index: 217.80
                                    K index: 35.30
                         Cross totals index: 21.20
                      Vertical totals index: 23.30
                        Totals totals index: 44.50
      Convective Available Potential Energy: 55.32
             CAPE using virtual temperature: 108.48
                      Convective Inhibition: -161.45
             CINS using virtual temperature: -130.84
                           Equilibrum Level: 358.17
 Equilibrum Level using virtual temperature: 355.53
                   Level of Free Convection: 620.41
             LFCT using virtual temperature: 649.89
                     Bulk Richardson Number: 37.47
          Bulk Richardson Number using CAPV: 73.48
  Temp [K] of the Lifted Condensation Level: 293.15
Pres [hPa] of the Lifted Condensation Level: 932.02
     Mean mixed layer potential temperature: 299.13
              Mean mixed layer mixing ratio: 16.08
              1000 hPa to 500 hPa thickness: 5797.00
Precipitable water [mm] for entire sounding: 56.94
</PRE>
<P>Description of the 
<A HREF="/upperair/columns.html">data columns</A>
or <A HREF="/upperair/indices.html">sounding indices</A>.

<P>
<FORM>
<INPUT CLASS="button" TYPE="button" VALUE=" Close this window " 
 onClick="window.close();">
<INPUT CLASS="button" TYPE="button" VALUE=" Select another map " 
 onClick="window.blur();">
</FORM>
<HR SIZE="1">
<I>Interested in graduate studies in atmospheric science?
Check out our program at the
<a href="http://www.uwyo.edu/atsc/howtoapply/"
target=_top>University of Wyoming
</a></I>
<HR SIZE="1"><FONT SIZE="-1">
Questions about the weather data provided by this site can be
addressed to <A HREF="mailto:ldoolman@uwyo.edu">
Larry Oolman (ldoolman@uwyo.edu)</A></FONT>
<HR SIZE="1">
<SCRIPT TYPE="text/javascript">
<!--
window.focus();
// -->
</SCRIPT>
</BODY>
</HTML>
