2018-11-19 12
<HTML>
<TITLE>University of Wyoming - Radiosonde Data</TITLE>
<LINK REL="StyleSheet" HREF="/resources/select.css" TYPE="text/css">
<BODY BGCOLOR="white">
<H2>97180 WAAA Ujung Pandang Observations at 00Z 19 Nov 2018</H2>
<PRE>
-----------------------------------------------------------------------------
   PRES   HGHT   TEMP   DWPT   RELH   MIXR   DRCT   SKNT   THTA   THTE   THTV
    hPa     m      C      C      %    g/kg    deg   knot     K      K      K 
-----------------------------------------------------------------------------
 1012.0     14   26.0   23.8     88  18.74      0      0  298.1  352.8  301.5
 1000.0    116   27.0   21.0     70  15.93    175      2  300.1  347.0  303.0
  999.0    125   27.0   21.0     70  15.94    179      2  300.2  347.2  303.1
  979.0    303   25.7   21.8     79  17.11    260      5  300.6  351.1  303.7
  969.0    393   25.0   22.2     84  17.74    267      7  300.8  353.2  304.0
  946.0    602   23.8   20.5     82  16.33    285     11  301.7  350.0  304.6
  925.0    798   22.6   18.9     80  15.09    290     12  302.4  347.2  305.1
  883.0   1200   20.2   16.6     80  13.64    290     11  303.9  344.7  306.4
  850.0   1529   18.2   14.7     80  12.52    275     11  305.2  342.9  307.5
  795.0   2096   14.8   11.6     81  10.94    240      8  307.4  340.8  309.5
  747.0   2623   11.6    8.8     83   9.60    188      6  309.5  339.1  311.3
  740.0   2702   11.0    8.4     84   9.45    180      6  309.6  338.8  311.4
  710.0   3046    8.2    6.8     91   8.80    173      6  310.3  337.6  311.9
  700.0   3163    7.4    6.2     92   8.57    170      6  310.6  337.3  312.2
  698.0   3187    7.2    6.2     93   8.59    169      6  310.7  337.4  312.3
  697.0   3198    7.0    6.0     93   8.48    169      7  310.6  336.9  312.2
  695.0   3222    8.8    2.8     66   6.78    168      7  312.8  334.3  314.1
  691.0   3270    9.6    1.6     57   6.26    166      8  314.2  334.2  315.4
  688.0   3306    9.4    1.2     57   6.12    165      8  314.4  334.0  315.6
  673.0   3488    8.4   -0.6     53   5.47    169      9  315.3  332.9  316.3
  650.0   3774    5.8   -1.2     61   5.42    175     10  315.5  333.0  316.5
  617.0   4198    3.2   -6.1     51   3.96    185     12  317.2  330.3  318.0
  607.0   4331    2.4   -7.6     48   3.58    183     12  317.8  329.7  318.5
  594.0   4505    1.2   -4.8     64   4.53    180     11  318.4  333.3  319.2
  591.0   4546    1.0   -7.0     55   3.85    179     11  318.6  331.4  319.3
  590.0   4559    0.8   -4.1     70   4.81    179     11  318.5  334.3  319.4
  587.0   4600    0.6   -7.4     55   3.76    178     11  318.8  331.2  319.5
  576.0   4752    0.0  -13.0     37   2.45    176     10  319.8  328.2  320.3
  573.0   4793   -0.2  -13.2     37   2.42    175     10  320.0  328.3  320.5
  554.0   5062   -1.7  -14.7     36   2.22    193      7  321.4  329.0  321.8
  552.0   5091   -1.9  -15.1     36   2.15    195      7  321.5  328.9  321.9
  539.0   5280   -2.9  -17.9     30   1.75    183      8  322.4  328.6  322.8
  532.0   5383   -3.7  -12.7     50   2.72    176      8  322.7  332.0  323.2
  528.0   5443   -4.1  -17.1     36   1.91    172      8  322.9  329.6  323.3
  520.0   5563   -4.9  -12.9     53   2.74    164      9  323.4  332.8  323.9
  515.0   5639   -5.3  -14.3     49   2.47    159      9  323.8  332.3  324.2
  511.0   5700   -5.7  -12.0     61   3.01    155      9  324.0  334.3  324.6
  509.0   5730   -5.9  -10.8     68   3.32    150      9  324.1  335.4  324.8
  507.0   5761   -5.9  -10.4     71   3.44    146      9  324.5  336.2  325.2
  504.0   5808   -6.1  -14.1     53   2.56    139     10  324.8  333.7  325.3
  503.0   5823   -5.9  -17.9     38   1.87    137     10  325.2  331.8  325.6
  500.0   5870   -6.1  -17.1     41   2.01    130     10  325.5  332.6  325.9
  492.0   5996   -7.0  -14.8     54   2.47    125     10  325.9  334.6  326.4
  484.0   6124   -7.9  -12.5     70   3.04    126      9  326.4  336.9  327.0
  474.0   6287   -8.3  -25.3     24   1.04    127      8  327.8  331.6  328.0
  468.0   6386   -8.7  -25.7     24   1.01    127      7  328.5  332.3  328.7
  467.0   6402   -8.9  -31.9     14   0.57    127      7  328.5  330.6  328.6
  466.0   6419   -9.1  -33.1     12   0.51    127      7  328.4  330.4  328.5
  463.0   6469   -9.5  -18.5     48   1.93    128      6  328.5  335.4  328.9
  462.0   6486   -9.7  -14.7     67   2.66    128      6  328.5  337.8  329.0
  459.0   6536  -10.1  -15.1     67   2.59    128      6  328.6  337.7  329.1
  458.0   6553  -10.1  -18.1     52   2.02    128      6  328.8  336.0  329.2
  457.0   6570  -10.3  -15.3     67   2.56    128      6  328.8  337.8  329.3
  456.0   6587  -10.3  -14.3     72   2.79    128      5  329.0  338.7  329.5
  455.0   6604  -10.3  -19.3     48   1.83    128      5  329.2  335.8  329.5
  454.0   6621  -10.3  -20.3     44   1.69    128      5  329.4  335.5  329.7
  453.0   6638  -10.5  -20.5     44   1.66    129      5  329.3  335.3  329.7
  452.0   6655  -10.5  -15.5     67   2.55    129      5  329.5  338.5  330.1
  451.0   6672  -10.5  -20.5     44   1.67    129      5  329.8  335.8  330.1
  450.0   6689  -10.5  -27.5     23   0.89    129      5  330.0  333.3  330.1
  449.0   6706  -10.7  -19.7     48   1.80    129      4  329.9  336.4  330.3
  447.0   6741  -10.9  -19.9     47   1.77    129      4  330.1  336.5  330.4
  446.0   6758  -10.9  -21.9     40   1.49    129      4  330.3  335.8  330.6
  444.0   6793  -11.3  -16.3     67   2.42    129      4  330.2  338.8  330.7
  443.0   6810  -11.3  -13.7     82   3.01    130      4  330.4  341.0  331.0
  441.0   6845  -11.5  -14.5     78   2.84    130      3  330.6  340.6  331.2
  440.0   6862  -11.5  -14.3     80   2.89    130      3  330.8  341.0  331.4
  439.0   6880  -11.3  -17.3     61   2.25    130      3  331.3  339.4  331.7
  438.0   6897  -11.3  -23.3     36   1.34    130      3  331.5  336.5  331.8
  437.0   6915  -11.1  -23.1     36   1.37    134      3  332.0  337.0  332.2
  430.0   7039  -11.7  -27.7     25   0.92    163      4  332.8  336.2  332.9
  422.0   7183  -12.9  -28.9     25   0.84    196      5  333.0  336.2  333.2
  421.0   7201  -12.9  -30.9     21   0.69    200      5  333.2  335.9  333.4
  418.0   7255  -13.3  -29.3     25   0.81    206      6  333.4  336.5  333.6
  417.0   7274  -13.3  -22.3     47   1.54    207      6  333.6  339.3  333.9
  411.0   7384  -14.3  -22.3     51   1.56    219      8  333.7  339.5  334.0
  410.0   7403  -14.7  -21.7     55   1.65    221      9  333.4  339.5  333.8
  409.0   7421  -14.7  -19.3     68   2.04    223      9  333.7  341.1  334.1
  408.0   7440  -14.9  -19.5     68   2.01    225      9  333.6  340.9  334.1
  407.0   7458  -14.9  -19.7     67   1.98    226     10  333.9  341.1  334.3
  406.0   7477  -14.9  -19.9     66   1.95    228     10  334.1  341.2  334.5
  405.0   7496  -14.9  -20.9     60   1.80    230     10  334.4  340.9  334.7
  404.0   7514  -14.3  -29.3     27   0.84    232     11  335.4  338.6  335.5
  403.0   7533  -14.1  -29.1     27   0.86    234     11  335.9  339.2  336.0
  400.0   7590  -14.9  -28.9     29   0.88    240     12  335.5  338.9  335.7
  386.0   7857  -17.1  -31.1     29   0.74    251     14  336.1  339.0  336.2
  376.0   8052  -18.9  -26.9     49   1.13    258     15  336.2  340.5  336.5
  374.0   8091  -19.1  -26.9     50   1.14    260     15  336.5  340.8  336.7
  367.0   8231  -19.7  -26.7     54   1.18    257     14  337.5  342.0  337.7
  360.0   8373  -19.9  -32.9     30   0.67    255     14  339.1  341.7  339.2
  358.0   8414  -20.1  -36.1     23   0.49    254     13  339.4  341.3  339.5
  355.0   8476  -20.3  -38.3     18   0.40    253     13  339.9  341.5  340.0
  352.0   8538  -20.9  -35.9     25   0.51    252     13  339.9  342.0  340.0
  351.0   8559  -20.9  -29.9     44   0.92    251     13  340.2  343.8  340.4
  304.0   9596  -29.7  -34.7     62   0.67    232      7  342.1  344.8  342.2
  300.0   9690  -29.9  -35.9     56   0.60    230      7  343.1  345.5  343.2
  293.0   9859  -31.5  -40.5     41   0.38    234     10  343.2  344.8  343.2
  291.0   9908  -31.8  -41.4     38   0.35    235     11  343.4  344.9  343.5
  283.0  10106  -33.1  -45.1     29   0.24    222      9  344.3  345.3  344.4
  279.0  10206  -34.0  -44.5     34   0.26    215      8  344.3  345.4  344.4
  273.0  10359  -35.5  -43.5     44   0.30    196      8  344.4  345.6  344.4
  269.0  10462  -36.3  -40.3     66   0.43    183      8  344.7  346.4  344.8
  268.0  10488  -36.5  -40.4     67   0.42    180      8  344.8  346.5  344.8
  251.0  10943  -39.9  -42.7     74   0.35    175     13  346.2  347.7  346.3
  250.0  10970  -40.3                         175     13  346.0         346.0
  245.0  11104  -41.4                         175     12  346.4         346.4
  224.0  11698  -46.2                         135     12  348.0         348.0
  205.0  12286  -51.0                          85     14  349.4         349.4
  200.0  12450  -52.3                          85     16  349.8         349.8
  170.0  13461  -61.5                          70     17  351.2         351.2
  150.0  14240  -68.5                          75     19  351.9         351.9
  146.0  14400  -70.1                          70     18  351.9         351.9
  141.0  14606  -72.1                          70     22  351.9         351.9
  132.0  14990  -74.7                          70     30  353.9         353.9
  128.0  15169  -75.9                          70     41  354.9         354.9
  125.0  15305  -76.1                          70     50  356.9         356.9
  119.0  15588  -76.5                          75     39  361.3         361.3
  107.0  16188  -80.5                          85     14  364.8         364.8
  100.0  16570  -83.1                          75      8  366.9         366.9
   96.0  16796  -84.3                          70      7  368.8         368.8
   91.0  17093  -86.0                           0      4  371.2         371.2
   88.3  17260  -86.9                         280      5  372.6         372.6
   86.0  17405  -84.8                         210      7  379.7         379.7
   85.7  17425  -84.5                         207      7  380.6         380.6
   77.9  17950  -87.9                         138     17  384.1         384.1
   77.0  18014  -87.1                         130     18  387.1         387.1
   75.1  18152  -85.3                         123     20  393.6         393.6
   72.6  18342  -79.3                         115     22  410.1         410.1
   70.0  18550  -79.7                         105     25  413.6         413.6
   64.9  18978  -80.9                          87     35  420.0         420.0
   60.9  19344  -73.5                          72     43  444.1         444.1
   59.0  19529  -73.5                          65     47  448.2         448.2
   57.0  19731  -73.5                          75     51  452.6         452.6
   55.7  19867  -71.7                          81     54  459.7         459.7
   54.8  19964  -67.3                          86     55  471.9         471.9
   54.0  20053  -67.0                          90     57  474.6         474.6
   50.0  20520  -65.5                          90     63  488.7         488.7
   46.2  20997  -66.4                          90     66  497.7         497.7
   46.0  21024  -66.5                          90     66  498.2         498.2
   45.8  21050  -66.5                          89     64  498.7         498.7
   44.7  21198  -61.9                          84     50  513.4         513.4
   43.4  21381  -58.9                          77     34  525.1         525.1
   42.0  21585  -59.2                          70     16  529.3         529.3
   40.0  21889  -59.6                         180      9  535.6         535.6
   38.8  22079  -59.9                         183     11  539.6         539.6
   38.0  22210  -57.2                         185     12  549.6         549.6
   37.6  22276  -55.9                         166     11  554.7         554.7
   35.0  22734  -54.6                          35      7  569.7         569.7
   33.0  23110  -53.5                         280     18  582.2         582.2
   32.0  23306  -52.9                         250     21  588.9         588.9
   30.7  23571  -52.1                         263     20  598.0         598.0
   30.0  23720  -51.9                         270     19  602.5         602.5
   29.0  23938  -52.4                         270     21  607.1         607.1
   26.4  24542  -53.7                         274     27  619.9         619.9
   25.0  24891  -54.1                         276     31  628.5         628.5
   24.4  25046  -52.9                         277     32  636.3         636.3
   23.0  25428  -52.3                         280     36  648.9         648.9
   20.0  26330  -50.9                         270     25  679.6         679.6
   19.0  26668  -50.2                         280     13  691.8         691.8
   17.0  27400  -48.7                         340     15  718.9         718.9
   14.0  28679  -46.1                         295     23  768.8         768.8
   13.4  28967  -45.5                                     780.5         780.5
</PRE><H3>Station information and sounding indices</H3><PRE>
                         Station identifier: WAAA
                             Station number: 97180
                           Observation time: 181119/0000
                           Station latitude: -5.06
                          Station longitude: 119.55
                          Station elevation: 14.0
                            Showalter index: -0.38
                               Lifted index: -3.19
    LIFT computed using virtual temperature: -3.88
                                SWEAT index: 208.39
                                    K index: 37.80
                         Cross totals index: 20.80
                      Vertical totals index: 24.30
                        Totals totals index: 45.10
      Convective Available Potential Energy: 784.74
             CAPE using virtual temperature: 949.01
                      Convective Inhibition: -44.57
             CINS using virtual temperature: -31.06
                           Equilibrum Level: 201.16
 Equilibrum Level using virtual temperature: 201.10
                   Level of Free Convection: 823.21
             LFCT using virtual temperature: 849.69
                     Bulk Richardson Number: 476.86
          Bulk Richardson Number using CAPV: 576.67
  Temp [K] of the Lifted Condensation Level: 293.97
Pres [hPa] of the Lifted Condensation Level: 927.61
     Mean mixed layer potential temperature: 300.36
              Mean mixed layer mixing ratio: 17.04
              1000 hPa to 500 hPa thickness: 5754.00
Precipitable water [mm] for entire sounding: 52.09
</PRE>
<P>Description of the 
<A HREF="/upperair/columns.html">data columns</A>
or <A HREF="/upperair/indices.html">sounding indices</A>.

<P>
<FORM>
<INPUT CLASS="button" TYPE="button" VALUE=" Close this window " 
 onClick="window.close();">
<INPUT CLASS="button" TYPE="button" VALUE=" Select another map " 
 onClick="window.blur();">
</FORM>
<HR SIZE="1">
<I>Interested in graduate studies in atmospheric science?
Check out our program at the
<a href="http://www.uwyo.edu/atsc/howtoapply/"
target=_top>University of Wyoming
</a></I>
<HR SIZE="1"><FONT SIZE="-1">
Questions about the weather data provided by this site can be
addressed to <A HREF="mailto:ldoolman@uwyo.edu">
Larry Oolman (ldoolman@uwyo.edu)</A></FONT>
<HR SIZE="1">
<SCRIPT TYPE="text/javascript">
<!--
window.focus();
// -->
</SCRIPT>
</BODY>
</HTML>
