2018-10-14 12
<HTML>
<TITLE>University of Wyoming - Radiosonde Data</TITLE>
<LINK REL="StyleSheet" HREF="/resources/select.css" TYPE="text/css">
<BODY BGCOLOR="white">
<H2>97180 WAAA Ujung Pandang Observations at 00Z 14 Oct 2018</H2>
<PRE>
-----------------------------------------------------------------------------
   PRES   HGHT   TEMP   DWPT   RELH   MIXR   DRCT   SKNT   THTA   THTE   THTV
    hPa     m      C      C      %    g/kg    deg   knot     K      K      K 
-----------------------------------------------------------------------------
 1011.0     14   25.2   21.5     80  16.25    200      6  297.4  344.7  300.3
 1010.0     23   26.0   18.0     61  13.03    194      6  298.3  336.4  300.6
 1000.0    112   25.2   18.2     65  13.33    130      5  298.4  337.3  300.7
  990.0    200   25.8   18.8     65  13.99    123      4  299.8  341.0  302.3
  979.0    299   24.9   20.1     75  15.37    115      3  299.9  345.0  302.6
  963.0    444   23.6   22.0     91  17.63     38      3  300.0  351.8  303.1
  946.0    599   22.7   20.6     88  16.47    315      2  300.6  349.1  303.6
  925.0    795   21.6   18.9     85  15.09    285      3  301.4  346.0  304.1
  914.0    899   21.1   17.3     79  13.75    295      2  301.9  342.7  304.4
  903.0   1004   20.6   15.6     73  12.49    297      2  302.4  339.6  304.7
  886.0   1169   19.0   16.5     85  13.51    300      3  302.4  342.6  304.9
  883.0   1198   18.9   16.1     84  13.21    300      3  302.6  341.9  305.0
  853.0   1496   17.7   12.0     69  10.44     85      7  304.4  335.9  306.3
  850.0   1526   17.6   11.6     68  10.19     90      8  304.6  335.3  306.4
  830.0   1730   17.2    5.2     45   6.72     97     16  306.2  326.9  307.5
  823.0   1801   16.6    6.2     50   7.25    100     19  306.3  328.6  307.7
  798.0   2064   14.4    9.6     73   9.49     96     22  306.7  335.6  308.4
  782.0   2235   13.8    9.1     73   9.36     93     24  307.8  336.5  309.6
  763.0   2442   13.2    1.2     44   5.50     89     26  309.4  326.7  310.4
  740.0   2699   12.4   -2.6     35   4.28     85     29  311.2  324.9  312.0
  718.0   2951   11.6   -6.4     28   3.31     99     26  313.0  323.9  313.6
  700.0   3163   10.6  -11.4     20   2.30    110     23  314.2  321.9  314.6
  693.0   3246   10.0  -12.0     20   2.21    116     22  314.4  321.9  314.9
  688.0   3306    9.6  -10.5     23   2.51    120     22  314.7  323.1  315.1
  664.0   3599    7.8   -3.2     46   4.57    110     21  315.8  330.7  316.7
  642.0   3876    5.8   -1.2     61   5.49    101     20  316.6  334.4  317.6
  640.0   3902    5.8   -1.4     60   5.43    100     20  316.9  334.5  317.9
  621.0   4148    5.8   -3.2     52   4.89     88     20  319.6  335.7  320.6
  617.0   4201    5.5   -4.9     47   4.33     85     20  319.9  334.3  320.7
  585.0   4634    3.2  -18.8     18   1.49    107     20  322.1  327.4  322.4
  573.0   4800    1.9  -16.9     23   1.78    115     20  322.5  328.8  322.9
  555.0   5057    0.0  -14.0     34   2.35    102     17  323.2  331.3  323.6
  532.0   5393   -3.1  -12.1     50   2.86     85     12  323.4  333.3  324.0
  523.0   5528   -4.3  -11.3     58   3.10     86     11  323.6  334.1  324.2
  503.0   5833   -6.9  -12.9     62   2.83     90      8  324.0  333.8  324.6
  500.0   5880   -7.3  -13.3     62   2.76     90      8  324.1  333.6  324.6
  492.0   6005   -7.8  -21.3     33   1.43    105      7  324.9  330.0  325.2
  482.0   6165   -8.5  -31.5     14   0.57    130     10  326.0  328.2  326.1
  474.0   6294   -9.3  -35.3     10   0.40    150     12  326.6  328.2  326.7
  466.0   6426  -10.1  -39.1      7   0.28    128     12  327.2  328.3  327.2
  456.0   6593   -9.7  -42.7      5   0.20    100     12  329.7  330.5  329.8
  438.0   6900  -11.8  -43.7      5   0.18     75     19  330.8  331.6  330.9
  410.0   7404  -15.3  -45.3      6   0.16     82     19  332.7  333.3  332.7
  400.0   7590  -15.9  -45.9      6   0.16     85     19  334.2  334.9  334.3
  394.0   7704  -16.1  -46.1      6   0.16     88     20  335.4  336.1  335.4
  389.0   7799  -16.9  -45.0      7   0.18     90     20  335.6  336.3  335.6
  357.0   8439  -22.5  -37.5     24   0.43     61     15  336.4  338.1  336.5
  345.0   8688  -23.9  -43.5     15   0.24     50     13  337.8  338.8  337.8
  331.0   8990  -25.7  -50.9      8   0.11     85     14  339.4  339.9  339.4
  317.0   9305  -27.5  -58.5      4   0.04     85     14  341.1  341.3  341.1
  300.0   9700  -30.5  -61.5      3   0.03     85     14  342.3  342.4  342.3
  255.0  10835  -39.9  -63.9      6   0.03     76     18  344.6  344.8  344.7
  250.0  10970  -41.1                          75     18  344.8         344.8
  234.0  11406  -44.8                          70     12  345.8         345.8
  224.0  11693  -47.3                          70      7  346.3         346.3
  214.0  11994  -49.9                          90      9  346.9         346.9
  200.0  12440  -53.7                          95     16  347.6         347.6
  177.0  13196  -60.1                          90     19  349.5         349.5
  161.0  13782  -65.0                          70     12  350.7         350.7
  150.0  14220  -68.7                          80     17  351.6         351.6
  143.0  14503  -71.5                          80     19  351.5         351.5
  138.0  14709  -73.1                          80     20  352.3         352.3
  125.0  15282  -77.5                         105     12  354.4         354.4
  100.0  16540  -81.9                          75     32  369.2         369.2
   96.0  16770  -79.8                          75     32  377.6         377.6
   93.1  16942  -78.3                          74     27  384.0         384.0
   86.0  17394  -77.6                          70     13  394.2         394.2
   83.1  17589  -77.3                         171      7  398.7         398.7
   82.0  17665  -77.6                         210      5  399.5         399.5
   74.7  18193  -79.9                         198     10  405.5         405.5
   73.0  18323  -79.5                         195     11  409.0         409.0
   70.0  18560  -78.9                         165     16  415.3         415.3
   69.1  18634  -78.7                         150     16  417.2         417.2
   66.0  18898  -75.8                          95     15  429.0         429.0
   64.6  19022  -74.5                          77     18  434.5         434.5
   63.0  19169  -73.9                          55     22  438.9         438.9
   60.0  19454  -72.8                          55     20  447.6         447.6
   58.7  19583  -72.3                          68     26  451.5         451.5
   57.0  19757  -70.4                          85     33  459.7         459.7
   56.6  19798  -69.9                          85     34  461.7         461.7
   56.1  19852  -66.9                          86     35  469.7         469.7
   54.4  20039  -64.9                          87     38  478.5         478.5
   50.0  20550  -67.7                          90     47  483.5         483.5
   49.6  20598  -67.9                          90     47  484.2         484.2
   46.3  21013  -67.5                          94     47  494.8         494.8
   42.0  21609  -62.0                         100     47  522.2         522.2
   41.0  21757  -60.7                          99     46  529.2         529.2
   38.5  22148  -61.3                          96     42  537.3         537.3
   33.0  23123  -55.4                          90     33  577.0         577.0
   32.0  23318  -54.2                          75     20  585.3         585.3
   30.9  23540  -52.9                          10     14  594.8         594.8
   30.0  23730  -53.5                         315      9  598.2         598.2
   27.0  24408  -52.7                         265     18  618.8         618.8
   25.7  24725  -52.3                         281     19  628.6         628.6
   25.0  24902  -53.4                         290     19  630.4         630.4
   24.0  25163  -55.1                         280     18  632.9         632.9
   23.0  25436  -54.3                         270     16  643.0         643.0
   21.6  25837  -53.1                         277     22  658.2         658.2
   20.1  26298  -54.5                         284     29  667.6         667.6
   20.0  26330  -54.7                         285     30  668.0         668.0
   19.0  26661  -52.6                         285     34  684.4         684.4
   18.4  26867  -51.3                         281     34  694.8         694.8
   15.9  27820  -49.1                         265     32  731.5         731.5
   14.8  28289  -50.9                         256     31  740.7         740.7
   14.0  28654  -49.0                         250     30  759.1         759.1
   12.9  29192  -46.1                         258     24  787.0         787.0
   12.0  29677  -44.4                         265     19  809.4         809.4
   11.0  30261  -42.3                         285     26  837.3         837.3
   10.8  30384  -41.9                                     843.3         843.3
</PRE><H3>Station information and sounding indices</H3><PRE>
                         Station identifier: WAAA
                             Station number: 97180
                           Observation time: 181014/0000
                           Station latitude: -5.06
                          Station longitude: 119.55
                          Station elevation: 14.0
                            Showalter index: 1.59
                               Lifted index: -1.83
    LIFT computed using virtual temperature: -2.21
                                SWEAT index: 163.21
                                    K index: 14.50
                         Cross totals index: 18.90
                      Vertical totals index: 24.90
                        Totals totals index: 43.80
      Convective Available Potential Energy: 60.86
             CAPE using virtual temperature: 110.28
                      Convective Inhibition: -244.91
             CINS using virtual temperature: -127.86
                           Equilibrum Level: 349.20
 Equilibrum Level using virtual temperature: 343.82
                   Level of Free Convection: 538.22
             LFCT using virtual temperature: 550.40
                     Bulk Richardson Number: 3.68
          Bulk Richardson Number using CAPV: 6.66
  Temp [K] of the Lifted Condensation Level: 291.77
Pres [hPa] of the Lifted Condensation Level: 913.16
     Mean mixed layer potential temperature: 299.46
              Mean mixed layer mixing ratio: 15.12
              1000 hPa to 500 hPa thickness: 5768.00
Precipitable water [mm] for entire sounding: 40.45
</PRE>
<P>Description of the 
<A HREF="/upperair/columns.html">data columns</A>
or <A HREF="/upperair/indices.html">sounding indices</A>.

<P>
<FORM>
<INPUT CLASS="button" TYPE="button" VALUE=" Close this window " 
 onClick="window.close();">
<INPUT CLASS="button" TYPE="button" VALUE=" Select another map " 
 onClick="window.blur();">
</FORM>
<HR SIZE="1">
<I>Interested in graduate studies in atmospheric science?
Check out our program at the
<a href="http://www.uwyo.edu/atsc/howtoapply/"
target=_top>University of Wyoming
</a></I>
<HR SIZE="1"><FONT SIZE="-1">
Questions about the weather data provided by this site can be
addressed to <A HREF="mailto:ldoolman@uwyo.edu">
Larry Oolman (ldoolman@uwyo.edu)</A></FONT>
<HR SIZE="1">
<SCRIPT TYPE="text/javascript">
<!--
window.focus();
// -->
</SCRIPT>
</BODY>
</HTML>
