2017-09-27 00
<HTML>
<TITLE>University of Wyoming - Radiosonde Data</TITLE>
<LINK REL="StyleSheet" HREF="/resources/select.css" TYPE="text/css">
<BODY BGCOLOR="white">
<H2>97180 WAAA Ujung Pandang Observations at 00Z 27 Sep 2017</H2>
<PRE>
-----------------------------------------------------------------------------
   PRES   HGHT   TEMP   DWPT   RELH   MIXR   DRCT   SKNT   THTA   THTE   THTV
    hPa     m      C      C      %    g/kg    deg   knot     K      K      K 
-----------------------------------------------------------------------------
 1010.0     14   26.0   23.8     88  18.78    105      4  298.3  353.1  301.6
 1009.0     22   26.0   19.0     65  13.90    104      4  298.4  339.0  300.9
 1000.0     98   25.8   19.8     69  14.76     95      2  298.9  342.2  301.6
  978.0    296   24.7   19.5     73  14.83     75      2  299.7  343.3  302.4
  954.0    516   23.4   19.2     77  14.91     24      3  300.6  344.5  303.2
  945.0    600   23.0   18.3     75  14.19      5      4  301.0  342.9  303.6
  925.0    789   22.2   16.2     69  12.68     35      5  302.0  339.7  304.3
  923.0    808   22.2   16.2     69  12.71     40      5  302.2  340.0  304.5
  913.0    902   22.4   13.8     58  10.96     65      7  303.3  336.2  305.3
  900.0   1026   22.6   10.6     47   8.99     70     11  304.8  332.1  306.4
  852.0   1498   20.1    4.3     35   6.13     90     26  307.0  326.0  308.1
  850.0   1518   20.0    4.0     35   6.03     90     26  307.1  325.8  308.2
  834.0   1682   20.2    4.2     35   6.24     89     24  309.0  328.5  310.1
  717.0   2966   11.0   -2.0     40   4.63     85     11  312.5  327.4  313.4
  714.0   3001   10.8   -2.7     39   4.41     85     11  312.7  326.9  313.5
  700.0   3166   10.0   -6.0     32   3.51     80     14  313.5  325.0  314.2
  692.0   3261    9.8  -10.2     23   2.56     85     15  314.3  322.9  314.8
  653.0   3741    7.2   -4.8     42   4.12    108     20  316.6  330.2  317.4
  641.0   3892    6.3   -5.8     42   3.88    115     21  317.3  330.1  318.0
  564.0   4931    0.0  -13.0     37   2.50     89     15  321.7  330.3  322.2
  553.0   5089   -0.3  -15.1     32   2.15     85     14  323.2  330.7  323.6
  552.0   5104   -0.3  -15.3     31   2.12     84     14  323.3  330.7  323.8
  534.0   5368   -1.9   -8.9     59   3.67     58     16  324.5  337.0  325.2
  532.0   5398   -2.0   -9.0     59   3.65     55     16  324.7  337.1  325.4
  500.0   5890   -4.3  -11.3     58   3.24     60     16  327.7  339.0  328.4
  488.0   6081   -5.9  -12.9     58   2.92     62     16  328.1  338.2  328.6
  475.0   6293   -6.2  -16.0     46   2.32     65     15  330.2  338.4  330.6
  465.0   6460   -6.5  -18.5     38   1.92     65     14  331.9  338.8  332.2
  440.0   6886   -9.5  -21.1     38   1.62     65     13  333.3  339.3  333.7
  423.0   7189  -11.7  -23.0     38   1.43     40     11  334.4  339.7  334.7
  407.0   7486  -13.8  -24.9     39   1.26     40      9  335.4  340.1  335.6
  400.0   7620  -14.7  -25.7     39   1.19     50      6  335.8  340.3  336.0
  393.0   7754  -14.9  -28.9     29   0.90     81      4  337.2  340.7  337.4
  391.0   7792  -15.2  -29.1     29   0.89     90      3  337.3  340.7  337.5
  319.0   9288  -27.6  -37.7     37   0.47    105     16  340.4  342.3  340.5
  300.0   9740  -31.3  -40.3     41   0.38     80     16  341.1  342.7  341.2
  293.0   9904  -32.6  -41.7     40   0.34     75     18  341.6  343.0  341.7
  255.0  10866  -40.1  -50.1     33   0.15     79     27  344.4  345.0  344.4
  250.0  11000  -41.1                          80     28  344.8         344.8
  206.0  12284  -52.0                          75     42  347.3         347.3
  200.0  12480  -53.7                          70     47  347.6         347.6
  172.0  13429  -62.1                          67     47  349.0         349.0
  150.0  14260  -69.1                          65     47  350.9         350.9
  139.0  14710  -72.0                          70     49  353.4         353.4
  136.0  14839  -72.9                          73     45  354.1         354.1
  119.0  15617  -74.3                          90     17  365.3         365.3
  108.0  16171  -78.1                         165     12  368.4         368.4
  102.0  16497  -80.3                         190     14  370.2         370.2
  100.0  16610  -81.1                         190     14  370.8         370.8
   97.0  16780  -82.2                         180     15  371.8         371.8
   91.4  17112  -84.5                         165     20  373.7         373.7
   87.0  17388  -81.2                         170     21  385.6         385.6
   85.8  17465  -80.3                         182     20  389.0         389.0
   83.0  17652  -81.1                         211     18  391.1         391.1
   78.0  18008  -78.2                         265     13  404.0         404.0
   72.9  18394  -75.1                         262     17  418.5         418.5
   70.0  18630  -74.9                         260     19  423.8         423.8
   67.0  18884  -74.7                         245     10  429.7         429.7
   65.2  19042  -74.5                         276     10  433.4         433.4
   63.0  19244  -72.9                         315     10  441.1         441.1
   60.0  19530  -70.7                         340     11  452.3         452.3
   59.5  19579  -70.3                         338     12  454.3         454.3
   57.0  19838  -65.9                         330     18  469.9         469.9
   55.9  19955  -63.9                         308     26  477.0         477.0
   55.0  20055  -62.7                         290     32  482.0         482.0
   54.7  20089  -62.3                         289     33  483.7         483.7
   50.0  20640  -64.3                         275     41  491.5         491.5
   45.0  21279  -67.5                         265     40  498.8         498.8
   44.7  21319  -67.7                         260     40  499.3         499.3
   43.0  21553  -67.1                         245     25  506.4         506.4
   41.0  21841  -66.3                         184     20  515.2         515.2
   39.0  22149  -62.6                         120     14  532.0         532.0
   37.3  22423  -59.3                         107     19  547.3         547.3
   33.0  23183  -62.3                          70     31  558.7         558.7
   32.0  23374  -63.1                          65     32  561.6         561.6
   30.0  23770  -63.7                          85     37  570.4         570.4
   29.2  23935  -63.3                          89     44  575.9         575.9
   29.0  23977  -62.9                          90     46  578.3         578.3
   27.9  24215  -60.3                          86     49  591.8         591.8
   26.0  24653  -60.3                          80     55  603.9         603.9
   24.1  25123  -60.3                          87     59  617.1         617.1
   22.0  25694  -58.4                          95     64  638.9         638.9
   20.0  26290  -56.5                          90     57  662.5         662.5
   16.7  27443  -53.1                          93     62  708.5         708.5
   14.0  28583  -52.2                          95     66  748.2         748.2
   13.0  29062  -51.8                          95     74  765.5         765.5
   12.9  29112  -51.8                          95     74  767.4         767.4
   12.3  29419  -51.5                         115     74  778.8         778.8
   12.0                                       115     74                     
</PRE><H3>Station information and sounding indices</H3><PRE>
                         Station identifier: WAAA
                             Station number: 97180
                           Observation time: 170927/0000
                           Station latitude: -5.06
                          Station longitude: 119.55
                          Station elevation: 14.0
                            Showalter index: 9.08
                               Lifted index: 1.43
    LIFT computed using virtual temperature: 1.15
                                SWEAT index: 115.99
                                    K index: 12.30
                         Cross totals index: 8.30
                      Vertical totals index: 24.30
                        Totals totals index: 32.60
      Convective Available Potential Energy: 0.00
             CAPE using virtual temperature: 1.71
                      Convective Inhibition: 0.00
             CINS using virtual temperature: -235.59
 Equilibrum Level using virtual temperature: 559.21
             LFCT using virtual temperature: 585.56
                     Bulk Richardson Number: 0.00
          Bulk Richardson Number using CAPV: 0.09
  Temp [K] of the Lifted Condensation Level: 291.41
Pres [hPa] of the Lifted Condensation Level: 908.29
     Mean mixed layer potential temperature: 299.55
              Mean mixed layer mixing ratio: 14.78
              1000 hPa to 500 hPa thickness: 5792.00
Precipitable water [mm] for entire sounding: 36.65
</PRE>
<P>Description of the 
<A HREF="/upperair/columns.html">data columns</A>
or <A HREF="/upperair/indices.html">sounding indices</A>.

<P>
<FORM>
<INPUT CLASS="button" TYPE="button" VALUE=" Close this window " 
 onClick="window.close();">
<INPUT CLASS="button" TYPE="button" VALUE=" Select another map " 
 onClick="window.blur();">
</FORM>
<HR SIZE="1">
<I>Interested in graduate studies in atmospheric science?
Check out our program at the
<a href="http://www.uwyo.edu/atsc/howtoapply/"
target=_top>University of Wyoming
</a></I>
<HR SIZE="1"><FONT SIZE="-1">
Questions about the weather data provided by this site can be
addressed to <A HREF="mailto:ldoolman@uwyo.edu">
Larry Oolman (ldoolman@uwyo.edu)</A></FONT>
<HR SIZE="1">
<SCRIPT TYPE="text/javascript">
<!--
window.focus();
// -->
</SCRIPT>
</BODY>
</HTML>
