2016-06-19 00
<HTML>
<TITLE>University of Wyoming - Radiosonde Data</TITLE>
<LINK REL="StyleSheet" HREF="/resources/select.css" TYPE="text/css">
<BODY BGCOLOR="white">
<H2>97180 WAAA Ujung Pandang Observations at 00Z 19 Jun 2016</H2>
<PRE>
-----------------------------------------------------------------------------
   PRES   HGHT   TEMP   DWPT   RELH   MIXR   DRCT   SKNT   THTA   THTE   THTV
    hPa     m      C      C      %    g/kg    deg   knot     K      K      K 
-----------------------------------------------------------------------------
 1008.0     14   26.4   23.8     86  18.82      0      0  298.9  354.0  302.2
 1004.0     49   26.6   20.6     70  15.47     67      2  299.4  344.8  302.2
 1002.0     66   27.4   19.4     62  14.36    101      3  300.4  342.7  303.0
 1000.0     84   27.4   19.4     62  14.39    135      4  300.6  343.0  303.1
  983.0    236   26.2   21.5     75  16.73    114      5  300.8  350.2  303.8
  979.0    272   25.8   21.2     76  16.48    109      6  300.8  349.4  303.7
  976.0    299   25.9   20.4     72  15.69    105      6  301.1  347.5  303.9
  961.0    436   26.2   16.2     54  12.20    101      6  302.8  339.2  305.0
  925.0    771   23.6   15.6     61  12.19     90      7  303.4  339.9  305.7
  907.0    944   22.0   17.8     77  14.35     86      6  303.5  346.3  306.1
  881.0   1197   20.7   16.6     77  13.63     80      5  304.6  345.5  307.1
  850.0   1509   19.0   15.0     78  12.77    105      9  306.0  344.6  308.4
  822.0   1796   16.8   13.4     80  11.91    105     12  306.7  342.8  308.9
  794.0   2092   14.6   11.8     83  11.07     93     12  307.4  341.1  309.4
  766.0   2396   12.8   11.4     91  11.15     80     13  308.6  342.7  310.7
  762.0   2440   12.6   11.3     92  11.16     82     13  308.8  343.0  310.9
  749.0   2586   13.2   10.5     84  10.76     87     13  311.0  344.3  313.0
  725.0   2860   12.0    7.1     72   8.80     98     14  312.6  340.1  314.2
  713.0   3000   11.2    1.2     50   5.89    104     15  313.2  332.0  314.3
  707.0   3071   12.2   -5.8     28   3.53    107     15  315.1  326.7  315.7
  700.0   3154   11.8   -9.2     22   2.73    110     15  315.5  324.7  316.0
  694.0   3226   11.4  -10.6     20   2.47    112     15  315.9  324.2  316.3
  689.0   3286   11.0   -1.0     43   5.19    115     16  316.1  332.9  317.1
  664.0   3591    8.5   -0.5     53   5.57    125     17  316.6  334.7  317.7
  615.0   4223    3.4    0.4     81   6.45    113     17  317.8  338.6  319.0
  609.0   4303    3.0    0.4     83   6.51    112     17  318.2  339.2  319.4
  594.0   4505    2.4  -10.6     38   2.89    108     17  319.8  329.5  320.3
  587.0   4601    2.6  -20.4     16   1.29    106     17  321.1  325.7  321.3
  555.0   5052    0.0  -14.0     34   2.35     97     16  323.2  331.3  323.6
  545.0   5197   -1.1  -15.1     34   2.18     95     16  323.6  331.2  324.0
  540.0   5271   -1.7  -10.7     50   3.15     93     16  323.7  334.5  324.3
  532.0   5389   -2.9   -9.9     59   3.41     91     16  323.6  335.2  324.3
  531.0   5404   -2.9   -8.9     63   3.69     91     16  323.8  336.4  324.6
  529.0   5434   -2.5  -13.5     43   2.56     90     16  324.6  333.6  325.2
  517.0   5616   -3.9  -12.9     50   2.76     87     16  325.1  334.6  325.6
  512.0   5693   -4.0  -14.5     44   2.45     85     16  325.9  334.4  326.4
  500.0   5880   -4.3  -18.3     33   1.82     75     16  327.7  334.2  328.1
  492.0   6006   -4.9  -23.8     21   1.14     75     18  328.5  332.7  328.8
  476.0   6265   -6.1  -35.1      8   0.41     86     21  330.1  331.8  330.2
  456.0   6595   -8.3  -33.9     11   0.48    100     26  331.5  333.3  331.6
  404.0   7525  -14.5  -30.5     24   0.75     95     20  335.1  338.0  335.2
  400.0   7600  -15.3  -31.3     24   0.70     95     20  335.0  337.7  335.2
  395.0   7695  -16.1  -31.1     26   0.73     95     19  335.2  338.0  335.3
  388.0   7830  -16.1  -43.1      8   0.22     95     19  336.9  337.8  336.9
  343.0   8748  -22.5  -43.5     13   0.24     95     13  340.3  341.3  340.3
  318.0   9300  -26.3  -41.7     22   0.31     95      9  342.4  343.7  342.5
  312.0   9438  -27.3  -41.3     25   0.33     84      9  342.9  344.3  343.0
  305.0   9601  -28.6  -37.9     40   0.48     70     10  343.4  345.3  343.5
  300.0   9720  -29.5  -35.5     56   0.62     50      9  343.7  346.2  343.8
  298.0   9768  -30.1  -35.1     62   0.65     41      9  343.5  346.1  343.6
  292.0   9911  -31.2  -35.6     66   0.64     15     10  343.9  346.5  344.1
  280.0  10206  -33.5  -36.5     74   0.60      0     17  344.8  347.2  344.9
  275.0  10333  -34.5  -36.9     79   0.59    358     19  345.1  347.5  345.2
  268.0  10511  -35.9  -38.7     75   0.50    355     22  345.6  347.7  345.7
  257.0  10800  -38.2  -41.7     69   0.38      5     24  346.4  348.0  346.5
  250.0  10990  -39.7  -43.7     66   0.32     10     23  346.9  348.2  347.0
  249.0  11017  -39.9  -44.0     65   0.31     10     23  347.0  348.3  347.1
  235.0  11401  -43.0                          15     23  348.1         348.1
  225.0  11689  -45.4                           5     24  348.8         348.8
  215.0  11991  -47.8                           0     23  349.6         349.6
  200.0  12470  -51.7                         355     22  350.7         350.7
  196.0  12596  -52.8                         355     22  351.0         351.0
  187.0  12891  -55.3                           0     22  351.7         351.7
  150.0  14270  -67.1                          25     13  354.3         354.3
  147.0  14386  -68.0                          25     10  354.7         354.7
  140.0  14666  -70.3                         350      4  355.7         355.7
  133.0  14961  -72.7                          15      2  356.7         356.7
  126.0  15272  -75.3                          35      3  357.6         357.6
  120.0  15552  -77.6                          25      7  358.5         358.5
  100.0  16600  -86.1                          65     25  361.1         361.1
   91.0  17113  -88.3                          95     33  366.6         366.6
   89.6  17197  -88.7                          95     35  367.5         367.5
   86.0  17423  -85.8                          85     33  377.7         377.7
   81.0  17752  -81.5                          97     31  393.0         393.0
   78.0  17967  -76.4                         105     30  407.8         407.8
   77.7  17989  -75.9                         105     30  409.3         409.3
   75.3  18170  -75.7                         102     31  413.4         413.4
   72.7  18376  -70.9                          99     31  427.7         427.7
   70.0  18600  -70.9                          95     32  432.4         432.4
   67.6  18807  -69.5                         111     30  439.7         439.7
   67.0  18860  -69.9                         115     29  440.1         440.1
   63.4  19186  -72.1                         115     29  442.1         442.1
   63.0  19223  -72.2                         115     29  442.6         442.6
   62.3  19289  -72.5                         109     29  443.5         443.5
   59.4  19573  -65.7                          83     28  464.8         464.8
   57.0  19824  -65.4                          60     28  470.9         470.9
   50.0  20620  -64.5                          95     27  491.1         491.1
   49.0  20744  -64.4                         100     28  494.1         494.1
   43.0  21543  -64.0                          80     31  514.0         514.0
   42.2  21658  -63.9                          82     21  516.9         516.9
   41.0  21834  -64.4                          85      6  520.0         520.0
   39.0  22138  -65.2                         230      5  525.4         525.4
   36.9  22476  -66.1                         238      9  531.5         531.5
   35.0  22797  -65.7                         245     13  540.6         540.6
   33.7  23029  -60.7                         237     18  559.7         559.7
   32.0  23352  -59.5                         225     24  571.2         571.2
   31.7  23411  -59.3                         228     24  573.3         573.3
   31.1  23532  -56.3                         234     24  584.5         584.5
   30.4  23676  -56.9                         241     24  586.7         586.7
   30.0  23760  -56.9                         245     24  588.9         588.9
   29.0  23977  -53.6                         260     26  603.9         603.9
   28.4  24111  -51.5                         262     26  613.2         613.2
   25.3  24853  -55.9                         270     27  621.2         621.2
   21.3  25947  -55.3                         285     38  654.3         654.3
   20.6  26160  -55.5                         287     40  660.0         660.0
   20.1  26318  -52.3                         290     42  674.4         674.4
   20.0  26350  -51.1                         290     42  679.0         679.0
   18.9  26719  -49.9                         281     44  693.8         693.8
   17.0  27412  -49.7                         265     47  715.7         715.7
   15.0  28230  -49.5                                     742.5         742.5
   13.0  29163  -51.3                                     767.2         767.2
</PRE><H3>Station information and sounding indices</H3><PRE>
                         Station identifier: WAAA
                             Station number: 97180
                           Observation time: 160619/0000
                           Station latitude: -5.06
                          Station longitude: 119.55
                          Station elevation: 14.0
                            Showalter index: 0.75
                               Lifted index: 0.79
    LIFT computed using virtual temperature: 0.23
                                SWEAT index: 213.99
                                    K index: 17.30
                         Cross totals index: 19.30
                      Vertical totals index: 23.30
                        Totals totals index: 42.60
      Convective Available Potential Energy: 4.87
             CAPE using virtual temperature: 28.31
                      Convective Inhibition: -220.50
             CINS using virtual temperature: -172.85
                           Equilibrum Level: 512.73
 Equilibrum Level using virtual temperature: 504.31
                   Level of Free Convection: 623.08
             LFCT using virtual temperature: 633.07
                     Bulk Richardson Number: 0.76
          Bulk Richardson Number using CAPV: 4.44
  Temp [K] of the Lifted Condensation Level: 290.87
Pres [hPa] of the Lifted Condensation Level: 884.83
     Mean mixed layer potential temperature: 301.23
              Mean mixed layer mixing ratio: 14.76
              1000 hPa to 500 hPa thickness: 5796.00
Precipitable water [mm] for entire sounding: 47.11
</PRE>
<P>Description of the 
<A HREF="/upperair/columns.html">data columns</A>
or <A HREF="/upperair/indices.html">sounding indices</A>.

<P>
<FORM>
<INPUT CLASS="button" TYPE="button" VALUE=" Close this window " 
 onClick="window.close();">
<INPUT CLASS="button" TYPE="button" VALUE=" Select another map " 
 onClick="window.blur();">
</FORM>
<HR SIZE="1">
<I>Interested in graduate studies in atmospheric science?
Check out our program at the
<a href="http://www.uwyo.edu/atsc/howtoapply/"
target=_top>University of Wyoming
</a></I>
<HR SIZE="1"><FONT SIZE="-1">
Questions about the weather data provided by this site can be
addressed to <A HREF="mailto:ldoolman@uwyo.edu">
Larry Oolman (ldoolman@uwyo.edu)</A></FONT>
<HR SIZE="1">
<SCRIPT TYPE="text/javascript">
<!--
window.focus();
// -->
</SCRIPT>
</BODY>
</HTML>
