2016-01-05 12
<HTML>
<TITLE>University of Wyoming - Radiosonde Data</TITLE>
<LINK REL="StyleSheet" HREF="/resources/select.css" TYPE="text/css">
<BODY BGCOLOR="white">
<H2>97180 WAAA Ujung Pandang Observations at 00Z 05 Jan 2016</H2>
<PRE>
-----------------------------------------------------------------------------
   PRES   HGHT   TEMP   DWPT   RELH   MIXR   DRCT   SKNT   THTA   THTE   THTV
    hPa     m      C      C      %    g/kg    deg   knot     K      K      K 
-----------------------------------------------------------------------------
 1013.0     14   26.8   22.9     79  17.71    135      4  298.9  350.6  302.0
 1011.0     31   26.4   20.4     70  15.16    137      4  298.6  342.9  301.3
 1000.0    126   26.6   20.6     70  15.53    145      6  299.8  345.4  302.5
  991.0    206   26.6   20.6     70  15.67    154      7  300.5  346.7  303.3
  981.0    295   26.1   20.1     70  15.37    165      8  300.9  346.3  303.7
  948.0    597   24.5   18.5     69  14.38    170      8  302.3  345.0  304.9
  925.0    813   23.4   17.4     69  13.70    135      4  303.2  344.1  305.7
  916.0    898   22.9   16.8     68  13.27    120      2  303.5  343.2  305.9
  885.0   1197   21.0   14.5     66  11.84     75      8  304.6  340.2  306.8
  855.0   1496   19.1   12.2     64  10.54     65     14  305.6  337.6  307.6
  850.0   1547   18.8   11.8     64  10.33     65     14  305.8  337.1  307.7
  825.0   1803   17.4   12.9     75  11.46     79     14  307.0  341.8  309.1
  811.0   1950   18.0    6.0     45   7.28     87     14  309.1  331.7  310.5
  798.0   2088   17.6    1.5     34   5.36     95     14  310.1  327.0  311.1
  786.0   2217   17.2   -2.8     25   3.98     94     13  311.0  323.8  311.8
  722.0   2935   12.0   -2.0     38   4.60     90     10  313.0  327.8  313.8
  717.0   2993   11.6   -2.4     38   4.51     90     10  313.2  327.7  314.0
  700.0   3193   10.4   -3.6     37   4.21    160      4  314.0  327.6  314.8
  668.0   3578    8.7   -9.5     27   2.79    275      4  316.2  325.6  316.8
  621.0   4179    5.9  -18.8     15   1.41    270      6  319.8  324.8  320.1
  612.0   4299    5.4  -20.6     13   1.22    284      7  320.5  324.9  320.7
  598.0   4488    4.1  -11.7     31   2.64    305      8  321.1  330.1  321.6
  593.0   4556    3.6   -8.4     41   3.44    305      8  321.3  332.9  322.0
  555.0   5089    1.1  -25.5     12   0.87    305      8  324.5  327.7  324.7
  539.0   5325    0.0  -33.0      6   0.44    261      5  325.9  327.6  326.0
  535.0   5384   -0.5  -33.4      6   0.43    250      4  326.1  327.7  326.1
  515.0   5686   -2.7  -35.1      6   0.38    245      2  326.9  328.3  326.9
  500.0   5920   -4.5  -36.5      6   0.34    290      4  327.5  328.8  327.6
  496.0   5982   -4.9  -36.5      6   0.34    300      4  327.8  329.1  327.8
  459.0   6583   -8.8  -37.0      8   0.35    325      4  330.2  331.6  330.3
  425.0   7180  -12.7  -37.4     11   0.36     40      4  332.6  334.1  332.7
  408.0   7496  -14.7  -37.6     12   0.37    335      6  333.9  335.4  334.0
  400.0   7650  -15.7  -37.7     13   0.37    320      8  334.5  336.0  334.6
  390.0   7839  -17.5  -35.5     19   0.48    307     10  334.6  336.5  334.7
  371.0   8210  -20.1  -35.1     25   0.52    282     14  335.9  338.0  336.0
  362.0   8391  -21.9  -29.6     50   0.92    270     16  335.9  339.4  336.1
  360.0   8431  -22.3  -28.3     58   1.04    268     16  335.9  339.8  336.1
  351.0   8616  -23.9  -31.9     48   0.76    259     16  336.2  339.1  336.3
  347.0   8699  -24.4  -29.3     64   0.98    255     16  336.6  340.4  336.8
  346.0   8720  -24.5  -28.6     69   1.05    256     16  336.7  340.7  336.9
  333.0   8996  -26.8  -34.1     50   0.64    275     16  337.3  339.9  337.5
  320.0   9282  -29.1  -39.9     35   0.38    270     14  337.9  339.5  338.0
  319.0   9304  -29.3  -40.3     34   0.36    268     14  338.0  339.4  338.1
  313.0   9439  -29.1  -50.1     11   0.13    258     11  340.1  340.6  340.1
  300.0   9740  -31.1  -50.1     14   0.13    235      6  341.4  342.0  341.4
  294.0   9881  -32.3  -50.8     14   0.12    225      6  341.7  342.2  341.7
  270.0  10477  -37.4  -53.6     17   0.10    205      6  342.7  343.1  342.7
  258.0  10795  -40.1  -55.1     19   0.08    220      4  343.2  343.6  343.2
  250.0  11010  -41.5                         200      4  344.2         344.2
  236.0  11392  -44.3                         165      4  345.7         345.7
  216.0  11980  -48.6                         155     10  347.9         347.9
  200.0  12490  -52.3                         125     10  349.8         349.8
  197.0  12585  -53.0                         120     10  350.2         350.2
  188.0  12877  -55.1                         115     12  351.5         351.5
  171.0  13470  -59.4                          55     12  354.1         354.1
  150.0  14290  -65.3                          55     29  357.4         357.4
  148.0  14369  -65.8                          50     29  357.9         357.9
  140.0  14695  -67.9                          50     14  360.0         360.0
  134.0  14952  -69.5                          85      2  361.6         361.6
  121.0  15551  -73.3                         285     10  365.3         365.3
  103.0  16497  -79.4                         270     19  370.9         370.9
  100.0  16670  -80.5                         275     21  371.9         371.9
   98.0  16784  -81.4                         275     23  372.4         372.4
   94.5  16988  -82.9                         275     17  373.3         373.3
   93.0  17079  -82.6                         265     14  375.6         375.6
   84.0  17656  -80.5                         315     23  390.9         390.9
   79.0  18004  -79.3                         310     21  400.3         400.3
   75.0  18299  -78.3                         260     19  408.5         408.5
   71.0  18610  -77.2                         240     14  417.2         417.2
   70.0  18690  -76.9                         250     14  419.6         419.6
   69.6  18723  -76.9                         253     15  420.2         420.2
   66.8  18961  -73.7                         274     21  432.1         432.1
   64.0  19209  -74.3                         295     27  436.2         436.2
   61.0  19488  -74.9                         290     29  440.8         440.8
   58.0  19780  -75.6                         260     27  445.7         445.7
   55.0  20088  -76.3                         260     35  450.9         450.9
   51.7  20447  -77.1                         257     23  457.0         457.0
   50.0  20640  -75.5                         255     16  465.2         465.2
   47.0  21003  -71.3                         160      8  483.4         483.4
   45.6  21181  -69.3                         146      8  492.6         492.6
   41.0  21822  -66.5                          95     10  514.6         514.6
   39.0  22124  -65.2                          85     10  525.3         525.3
   37.9  22297  -64.5                          69     10  531.5         531.5
   37.0  22445  -64.0                          55     10  536.5         536.5
   35.0  22788  -62.8                          55     10  548.1         548.1
   33.0  23151  -61.6                          80     17  560.7         560.7
   32.0  23341  -60.9                          85     19  567.4         567.4
   30.2  23698  -59.7                          31      7  580.2         580.2
   30.0  23740  -58.9                          25      6  583.5         583.5
   29.0  23954  -55.5                         295     10  598.5         598.5
   28.0  24177  -55.7                         275     16  604.1         604.1
   25.0  24896  -56.2                         265     27  622.5         622.5
   23.3  25342  -56.5                         235      9  634.2         634.2
   23.0  25425  -56.1                         230      6  637.8         637.8
   22.0  25710  -54.7                          45     12  650.1         650.1
   21.0  26008  -53.2                          20     10  663.2         663.2
   20.0  26320  -51.7                          40      6  677.2         677.2
   19.0  26652  -51.9                          55      8  686.4         686.4
   18.0  27001  -52.2                          50      8  696.3         696.3
   17.0  27371  -52.5                           0      6  706.9         706.9
   16.0  27763  -52.8                         305      8  718.3         718.3
   15.5  27968  -52.9                                     724.4         724.4
</PRE><H3>Station information and sounding indices</H3><PRE>
                         Station identifier: WAAA
                             Station number: 97180
                           Observation time: 160105/0000
                           Station latitude: -5.06
                          Station longitude: 119.55
                          Station elevation: 14.0
                            Showalter index: 3.59
                               Lifted index: 0.16
    LIFT computed using virtual temperature: -0.66
                                SWEAT index: 173.61
                                    K index: 21.10
                         Cross totals index: 16.30
                      Vertical totals index: 23.30
                        Totals totals index: 39.60
      Convective Available Potential Energy: 135.81
             CAPE using virtual temperature: 198.18
                      Convective Inhibition: -337.66
             CINS using virtual temperature: -167.10
                           Equilibrum Level: 252.98
 Equilibrum Level using virtual temperature: 252.73
                   Level of Free Convection: 481.99
             LFCT using virtual temperature: 523.61
                     Bulk Richardson Number: 27.12
          Bulk Richardson Number using CAPV: 39.58
  Temp [K] of the Lifted Condensation Level: 291.87
Pres [hPa] of the Lifted Condensation Level: 902.64
     Mean mixed layer potential temperature: 300.55
              Mean mixed layer mixing ratio: 15.31
              1000 hPa to 500 hPa thickness: 5794.00
Precipitable water [mm] for entire sounding: 36.62
</PRE>
<P>Description of the 
<A HREF="/upperair/columns.html">data columns</A>
or <A HREF="/upperair/indices.html">sounding indices</A>.

<P>
<FORM>
<INPUT CLASS="button" TYPE="button" VALUE=" Close this window " 
 onClick="window.close();">
<INPUT CLASS="button" TYPE="button" VALUE=" Select another map " 
 onClick="window.blur();">
</FORM>
<HR SIZE="1">
<I>Interested in graduate studies in atmospheric science?
Check out our program at the
<a href="http://www.uwyo.edu/atsc/howtoapply/"
target=_top>University of Wyoming
</a></I>
<HR SIZE="1"><FONT SIZE="-1">
Questions about the weather data provided by this site can be
addressed to <A HREF="mailto:ldoolman@uwyo.edu">
Larry Oolman (ldoolman@uwyo.edu)</A></FONT>
<HR SIZE="1">
<SCRIPT TYPE="text/javascript">
<!--
window.focus();
// -->
</SCRIPT>
</BODY>
</HTML>
