2018-11-27 00
<HTML>
<TITLE>University of Wyoming - Radiosonde Data</TITLE>
<LINK REL="StyleSheet" HREF="/resources/select.css" TYPE="text/css">
<BODY BGCOLOR="white">
<H2>97180 WAAA Ujung Pandang Observations at 00Z 27 Nov 2018</H2>
<PRE>
-----------------------------------------------------------------------------
   PRES   HGHT   TEMP   DWPT   RELH   MIXR   DRCT   SKNT   THTA   THTE   THTV
    hPa     m      C      C      %    g/kg    deg   knot     K      K      K 
-----------------------------------------------------------------------------
 1012.0     14   26.2   22.8     82  17.61    140      2  298.3  349.8  301.5
 1002.0     96   26.8   19.8     66  14.73     82      2  299.8  343.1  302.4
 1000.0    113   27.2   20.2     66  15.14     70      2  300.4  344.9  303.1
  979.0    300   25.7   20.1     71  15.34    355      1  300.7  345.9  303.4
  955.0    519   24.0   19.9     78  15.57    319      4  301.1  347.1  303.9
  946.0    602   23.5   19.3     77  15.14    305      5  301.4  346.1  304.1
  925.0    798   22.2   17.9     77  14.15    310      7  302.0  344.0  304.6
  860.0   1429   19.4   10.4     56   9.29    310      9  305.4  333.6  307.1
  850.0   1530   18.6   11.6     64  10.19    310      9  305.6  336.5  307.5
  740.0   2706   12.8    5.8     62   7.87    325      7  311.6  336.3  313.1
  714.0   3005   11.0    4.6     65   7.52    265      7  312.9  336.6  314.3
  700.0   3170   10.0    4.0     66   7.33    290      7  313.5  336.7  314.9
  689.0   3299    9.2    3.5     67   7.19    285      8  314.1  336.9  315.5
  665.0   3589    7.6    2.3     69   6.86    260      7  315.4  337.3  316.7
  618.0   4188    4.1   -0.0     75   6.22    305      6  318.1  338.2  319.3
  595.0   4498    2.3   -1.2     77   5.91     10      6  319.5  338.8  320.6
  574.0   4792    0.6   -2.4     80   5.62     45      4  320.8  339.2  321.9
  567.0   4892    0.0   -2.8     81   5.52     48      4  321.2  339.4  322.3
  553.0   5091   -1.2   -4.0     81   5.17     55      4  322.1  339.3  323.1
  532.0   5398   -3.0   -5.9     80   4.66      0      1  323.5  339.1  324.5
  500.0   5890   -5.9   -8.9     79   3.92      0      1  325.8  339.1  326.6
  493.0   5999   -6.6   -9.4     80   3.82    320      2  326.2  339.3  327.0
  475.0   6288   -8.5  -10.8     84   3.56      5      5  327.4  339.6  328.1
  457.0   6588  -10.5  -12.2     87   3.30     15      4  328.6  340.0  329.2
  439.0   6900  -12.5  -13.7     91   3.04    105      3  329.8  340.4  330.4
  427.0   7113  -12.7  -15.2     82   2.76    116      4  332.1  341.9  332.7
  422.0   7202  -13.3  -15.9     81   2.65    120      5  332.5  341.9  333.1
  406.0   7497  -15.2  -18.1     79   2.29     85     10  333.8  342.0  334.2
  400.0   7610  -15.9  -18.9     78   2.16     90     10  334.2  342.1  334.7
  374.0   8114  -19.3  -22.4     76   1.70     90     12  336.2  342.5  336.6
  358.0   8439  -21.1  -32.1     37   0.73     90     14  338.0  340.9  338.2
  346.0   8690  -22.8  -31.2     46   0.82     90     15  339.0  342.2  339.2
  344.0   8732  -23.1  -31.1     48   0.83     89     15  339.2  342.4  339.4
  342.0   8775  -23.3  -33.3     39   0.68     88     15  339.5  342.1  339.6
  335.0   8926  -24.5  -35.5     35   0.56     85     15  339.9  342.1  340.0
  328.0   9080  -25.9  -31.9     57   0.81     83     16  340.0  343.1  340.1
  300.0   9720  -31.1  -36.1     61   0.59     70     17  341.4  343.8  341.6
  293.0   9886  -32.5  -36.0     71   0.61     75     17  341.8  344.2  341.9
  291.0   9934  -32.9  -36.0     74   0.61     79     17  341.9  344.3  342.0
  280.0  10202  -35.0  -39.7     62   0.44    100     19  342.7  344.4  342.8
  272.0  10404  -36.5  -42.5     54   0.33     97     20  343.3  344.7  343.4
  271.0  10429  -36.7  -44.7     43   0.26     97     20  343.4  344.5  343.4
  270.0  10455  -36.7  -45.7     39   0.24     97     20  343.7  344.7  343.8
  269.0  10480  -37.1  -47.1     35   0.20     96     20  343.5  344.4  343.6
  268.0  10506  -37.1  -47.1     35   0.21     96     20  343.9  344.8  343.9
  267.0  10532  -37.5  -43.5     53   0.31     96     20  343.6  344.9  343.7
  255.0  10846  -40.1  -43.8     68   0.31     92     21  344.4  345.6  344.4
  250.0  10980  -41.1                          90     21  344.8         344.8
  200.0  12460  -53.7                          85     31  347.6         347.6
  178.0  13191  -60.4                          75     29  348.3         348.3
  167.0  13591  -64.1                          81     32  348.6         348.6
  150.0  14240  -69.5                          90     38  350.2         350.2
  144.0  14482  -71.9                          90     41  350.1         350.1
  132.0  14989  -75.3                          90     47  352.9         352.9
  124.0  15352  -77.7                          84     40  354.9         354.9
  119.0  15587  -78.0                          80     36  358.4         358.4
  107.0  16194  -78.9                         105     22  367.8         367.8
  101.0  16523  -79.4                          75     14  373.0         373.0
  100.0  16580  -79.5                          65     13  373.9         373.9
   96.0  16809  -80.3                          25     12  376.8         376.8
   91.0  17109  -81.2                         305      7  380.6         380.6
   87.0  17361  -82.1                         230     13  383.9         383.9
   78.9  17908  -83.9                         145     11  391.0         391.0
   78.0  17972  -84.0                         130     10  392.1         392.1
   72.0  18414  -84.7                         108     13  399.6         399.6
   70.0  18570  -83.7                         100     14  405.0         405.0
   66.9  18821  -83.7                          88     17  410.3         410.3
   66.0  18896  -81.2                          85     18  417.2         417.2
   65.8  18913  -80.7                          86     18  418.8         418.8
   63.0  19159  -80.1                         105     24  425.3         425.3
   60.4  19396  -79.5                         100     29  431.8         431.8
   54.0  20049  -69.1                          85     41  469.7         469.7
   53.4  20114  -68.1                          86     42  473.6         473.6
   50.0  20510  -66.3                          95     50  486.8         486.8
   48.0  20757  -65.8                          90     52  493.7         493.7
   47.6  20808  -65.7                          92     50  495.1         495.1
   46.7  20924  -61.7                          97     45  507.5         507.5
   42.0  21576  -63.4                         125     17  518.9         518.9
   40.2  21845  -64.1                         125     18  523.6         523.6
   40.0  21875  -64.1                         125     18  524.3         524.3
   38.4  22124  -64.3                         100     17  530.0         530.0
   36.5  22439  -56.7                          69     16  557.4         557.4
   36.0  22526  -56.7                          60     16  559.6         559.6
   35.0  22705  -56.6                         340     10  564.3         564.3
   33.0  23077  -56.5                         280     13  574.2         574.2
   30.0  23680  -56.3                         260     15  590.6         590.6
   29.5  23787  -56.7                         245     14  592.3         592.3
   29.0  23896  -55.9                         230     12  597.3         597.3
   27.1  24330  -52.9                         225      4  617.5         617.5
   27.0  24354  -52.9                         225      4  618.1         618.1
   26.0  24597  -53.2                         265     17  624.0         624.0
   24.0  25112  -53.8                         245     25  636.8         636.8
   22.9  25414  -54.1                         232     19  644.4         644.4
   22.0  25674  -53.2                         220     14  654.5         654.5
   21.0  25975  -52.2                         230      5  666.3         666.3
   20.0  26290  -51.1                         305      7  679.0         679.0
   19.1  26589  -51.3                                     687.4         687.4
</PRE><H3>Station information and sounding indices</H3><PRE>
                         Station identifier: WAAA
                             Station number: 97180
                           Observation time: 181127/0000
                           Station latitude: -5.06
                          Station longitude: 119.55
                          Station elevation: 14.0
                            Showalter index: 2.47
                               Lifted index: -1.34
    LIFT computed using virtual temperature: -1.60
                                SWEAT index: 158.18
                                    K index: 30.10
                         Cross totals index: 17.50
                      Vertical totals index: 24.50
                        Totals totals index: 42.00
      Convective Available Potential Energy: 187.22
             CAPE using virtual temperature: 236.66
                      Convective Inhibition: -156.83
             CINS using virtual temperature: -97.23
                           Equilibrum Level: 270.85
 Equilibrum Level using virtual temperature: 268.77
                   Level of Free Convection: 644.39
             LFCT using virtual temperature: 688.78
                     Bulk Richardson Number: 75.25
          Bulk Richardson Number using CAPV: 95.12
  Temp [K] of the Lifted Condensation Level: 292.11
Pres [hPa] of the Lifted Condensation Level: 906.84
     Mean mixed layer potential temperature: 300.40
              Mean mixed layer mixing ratio: 15.48
              1000 hPa to 500 hPa thickness: 5777.00
Precipitable water [mm] for entire sounding: 52.00
</PRE>
<P>Description of the 
<A HREF="/upperair/columns.html">data columns</A>
or <A HREF="/upperair/indices.html">sounding indices</A>.

<P>
<FORM>
<INPUT CLASS="button" TYPE="button" VALUE=" Close this window " 
 onClick="window.close();">
<INPUT CLASS="button" TYPE="button" VALUE=" Select another map " 
 onClick="window.blur();">
</FORM>
<HR SIZE="1">
<I>Interested in graduate studies in atmospheric science?
Check out our program at the
<a href="http://www.uwyo.edu/atsc/howtoapply/"
target=_top>University of Wyoming
</a></I>
<HR SIZE="1"><FONT SIZE="-1">
Questions about the weather data provided by this site can be
addressed to <A HREF="mailto:ldoolman@uwyo.edu">
Larry Oolman (ldoolman@uwyo.edu)</A></FONT>
<HR SIZE="1">
<SCRIPT TYPE="text/javascript">
<!--
window.focus();
// -->
</SCRIPT>
</BODY>
</HTML>
