2017-10-02 00
<HTML>
<TITLE>University of Wyoming - Radiosonde Data</TITLE>
<LINK REL="StyleSheet" HREF="/resources/select.css" TYPE="text/css">
<BODY BGCOLOR="white">
<H2>97180 WAAA Ujung Pandang Observations at 00Z 02 Oct 2017</H2>
<PRE>
-----------------------------------------------------------------------------
   PRES   HGHT   TEMP   DWPT   RELH   MIXR   DRCT   SKNT   THTA   THTE   THTV
    hPa     m      C      C      %    g/kg    deg   knot     K      K      K 
-----------------------------------------------------------------------------
 1010.0     14   24.0   20.9     83  15.67      0      0  296.3  341.6  299.1
 1009.0     22   25.6   20.6     74  15.39      8      0  298.0  342.8  300.7
 1000.0     97   26.0   20.0     70  14.95     85      2  299.1  343.0  301.8
  990.0    187   26.0   20.0     70  15.10     67      2  300.0  344.4  302.7
  978.0    295   25.1   20.4     75  15.69     45      2  300.2  346.3  303.0
  955.0    506   23.4   21.2     87  16.91     35      2  300.5  350.3  303.5
  945.0    599   22.9   20.1     84  15.95     30      2  300.9  348.0  303.8
  925.0    787   22.0   17.9     78  14.15     35      2  301.8  343.8  304.4
  913.0    900   21.5   16.6     73  13.16     90      2  302.4  341.6  304.8
  885.0   1169   20.4   13.4     64  11.03     83      3  304.0  337.1  306.0
  851.0   1506   18.5   11.5     64  10.08     75      5  305.4  335.9  307.2
  850.0   1516   18.4   11.4     64  10.05     75      5  305.4  335.9  307.2
  822.0   1802   16.3    9.9     66   9.39    100     11  306.2  334.7  307.9
  799.0   2044   14.6    8.6     67   8.85     95     13  306.8  333.9  308.4
  771.0   2345   13.6   -1.4     35   4.50     88     15  308.9  323.1  309.7
  739.0   2701   12.0    0.7     46   5.46     80     18  310.9  328.2  311.9
  719.0   2931   11.0    2.0     54   6.19     85     15  312.2  331.8  313.4
  710.0   3036   11.0    5.0     66   7.76     87     14  313.4  337.8  314.8
  700.0   3155   11.2    4.2     62   7.44     90     13  314.9  338.5  316.3
  688.0   3299   10.5    3.5     62   7.18     95     13  315.6  338.5  317.0
  665.0   3582    9.0    2.0     62   6.69     81     13  317.0  338.6  318.3
  640.0   3894    7.0    0.4     63   6.21     65     13  318.2  338.4  319.4
  573.0   4794    1.2   -4.1     68   4.97     80     12  321.7  338.1  322.6
  560.0   4981    0.0   -5.0     69   4.74     72     13  322.4  338.1  323.3
  542.0   5242   -2.1   -6.3     73   4.43     62     15  322.9  337.7  323.8
  531.0   5405   -2.1   -7.8     65   4.02     55     16  324.8  338.4  325.6
  529.0   5435   -2.1   -8.1     63   3.95     56     15  325.1  338.5  325.9
  500.0   5880   -5.1   -9.8     70   3.65     65      7  326.8  339.3  327.5
  474.0   6295   -8.1  -11.3     78   3.42     75     10  328.0  339.8  328.7
  458.0   6562  -10.1  -12.3     84   3.27     74     11  328.8  340.1  329.4
  427.0   7097  -14.1  -15.5     89   2.70     71     14  330.4  339.9  330.9
  421.0   7204  -14.6  -16.1     88   2.60     70     15  331.1  340.3  331.6
  410.0   7404  -15.5  -17.3     86   2.41     57     16  332.4  341.0  332.9
  400.0   7590  -15.7  -20.7     65   1.85     45     16  334.5  341.3  334.9
  399.0   7609  -15.7  -21.7     60   1.70     45     16  334.7  341.0  335.1
  374.0   8093  -19.5  -26.2     55   1.21     35     18  336.0  340.5  336.2
  365.0   8275  -20.9  -27.9     53   1.06     37     16  336.4  340.5  336.6
  363.0   8316  -21.1  -26.1     64   1.26     37     15  336.7  341.4  336.9
  362.0   8336  -20.9  -29.9     44   0.89     37     15  337.2  340.6  337.4
  356.0   8460  -21.9  -26.0     69   1.30     38     14  337.5  342.4  337.8
  345.0   8690  -23.6  -26.3     78   1.30     40     11  338.2  343.1  338.5
  342.0   8754  -24.1  -26.4     81   1.30     37     11  338.4  343.3  338.7
  331.0   8991  -25.7  -28.8     75   1.08     25     10  339.4  343.6  339.6
  312.0   9419  -28.5  -33.0     65   0.77     43     11  341.2  344.3  341.4
  300.0   9700  -30.1  -38.1     46   0.48     55     11  342.8  344.8  342.9
  297.0   9771  -30.5  -40.5     37   0.38     57     10  343.3  344.8  343.3
  280.0  10182  -33.9  -44.2     34   0.27     70      6  344.2  345.4  344.3
  252.0  10916  -39.9  -50.9     30   0.14     14      2  345.8  346.4  345.9
  250.0  10970  -40.3                          10      2  346.0         346.0
  245.0  11104  -41.5                           5      1  346.3         346.3
  235.0  11380  -43.9                         335      3  346.8         346.8
  224.0  11698  -46.6                          25      3  347.4         347.4
  214.0  12001  -49.2                          55      4  347.9         347.9
  200.0  12450  -53.1                          50      5  348.5         348.5
  196.0  12576  -54.2                          40      4  348.8         348.8
  169.0  13498  -62.2                         100      5  350.5         350.5
  161.0  13800  -64.9                         125      5  351.0         351.0
  150.0  14240  -68.7                         115      9  351.6         351.6
  139.0  14688  -72.8                          90     12  352.2         352.2
  134.0  14904  -74.7                          95     13  352.4         352.4
  107.0  16187  -80.8                         125     18  364.3         364.3
  105.0  16295  -81.3                         115     15  365.3         365.3
  101.0  16514  -79.1                          65      5  373.6         373.6
  100.0  16570  -78.5                          50      4  375.8         375.8
   96.2  16792  -75.9                         112      2  385.1         385.1
   96.0  16804  -76.0                         115      2  385.1         385.1
   91.0  17109  -78.0                           0      1  387.1         387.1
   87.0  17366  -79.7                         270      5  388.6         388.6
   86.1  17425  -80.1                         274      6  389.0         389.0
   82.0  17702  -79.3                         290     12  396.1         396.1
   76.2  18118  -78.1                         244     18  407.0         407.0
   74.0  18288  -76.0                         225     20  414.9         414.9
   70.0  18610  -71.9                         230     24  430.2         430.2
   67.0  18871  -67.5                         260     30  445.2         445.2
   66.6  18907  -66.9                         260     30  447.2         447.2
   50.0  20630  -69.1                         255     38  480.2         480.2
   49.0  20750  -69.4                         260     38  482.4         482.4
   47.0  20998  -69.9                         255     31  486.9         486.9
   45.0  21257  -69.5                         250     24  493.9         493.9
   39.0  22110  -68.3                         110     23  517.5         517.5
   38.0  22265  -68.1                          97     23  522.0         522.0
   35.0  22763  -63.6                          55     23  546.0         546.0
   34.9  22781  -63.5                          56     23  546.8         546.8
   32.0  23314  -62.7                          95     35  562.7         562.7
   30.0  23710  -62.1                          95     48  574.8         574.8
   28.1  24115  -62.7                          94     55  584.0         584.0
   24.0  25102  -58.0                          90     73  624.6         624.6
   23.0  25369  -56.7                          90     73  636.0         636.0
   21.0  25949  -55.5                          90     72  656.2         656.2
   20.0  26260  -54.9                          90     72  667.4         667.4
   19.0  26589  -53.8                          95     98  680.5         680.5
   18.7  26691  -53.5                                     684.7         684.7
</PRE><H3>Station information and sounding indices</H3><PRE>
                         Station identifier: WAAA
                             Station number: 97180
                           Observation time: 171002/0000
                           Station latitude: -5.06
                          Station longitude: 119.55
                          Station elevation: 14.0
                            Showalter index: 3.55
                               Lifted index: -0.51
    LIFT computed using virtual temperature: -0.80
                                SWEAT index: 153.78
                                    K index: 27.90
                         Cross totals index: 16.50
                      Vertical totals index: 23.50
                        Totals totals index: 40.00
      Convective Available Potential Energy: 148.79
             CAPE using virtual temperature: 201.42
                      Convective Inhibition: -172.43
             CINS using virtual temperature: -58.26
                           Equilibrum Level: 311.88
 Equilibrum Level using virtual temperature: 310.70
                   Level of Free Convection: 575.97
             LFCT using virtual temperature: 813.03
                     Bulk Richardson Number: 17.90
          Bulk Richardson Number using CAPV: 24.23
  Temp [K] of the Lifted Condensation Level: 292.50
Pres [hPa] of the Lifted Condensation Level: 917.47
     Mean mixed layer potential temperature: 299.80
              Mean mixed layer mixing ratio: 15.69
              1000 hPa to 500 hPa thickness: 5783.00
Precipitable water [mm] for entire sounding: 49.00
</PRE>
<P>Description of the 
<A HREF="/upperair/columns.html">data columns</A>
or <A HREF="/upperair/indices.html">sounding indices</A>.

<P>
<FORM>
<INPUT CLASS="button" TYPE="button" VALUE=" Close this window " 
 onClick="window.close();">
<INPUT CLASS="button" TYPE="button" VALUE=" Select another map " 
 onClick="window.blur();">
</FORM>
<HR SIZE="1">
<I>Interested in graduate studies in atmospheric science?
Check out our program at the
<a href="http://www.uwyo.edu/atsc/howtoapply/"
target=_top>University of Wyoming
</a></I>
<HR SIZE="1"><FONT SIZE="-1">
Questions about the weather data provided by this site can be
addressed to <A HREF="mailto:ldoolman@uwyo.edu">
Larry Oolman (ldoolman@uwyo.edu)</A></FONT>
<HR SIZE="1">
<SCRIPT TYPE="text/javascript">
<!--
window.focus();
// -->
</SCRIPT>
</BODY>
</HTML>
