2017-09-12 00
<HTML>
<TITLE>University of Wyoming - Radiosonde Data</TITLE>
<LINK REL="StyleSheet" HREF="/resources/select.css" TYPE="text/css">
<BODY BGCOLOR="white">
<H2>97180 WAAA Ujung Pandang Observations at 00Z 12 Sep 2017</H2>
<PRE>
-----------------------------------------------------------------------------
   PRES   HGHT   TEMP   DWPT   RELH   MIXR   DRCT   SKNT   THTA   THTE   THTV
    hPa     m      C      C      %    g/kg    deg   knot     K      K      K 
-----------------------------------------------------------------------------
 1010.0     14   27.0   21.0     70  15.77    105      4  299.3  345.5  302.1
 1009.0     22   29.2   17.2     48  12.38    109      4  301.6  338.4  303.8
 1008.0     31   28.2   15.2     45  10.89    113      4  300.7  332.9  302.6
 1000.0     98   27.2   15.2     48  10.97    145      4  300.4  332.9  302.3
  978.0    295   25.1   15.7     56  11.62    155      6  300.1  334.5  302.2
  975.0    322   24.8   15.8     57  11.71    155      6  300.1  334.7  302.2
  945.0    596   23.6   15.8     62  12.09    155      4  301.6  337.5  303.8
  925.0    784   22.8   15.8     65  12.35    125      6  302.6  339.4  304.9
  914.0    889   22.2   15.2     65  12.02    116      7  303.0  338.9  305.2
  885.0   1170   21.6   10.6     50   9.15     93     10  305.2  333.0  306.9
  852.0   1500   19.3   11.2     59   9.87     65     14  306.2  336.2  308.0
  850.0   1520   19.2   11.2     60   9.92     65     14  306.2  336.4  308.1
  790.0   2145   15.2    7.2     59   8.13     69     16  308.4  333.5  309.9
  764.0   2428   14.6    1.6     41   5.65     71     16  310.8  328.6  311.8
  727.0   2846   13.0    2.0     47   6.12     74     18  313.4  332.9  314.6
  714.0   2997   12.5   -0.4     41   5.24     75     18  314.5  331.4  315.5
  700.0   3163   12.0   -3.0     35   4.40     85     19  315.7  330.1  316.6
  689.0   3295   11.6   -7.1     26   3.27     95     19  316.7  327.6  317.3
  685.0   3344   11.4   -8.6     24   2.93     95     19  317.0  326.8  317.6
  617.0   4204    4.9  -11.7     29   2.55    100     17  319.2  327.9  319.7
  606.0   4353    3.8  -12.2     30   2.49     93     16  319.6  328.0  320.0
  547.0   5178    0.0  -14.0     34   2.38     55     11  324.5  332.8  325.0
  532.0   5399   -1.8  -13.3     41   2.58     45      9  324.9  333.9  325.4
  512.0   5702   -4.3  -12.4     53   2.88     15      4  325.5  335.4  326.0
  500.0   5890   -5.9  -11.9     63   3.09     30      6  325.8  336.4  326.4
  496.0   5953   -6.5  -11.5     68   3.22     34      7  325.8  336.9  326.4
  487.0   6096   -7.3  -12.3     67   3.07     42      9  326.5  337.1  327.1
  481.0   6193   -7.9  -13.9     62   2.73     48     10  326.9  336.5  327.5
  476.0   6274   -8.1  -21.1     34   1.50     53     12  327.7  333.1  328.0
  474.0   6307   -8.5  -24.8     25   1.08     55     12  327.6  331.6  327.8
  473.0   6323   -8.7  -26.7     22   0.92     54     12  327.5  330.9  327.7
  463.0   6489   -9.7  -22.7     34   1.34     46     12  328.3  333.2  328.6
  462.0   6506   -9.7  -18.7     48   1.90     45     12  328.5  335.3  328.9
  455.0   6624   -9.7  -27.7     22   0.87     39     13  329.9  333.2  330.1
  449.0   6726   -9.5  -37.5      8   0.34     34     13  331.4  332.8  331.5
  439.0   6900  -10.8  -31.7     16   0.62     25     13  331.9  334.3  332.0
  431.0   7041  -11.9  -26.9     28   0.99     11     13  332.3  336.0  332.5
  422.0   7203  -12.7  -32.7     17   0.58    355     12  333.3  335.6  333.4
  415.0   7330  -13.3  -37.3     11   0.38    347     11  334.1  335.6  334.2
  400.0   7610  -15.1  -34.1     18   0.54    330      9  335.3  337.4  335.4
  375.0   8085  -18.2  -40.0     13   0.31    330      4  337.4  338.7  337.4
  360.0   8386  -20.2  -43.8     10   0.22      0      1  338.7  339.6  338.7
  345.0   8699  -22.3  -47.7      8   0.15     90      3  340.0  340.7  340.1
  332.0   8982  -24.1  -51.3      6   0.10     75     11  341.2  341.7  341.2
  311.0   9462  -27.3  -57.3      4   0.05     85     14  343.2  343.5  343.2
  300.0   9720  -29.3  -58.3      4   0.05     90     16  344.0  344.2  344.0
  293.0   9886  -30.6  -57.5      5   0.06     95     12  344.4  344.6  344.4
  280.0  10204  -33.2  -55.8      9   0.07     40     10  345.1  345.5  345.2
  250.0  11000  -39.7  -51.7     27   0.13     50     19  346.9  347.5  346.9
  249.0  11027  -39.9  -51.9     27   0.13     51     19  347.0  347.6  347.0
  225.0  11699  -45.4                          65     22  348.8         348.8
  200.0  12480  -51.7                          45     29  350.7         350.7
  196.0  12607  -52.8                          50     30  351.1         351.1
  162.0  13806  -62.8                          70     18  353.8         353.8
  150.0  14290  -66.9                         100     15  354.6         354.6
  126.0  15294  -75.3                         135     16  357.6         357.6
  108.0  16182  -82.7                         110     19  359.8         359.8
  107.0  16236  -83.1                         110     20  359.9         359.9
  100.0  16610  -82.5                          70     28  368.1         368.1
   97.0  16780  -83.2                          55     30  370.0         370.0
   96.5  16809  -83.3                          53     29  370.3         370.3
   94.3  16938  -82.5                          42     23  374.3         374.3
   92.1  17072  -76.9                          31     17  387.9         387.9
   92.0  17078  -76.7                          30     17  388.4         388.4
   90.9  17148  -74.9                          11     15  393.3         393.3
   87.0  17400  -76.3                         300     10  395.4         395.4
   83.0  17670  -77.9                         265     23  397.6         397.6
   78.0  18028  -80.0                         260     16  400.4         400.4
   77.7  18050  -80.1                         255     13  400.6         400.6
   74.0  18328  -78.7                         300      5  409.1         409.1
   72.9  18413  -78.3                         305      8  411.8         411.8
   71.0  18567  -73.0                         315     13  426.1         426.1
   70.1  18642  -70.5                         311     13  433.1         433.1
   70.0  18650  -70.3                         310     13  433.7         433.7
   67.4  18876  -66.5                         294     15  446.6         446.6
   58.0  19776  -69.0                         230     25  460.4         460.4
   56.5  19933  -69.5                         235     25  462.9         462.9
   50.5  20601  -69.5                         258     24  477.9         477.9
   50.0  20660  -69.3                         260     24  479.8         479.8
   47.0  21034  -65.1                         210      6  498.4         498.4
   46.6  21086  -64.5                         191      7  501.1         501.1
   45.0  21300  -64.2                         115     10  506.9         506.9
   41.0  21873  -63.3                          20      7  522.8         522.8
   36.2  22638  -62.1                          73     18  544.7         544.7
   34.0  23025  -62.8                         100     23  552.7         552.7
   32.6  23284  -63.3                          95     32  558.1         558.1
   31.8  23437  -63.5                          92     38  561.5         561.5
   31.2  23555  -60.7                          90     42  572.1         572.1
   30.0  23800  -58.5                          85     51  584.6         584.6
   29.7  23863  -58.7                          86     52  585.7         585.7
   29.0  24012  -58.8                          90     53  589.6         589.6
   27.3  24389  -58.9                          89     56  599.4         599.4
   25.0  24940  -57.5                          87     61  618.7         618.7
   23.0  25471  -52.9                          85     66  647.2         647.2
   22.9  25499  -52.6                          85     66  648.7         648.7
   22.6  25583  -51.9                          85     66  653.3         653.3
   20.0  26370  -52.1                          90     64  675.9         675.9
   19.0  26703  -50.6                          85     64  690.5         690.5
   18.8  26772  -50.3                                     693.6         693.6
</PRE><H3>Station information and sounding indices</H3><PRE>
                         Station identifier: WAAA
                             Station number: 97180
                           Observation time: 170912/0000
                           Station latitude: -5.06
                          Station longitude: 119.55
                          Station elevation: 14.0
                            Showalter index: 2.51
                               Lifted index: 3.36
    LIFT computed using virtual temperature: 3.25
                                SWEAT index: 168.41
                                    K index: 21.30
                         Cross totals index: 17.10
                      Vertical totals index: 25.10
                        Totals totals index: 42.20
      Convective Available Potential Energy: 0.00
             CAPE using virtual temperature: 0.00
                      Convective Inhibition: 0.00
             CINS using virtual temperature: 0.00
                     Bulk Richardson Number: 0.00
          Bulk Richardson Number using CAPV: 0.00
  Temp [K] of the Lifted Condensation Level: 286.50
Pres [hPa] of the Lifted Condensation Level: 846.86
     Mean mixed layer potential temperature: 300.44
              Mean mixed layer mixing ratio: 11.52
              1000 hPa to 500 hPa thickness: 5792.00
Precipitable water [mm] for entire sounding: 36.15
</PRE>
<P>Description of the 
<A HREF="/upperair/columns.html">data columns</A>
or <A HREF="/upperair/indices.html">sounding indices</A>.

<P>
<FORM>
<INPUT CLASS="button" TYPE="button" VALUE=" Close this window " 
 onClick="window.close();">
<INPUT CLASS="button" TYPE="button" VALUE=" Select another map " 
 onClick="window.blur();">
</FORM>
<HR SIZE="1">
<I>Interested in graduate studies in atmospheric science?
Check out our program at the
<a href="http://www.uwyo.edu/atsc/howtoapply/"
target=_top>University of Wyoming
</a></I>
<HR SIZE="1"><FONT SIZE="-1">
Questions about the weather data provided by this site can be
addressed to <A HREF="mailto:ldoolman@uwyo.edu">
Larry Oolman (ldoolman@uwyo.edu)</A></FONT>
<HR SIZE="1">
<SCRIPT TYPE="text/javascript">
<!--
window.focus();
// -->
</SCRIPT>
</BODY>
</HTML>
