2017-08-01 12
<HTML>
<TITLE>University of Wyoming - Radiosonde Data</TITLE>
<LINK REL="StyleSheet" HREF="/resources/select.css" TYPE="text/css">
<BODY BGCOLOR="white">
<H2>97180 WAAA Ujung Pandang Observations at 00Z 01 Aug 2017</H2>
<PRE>
-----------------------------------------------------------------------------
   PRES   HGHT   TEMP   DWPT   RELH   MIXR   DRCT   SKNT   THTA   THTE   THTV
    hPa     m      C      C      %    g/kg    deg   knot     K      K      K 
-----------------------------------------------------------------------------
 1011.0     14   20.0   18.1     89  13.10      0      0  292.2  329.5  294.5
 1010.0     23   22.8   16.8     69  12.06     12      1  295.1  329.9  297.2
 1008.0     41   24.2   17.2     65  12.40     35      2  296.7  332.7  298.9
 1000.0    112   24.8   16.8     61  12.18    130      7  297.9  333.6  300.1
  985.0    245   25.2   16.2     57  11.89    123      8  299.6  334.7  301.8
  979.0    299   24.8   16.1     58  11.88    120      8  299.8  334.8  301.9
  946.0    599   22.5   15.4     64  11.78    145      5  300.4  335.2  302.5
  925.0    796   21.0   15.0     69  11.72    150      1  300.8  335.5  302.9
  914.0    899   20.3   15.7     75  12.39    255      1  301.1  337.8  303.4
  902.0   1012   19.6   16.4     82  13.18    209      1  301.5  340.5  303.9
  883.0   1194   19.6   13.0     66  10.74    135      2  303.3  335.6  305.3
  881.0   1214   19.6   12.6     64  10.51    136      2  303.5  335.1  305.5
  852.0   1499   17.9   10.0     60   9.11    155      7  304.7  332.3  306.4
  850.0   1519   17.8    9.8     59   9.02    155      8  304.8  332.1  306.4
  823.0   1794   16.0   10.0     68   9.46    145      3  305.7  334.5  307.5
  802.0   2014   14.6   10.2     75   9.83     19      4  306.5  336.4  308.3
  794.0   2099   14.2    8.4     69   8.81    330      4  306.9  333.8  308.5
  774.0   2314   13.0    4.0     54   6.63    309      3  307.9  328.4  309.1
  769.0   2369   13.4   -1.6     35   4.45    303      3  308.9  323.0  309.7
  766.0   2402   13.4   -3.6     30   3.83    300      3  309.2  321.5  309.9
  750.0   2579   13.4  -14.6     13   1.65    294      2  311.1  316.7  311.4
  741.0   2680   13.0  -22.0      7   0.89    291      2  311.7  314.9  311.9
  739.0   2703   13.0  -21.9      7   0.90    290      2  312.0  315.2  312.2
  713.0   3004   13.3  -20.9      8   1.02    215      3  315.5  319.1  315.7
  706.0   3086   13.4  -20.6      8   1.06    188      5  316.5  320.3  316.7
  700.0   3158   12.8  -19.2      9   1.20    165      6  316.6  320.9  316.9
  688.0   3302   11.7  -19.7      9   1.18    160      9  316.9  321.1  317.2
  664.0   3596    9.4  -20.6     10   1.12    160      8  317.6  321.6  317.8
  646.0   3825    7.6  -21.4     11   1.08    186      4  318.1  321.9  318.3
  640.0   3901    7.0  -18.8     14   1.36    195      3  318.2  323.0  318.5
  633.0   3992    6.2  -15.8     19   1.77    240      3  318.3  324.5  318.7
  625.0   4096    5.2   -6.8     42   3.69    292      2  318.4  330.6  319.1
  623.0   4122    5.0   -4.0     52   4.59    305      2  318.4  333.5  319.3
  617.0   4201    5.0  -13.4     25   2.21    345      2  319.3  326.9  319.7
  616.0   4214    5.0  -15.0     22   1.95    347      2  319.4  326.2  319.8
  607.0   4334    4.6  -19.4     16   1.36      1      5  320.3  325.2  320.6
  601.0   4415    4.6  -19.4     16   1.38     10      6  321.2  326.1  321.5
  600.0   4428    4.6  -21.4     13   1.16     12      7  321.4  325.6  321.6
  598.0   4456    4.6  -15.4     22   1.94     15      7  321.7  328.5  322.1
  597.0   4469    4.4   -7.6     41   3.64     17      7  321.6  333.9  322.3
  595.0   4496    4.2   -7.6     42   3.65     20      8  321.7  334.0  322.4
  573.0   4801    2.1   -7.3     50   3.86     20      8  322.7  335.7  323.5
  560.0   4987    0.8   -7.2     55   4.00     54      7  323.3  336.8  324.1
  552.0   5103    0.5   -9.4     48   3.42     75      6  324.3  335.9  325.0
  539.0   5294    0.0  -13.0     37   2.62     98      7  325.9  335.0  326.4
  532.0   5398   -0.9  -13.2     39   2.61    110      7  326.1  335.2  326.6
  512.0   5702   -3.5  -13.8     45   2.60    110      4  326.5  335.6  327.0
  500.0   5890   -5.1  -14.1     49   2.58    130      3  326.8  335.8  327.3
  493.0   5999   -6.1  -14.3     52   2.58    150      2  326.9  335.9  327.4
  474.0   6305   -8.8  -14.9     61   2.55     30      1  327.2  336.1  327.7
  456.0   6605  -11.5  -15.5     72   2.53     50      4  327.5  336.3  328.0
  452.0   6674  -12.1  -15.6     75   2.53     44      5  327.5  336.4  328.0
  422.0   7196  -15.4  -18.4     78   2.14      0      9  329.8  337.4  330.2
  421.0   7214  -15.5  -18.5     78   2.12      3      9  329.9  337.5  330.3
  405.0   7506  -16.5  -23.7     54   1.40     55      9  332.3  337.4  332.6
  402.0   7562  -16.7  -24.7     50   1.29     61     11  332.7  337.5  333.0
  400.0   7600  -16.7  -26.7     42   1.08     65     12  333.2  337.3  333.4
  374.0   8104  -19.4  -30.3     38   0.83     85     19  336.1  339.3  336.3
  371.0   8165  -19.7  -30.7     37   0.80     84     19  336.5  339.6  336.6
  318.0   9294  -28.9  -33.3     66   0.73     60     26  338.8  341.7  339.0
  300.0   9710  -32.3  -37.3     61   0.52     60     31  339.7  341.8  339.8
  280.0  10192  -36.5  -41.2     62   0.37     60     37  340.5  342.0  340.5
  256.0  10809  -39.9  -47.9     42   0.20     60     45  344.3  345.1  344.3
  250.0  10970  -41.1                          60     50  344.8         344.8
  224.0  11698  -45.4                          55     63  349.2         349.2
  200.0  12450  -49.9                          65     50  353.6         353.6
  198.0  12516  -50.5                          66     49  353.6         353.6
  170.0  13479  -58.4                          80     32  356.3         356.3
  150.0  14270  -64.9                          85     39  358.1         358.1
  133.0  14971  -70.7                          90     33  360.4         360.4
  114.0  15870  -78.0                          50     24  362.9         362.9
  108.0  16185  -80.6                          65     21  363.7         363.7
  106.0  16294  -81.5                          60     20  363.9         363.9
  100.0  16620  -81.5                          30     17  370.0         370.0
   96.3  16833  -81.7                          21     17  373.6         373.6
   93.6  16994  -77.5                          14     18  384.9         384.9
   92.0  17095  -77.2                          10     18  387.4         387.4
   87.0  17420  -76.2                         295     11  395.6         395.6
   83.0  17694  -75.4                         260     20  402.6         402.6
   73.4  18409  -73.3                         264     28  421.5         421.5
   71.0  18606  -71.2                         265     30  430.0         430.0
   70.0  18690  -70.3                         260     32  433.7         433.7
   69.6  18724  -70.1                         259     32  434.8         434.8
   66.0  19037  -71.7                         254     29  438.0         438.0
   59.3  19674  -67.1                         243     23  461.9         461.9
   56.2  19995  -68.5                         237     20  465.8         465.8
   55.0  20125  -67.8                         235     19  470.4         470.4
   50.0  20700  -64.5                         285     13  491.1         491.1
   49.1  20811  -63.9                         286     14  495.0         495.0
   45.0  21346  -63.8                         290     20  507.8         507.8
   41.0  21917  -63.7                         245     15  521.7         521.7
   40.4  22008  -63.7                         233     13  523.9         523.9
   39.0  22226  -62.5                         205      8  532.4         532.4
   37.0  22552  -60.6                         110     17  545.2         545.2
   36.5  22636  -60.1                         107     19  548.6         548.6
   34.0  23077  -61.6                          90     29  555.8         555.8
   33.6  23151  -61.9                          90     31  557.0         557.0
   32.3  23397  -59.1                          90     36  570.8         570.8
   30.0  23860  -59.1                          90     47  582.9         582.9
   27.0  24518  -59.7                          90     56  599.2         599.2
   24.0  25255  -60.3                          90     54  617.8         617.8
   21.7  25889  -55.5                          90     52  650.2         650.2
   20.0  26410  -54.9                          90     51  667.4         667.4
   16.0  27841  -53.3                          90     55  716.6         716.6
   15.6  28004  -53.1                                     722.4         722.4
</PRE><H3>Station information and sounding indices</H3><PRE>
                         Station identifier: WAAA
                             Station number: 97180
                           Observation time: 170801/0000
                           Station latitude: -5.06
                          Station longitude: 119.55
                          Station elevation: 14.0
                            Showalter index: 5.23
                               Lifted index: 4.30
    LIFT computed using virtual temperature: 4.11
                                SWEAT index: 136.60
                                    K index: 0.70
                         Cross totals index: 14.90
                      Vertical totals index: 22.90
                        Totals totals index: 37.80
      Convective Available Potential Energy: 0.00
             CAPE using virtual temperature: 0.00
                      Convective Inhibition: 0.00
             CINS using virtual temperature: 0.00
                     Bulk Richardson Number: 0.00
          Bulk Richardson Number using CAPV: 0.00
  Temp [K] of the Lifted Condensation Level: 287.58
Pres [hPa] of the Lifted Condensation Level: 872.88
     Mean mixed layer potential temperature: 298.99
              Mean mixed layer mixing ratio: 11.99
              1000 hPa to 500 hPa thickness: 5778.00
Precipitable water [mm] for entire sounding: 35.46
</PRE>
<P>Description of the 
<A HREF="/upperair/columns.html">data columns</A>
or <A HREF="/upperair/indices.html">sounding indices</A>.

<P>
<FORM>
<INPUT CLASS="button" TYPE="button" VALUE=" Close this window " 
 onClick="window.close();">
<INPUT CLASS="button" TYPE="button" VALUE=" Select another map " 
 onClick="window.blur();">
</FORM>
<HR SIZE="1">
<I>Interested in graduate studies in atmospheric science?
Check out our program at the
<a href="http://www.uwyo.edu/atsc/howtoapply/"
target=_top>University of Wyoming
</a></I>
<HR SIZE="1"><FONT SIZE="-1">
Questions about the weather data provided by this site can be
addressed to <A HREF="mailto:ldoolman@uwyo.edu">
Larry Oolman (ldoolman@uwyo.edu)</A></FONT>
<HR SIZE="1">
<SCRIPT TYPE="text/javascript">
<!--
window.focus();
// -->
</SCRIPT>
</BODY>
</HTML>
