2017-03-29 12
<HTML>
<TITLE>University of Wyoming - Radiosonde Data</TITLE>
<LINK REL="StyleSheet" HREF="/resources/select.css" TYPE="text/css">
<BODY BGCOLOR="white">
<H2>97180 WAAA Ujung Pandang Observations at 00Z 29 Mar 2017</H2>
<PRE>
-----------------------------------------------------------------------------
   PRES   HGHT   TEMP   DWPT   RELH   MIXR   DRCT   SKNT   THTA   THTE   THTV
    hPa     m      C      C      %    g/kg    deg   knot     K      K      K 
-----------------------------------------------------------------------------
 1011.0     14   25.8   23.6     88  18.53      0      0  298.0  352.1  301.3
 1008.0     40   25.2   21.5     80  16.30     26      1  297.7  345.1  300.6
 1004.0     76   26.6   21.6     74  16.47     60      3  299.4  347.7  302.4
 1000.0    111   27.0   21.0     70  15.93     95      4  300.1  347.0  303.0
  981.0    282   25.6   21.6     79  16.87    310      1  300.4  350.1  303.4
  979.0    300   25.5   21.5     79  16.82    295      1  300.4  350.0  303.5
  925.0    801   22.0   19.3     85  15.48    285     10  301.8  347.7  304.6
  850.0   1529   17.6   13.7     78  11.72    290     13  304.6  339.8  306.7
  842.0   1610   17.0   13.3     79  11.53    288     12  304.8  339.5  306.9
  795.0   2095   14.4   11.3     82  10.67    275      9  307.0  339.5  309.0
  740.0   2700   11.1    8.8     85   9.67    285      6  309.8  339.6  311.6
  714.0   3002    9.5    7.5     87   9.19    250      8  311.2  339.8  312.9
  700.0   3169    8.6    6.8     88   8.93    265      8  312.0  339.8  313.6
  689.0   3300    7.7    7.0     95   9.22    275      7  312.4  341.2  314.1
  685.0   3348    7.4    7.1     98   9.32    271      7  312.6  341.7  314.3
  640.0   3907    5.2    1.6     77   6.77    225      6  316.3  338.0  317.6
  635.0   3972    5.0    1.0     75   6.52    224      6  316.7  337.6  317.9
  632.0   4010    5.4   -3.6     52   4.66    224      6  317.6  332.8  318.5
  612.0   4272    3.8  -11.2     33   2.67    221      7  318.7  327.7  319.2
  583.0   4665    1.0   -5.0     64   4.55    217      8  319.9  334.9  320.7
  581.0   4693    0.8   -4.1     70   4.89    216      8  319.9  336.0  320.9
  576.0   4762    0.6   -8.4     51   3.54    215      8  320.5  332.4  321.2
  575.0   4776    0.6  -11.4     40   2.80    215      8  320.6  330.1  321.2
  573.0   4804    0.5  -10.5     43   3.01    215      8  320.8  331.0  321.4
  565.0   4917    0.0   -7.0     59   4.02    198      8  321.6  335.0  322.3
  559.0   5003   -0.5   -5.2     71   4.67    185      8  321.9  337.5  322.9
  556.0   5046    0.0  -16.0     29   1.98    179      8  323.0  330.0  323.4
  552.0   5104   -0.3   -6.3     64   4.35    170      8  323.3  337.9  324.2
  542.0   5250   -0.5  -11.5     43   2.94    162      8  324.8  334.9  325.4
  525.0   5504   -2.5   -7.5     69   4.17    147      7  325.4  339.5  326.2
  500.0   5890   -5.1   -9.1     73   3.86    125      7  326.8  340.0  327.5
  477.0   6260   -7.3  -11.9     70   3.24    107     11  328.5  339.7  329.1
  475.0   6293   -7.3  -12.3     68   3.15    105     11  328.8  339.8  329.4
  464.0   6477   -7.5  -14.5     57   2.69    110     11  330.8  340.4  331.4
  422.0   7208  -12.5  -18.9     59   2.06    130     11  333.5  341.0  333.9
  400.0   7620  -15.3  -21.3     60   1.76    130     12  335.0  341.5  335.4
  390.0   7809  -16.6  -23.1     57   1.53    115     11  335.8  341.5  336.1
  365.0   8303  -19.9  -27.9     49   1.06    127     13  337.8  341.8  338.0
  360.0   8403  -20.7  -28.5     50   1.02    130     14  338.0  341.9  338.2
  345.0   8710  -23.2  -30.3     52   0.90    115     16  338.8  342.3  339.0
  318.0   9299  -27.9  -33.7     58   0.70    135     22  340.2  343.0  340.4
  300.0   9720  -31.3  -36.1     63   0.59    110     15  341.1  343.5  341.3
  292.0   9908  -32.8  -37.7     62   0.51     95     13  341.6  343.7  341.7
  280.0  10199  -35.2  -40.1     61   0.42     95      5  342.3  344.0  342.4
  268.0  10503  -37.7  -42.7     60   0.33     70     12  342.9  344.3  343.0
  258.0  10766  -39.9  -44.9     59   0.27     70     14  343.5  344.6  343.6
  250.0  10980  -41.7                          70     16  343.9         343.9
  246.0  11087  -42.5                          70     16  344.3         344.3
  235.0  11390  -44.9                          50     15  345.3         345.3
  225.0  11679  -47.1                          65     16  346.2         346.2
  205.0  12296  -51.8                          60     20  348.1         348.1
  200.0  12460  -53.1                          65     22  348.5         348.5
  161.0  13802  -65.5                          90     44  350.0         350.0
  150.0  14240  -69.5                          90     50  350.2         350.2
  142.0  14564  -72.1                          89     55  351.2         351.2
  127.0  15210  -77.3                          85     66  353.2         353.2
  125.0  15301  -77.2                          85     68  354.9         354.9
  115.0  15778  -76.7                          77     39  364.4         364.4
  107.0  16186  -78.9                          70     14  367.9         367.9
  101.0  16514  -80.6                         140      5  370.7         370.7
  100.0  16570  -80.9                         150      7  371.2         371.2
   97.6  16707  -81.7                         145     16  372.2         372.2
   93.0  16980  -81.9                         135     26  377.0         377.0
   91.0  17104  -79.8                         130     30  383.4         383.4
   90.1  17160  -78.9                         130     30  386.4         386.4
   85.1  17486  -80.9                         133     27  388.7         388.7
   82.0  17698  -79.2                         135     25  396.4         396.4
   79.8  17853  -77.9                         116     17  402.1         402.1
   78.0  17986  -75.4                         100     11  409.9         409.9
   77.1  18053  -74.1                          78     10  413.9         413.9
   74.0  18294  -74.6                           0      5  417.8         417.8
   71.9  18463  -74.9                         277      4  420.6         420.6
   70.0  18620  -72.9                         200      4  428.1         428.1
   68.9  18713  -69.9                         193      4  436.5         436.5
   60.8  19451  -71.1                         136      8  449.7         449.7
   60.0  19530  -70.4                         130      8  452.9         452.9
   57.0  19835  -67.8                         150     10  465.4         465.4
   55.5  19994  -66.5                         191     12  472.1         472.1
   55.0  20048  -66.7                         205     13  472.9         472.9
   52.0  20385  -67.9                         214     10  477.7         477.7
   50.0  20620  -66.3                         220      8  486.8         486.8
   49.0  20743  -65.1                         205      7  492.6         492.6
   48.4  20817  -64.3                         189      9  496.1         496.1
   47.0  20995  -65.0                         150     14  498.7         498.7
   43.2  21507  -66.9                         122      8  506.1         506.1
   43.0  21535  -66.8                         120      8  507.2         507.2
   41.0  21825  -65.2                         310      5  518.0         518.0
   37.3  22402  -62.1                         310     11  540.1         540.1
   37.0  22451  -62.2                         310     12  541.1         541.1
   33.0  23153  -63.8                         250     17  554.9         554.9
   32.7  23209  -63.9                         246     17  556.0         556.0
   32.0  23343  -63.1                         235     17  561.5         561.5
   30.0  23740  -60.9                         190      9  578.0         578.0
   28.0  24175  -57.4                          10      9  599.1         599.1
   26.3  24570  -54.3                         336     17  618.9         618.9
   26.0  24643  -54.4                         330     19  620.6         620.6
   24.9  24920  -54.7                         327     15  627.5         627.5
   24.0  25158  -52.7                         325     12  639.9         639.9
   23.0  25433  -50.4                         260      6  654.5         654.5
   22.7  25518  -49.7                         253      8  659.0         659.0
   22.0  25721  -50.4                         235     13  662.9         662.9
   20.0  26340  -52.5                         215      9  674.7         674.7
   18.6  26805  -55.9                         239      6  678.2         678.2
   18.0  27015  -55.6                         250      5  685.7         685.7
   17.0  27381  -55.0                         315      7  698.8         698.8
   16.0  27768  -54.4                         285     14  713.0         713.0
   15.0  28181  -53.7                         190     15  728.5         728.5
   14.4  28442  -53.3                                     738.4         738.4
</PRE><H3>Station information and sounding indices</H3><PRE>
                         Station identifier: WAAA
                             Station number: 97180
                           Observation time: 170329/0000
                           Station latitude: -5.06
                          Station longitude: 119.55
                          Station elevation: 14.0
                            Showalter index: 1.87
                               Lifted index: -1.57
    LIFT computed using virtual temperature: -1.91
                                SWEAT index: 197.38
                                    K index: 34.60
                         Cross totals index: 18.80
                      Vertical totals index: 22.70
                        Totals totals index: 41.50
      Convective Available Potential Energy: 549.64
             CAPE using virtual temperature: 670.46
                      Convective Inhibition: -36.08
             CINS using virtual temperature: -25.98
                           Equilibrum Level: 206.12
 Equilibrum Level using virtual temperature: 206.11
                   Level of Free Convection: 837.92
             LFCT using virtual temperature: 860.13
                     Bulk Richardson Number: 152.72
          Bulk Richardson Number using CAPV: 186.29
  Temp [K] of the Lifted Condensation Level: 293.41
Pres [hPa] of the Lifted Condensation Level: 923.46
     Mean mixed layer potential temperature: 300.18
              Mean mixed layer mixing ratio: 16.51
              1000 hPa to 500 hPa thickness: 5779.00
Precipitable water [mm] for entire sounding: 54.95
</PRE>
<P>Description of the 
<A HREF="/upperair/columns.html">data columns</A>
or <A HREF="/upperair/indices.html">sounding indices</A>.

<P>
<FORM>
<INPUT CLASS="button" TYPE="button" VALUE=" Close this window " 
 onClick="window.close();">
<INPUT CLASS="button" TYPE="button" VALUE=" Select another map " 
 onClick="window.blur();">
</FORM>
<HR SIZE="1">
<I>Interested in graduate studies in atmospheric science?
Check out our program at the
<a href="http://www.uwyo.edu/atsc/howtoapply/"
target=_top>University of Wyoming
</a></I>
<HR SIZE="1"><FONT SIZE="-1">
Questions about the weather data provided by this site can be
addressed to <A HREF="mailto:ldoolman@uwyo.edu">
Larry Oolman (ldoolman@uwyo.edu)</A></FONT>
<HR SIZE="1">
<SCRIPT TYPE="text/javascript">
<!--
window.focus();
// -->
</SCRIPT>
</BODY>
</HTML>
