2018-11-20 00
<HTML>
<TITLE>University of Wyoming - Radiosonde Data</TITLE>
<LINK REL="StyleSheet" HREF="/resources/select.css" TYPE="text/css">
<BODY BGCOLOR="white">
<H2>97180 WAAA Ujung Pandang Observations at 00Z 20 Nov 2018</H2>
<PRE>
-----------------------------------------------------------------------------
   PRES   HGHT   TEMP   DWPT   RELH   MIXR   DRCT   SKNT   THTA   THTE   THTV
    hPa     m      C      C      %    g/kg    deg   knot     K      K      K 
-----------------------------------------------------------------------------
 1011.0     14   26.4   24.5     89  19.59      0      0  298.6  355.9  302.1
 1004.0     76   25.4   22.5     84  17.43     79      3  298.2  349.1  301.3
 1000.0    112   26.2   23.2     84  18.28    125      4  299.4  353.0  302.6
  999.0    121   26.2   23.2     84  18.30    133      4  299.4  353.1  302.7
  979.0    298   25.1   22.2     84  17.55    300      4  300.1  351.7  303.3
  925.0    796   22.2   19.4     84  15.58    300     14  302.0  348.2  304.8
  903.0   1005   20.4   18.6     89  15.17    290     13  302.2  347.2  305.0
  883.0   1198   19.6   16.8     84  13.81    280     13  303.3  344.5  305.8
  850.0   1526   18.2   13.7     75  11.72    270      9  305.2  340.5  307.4
  848.0   1546   18.4   13.4     73  11.52    269      9  305.6  340.4  307.7
  823.0   1800   16.6   11.7     72  10.57    260      8  306.4  338.5  308.3
  795.0   2093   14.6    9.6     72   9.54    225     10  307.3  336.4  309.0
  767.0   2396   12.5    7.5     72   8.57    225      8  308.2  334.6  309.8
  742.0   2677   10.6    5.6     71   7.74    241      9  309.0  333.0  310.4
  728.0   2836   11.0    1.0     50   5.68    251     10  311.1  329.1  312.2
  714.0   2997    9.8    0.8     53   5.71    260     11  311.6  329.7  312.6
  700.0   3162    8.6    0.6     57   5.74    265     12  312.0  330.2  313.1
  697.0   3198    8.8    1.8     61   6.29    264     12  312.6  332.5  313.8
  668.0   3550    6.6   -3.4     49   4.48    252     14  313.9  328.4  314.8
  662.0   3624    6.8  -11.2     26   2.47    249     14  315.0  323.2  315.4
  642.0   3876    5.4  -15.6     20   1.78    241     15  316.1  322.2  316.5
  640.0   3901    5.2  -15.1     21   1.86    240     15  316.2  322.6  316.6
  604.0   4373    1.8   -6.2     55   4.00    252     11  317.6  330.8  318.3
  594.0   4508    1.3   -9.2     46   3.22    255     10  318.5  329.3  319.1
  592.0   4535    1.2   -9.8     44   3.08    253     10  318.7  329.0  319.3
  586.0   4617    1.4  -16.6     25   1.79    246     10  319.8  326.1  320.2
  571.0   4826    0.0  -26.0     12   0.81    227     10  320.6  323.5  320.7
  554.0   5068   -1.1  -31.1      8   0.52    206     10  322.1  324.0  322.2
  546.0   5184   -2.1  -32.1      8   0.48    196     10  322.2  324.0  322.3
  544.0   5214   -2.3  -32.3      8   0.47    194     10  322.3  324.1  322.4
  541.0   5258   -2.5  -17.5     31   1.80    190     10  322.6  328.9  322.9
  531.0   5406   -3.7  -15.7     39   2.13    177     10  322.9  330.3  323.3
  511.0   5709   -5.7  -20.4     30   1.48    150     10  324.0  329.3  324.3
  509.0   5740   -5.9  -20.9     30   1.43    149      9  324.1  329.2  324.4
  504.0   5817   -6.5  -11.3     69   3.22    147      8  324.3  335.3  324.9
  500.0   5880   -6.5   -9.1     82   3.86    145      7  325.1  338.2  325.8
  499.0   5896   -6.5   -8.8     84   3.96    145      7  325.2  338.7  326.0
  478.0   6229   -8.5  -14.5     62   2.62    138     12  326.8  335.9  327.3
  476.0   6262   -7.9  -19.9     38   1.67    138     13  327.9  333.9  328.2
  463.0   6475   -9.1  -22.1     34   1.41    133     16  329.0  334.2  329.3
  460.0   6526   -9.1  -18.1     48   2.01    132     16  329.6  336.8  330.0
  438.0   6901  -11.4  -16.9     64   2.34    125     22  331.4  339.8  331.9
  435.0   6954  -11.7  -16.7     66   2.39    127     22  331.6  340.2  332.1
  423.0   7167  -13.1  -18.1     66   2.19    137     24  332.5  340.4  333.0
  411.0   7385  -14.1  -27.1     32   1.02    146     26  334.0  337.8  334.2
  404.0   7515  -13.9  -41.9      7   0.24    152     26  335.9  336.9  335.9
  400.0   7590  -14.3  -33.3     18   0.58    155     27  336.3  338.6  336.4
  390.0   7781  -16.1  -33.1     22   0.61    155     29  336.4  338.8  336.5
  376.0   8054  -18.1  -46.1      7   0.16    155     32  337.3  338.0  337.3
  374.0   8094  -18.4  -46.4      7   0.16    155     32  337.4  338.1  337.5
  331.0   8989  -24.7  -53.5      5   0.08    160     24  340.7  341.0  340.7
  320.0   9237  -26.5  -55.5      5   0.06    170     23  341.6  341.9  341.6
  312.0   9419  -27.1  -41.1     25   0.34    177     22  343.2  344.6  343.3
  307.0   9535  -27.7  -38.7     34   0.44    182     21  343.9  345.8  344.0
  304.0   9605  -28.1  -43.1     22   0.28    185     21  344.4  345.5  344.4
  301.0   9676  -28.5  -47.5     14   0.17    185     21  344.8  345.5  344.8
  300.0   9700  -28.7  -49.7     11   0.14    185     21  344.8  345.4  344.8
  278.0  10238  -33.7  -46.7     26   0.21    178     18  345.2  346.1  345.2
  268.0  10491  -35.9  -50.4     21   0.14    175     17  345.6  346.2  345.6
  251.0  10943  -39.9  -56.9     15   0.07    166     13  346.2  346.5  346.2
  250.0  10970  -40.1                         165     13  346.3         346.3
  245.0  11105  -41.3                         165     12  346.5         346.5
  235.0  11383  -43.8                         180     12  346.9         346.9
  214.0  12008  -49.3                         125     10  347.8         347.8
  200.0  12460  -53.3                         110     11  348.2         348.2
  169.0  13508  -62.2                          55     25  350.6         350.6
  150.0  14250  -68.5                          55     35  351.9         351.9
  125.0  15310  -77.0                          50     47  355.4         355.4
  122.0  15451  -78.1                          56     43  355.8         355.8
  116.0  15739  -75.5                          69     34  365.8         365.8
  107.0  16197  -78.8                          90     20  368.1         368.1
  100.0  16580  -81.5                          90     15  370.0         370.0
   96.0  16807  -82.5                         100     10  372.3         372.3
   82.0  17682  -86.6                          80     15  381.2         381.2
   80.4  17792  -87.1                          80     17  382.3         382.3
   77.6  17986  -86.3                          80     15  387.9         387.9
   76.3  18079  -85.7                          80     14  391.0         391.0
   75.3  18153  -80.3                          80     14  403.8         403.8
   70.0  18570  -77.5                          80     10  418.3         418.3
   69.5  18611  -77.5                          81     11  419.1         419.1
   68.5  18694  -74.7                          82     12  426.9         426.9
   63.0  19182  -73.3                          90     21  440.3         440.3
   60.0  19467  -72.5                         105     26  448.3         448.3
   58.0  19664  -71.9                          99     30  454.0         454.0
   55.2  19957  -68.7                          89     36  467.8         467.8
   54.0  20089  -68.3                          85     39  471.6         471.6
   50.0  20550  -66.9                         105     52  485.4         485.4
   49.9  20562  -66.7                         106     52  486.2         486.2
   49.0  20672  -67.2                         110     52  487.4         487.4
   46.7  20961  -68.7                         103     46  490.7         490.7
   44.0  21323  -65.1                          95     39  507.9         507.9
   42.0  21606  -62.2                         110     15  521.7         521.7
   41.9  21620  -62.1                         110     15  522.4         522.4
   40.0  21906  -62.8                         120     18  527.7         527.7
   39.2  22031  -63.1                         109     19  530.0         530.0
   36.8  22423  -59.1                          76     22  549.9         549.9
   36.0  22560  -59.3                          65     23  552.8         552.8
   35.0  22736  -59.6                          25     13  556.5         556.5
   33.0  23104  -60.2                         275      9  564.4         564.4
   32.6  23180  -60.3                         247      9  566.1         566.1
   32.0  23297  -58.6                         205      9  573.5         573.5
   31.1  23476  -56.1                                     585.1         585.1
</PRE><H3>Station information and sounding indices</H3><PRE>
                         Station identifier: WAAA
                             Station number: 97180
                           Observation time: 181120/0000
                           Station latitude: -5.06
                          Station longitude: 119.55
                          Station elevation: 14.0
                            Showalter index: 0.17
                               Lifted index: -4.01
    LIFT computed using virtual temperature: -4.44
                                SWEAT index: 189.38
                                    K index: 30.40
                         Cross totals index: 20.20
                      Vertical totals index: 24.70
                        Totals totals index: 44.90
      Convective Available Potential Energy: 1018.45
             CAPE using virtual temperature: 1243.39
                      Convective Inhibition: -22.55
             CINS using virtual temperature: -13.24
                           Equilibrum Level: 156.67
 Equilibrum Level using virtual temperature: 156.13
                   Level of Free Convection: 830.27
             LFCT using virtual temperature: 903.77
                     Bulk Richardson Number: 165.19
          Bulk Richardson Number using CAPV: 201.68
  Temp [K] of the Lifted Condensation Level: 294.81
Pres [hPa] of the Lifted Condensation Level: 942.57
     Mean mixed layer potential temperature: 299.84
              Mean mixed layer mixing ratio: 17.66
              1000 hPa to 500 hPa thickness: 5768.00
Precipitable water [mm] for entire sounding: 46.72
</PRE>
<P>Description of the 
<A HREF="/upperair/columns.html">data columns</A>
or <A HREF="/upperair/indices.html">sounding indices</A>.

<P>
<FORM>
<INPUT CLASS="button" TYPE="button" VALUE=" Close this window " 
 onClick="window.close();">
<INPUT CLASS="button" TYPE="button" VALUE=" Select another map " 
 onClick="window.blur();">
</FORM>
<HR SIZE="1">
<I>Interested in graduate studies in atmospheric science?
Check out our program at the
<a href="http://www.uwyo.edu/atsc/howtoapply/"
target=_top>University of Wyoming
</a></I>
<HR SIZE="1"><FONT SIZE="-1">
Questions about the weather data provided by this site can be
addressed to <A HREF="mailto:ldoolman@uwyo.edu">
Larry Oolman (ldoolman@uwyo.edu)</A></FONT>
<HR SIZE="1">
<SCRIPT TYPE="text/javascript">
<!--
window.focus();
// -->
</SCRIPT>
</BODY>
</HTML>
