2017-03-12 00
<HTML>
<TITLE>University of Wyoming - Radiosonde Data</TITLE>
<LINK REL="StyleSheet" HREF="/resources/select.css" TYPE="text/css">
<BODY BGCOLOR="white">
<H2>97180 WAAA Ujung Pandang Observations at 00Z 12 Mar 2017</H2>
<PRE>
-----------------------------------------------------------------------------
   PRES   HGHT   TEMP   DWPT   RELH   MIXR   DRCT   SKNT   THTA   THTE   THTV
    hPa     m      C      C      %    g/kg    deg   knot     K      K      K 
-----------------------------------------------------------------------------
 1010.0     14   25.2   23.5     90  18.44      0      0  297.5  351.1  300.8
 1001.0     93   26.2   21.7     76  16.63    230      4  299.3  348.0  302.2
 1000.0    102   26.6   21.9     75  16.85    215      4  299.8  349.2  302.8
  977.0    307   25.4   20.3     73  15.56    185      8  300.5  346.3  303.3
  925.0    790   22.4   16.4     69  12.84    240      5  302.2  340.4  304.5
  913.0    903   21.7   15.7     69  12.44    235      4  302.6  339.7  304.9
  882.0   1201   19.9   13.9     68  11.43    220      3  303.7  338.0  305.8
  861.0   1409   18.6   12.6     68  10.76    199      4  304.5  336.9  306.5
  852.0   1499   17.9   11.1     64   9.85    190      5  304.7  334.5  306.5
  850.0   1519   17.8   10.8     64   9.66    195      5  304.8  334.0  306.6
  812.0   1910   15.6   12.2     80  11.11    195      5  306.4  340.2  308.5
  794.0   2100   14.7    9.6     71   9.54    195      5  307.5  336.7  309.3
  775.0   2306   13.8    6.8     63   8.06    241      4  308.6  333.5  310.1
  767.0   2393   13.3    6.6     64   8.05    260      3  309.0  333.9  310.5
  739.0   2706   11.5    6.0     69   8.02    170      1  310.4  335.3  311.9
  728.0   2832   10.8    5.8     71   8.01    137      1  310.9  335.9  312.4
  723.0   2889   11.0    2.0     54   6.15    122      1  311.7  331.2  312.9
  714.0   2994   10.4    1.4     54   5.97     94      2  312.2  331.1  313.3
  708.0   3064    9.6    5.6     76   8.12     75      2  312.1  337.5  313.6
  703.0   3123    9.4    6.6     83   8.77     59      2  312.5  339.9  314.1
  701.0   3147    9.2    6.2     82   8.55     53      2  312.5  339.3  314.1
  700.0   3159    9.4    5.5     77   8.16     50      2  312.9  338.5  314.4
  696.0   3207    9.6    1.6     57   6.21     50      2  313.6  333.4  314.8
  688.0   3303    8.9    3.9     70   7.39     50      3  313.9  337.3  315.3
  684.0   3351    8.6    5.0     78   8.06     44      3  314.0  339.5  315.6
  664.0   3595    7.1    3.8     79   7.61     15      4  315.0  339.2  316.5
  640.0   3897    5.2    2.2     81   7.08     50      4  316.3  338.9  317.6
  617.0   4198    3.4    0.7     83   6.59     40      7  317.5  338.7  318.7
  612.0   4265    3.0    0.4     83   6.48     53      7  317.7  338.7  319.0
  594.0   4506    1.8   -1.1     81   5.96    100      9  319.1  338.5  320.2
  591.0   4547    1.6   -1.4     80   5.88    100      9  319.3  338.5  320.4
  580.0   4699    1.4   -4.6     64   4.71     99     11  320.8  336.4  321.7
  560.0   4982    0.0   -7.0     59   4.06     97     13  322.4  336.0  323.2
  536.0   5331   -2.3  -13.3     43   2.57     94     16  323.7  332.6  324.2
  527.0   5466   -3.3  -14.3     42   2.41     93     17  324.0  332.4  324.5
  524.0   5511   -3.9  -11.9     54   2.95     93     18  323.9  334.0  324.4
  504.0   5817   -6.1   -8.7     82   3.95     90     20  324.8  338.2  325.6
  500.0   5880   -6.1   -8.6     82   4.02     90     21  325.5  339.2  326.3
  492.0   6004   -6.8   -9.3     83   3.87     95     20  326.2  339.4  326.9
  428.0   7079  -12.9  -15.1     84   2.78     91     17  331.7  341.5  332.2
  421.0   7203  -13.7  -15.9     83   2.65     90     17  332.2  341.6  332.8
  400.0   7590  -16.1  -18.3     83   2.27     70     19  334.0  342.2  334.4
  359.0   8397  -21.5  -23.3     86   1.64     60     15  337.2  343.3  337.5
  352.0   8544  -22.5  -24.2     86   1.54     57     15  337.8  343.5  338.1
  300.0   9700  -31.5  -33.5     82   0.76     30     13  340.9  343.8  341.0
  267.0  10509  -38.5  -41.5     73   0.38     20     16  342.2  343.8  342.3
  260.0  10694  -40.1  -43.3     71   0.32     20     17  342.4  343.8  342.5
  250.0  10960  -42.5                          20     18  342.7         342.7
  234.0  11396  -46.0                          20     17  344.0         344.0
  214.0  11984  -50.7                          80     32  345.5         345.5
  200.0  12430  -54.3                          80     34  346.6         346.6
  154.0  14061  -67.1                         100     65  351.6         351.6
  153.0  14100  -67.3                         100     66  352.0         352.0
  150.0  14220  -67.9                         100     67  352.9         352.9
  125.0  15277  -73.7                          55     20  361.4         361.4
  119.0  15562  -75.2                          15     15  363.6         363.6
  113.0  15862  -76.8                         325     12  366.0         366.0
  107.0  16178  -78.6                         260      9  368.5         368.5
  100.0  16570  -80.7                         275      7  371.6         371.6
   86.0  17412  -85.3                         345      9  378.6         378.6
   83.3  17590  -86.3                          10      9  380.1         380.1
   82.0  17678  -85.0                          50      6  384.5         384.5
   78.0  17957  -80.7                         120      7  398.9         398.9
   76.3  18083  -78.1                         100      7  406.8         406.8
   74.9  18191  -72.3                          83      8  421.2         421.2
   70.0  18590  -73.1                          20      9  427.7         427.7
   67.3  18820  -73.1                          69     13  432.5         432.5
   63.6  19154  -70.1                         138     19  446.1         446.1
   63.0  19210  -70.3                         150     20  447.0         447.0
   59.3  19568  -71.3                         162     20  452.5         452.5
   57.0  19802  -70.8                         170     20  458.8         458.8
   56.7  19833  -70.7                         173     19  459.7         459.7
   54.0  20127  -65.6                         200     12  477.8         477.8
   52.9  20252  -63.5                         235     17  485.5         485.5
   52.0  20357  -62.1                         265     21  491.1         491.1
   51.6  20405  -61.5                         263     21  493.7         493.7
   50.0  20600  -61.3                         255     23  498.6         498.6
   47.0  20978  -63.4                         235     18  502.5         502.5
   43.0  21520  -66.4                         245     10  508.1         508.1
   40.6  21871  -68.3                         265     11  511.7         511.7
   39.7  22006  -65.9                         267     14  521.0         521.0
   38.0  22271  -66.2                         270     20  526.7         526.7
   35.6  22667  -66.7                         259     25  535.4         535.4
   32.0  23316  -64.6                         240     32  557.6         557.6
   30.6  23588  -63.7                         243     24  567.2         567.2
   30.0  23710  -62.9                         245     21  572.6         572.6
   29.0  23920  -61.4                         255     16  582.3         582.3
   27.0  24364  -58.2                         245     10  603.2         603.2
   26.8  24410  -57.9                         236      9  605.4         605.4
   25.0  24850  -56.1                         155      3  622.8         622.8
   24.0  25108  -55.0                         330      3  633.2         633.2
   23.9  25135  -54.9                         329      4  634.3         634.3
   22.3  25574  -57.1                         320     12  640.4         640.4
   20.0  26260  -57.1                         305     25  660.6         660.6
   19.5  26420  -57.5                         307     25  664.2         664.2
   19.0  26588  -56.4                         310     24  672.6         672.6
   18.0  26936  -54.1                         315     14  690.4         690.4
   17.0  27305  -51.6                         125      6  709.7         709.7
   15.6  27860  -47.9                         135     10  739.5         739.5
   15.0  28116  -48.4                         140     12  746.1         746.1
   14.0  28568  -49.3                          85     21  757.8         757.8
   12.0  29576  -51.4                          85     32  784.7         784.7
   11.9  29631  -51.5                                     786.2         786.2
</PRE><H3>Station information and sounding indices</H3><PRE>
                         Station identifier: WAAA
                             Station number: 97180
                           Observation time: 170312/0000
                           Station latitude: -5.06
                          Station longitude: 119.55
                          Station elevation: 14.0
                            Showalter index: 3.38
                               Lifted index: -1.88
    LIFT computed using virtual temperature: -2.15
                                SWEAT index: 160.58
                                    K index: 30.80
                         Cross totals index: 16.90
                      Vertical totals index: 23.90
                        Totals totals index: 40.80
      Convective Available Potential Energy: 429.97
             CAPE using virtual temperature: 516.36
                      Convective Inhibition: -73.55
             CINS using virtual temperature: -39.20
                           Equilibrum Level: 205.88
 Equilibrum Level using virtual temperature: 205.81
                   Level of Free Convection: 748.22
             LFCT using virtual temperature: 810.36
                     Bulk Richardson Number: 100.42
          Bulk Richardson Number using CAPV: 120.59
  Temp [K] of the Lifted Condensation Level: 292.69
Pres [hPa] of the Lifted Condensation Level: 916.07
     Mean mixed layer potential temperature: 300.13
              Mean mixed layer mixing ratio: 15.92
              1000 hPa to 500 hPa thickness: 5778.00
Precipitable water [mm] for entire sounding: 51.74
</PRE>
<P>Description of the 
<A HREF="/upperair/columns.html">data columns</A>
or <A HREF="/upperair/indices.html">sounding indices</A>.

<P>
<FORM>
<INPUT CLASS="button" TYPE="button" VALUE=" Close this window " 
 onClick="window.close();">
<INPUT CLASS="button" TYPE="button" VALUE=" Select another map " 
 onClick="window.blur();">
</FORM>
<HR SIZE="1">
<I>Interested in graduate studies in atmospheric science?
Check out our program at the
<a href="http://www.uwyo.edu/atsc/howtoapply/"
target=_top>University of Wyoming
</a></I>
<HR SIZE="1"><FONT SIZE="-1">
Questions about the weather data provided by this site can be
addressed to <A HREF="mailto:ldoolman@uwyo.edu">
Larry Oolman (ldoolman@uwyo.edu)</A></FONT>
<HR SIZE="1">
<SCRIPT TYPE="text/javascript">
<!--
window.focus();
// -->
</SCRIPT>
</BODY>
</HTML>
