2017-05-23 00
<HTML>
<TITLE>University of Wyoming - Radiosonde Data</TITLE>
<LINK REL="StyleSheet" HREF="/resources/select.css" TYPE="text/css">
<BODY BGCOLOR="white">
<H2>97180 WAAA Ujung Pandang Observations at 00Z 23 May 2017</H2>
<PRE>
-----------------------------------------------------------------------------
   PRES   HGHT   TEMP   DWPT   RELH   MIXR   DRCT   SKNT   THTA   THTE   THTV
    hPa     m      C      C      %    g/kg    deg   knot     K      K      K 
-----------------------------------------------------------------------------
 1010.0     14   24.8   21.3     81  16.07      0      0  297.1  343.7  300.0
 1009.0     22   24.8   19.8     74  14.63     12      0  297.2  339.7  299.8
 1000.0     93   26.2   19.2     65  14.21    120      4  299.4  341.0  301.9
  996.0    128   26.4   18.4     61  13.55    109      4  299.9  339.8  302.3
  987.0    209   27.2   18.2     58  13.51     83      4  301.5  341.5  303.9
  977.0    299   26.6   17.6     58  13.12     55      4  301.7  340.7  304.1
  974.0    326   26.4   17.4     58  13.00     50      4  301.8  340.4  304.2
  944.0    601   24.2   15.8     59  12.12    355      2  302.3  338.4  304.5
  925.0    780   22.8   14.8     61  11.57     15      2  302.6  337.1  304.7
  912.0    903   22.1   14.8     63  11.72     60      4  303.1  338.1  305.2
  859.0   1421   19.0   14.7     76  12.39     64      9  305.1  342.4  307.4
  851.0   1502   18.8   14.8     77  12.58     65     10  305.8  343.7  308.1
  850.0   1512   18.8   14.8     78  12.61     60      9  305.8  343.9  308.1
  778.0   2272   14.8   10.9     77  10.63     53      8  309.4  342.0  311.3
  769.0   2371   14.2   10.3     77  10.33     52      7  309.7  341.6  311.7
  765.0   2416   14.2   10.2     77  10.32     52      7  310.2  342.0  312.1
  763.0   2438   14.2    9.5     73   9.86     52      7  310.4  340.9  312.3
  759.0   2483   14.6    3.6     48   6.57     51      7  311.3  332.0  312.6
  758.0   2494   15.0    0.0     36   5.07     51      7  311.9  328.1  312.9
  751.0   2573   15.4   -1.6     31   4.55     50      7  313.1  327.8  314.0
  731.0   2802   13.2    6.2     63   8.20     48      7  313.2  338.9  314.7
  715.0   2989   12.8    4.8     58   7.60     47      6  314.7  338.8  316.2
  704.0   3120   12.2    2.2     50   6.41     45      6  315.4  336.0  316.7
  700.0   3168   12.2    1.2     47   6.00     45      6  316.0  335.3  317.1
  698.0   3192   12.2   -3.8     33   4.16     44      6  316.2  329.9  317.0
  697.0   3204   12.4   -8.6     22   2.88     44      6  316.6  326.2  317.1
  692.0   3264   11.8   -1.2     40   5.09     41      6  316.6  333.1  317.5
  689.0   3301   11.5   -0.3     44   5.45     40      6  316.7  334.3  317.7
  676.0   3460   10.4    3.4     62   7.28     43      6  317.1  340.5  318.5
  674.0   3485   10.0    4.0     66   7.62     43      6  316.9  341.3  318.4
  669.0   3547   10.2   -1.8     43   5.04     44      5  317.8  334.3  318.8
  660.0   3660    9.4   -4.6     37   4.14     46      5  318.2  331.8  319.0
  655.0   3723    8.8   -2.2     46   5.00     47      5  318.2  334.5  319.1
  638.0   3940    7.2   -4.8     42   4.22     51      5  318.8  332.7  319.6
  634.0   3992    7.4   -9.6     29   2.93     52      4  319.6  329.5  320.1
  620.0   4176    6.4   -7.6     36   3.50     55      4  320.5  332.2  321.1
  619.0   4189    6.3   -7.5     37   3.53     55      4  320.5  332.3  321.2
  615.0   4242    5.8   -7.2     39   3.64     58      4  320.5  332.7  321.2
  611.0   4295    5.4   -7.6     39   3.55     60      5  320.6  332.6  321.3
  607.0   4349    5.6  -19.4     15   1.36     63      5  321.5  326.3  321.8
  596.0   4497    4.7  -17.6     18   1.61     70      6  322.2  327.9  322.5
  575.0   4788    3.0  -14.2     27   2.23    120      3  323.5  331.3  323.9
  539.0   5312    0.0   -8.0     55   3.90     99      4  325.9  339.2  326.7
  513.0   5707   -3.1   -6.8     76   4.50     83      5  326.8  342.1  327.7
  501.0   5894   -3.9   -9.9     63   3.62     76      6  328.0  340.5  328.8
  500.0   5910   -3.9  -10.9     58   3.35     75      6  328.2  339.8  328.9
  494.0   6005   -4.6  -10.7     63   3.46     65      5  328.5  340.5  329.2
  469.0   6413   -7.5   -9.6     85   3.96     38      8  329.8  343.5  330.6
  458.0   6598   -8.3  -12.1     74   3.33     25     10  331.1  342.7  331.7
  450.0   6736   -8.9  -13.9     67   2.92     30     10  332.0  342.3  332.6
  424.0   7195  -12.2  -15.2     79   2.78     45     11  333.4  343.3  334.0
  422.0   7231  -12.5  -15.3     80   2.77     47     12  333.5  343.4  334.1
  409.0   7471  -13.3  -23.3     43   1.44     64     16  335.5  340.8  335.8
  400.0   7640  -14.5  -25.5     39   1.21     75     19  336.1  340.6  336.3
  380.0   8027  -16.3  -35.3     18   0.50    100     19  338.6  340.6  338.8
  376.0   8105  -16.9  -34.8     20   0.53    105     19  338.9  341.0  339.0
  354.0   8555  -20.1  -32.1     34   0.74    110     17  340.5  343.4  340.6
  307.0   9594  -26.9  -43.9     18   0.25    123     14  345.1  346.1  345.1
  300.0   9760  -28.3  -46.3     16   0.20    125     13  345.4  346.2  345.4
  294.0   9902  -29.5  -46.9     17   0.19    120     13  345.7  346.5  345.8
  259.0  10792  -36.8  -50.8     22   0.14     70     26  347.6  348.2  347.6
  250.0  11040  -38.9  -51.9     24   0.13     65     25  348.1  348.7  348.1
  246.0  11151  -40.1  -51.1     30   0.14     65     25  347.9  348.5  347.9
  200.0  12530  -51.9                          65     27  350.4         350.4
  178.0  13270  -58.1                          67     27  352.1         352.1
  150.0  14320  -66.7                          70     26  355.0         355.0
  141.0  14691  -69.7                          72     27  356.1         356.1
  127.0  15296  -73.0                          75     28  360.9         360.9
  115.0  15871  -76.1                         115     17  365.5         365.5
  109.0  16181  -77.8                         105     15  368.0         368.0
  103.0  16509  -79.6                         125     10  370.6         370.6
  100.0  16680  -80.5                          95      7  371.9         371.9
</PRE><H3>Station information and sounding indices</H3><PRE>
                         Station identifier: WAAA
                             Station number: 97180
                           Observation time: 170523/0000
                           Station latitude: -5.06
                          Station longitude: 119.55
                          Station elevation: 14.0
                            Showalter index: 1.44
                               Lifted index: 2.88
    LIFT computed using virtual temperature: 2.68
                                SWEAT index: 201.59
                                    K index: 26.50
                         Cross totals index: 18.70
                      Vertical totals index: 22.70
                        Totals totals index: 41.40
      Convective Available Potential Energy: 0.00
             CAPE using virtual temperature: 0.00
                      Convective Inhibition: 0.00
             CINS using virtual temperature: 0.00
                     Bulk Richardson Number: 0.00
          Bulk Richardson Number using CAPV: 0.00
  Temp [K] of the Lifted Condensation Level: 289.18
Pres [hPa] of the Lifted Condensation Level: 870.80
     Mean mixed layer potential temperature: 300.85
              Mean mixed layer mixing ratio: 13.36
              1000 hPa to 500 hPa thickness: 5817.00
Precipitable water [mm] for entire sounding: 46.25
</PRE>
<P>Description of the 
<A HREF="/upperair/columns.html">data columns</A>
or <A HREF="/upperair/indices.html">sounding indices</A>.

<P>
<FORM>
<INPUT CLASS="button" TYPE="button" VALUE=" Close this window " 
 onClick="window.close();">
<INPUT CLASS="button" TYPE="button" VALUE=" Select another map " 
 onClick="window.blur();">
</FORM>
<HR SIZE="1">
<I>Interested in graduate studies in atmospheric science?
Check out our program at the
<a href="http://www.uwyo.edu/atsc/howtoapply/"
target=_top>University of Wyoming
</a></I>
<HR SIZE="1"><FONT SIZE="-1">
Questions about the weather data provided by this site can be
addressed to <A HREF="mailto:ldoolman@uwyo.edu">
Larry Oolman (ldoolman@uwyo.edu)</A></FONT>
<HR SIZE="1">
<SCRIPT TYPE="text/javascript">
<!--
window.focus();
// -->
</SCRIPT>
</BODY>
</HTML>
