2017-10-29 00
<HTML>
<TITLE>University of Wyoming - Radiosonde Data</TITLE>
<LINK REL="StyleSheet" HREF="/resources/select.css" TYPE="text/css">
<BODY BGCOLOR="white">
<H2>97180 WAAA Ujung Pandang Observations at 00Z 29 Oct 2017</H2>
<PRE>
-----------------------------------------------------------------------------
   PRES   HGHT   TEMP   DWPT   RELH   MIXR   DRCT   SKNT   THTA   THTE   THTV
    hPa     m      C      C      %    g/kg    deg   knot     K      K      K 
-----------------------------------------------------------------------------
 1010.0     14   26.2   21.8     77  16.58      0      0  298.5  346.9  301.5
 1006.0     50   25.2   19.2     69  14.12     32      2  297.8  339.0  300.4
 1000.0    104   25.4   19.4     69  14.39     80      5  298.6  340.6  301.1
  994.0    157   26.2   21.2     74  16.23     73      4  299.9  347.6  302.8
  978.0    299   25.3   20.1     73  15.36     55      3  300.4  345.6  303.1
  945.0    598   23.4   17.7     70  13.66    325      3  301.4  341.8  303.8
  925.0    785   22.2   16.2     69  12.68     20      4  302.0  339.7  304.3
  913.0    899   21.5   15.5     69  12.27     40      5  302.4  338.9  304.6
  852.0   1502   17.7   11.7     68  10.25     60      7  304.5  335.4  306.4
  850.0   1522   17.6   11.6     68  10.19     55      7  304.6  335.3  306.4
  794.0   2099   14.4    6.4     58   7.63     95     15  307.2  330.6  308.6
  770.0   2359   13.0    4.0     54   6.66     78      9  308.3  329.1  309.6
  766.0   2402   13.1    1.1     44   5.42     75      8  308.9  326.0  309.9
  757.0   2501   13.4   -5.6     26   3.34     60      7  310.3  321.1  310.9
  739.0   2702   11.9   -2.8     36   4.23     30      5  310.7  324.3  311.5
  720.0   2919   10.2    0.2     50   5.42    335      5  311.2  328.4  312.2
  718.0   2942   10.4   -4.6     35   3.80    330      5  311.7  324.0  312.4
  713.0   3000   10.6   -7.0     28   3.17    315      5  312.5  322.9  313.1
  703.0   3117   11.0  -12.0     19   2.18    292      5  314.2  321.6  314.7
  700.0   3153   10.8  -10.2     22   2.53    285      5  314.4  322.9  314.9
  688.0   3296    9.8   -9.5     25   2.72    295      5  314.9  323.9  315.4
  663.0   3602    7.7   -7.9     32   3.20    335     10  315.8  326.4  316.4
  646.0   3816    6.2   -6.8     39   3.57    339     10  316.5  328.3  317.2
  632.0   3996    5.8  -15.2     20   1.87    342      9  318.0  324.5  318.4
  620.0   4152    5.4  -15.6     20   1.84    344      9  319.3  325.7  319.7
  616.0   4205    5.1  -12.7     26   2.34    345      9  319.5  327.6  320.0
  610.0   4285    4.6   -8.4     38   3.34    352      9  319.9  331.1  320.5
  594.0   4500    3.0   -6.0     52   4.13     10     10  320.5  334.2  321.3
  586.0   4610    2.2   -4.8     60   4.59     17     10  320.8  336.0  321.7
  580.0   4694    2.0   -9.0     44   3.35     23     11  321.5  332.8  322.1
  575.0   4763    1.6   -6.4     55   4.14     27     11  321.8  335.7  322.6
  553.0   5077    0.8   -9.2     47   3.46     48     12  324.5  336.3  325.1
  541.0   5253    0.0  -20.0     21   1.45     60     13  325.6  330.8  325.9
  531.0   5403   -0.7  -30.7      8   0.56     70     13  326.5  328.6  326.6
  527.0   5463   -1.1  -34.1      6   0.41     69     13  326.7  328.3  326.8
  520.0   5569   -1.9  -19.9     24   1.52     68     13  327.0  332.5  327.3
  519.0   5585   -2.1  -19.1     26   1.64     68     13  326.9  332.8  327.2
  518.0   5600   -2.1  -12.1     46   2.93     68     13  327.1  337.3  327.7
  500.0   5880   -3.9  -13.9     46   2.63     65     14  328.2  337.4  328.7
  405.0   7506  -15.6  -23.6     50   1.42     95     10  333.5  338.7  333.8
  404.0   7525  -15.7  -23.7     50   1.41     93     10  333.6  338.8  333.8
  400.0   7600  -16.1  -24.1     50   1.37     85     11  334.0  339.1  334.2
  389.0   7806  -17.4  -27.1     43   1.08     85     13  335.0  339.0  335.2
  374.0   8096  -19.2  -31.3     34   0.75    100     13  336.4  339.3  336.5
  345.0   8693  -22.9  -39.9     20   0.35     75      7  339.2  340.6  339.3
  331.0   8999  -24.8  -44.3     15   0.23     90      5  340.6  341.6  340.7
  323.0   9179  -25.9  -46.9     12   0.17     87      5  341.5  342.2  341.5
  304.0   9615  -29.0  -51.7      9   0.11     80      4  343.1  343.5  343.1
  300.0   9710  -29.7  -52.7      9   0.10     60      5  343.4  343.8  343.4
  292.0   9899  -31.3  -53.7      9   0.09     45      5  343.8  344.2  343.8
  268.0  10497  -36.5  -56.8     10   0.07     60      8  344.8  345.1  344.8
  253.0  10899  -39.9  -58.9     11   0.05     31      6  345.4  345.7  345.4
  250.0  10980  -40.7                          25      6  345.4         345.4
  224.0  11703  -47.0                           5     12  346.8         346.8
  214.0  12004  -49.6                         340     17  347.2         347.2
  200.0  12450  -53.5                         350     17  347.9         347.9
  187.0  12872  -57.3                           0     14  348.4         348.4
  178.0  13182  -60.1                          35     17  348.8         348.8
  162.0  13774  -65.5                          51     24  349.3         349.3
  153.0  14120  -68.2                          60     28  350.5         350.5
  150.0  14240  -69.1                          55     27  350.9         350.9
  132.0  14978  -73.4                          70     28  356.3         356.3
  119.0  15576  -76.9                          45     23  360.6         360.6
  113.0  15875  -78.6                          50     14  362.7         362.7
  101.0  16523  -82.4                         195     10  367.3         367.3
  100.0  16580  -82.7                         195     11  367.7         367.7
   93.3  16965  -86.3                         160     14  368.0         368.0
   91.0  17102  -86.4                         155     14  370.3         370.3
   89.9  17169  -86.5                         160     14  371.5         371.5
   86.0  17414  -84.2                         180     13  381.0         381.0
   84.0  17545  -82.9                         175     14  386.1         386.1
   82.0  17682  -79.6                         170     15  395.5         395.5
   79.5  17859  -75.3                         220     11  407.9         407.9
   78.0  17970  -75.3                         250      8  410.0         410.0
   71.9  18443  -75.5                         288     17  419.3         419.3
   70.0  18600  -73.1                         300     20  427.7         427.7
   68.2  18752  -71.9                         289     19  433.4         433.4
   63.2  19197  -73.7                         256     14  439.0         439.0
   63.0  19216  -73.7                         255     14  439.5         439.5
   60.0  19502  -73.0                         280     15  447.1         447.1
   52.0  20340  -71.2                         260     19  470.0         470.0
   50.0  20570  -70.7                         265     20  476.5         476.5
   49.0  20690  -70.8                         260     22  479.1         479.1
   46.1  21052  -70.9                         240     14  487.2         487.2
   44.0  21333  -67.9                         225      7  501.0         501.0
   42.0  21614  -65.0                         110      8  515.0         515.0
   41.3  21715  -63.9                         107     11  520.1         520.1
   36.0  22558  -64.0                          85     36  540.6         540.6
   35.0  22730  -64.0                          70     40  544.9         544.9
   32.9  23110  -64.1                          78     43  554.5         554.5
   30.0  23680  -60.9                          90     47  578.0         578.0
   26.0  24581  -56.7                         100     55  614.0         614.0
   24.6  24930  -55.1                          95     64  628.5         628.5
   23.0  25358  -55.6                          90     75  639.2         639.2
   22.5  25498  -55.8                          90     75  642.7         642.7
   22.1  25613  -55.9                                     645.6         645.6
</PRE><H3>Station information and sounding indices</H3><PRE>
                         Station identifier: WAAA
                             Station number: 97180
                           Observation time: 171029/0000
                           Station latitude: -5.06
                          Station longitude: 119.55
                          Station elevation: 14.0
                            Showalter index: 4.99
                               Lifted index: 1.31
    LIFT computed using virtual temperature: 0.89
                                SWEAT index: 167.19
                                    K index: 12.10
                         Cross totals index: 15.50
                      Vertical totals index: 21.50
                        Totals totals index: 37.00
      Convective Available Potential Energy: 4.03
             CAPE using virtual temperature: 23.94
                      Convective Inhibition: -271.36
             CINS using virtual temperature: -56.78
                           Equilibrum Level: 386.35
 Equilibrum Level using virtual temperature: 373.28
                   Level of Free Convection: 426.12
             LFCT using virtual temperature: 797.74
                     Bulk Richardson Number: 2.82
          Bulk Richardson Number using CAPV: 16.77
  Temp [K] of the Lifted Condensation Level: 291.72
Pres [hPa] of the Lifted Condensation Level: 907.61
     Mean mixed layer potential temperature: 299.93
              Mean mixed layer mixing ratio: 15.10
              1000 hPa to 500 hPa thickness: 5776.00
Precipitable water [mm] for entire sounding: 39.48
</PRE>
<P>Description of the 
<A HREF="/upperair/columns.html">data columns</A>
or <A HREF="/upperair/indices.html">sounding indices</A>.

<P>
<FORM>
<INPUT CLASS="button" TYPE="button" VALUE=" Close this window " 
 onClick="window.close();">
<INPUT CLASS="button" TYPE="button" VALUE=" Select another map " 
 onClick="window.blur();">
</FORM>
<HR SIZE="1">
<I>Interested in graduate studies in atmospheric science?
Check out our program at the
<a href="http://www.uwyo.edu/atsc/howtoapply/"
target=_top>University of Wyoming
</a></I>
<HR SIZE="1"><FONT SIZE="-1">
Questions about the weather data provided by this site can be
addressed to <A HREF="mailto:ldoolman@uwyo.edu">
Larry Oolman (ldoolman@uwyo.edu)</A></FONT>
<HR SIZE="1">
<SCRIPT TYPE="text/javascript">
<!--
window.focus();
// -->
</SCRIPT>
</BODY>
</HTML>
