2016-05-05 12
<HTML>
<TITLE>University of Wyoming - Radiosonde Data</TITLE>
<LINK REL="StyleSheet" HREF="/resources/select.css" TYPE="text/css">
<BODY BGCOLOR="white">
<H2>97180 WAAA Ujung Pandang Observations at 00Z 05 May 2016</H2>
<PRE>
-----------------------------------------------------------------------------
   PRES   HGHT   TEMP   DWPT   RELH   MIXR   DRCT   SKNT   THTA   THTE   THTV
    hPa     m      C      C      %    g/kg    deg   knot     K      K      K 
-----------------------------------------------------------------------------
 1008.0     14   26.4   23.4     84  18.36      0      0  298.9  352.6  302.1
 1000.0     89   26.6   21.9     75  16.85     85      5  299.8  349.2  302.8
  990.0    178   26.6   22.9     80  18.13     75      5  300.6  354.1  303.9
  944.0    595   24.5   19.9     76  15.74     25      7  302.6  349.4  305.4
  925.0    774   23.6   18.6     74  14.80     45      8  303.4  347.6  306.1
  912.0    898   23.0   17.6     72  14.11     60      9  304.0  346.2  306.6
  881.0   1199   21.4   15.3     68  12.53     75      6  305.4  343.2  307.7
  851.0   1502   19.9   12.9     64  11.09     30      3  306.8  340.5  308.9
  850.0   1512   19.8   12.8     64  11.04     30      3  306.9  340.4  308.9
  827.0   1748   18.6   11.6     64  10.48     48      3  308.0  340.1  310.0
  804.0   1989   18.0    7.0     49   7.87     67      4  309.9  334.4  311.4
  794.0   2096   16.9    8.9     59   9.07     75      4  309.9  337.9  311.6
  787.0   2172   16.2   10.2     68  10.02     81      4  309.9  340.8  311.7
  767.0   2390   15.0    9.0     67   9.48     97      4  310.8  340.2  312.6
  748.0   2602   14.6    2.6     44   6.21    113      4  312.6  332.3  313.8
  702.0   3135   11.2    4.2     62   7.42    153      4  314.6  338.1  316.0
  700.0   3159   11.0    4.0     62   7.33    155      4  314.6  337.9  316.0
  688.0   3301   10.2    3.2     62   7.05    170      5  315.3  337.8  316.6
  640.0   3894    6.8   -0.2     61   5.93    120      4  318.0  337.3  319.2
  573.0   4802    1.6   -5.3     60   4.50    180      2  322.2  337.2  323.1
  570.0   4845    1.4   -5.6     60   4.44    158      2  322.4  337.2  323.2
  552.0   5103    0.0  -11.0     43   3.01     25      4  323.7  334.0  324.3
  536.0   5338   -1.9   -9.9     54   3.38     49      5  324.1  335.7  324.8
  532.0   5397   -2.3   -9.3     59   3.57     55      5  324.4  336.5  325.1
  516.0   5640   -1.7  -19.7     24   1.56    103      6  327.9  333.6  328.2
  512.0   5702   -2.1  -19.6     25   1.59    115      6  328.2  333.9  328.5
  500.0   5890   -3.3  -19.3     28   1.67    130      6  328.9  335.0  329.3
  457.0   6596   -7.6  -24.5     24   1.16    145      9  332.1  336.5  332.4
  454.0   6647   -7.9  -24.9     24   1.12    139      9  332.4  336.6  332.6
  439.0   6908   -9.9  -17.9     52   2.14    109      7  333.1  340.8  333.5
  430.0   7067  -11.1  -16.1     67   2.55     90      6  333.5  342.6  334.0
  423.0   7193  -11.8  -18.6     57   2.10     75      5  334.2  341.9  334.7
  415.0   7339  -12.5  -21.5     47   1.66     72      6  335.1  341.2  335.4
  406.0   7507  -13.5  -19.5     61   2.02     68      8  335.9  343.3  336.3
  400.0   7620  -14.1  -23.1     46   1.50     65      9  336.6  342.2  336.9
  375.0   8106  -17.6  -29.0     36   0.93     65      5  338.2  341.8  338.4
  369.0   8228  -18.5  -30.5     34   0.82     69      5  338.6  341.8  338.7
  346.0   8704  -22.0  -36.3     26   0.50     85      5  340.1  342.1  340.2
  339.0   8855  -23.1  -38.1     24   0.42     78      5  340.6  342.3  340.7
  333.0   8986  -23.9  -33.9     39   0.66     71      4  341.3  343.9  341.4
  332.0   9008  -24.1  -34.9     36   0.60     70      4  341.3  343.7  341.5
  328.0   9096  -24.7  -38.7     26   0.41     58      3  341.6  343.3  341.7
  319.0   9298  -26.2  -37.2     35   0.49     30      2  342.3  344.3  342.4
  310.0   9505  -27.7  -35.7     46   0.59     75      1  343.0  345.4  343.1
  307.0   9575  -28.1  -36.1     46   0.57     90      1  343.4  345.7  343.5
  306.0   9598  -28.2  -37.4     41   0.51     95      1  343.5  345.6  343.6
  300.0   9740  -29.1  -45.1     20   0.23     80      4  344.2  345.2  344.3
  295.0   9859  -29.9  -50.9     11   0.12     74      4  344.8  345.3  344.8
  290.0   9980  -30.7  -43.7     27   0.28     68      5  345.3  346.5  345.4
  288.0  10029  -31.3  -42.3     33   0.32     65      5  345.1  346.5  345.2
  275.0  10353  -33.7  -42.7     40   0.32     48      6  346.3  347.6  346.3
  269.0  10506  -35.0  -48.9     23   0.17     40      6  346.6  347.3  346.6
  263.0  10662  -36.3  -55.3     12   0.08     45      7  346.9  347.3  346.9
  250.0  11010  -39.1  -49.1     34   0.18     55      8  347.8  348.6  347.8
  246.0  11121  -39.9  -50.9     30   0.15     59      8  348.2  348.9  348.2
  226.0  11686  -44.8                          80      8  349.2         349.2
  200.0  12500  -51.9                          60      7  350.4         350.4
  197.0  12595  -52.7                          50      5  350.7         350.7
  188.0  12887  -55.1                          20      4  351.5         351.5
  179.0  13194  -57.7                         330      7  352.2         352.2
  171.0  13480  -60.1                         300     13  352.9         352.9
  150.0  14300  -66.9                         310     14  354.6         354.6
  141.0  14668  -70.3                         306     12  355.0         355.0
  140.0  14709  -70.6                         305     12  355.3         355.3
  114.0  15882  -78.2                         275     17  362.5         362.5
  102.0  16517  -82.4                         285     14  366.3         366.3
  100.0  16630  -83.1                         265     10  366.9         366.9
   97.0  16800  -83.1                         215     11  370.1         370.1
   92.0  17097  -83.1                         195      9  375.8         375.8
   87.0  17409  -83.1                          45      8  381.8         381.8
   83.0  17673  -83.1                          65      8  387.0         387.0
   81.0  17809  -83.1                          28      8  389.7         389.7
   78.0  18021  -82.7                         330      7  394.8         394.8
   74.0  18317  -82.2                         275     12  401.9         401.9
   72.3  18447  -81.9                         279     13  405.1         405.1
   70.0  18630  -80.7                         285     15  411.4         411.4
   67.7  18820  -77.5                         288     19  422.3         422.3
   63.0  19229  -79.2                         295     27  427.4         427.4
   60.5  19460  -80.1                         274     20  430.3         430.3
   60.0  19507  -79.5                         270     19  432.5         432.5
   57.7  19730  -76.9                         228     24  443.4         443.4
   57.0  19800  -76.9                         215     26  444.9         444.9
   53.6  20154  -76.9                         168     25  452.8         452.8
   51.1  20432  -71.9                         132     24  470.7         470.7
   51.0  20443  -71.9                         130     24  471.0         471.0
   50.0  20560  -71.9                         115     26  473.6         473.6
   44.8  21208  -71.9                          87     39  488.8         488.8
   43.3  21412  -65.7                          78     43  508.7         508.7
   42.0  21600  -64.2                          70     46  516.8         516.8
   38.0  22218  -59.5                          91     39  543.9         543.9
   33.0  23102  -59.8                         120     30  565.5         565.5
   31.3  23433  -59.9                         106     22  573.8         573.8
   30.0  23700  -56.5                          95     15  590.0         590.0
   29.0  23916  -53.9                         335      2  602.9         602.9
   28.7  23983  -53.1                         327      4  606.9         606.9
   27.0  24373  -54.6                         280     15  613.3         613.3
   26.1  24590  -55.5                         273     20  616.8         616.8
   25.0  24867  -54.8                         265     26  626.4         626.4
   20.0  26300  -51.3                         290     23  678.4         678.4
   19.9  26333  -51.5                         291     23  678.8         678.8
   19.0  26633  -50.9                         300     20  689.6         689.6
   18.3  26879  -47.5                         289     20  707.8         707.8
   16.0  27767  -47.3                         250     21  736.0         736.0
   15.7  27892  -47.3                         257     22  740.1         740.1
   14.0  28656  -44.3                         300     26  775.0         775.0
   13.5  28899  -43.3                         293     30  786.4         786.4
   12.0  29687  -45.2                         270     45  806.7         806.7
   11.6  29914  -45.7                                     812.6         812.6
</PRE><H3>Station information and sounding indices</H3><PRE>
                         Station identifier: WAAA
                             Station number: 97180
                           Observation time: 160505/0000
                           Station latitude: -5.06
                          Station longitude: 119.55
                          Station elevation: 14.0
                            Showalter index: 3.41
                               Lifted index: -0.86
    LIFT computed using virtual temperature: -1.64
                                SWEAT index: 165.59
                                    K index: 28.90
                         Cross totals index: 16.10
                      Vertical totals index: 23.10
                        Totals totals index: 39.20
      Convective Available Potential Energy: 474.34
             CAPE using virtual temperature: 615.61
                      Convective Inhibition: -130.74
             CINS using virtual temperature: -69.30
                           Equilibrum Level: 191.39
 Equilibrum Level using virtual temperature: 191.35
                   Level of Free Convection: 695.89
             LFCT using virtual temperature: 769.69
                     Bulk Richardson Number: 659.90
          Bulk Richardson Number using CAPV: 856.42
  Temp [K] of the Lifted Condensation Level: 294.13
Pres [hPa] of the Lifted Condensation Level: 923.89
     Mean mixed layer potential temperature: 300.88
              Mean mixed layer mixing ratio: 17.28
              1000 hPa to 500 hPa thickness: 5801.00
Precipitable water [mm] for entire sounding: 49.42
</PRE>
<P>Description of the 
<A HREF="/upperair/columns.html">data columns</A>
or <A HREF="/upperair/indices.html">sounding indices</A>.

<P>
<FORM>
<INPUT CLASS="button" TYPE="button" VALUE=" Close this window " 
 onClick="window.close();">
<INPUT CLASS="button" TYPE="button" VALUE=" Select another map " 
 onClick="window.blur();">
</FORM>
<HR SIZE="1">
<I>Interested in graduate studies in atmospheric science?
Check out our program at the
<a href="http://www.uwyo.edu/atsc/howtoapply/"
target=_top>University of Wyoming
</a></I>
<HR SIZE="1"><FONT SIZE="-1">
Questions about the weather data provided by this site can be
addressed to <A HREF="mailto:ldoolman@uwyo.edu">
Larry Oolman (ldoolman@uwyo.edu)</A></FONT>
<HR SIZE="1">
<SCRIPT TYPE="text/javascript">
<!--
window.focus();
// -->
</SCRIPT>
</BODY>
</HTML>
