2018-06-13 12
<HTML>
<TITLE>University of Wyoming - Radiosonde Data</TITLE>
<LINK REL="StyleSheet" HREF="/resources/select.css" TYPE="text/css">
<BODY BGCOLOR="white">
<H2>97180 WAAA Ujung Pandang Observations at 00Z 13 Jun 2018</H2>
<PRE>
-----------------------------------------------------------------------------
   PRES   HGHT   TEMP   DWPT   RELH   MIXR   DRCT   SKNT   THTA   THTE   THTV
    hPa     m      C      C      %    g/kg    deg   knot     K      K      K 
-----------------------------------------------------------------------------
 1011.0     14   25.6   23.0     86  17.85    130      4  297.8  349.8  301.0
 1005.0     64   24.8   21.5     82  16.35    122      5  297.5  345.1  300.4
 1001.0     97   25.8   21.9     79  16.84    116      5  298.9  348.1  301.9
 1000.0    105   25.8   22.0     80  16.96    115      5  298.9  348.6  302.0
  978.0    300   24.6   21.0     81  16.32    170      1  299.6  347.6  302.6
  946.0    592   22.8   19.6     82  15.40    240      3  300.7  346.1  303.5
  925.0    789   21.6   18.6     83  14.80    235      4  301.4  345.2  304.1
  914.0    893   20.9   18.3     85  14.68    230      3  301.7  345.1  304.3
  898.0   1046   19.8   17.8     88  14.49    151      3  302.1  345.1  304.7
  882.0   1201   19.3   16.7     85  13.74     70      3  303.1  344.1  305.6
  852.0   1500   18.3   14.6     79  12.37     40      3  305.1  342.3  307.3
  850.0   1520   18.2   14.4     78  12.28     35      3  305.2  342.2  307.4
  831.0   1714   17.6   11.6     68  10.43     35      3  306.5  338.2  308.5
  823.0   1796   17.2   10.7     65   9.91     35      3  307.0  337.2  308.8
  794.0   2101   15.8    7.3     57   8.16     45      4  308.6  333.9  310.2
  767.0   2396   14.5    4.1     50   6.74    110      3  310.3  331.4  311.5
  758.0   2496   14.0    3.0     47   6.30    146      3  310.8  330.6  312.0
  740.0   2697   12.3    3.6     55   6.74    220      2  311.1  332.3  312.4
  711.0   3033    9.6    4.6     71   7.53    274      3  311.7  335.3  313.1
  700.0   3162    8.6    4.7     76   7.71    295      4  312.0  336.1  313.4
  688.0   3305    7.6    4.1     78   7.50    335      7  312.4  336.0  313.8
  683.0   3366    7.2    3.8     79   7.41    342      7  312.6  335.9  314.0
  667.0   3561    6.4    0.4     65   5.94      6      8  313.8  332.8  315.0
  664.0   3598    6.2    0.5     67   6.01     10      8  314.0  333.1  315.1
  640.0   3900    4.2    1.2     81   6.57     10      7  315.1  336.1  316.4
  637.0   3939    4.0    1.3     83   6.64     14      8  315.3  336.5  316.5
  602.0   4398    2.0   -4.0     64   4.75     63     15  318.1  333.6  319.0
  598.0   4452    1.8   -5.2     60   4.37     68     16  318.5  332.9  319.3
  588.0   4589    2.0  -15.0     27   2.04     83     18  320.2  327.3  320.6
  583.0   4658    1.4  -10.6     40   2.94     90     19  320.3  330.3  320.9
  574.0   4783    1.0  -20.0     19   1.37    104     21  321.3  326.1  321.5
  573.0   4797    0.9  -19.6     20   1.42    105     21  321.3  326.4  321.6
  562.0   4953    0.0  -15.0     31   2.13    110     20  322.0  329.4  322.4
  545.0   5199   -2.3  -10.3     54   3.22    118     19  322.1  333.1  322.8
  539.0   5287   -2.9   -9.9     59   3.36    121     19  322.4  333.8  323.1
  532.0   5391   -3.3  -18.3     30   1.71    125     18  323.2  329.2  323.5
  512.0   5693   -5.0  -18.8     33   1.70    135     17  324.6  330.7  325.0
  500.0   5880   -6.1  -19.1     35   1.70    125     17  325.5  331.6  325.9
  486.0   6102   -7.1  -16.1     49   2.25    116     16  327.0  334.9  327.4
  471.0   6345   -8.5  -20.5     37   1.60    106     15  328.2  333.9  328.5
  460.0   6528   -9.9  -15.9     62   2.42     98     14  328.6  337.2  329.1
  455.0   6611  -10.5  -16.1     64   2.42     95     14  329.0  337.5  329.4
  438.0   6901  -12.4  -16.6     71   2.40     90     14  330.1  338.6  330.5
  405.0   7497  -16.5  -17.7     90   2.36     60     21  332.3  340.7  332.8
  400.0   7590  -16.9  -18.6     87   2.22     60     23  332.9  340.9  333.4
  381.0   7954  -18.1  -22.4     69   1.67     60     24  336.0  342.2  336.4
  333.0   8943  -25.5  -29.8     67   0.97     60     28  339.1  342.8  339.3
  331.0   8986  -25.8  -30.4     65   0.92     60     28  339.2  342.8  339.4
  306.0   9549  -29.7  -38.7     41   0.44     56     38  341.5  343.3  341.6
  300.0   9690  -30.7  -38.7     45   0.45     55     41  342.0  343.8  342.1
  291.0   9906  -32.4  -40.4     45   0.39     55     38  342.6  344.2  342.7
  284.0  10078  -33.7  -41.7     44   0.35     59     37  343.1  344.5  343.2
  256.0  10798  -40.1  -42.6     77   0.35     76     32  344.0  345.4  344.1
  250.0  10960  -41.3                          80     31  344.5         344.5
  224.0  11687  -47.9                          80     28  345.4         345.4
  208.0  12178  -52.3                          72     29  345.9         345.9
  204.0  12303  -53.3                          70     29  346.2         346.2
  200.0  12430  -54.3                          65     27  346.6         346.6
  186.0  12891  -55.9                          50     28  351.3         351.3
  181.0  13064  -56.5                          50     30  353.1         353.1
  161.0  13791  -61.5                          50     36  356.7         356.7
  150.0  14230  -64.5                          50     20  358.8         358.8
  146.0  14392  -65.9                          65     16  359.2         359.2
  139.0  14688  -68.3                         100     12  359.9         359.9
  127.0  15230  -72.9                         126     15  361.1         361.1
  125.0  15322  -73.4                         130     15  361.8         361.8
  102.0  16496  -80.0                         120     29  370.7         370.7
  100.0  16610  -80.7                         120     29  371.6         371.6
   97.0  16780  -81.9                         115     27  372.5         372.5
   94.6  16920  -82.9                         110     23  373.2         373.2
   92.5  17045  -82.9                          90     12  375.6         375.6
   92.0  17076  -81.8                          85      9  378.4         378.4
   91.1  17131  -79.7                         114     10  383.6         383.6
   87.0  17393  -77.3                         250     16  393.5         393.5
   86.0  17459  -76.7                         245     17  396.0         396.0
   83.0  17662  -77.0                         230     20  399.5         399.5
   75.4  18212  -77.7                         233     13  409.1         409.1
   71.0  18558  -75.3                         235      8  421.3         421.3
   70.0  18640  -74.7                         240      8  424.2         424.2
   64.0  19170  -72.8                         295      7  439.3         439.3
   60.0  19552  -71.5                         235      9  450.5         450.5
   58.0  19752  -70.8                         240      1  456.5         456.5
   55.0  20066  -69.7                          10      3  466.0         466.0
   52.0  20398  -68.5                          65     16  476.2         476.2
   50.0  20630  -67.7                          90     26  483.5         483.5
   49.0  20752  -67.5                          95     27  486.9         486.9
   43.0  21540  -65.9                         105     45  509.1         509.1
   40.7  21872  -65.3                          94     48  518.8         518.8
   37.0  22460  -61.6                          75     54  542.6         542.6
   34.0  22982  -58.3                          81     53  564.6         564.6
   30.0  23770  -56.5                          90     52  590.0         590.0
   27.3  24372  -53.3                          88     53  615.1         615.1
   23.0  25470  -55.1                          83     54  640.7         640.7
   20.0  26370  -51.3                          80     55  678.4         678.4
   18.0  27062  -47.8                          85     52  710.1         710.1
   17.2  27360  -46.3                         109     34  724.2         724.2
   17.0  27438  -46.4                         115     29  726.5         726.5
   15.9  27882  -46.7                         115     27  739.4         739.4
   15.0  28273  -44.1                         115     25  760.2         760.2
   14.0  28737  -41.1                         150     14  785.6         785.6
   13.8  28834  -40.5                         161     13  791.0         791.0
   13.0  29241  -40.5                         205      9  804.8         804.8
   12.0  29786  -40.4                         245     16  823.6         823.6
   11.0  30379  -40.3                         250     24  844.6         844.6
   10.7  30567  -40.3                                     851.4         851.4
</PRE><H3>Station information and sounding indices</H3><PRE>
                         Station identifier: WAAA
                             Station number: 97180
                           Observation time: 180613/0000
                           Station latitude: -5.06
                          Station longitude: 119.55
                          Station elevation: 14.0
                            Showalter index: -0.09
                               Lifted index: -2.10
    LIFT computed using virtual temperature: -2.76
                                SWEAT index: 195.78
                                    K index: 34.80
                         Cross totals index: 20.50
                      Vertical totals index: 24.30
                        Totals totals index: 44.80
      Convective Available Potential Energy: 506.59
             CAPE using virtual temperature: 621.48
                      Convective Inhibition: -91.06
             CINS using virtual temperature: -49.94
                           Equilibrum Level: 199.27
 Equilibrum Level using virtual temperature: 199.27
                   Level of Free Convection: 728.44
             LFCT using virtual temperature: 752.45
                     Bulk Richardson Number: 373.04
          Bulk Richardson Number using CAPV: 457.64
  Temp [K] of the Lifted Condensation Level: 293.50
Pres [hPa] of the Lifted Condensation Level: 933.48
     Mean mixed layer potential temperature: 299.35
              Mean mixed layer mixing ratio: 16.42
              1000 hPa to 500 hPa thickness: 5775.00
Precipitable water [mm] for entire sounding: 49.62
</PRE>
<P>Description of the 
<A HREF="/upperair/columns.html">data columns</A>
or <A HREF="/upperair/indices.html">sounding indices</A>.

<P>
<FORM>
<INPUT CLASS="button" TYPE="button" VALUE=" Close this window " 
 onClick="window.close();">
<INPUT CLASS="button" TYPE="button" VALUE=" Select another map " 
 onClick="window.blur();">
</FORM>
<HR SIZE="1">
<I>Interested in graduate studies in atmospheric science?
Check out our program at the
<a href="http://www.uwyo.edu/atsc/howtoapply/"
target=_top>University of Wyoming
</a></I>
<HR SIZE="1"><FONT SIZE="-1">
Questions about the weather data provided by this site can be
addressed to <A HREF="mailto:ldoolman@uwyo.edu">
Larry Oolman (ldoolman@uwyo.edu)</A></FONT>
<HR SIZE="1">
<SCRIPT TYPE="text/javascript">
<!--
window.focus();
// -->
</SCRIPT>
</BODY>
</HTML>
