2018-10-30 00
<HTML>
<TITLE>University of Wyoming - Radiosonde Data</TITLE>
<LINK REL="StyleSheet" HREF="/resources/select.css" TYPE="text/css">
<BODY BGCOLOR="white">
<H2>97180 WAAA Ujung Pandang Observations at 00Z 30 Oct 2018</H2>
<PRE>
-----------------------------------------------------------------------------
   PRES   HGHT   TEMP   DWPT   RELH   MIXR   DRCT   SKNT   THTA   THTE   THTV
    hPa     m      C      C      %    g/kg    deg   knot     K      K      K 
-----------------------------------------------------------------------------
 1010.0     14   25.0   21.1     79  15.86      0      0  297.3  343.4  300.1
 1009.0     23   24.6   17.6     65  12.71     14      1  297.0  333.9  299.2
 1000.0    102   23.8   18.8     74  13.85    140      6  296.9  337.2  299.4
  992.0    173   23.8   19.5     77  14.60    142      6  297.6  340.1  300.2
  978.0    297   23.9   19.2     75  14.55    145      7  299.0  341.6  301.6
  972.0    352   24.0   19.1     74  14.53    147      7  299.6  342.2  302.2
  951.0    543   24.2   15.2     57  11.55    153      9  301.6  336.0  303.7
  928.0    758   22.6   12.6     53   9.97    159     10  302.1  331.9  303.9
  925.0    786   22.6   12.6     53  10.00    160     10  302.4  332.4  304.2
  913.0    900   22.8   10.4     45   8.72    160     11  303.7  330.1  305.3
  910.0    928   22.8    9.8     44   8.42    155     11  304.0  329.6  305.6
  882.0   1198   21.1    8.1     43   7.72    110     10  305.0  328.5  306.4
  850.0   1517   19.0    6.0     43   6.94    110     10  306.0  327.4  307.3
  794.0   2095   15.4   -2.0     30   4.16    100      8  308.2  321.5  309.0
  764.0   2422   13.4   -6.6     24   3.07    191      7  309.5  319.4  310.0
  739.0   2700   11.6   -7.5     26   2.95    270      6  310.4  320.0  310.9
  737.0   2723   11.4   -7.6     26   2.94    272      7  310.5  320.1  311.0
  717.0   2951    9.4    0.4     53   5.52    287     14  310.7  328.2  311.8
  713.0   2998    9.1    0.1     53   5.44    290     15  310.9  328.1  311.9
  709.0   3044    8.8   -0.2     53   5.35    290     15  311.1  328.0  312.1
  708.0   3056    9.0    0.0     53   5.43    290     15  311.4  328.7  312.4
  700.0   3150    9.4   -6.6     32   3.35    290     15  312.9  323.8  313.5
  699.0   3162    9.4   -9.6     25   2.65    290     15  313.0  321.8  313.5
  687.0   3305    8.8  -25.2      7   0.72    286     14  313.9  316.5  314.0
  633.0   3979    6.4  -32.6      4   0.39    270      9  318.6  320.1  318.6
  616.0   4202    6.5  -31.8      4   0.44    265      8  321.2  322.9  321.3
  608.0   4309    6.6  -31.4      5   0.46    268      8  322.5  324.2  322.6
  552.0   5091    1.0  -24.2     13   0.98    290      4  324.8  328.4  325.0
  543.0   5225    0.0  -23.0     16   1.11    339      3  325.2  329.3  325.4
  533.0   5373   -1.1  -18.1     26   1.74     34      2  325.6  331.8  326.0
  531.0   5403   -1.2  -20.2     22   1.45     45      2  325.8  331.1  326.1
  523.0   5524   -1.7  -28.7     11   0.69     55      4  326.7  329.3  326.8
  500.0   5880   -4.3  -28.3     13   0.75     85      8  327.7  330.5  327.9
  474.0   6298   -6.8  -34.5      9   0.43    115      6  329.7  331.4  329.8
  459.0   6550   -8.3  -38.3      7   0.31    186      7  330.9  332.1  330.9
  456.0   6600   -8.8  -37.7      8   0.33    200      7  330.9  332.2  331.0
  438.0   6909  -11.5  -34.1     13   0.49    235      9  331.2  333.1  331.3
  412.0   7377  -15.7  -28.7     32   0.87    255     15  331.7  335.0  331.9
  400.0   7600  -17.1  -33.1     24   0.59    265     18  332.7  335.0  332.8
  389.0   7806  -18.2  -36.4     19   0.44    270     18  333.8  335.6  333.9
  359.0   8397  -21.5  -45.9      9   0.17    350      9  337.2  337.9  337.2
  344.0   8712  -23.3  -51.0      6   0.10    345     12  338.9  339.4  338.9
  334.0   8929  -24.5  -54.5      4   0.07    322     12  340.1  340.4  340.2
  304.0   9605  -29.4  -55.9      6   0.06    250     10  342.5  342.8  342.5
  300.0   9700  -30.1  -56.1      6   0.06    250     12  342.8  343.1  342.9
  282.0  10137  -33.7  -58.7      6   0.05    257     14  343.8  344.0  343.8
  252.0  10916  -40.1  -54.1     21   0.10    269     19  345.5  346.0  345.5
  250.0  10970  -40.7                         270     19  345.4         345.4
  245.0  11104  -41.8                         275     19  345.9         345.9
  200.0  12450  -52.3                         265     16  349.8         349.8
  195.0  12608  -53.7                         270     17  350.2         350.2
  161.0  13800  -63.9                         315     16  352.6         352.6
  150.0  14240  -67.7                         305     15  353.3         353.3
  132.0  14995  -74.7                         320     12  354.0         354.0
  131.0  15040  -75.1                         327     12  354.0         354.0
  125.0  15307  -76.2                          10     12  356.7         356.7
  119.0  15588  -77.5                          90     18  359.5         359.5
  101.0  16523  -81.5                         155     18  369.1         369.1
  100.0  16580  -81.7                         150     18  369.6         369.6
   96.0  16807  -82.6                         110     17  372.2         372.2
   87.3  17335  -84.7                         100     13  378.2         378.2
   86.0  17419  -82.7                          90     13  383.9         383.9
   84.7  17504  -80.7                          82     14  389.6         389.6
   82.0  17689  -79.0                          65     16  396.7         396.7
   78.0  17974  -76.4                         120     14  407.7         407.7
   76.6  18078  -75.5                         121     15  411.8         411.8
   70.8  18534  -74.9                         124     17  422.4         422.4
   70.0  18600  -74.1                         125     17  425.5         425.5
   65.8  18960  -72.9                         107     20  435.7         435.7
   63.0  19217  -68.8                          95     22  450.3         450.3
   62.7  19245  -68.3                          96     22  451.9         451.9
   60.0  19508  -69.0                         110     25  456.2         456.2
   57.8  19730  -69.5                         101     33  459.9         459.9
   55.4  19984  -66.3                          91     42  472.8         472.8
   54.0  20138  -66.9                          85     47  474.9         474.9
   51.5  20423  -67.9                          82     50  479.0         479.0
   50.0  20600  -66.7                          80     52  485.9         485.9
   47.6  20899  -63.9                          82     56  499.4         499.4
   45.0  21242  -64.6                          85     60  505.9         505.9
   44.6  21297  -64.7                          85     60  506.9         506.9
   44.5  21311  -64.7                          85     60  507.2         507.2
   40.5  21892  -59.7                          92     51  533.5         533.5
   39.0  22129  -59.1                          95     47  540.8         540.8
   36.5  22544  -58.1                          86     22  553.8         553.8
   35.0  22806  -58.9                          80      6  558.3         558.3
   33.0  23174  -60.1                         310      6  564.6         564.6
   32.0  23366  -60.7                         265      5  568.0         568.0
   31.7  23425  -60.9                         241      5  569.0         569.0
   30.0  23770  -57.9                         100      5  586.2         586.2
   29.0  23985  -56.2                         130     11  596.5         596.5
   28.8  24028  -55.9                                     598.6         598.6
</PRE><H3>Station information and sounding indices</H3><PRE>
                         Station identifier: WAAA
                             Station number: 97180
                           Observation time: 181030/0000
                           Station latitude: -5.06
                          Station longitude: 119.55
                          Station elevation: 14.0
                            Showalter index: 8.30
                               Lifted index: 2.92
    LIFT computed using virtual temperature: 2.32
                                SWEAT index: 100.01
                                    K index: 13.30
                         Cross totals index: 10.30
                      Vertical totals index: 23.30
                        Totals totals index: 33.60
      Convective Available Potential Energy: 0.00
             CAPE using virtual temperature: 0.00
                      Convective Inhibition: 0.00
             CINS using virtual temperature: 0.00
                     Bulk Richardson Number: 0.00
          Bulk Richardson Number using CAPV: 0.00
  Temp [K] of the Lifted Condensation Level: 290.37
Pres [hPa] of the Lifted Condensation Level: 905.81
     Mean mixed layer potential temperature: 298.71
              Mean mixed layer mixing ratio: 13.88
              1000 hPa to 500 hPa thickness: 5778.00
Precipitable water [mm] for entire sounding: 26.44
</PRE>
<P>Description of the 
<A HREF="/upperair/columns.html">data columns</A>
or <A HREF="/upperair/indices.html">sounding indices</A>.

<P>
<FORM>
<INPUT CLASS="button" TYPE="button" VALUE=" Close this window " 
 onClick="window.close();">
<INPUT CLASS="button" TYPE="button" VALUE=" Select another map " 
 onClick="window.blur();">
</FORM>
<HR SIZE="1">
<I>Interested in graduate studies in atmospheric science?
Check out our program at the
<a href="http://www.uwyo.edu/atsc/howtoapply/"
target=_top>University of Wyoming
</a></I>
<HR SIZE="1"><FONT SIZE="-1">
Questions about the weather data provided by this site can be
addressed to <A HREF="mailto:ldoolman@uwyo.edu">
Larry Oolman (ldoolman@uwyo.edu)</A></FONT>
<HR SIZE="1">
<SCRIPT TYPE="text/javascript">
<!--
window.focus();
// -->
</SCRIPT>
</BODY>
</HTML>
