2016-04-20 00
<HTML>
<TITLE>University of Wyoming - Radiosonde Data</TITLE>
<LINK REL="StyleSheet" HREF="/resources/select.css" TYPE="text/css">
<BODY BGCOLOR="white">
<H2>97180 WAAA Ujung Pandang Observations at 00Z 20 Apr 2016</H2>
<PRE>
-----------------------------------------------------------------------------
   PRES   HGHT   TEMP   DWPT   RELH   MIXR   DRCT   SKNT   THTA   THTE   THTV
    hPa     m      C      C      %    g/kg    deg   knot     K      K      K 
-----------------------------------------------------------------------------
 1011.0     14   24.6   22.1     86  16.88     85      6  296.8  345.8  299.8
 1010.0     22   25.0   20.1     74  14.89     86      6  297.3  340.6  300.0
 1000.0    105   26.2   20.2     70  15.14    100      3  299.4  343.8  302.1
  999.0    114   26.6   19.6     65  14.59    102      3  299.8  342.7  302.5
  978.0    301   25.7   18.9     66  14.29    150      2  300.7  342.9  303.3
  946.0    594   24.2   17.9     68  13.83    115      2  302.1  343.2  304.6
  925.0    792   23.2   17.2     69  13.53    125      6  303.0  343.4  305.5
  914.0    896   22.6   16.5     68  13.08    130      5  303.5  342.6  305.9
  883.0   1195   21.0   14.4     66  11.85    175      3  304.8  340.5  307.0
  852.0   1506   19.3   12.3     64  10.68     90      4  306.2  338.6  308.1
  850.0   1526   19.2   12.2     64  10.61     85      4  306.2  338.4  308.2
  845.0   1577   19.2   11.2     60   9.98     93      4  306.8  337.2  308.6
  823.0   1801   17.7   11.0     65  10.11    130      5  307.5  338.4  309.4
  795.0   2095   15.8   10.7     72  10.29     80      2  308.5  340.0  310.4
  767.0   2400   13.7   10.5     81  10.48    100      1  309.5  341.7  311.4
  749.0   2602   12.4   10.3     87  10.61     67      2  310.1  342.8  312.1
  740.0   2703   12.0    9.6     85  10.24     50      3  310.8  342.5  312.7
  714.0   3002   11.0    7.5     79   9.22     30      6  312.8  341.7  314.6
  700.0   3168   10.4    6.4     76   8.69     25      6  314.0  341.3  315.6
  663.0   3619    8.6    2.6     66   7.01     27      6  316.9  339.4  318.2
  627.0   4078    5.8    0.8     70   6.51     29      5  318.8  339.9  320.0
  618.0   4196    5.5    0.6     71   6.51     30      5  319.8  340.9  321.0
  614.0   4249    5.4    0.5     71   6.51     43      4  320.2  341.4  321.5
  610.0   4302    5.2   -2.8     56   5.13     56      4  320.6  337.5  321.6
  595.0   4505    4.4   -7.0     44   3.83    105      1  321.9  334.8  322.6
  592.0   4546    4.2   -7.8     41   3.61     90      1  322.2  334.4  322.9
  583.0   4670    3.4   -3.6     60   5.06     45      1  322.6  339.5  323.6
  574.0   4796    2.7   -4.1     61   4.96      0      1  323.3  339.8  324.3
  553.0   5096    1.1   -5.2     63   4.72    235      2  324.8  340.7  325.8
  539.0   5302    0.0   -6.0     64   4.56    212      1  325.9  341.3  326.8
  532.0   5407   -0.3   -9.1     52   3.63    200      1  326.7  339.2  327.4
  524.0   5528   -0.7  -12.7     40   2.76    140      2  327.7  337.4  328.2
  519.0   5604   -0.7  -15.7     31   2.18    101      2  328.6  336.4  329.0
  513.0   5697   -1.5  -10.5     50   3.37     55      3  328.7  340.4  329.4
  500.0   5900   -3.1  -21.1     23   1.43    120      5  329.2  334.4  329.5
  495.0   5979   -3.7  -26.7     15   0.87    128      6  329.4  332.7  329.6
  494.0   5995   -3.8  -27.1     14   0.84    130      6  329.5  332.7  329.7
  486.0   6124   -4.5  -30.5     11   0.63    125      6  330.2  332.6  330.3
  477.0   6271   -5.7  -23.7     23   1.19    119      7  330.4  334.9  330.7
  476.0   6287   -5.9  -18.9     35   1.82    118      7  330.4  336.9  330.8
  466.0   6453   -6.5  -32.5     11   0.54    111      8  331.7  333.8  331.8
  450.0   6726   -7.9  -35.9      9   0.40    100      8  333.2  334.8  333.3
  436.0   6970  -10.1  -18.1     52   2.12     90      9  333.5  341.1  333.9
  428.0   7113  -11.1  -20.1     47   1.82     84     10  333.9  340.6  334.3
  426.0   7149  -11.1  -22.1     40   1.54     82     10  334.4  340.1  334.7
  423.0   7203  -11.5  -22.5     40   1.49     80     10  334.6  340.1  334.9
  421.0   7239  -11.9  -21.9     43   1.58     80     10  334.5  340.4  334.8
  420.0   7258  -12.3  -16.9     69   2.44     80      9  334.2  343.0  334.7
  418.0   7294  -12.3  -21.3     47   1.68     80      9  334.7  340.9  335.0
  416.0   7331  -12.1  -29.1     23   0.83     80      8  335.4  338.6  335.6
  414.0   7368  -12.1  -24.1     36   1.32     80      8  335.9  340.8  336.1
  407.0   7498  -13.0  -27.0     30   1.04     80      6  336.3  340.3  336.6
  400.0   7630  -13.9  -29.9     25   0.80     90      6  336.8  339.9  337.0
  382.0   7978  -16.3  -37.3     15   0.41    142      7  338.1  339.8  338.2
  376.0   8095  -17.1  -38.2     14   0.38    160      7  338.6  340.1  338.6
  347.0   8691  -21.3  -43.0     12   0.25    145      5  340.8  341.8  340.8
  334.0   8974  -23.3  -45.3     11   0.20    150      5  341.8  342.6  341.8
  333.0   8996  -23.5  -45.3     12   0.20    150      5  341.8  342.7  341.9
  324.0   9196  -25.1  -45.1     14   0.21     86      2  342.3  343.2  342.3
  319.0   9309  -26.1  -40.4     25   0.36     50      1  342.4  343.9  342.5
  317.0   9354  -26.5  -38.5     31   0.44     38      1  342.5  344.3  342.6
  310.0   9515  -27.7  -34.7     51   0.65    355      3  343.0  345.6  343.1
  306.0   9608  -28.3  -35.7     49   0.60    330      4  343.4  345.8  343.5
  300.0   9750  -29.3  -37.3     46   0.52    290      4  344.0  346.1  344.1
  294.0   9893  -30.3  -39.3     41   0.43    285      4  344.6  346.4  344.7
  283.0  10162  -32.1  -43.1     33   0.30    314      5  345.7  347.0  345.8
  270.0  10490  -34.9  -43.1     43   0.32    350      7  346.4  347.7  346.4
  269.0  10516  -35.1  -43.1     44   0.32    346      7  346.4  347.8  346.5
  258.0  10803  -37.4  -46.5     38   0.23    305     10  347.2  348.2  347.3
  250.0  11020  -39.1  -49.1     34   0.18    290     10  347.8  348.6  347.8
  246.0  11130  -39.9  -49.9     34   0.16    285     11  348.2  348.9  348.2
  226.0  11695  -44.5                         260     17  349.7         349.7
  200.0  12510  -51.1                         255     24  351.7         351.7
  155.0  14114  -64.4                         260     27  355.6         355.6
  150.0  14320  -66.1                         265     25  356.0         356.0
  137.0  14860  -70.9                         273     22  356.9         356.9
  134.0  14987  -71.8                         275     21  357.5         357.5
  115.0  15866  -78.2                         240     17  361.6         361.6
  109.0  16174  -80.5                         240     18  362.9         362.9
  105.0  16384  -80.7                         220     17  366.4         366.4
  103.0  16493  -79.2                         210     16  371.3         371.3
  100.0  16660  -76.9                         180     10  378.9         378.9
   93.0  17076  -78.9                          15     14  382.9         382.9
   90.2  17251  -79.7                           7     20  384.7         384.7
   88.0  17390  -80.8                           0     24  385.1         385.1
   80.4  17897  -84.9                           0     33  386.8         386.8
   79.0  17995  -85.0                           0     33  388.6         388.6
   76.0  18209  -85.1                          11     27  392.7         392.7
   75.0  18283  -84.3                          15     25  395.9         395.9
   71.0  18590  -80.9                           5      9  409.3         409.3
   70.5  18630  -80.5                         340      8  411.0         411.0
   70.0  18670  -80.5                         315      6  411.9         411.9
   67.0  18918  -81.1                         250     18  415.7         415.7
   64.0  19181  -78.4                         235     24  427.0         427.0
   60.0  19551  -74.7                         190     24  443.4         443.4
   55.2  20039  -73.3                         132     23  457.2         457.2
   52.9  20292  -69.1                         102     23  472.6         472.6
   52.0  20395  -69.0                          90     23  475.2         475.2
   50.0  20630  -68.7                          80     28  481.2         481.2
   47.4  20948  -70.3                          76     31  484.8         484.8
   47.0  20998  -70.2                          75     31  486.1         486.1
   43.9  21403  -69.5                          81     28  497.4         497.4
   38.0  22277  -61.7                          93     23  538.2         538.2
   37.0  22443  -61.3                          95     22  543.3         543.3
   35.0  22787  -60.6                         120     18  554.0         554.0
   34.3  22912  -60.3                         135     18  557.9         557.9
   33.0  23151  -61.0                         165     19  562.1         562.1
   32.0  23342  -61.6                         160     26  565.5         565.5
   31.6  23420  -61.9                         153     27  566.8         566.8
   30.0  23740  -61.9                         125     33  575.3         575.3
   29.0  23952  -60.5                         110     34  584.7         584.7
   25.3  24806  -54.9                          87     32  624.0         624.0
   25.0  24883  -54.8                          85     32  626.5         626.5
   23.0  25416  -53.9                          45     14  644.1         644.1
   22.0  25700  -53.5                          55      8  653.7         653.7
   21.0  25997  -53.0                         100     11  663.9         663.9
   20.8  26058  -52.9                          99     12  666.0         666.0
   20.0  26310  -52.5                          95     14  674.7         674.7
   19.5  26474  -52.1                          93     15  680.9         680.9
   18.9  26678  -48.5                          90     16  698.1         698.1
   18.4  26854  -49.1                          87     16  701.6         701.6
   18.0  26999  -47.4                          85     17  711.5         711.5
   17.4  27224  -44.7                          55     10  726.9         726.9
   17.0  27379  -44.9                          35      5  731.1         731.1
   16.0  27782  -45.5                         245      4  742.0         742.0
   15.0  28212  -46.1                         145     13  753.7         753.7
   14.1  28624  -46.7                         127     19  765.2         765.2
   14.0  28671  -46.8                         125     20  766.4         766.4
   13.7  28814  -47.1                         109     21  770.1         770.1
   13.3  29011  -46.9                          87     22  777.4         777.4
   13.0  29162  -45.5                          70     23  787.3         787.3
   12.9  29214  -43.1                          69     23  797.4         797.4
   12.0  29702  -42.5                          60     20  816.3         816.3
   11.8  29815  -42.3                                     820.8         820.8
</PRE><H3>Station information and sounding indices</H3><PRE>
                         Station identifier: WAAA
                             Station number: 97180
                           Observation time: 160420/0000
                           Station latitude: -5.06
                          Station longitude: 119.55
                          Station elevation: 14.0
                            Showalter index: 4.44
                               Lifted index: 2.68
    LIFT computed using virtual temperature: 2.11
                                SWEAT index: 159.40
                                    K index: 30.50
                         Cross totals index: 15.30
                      Vertical totals index: 22.30
                        Totals totals index: 37.60
      Convective Available Potential Energy: 0.00
             CAPE using virtual temperature: 0.00
                      Convective Inhibition: 0.00
             CINS using virtual temperature: 0.00
                     Bulk Richardson Number: 0.00
          Bulk Richardson Number using CAPV: 0.00
  Temp [K] of the Lifted Condensation Level: 290.82
Pres [hPa] of the Lifted Condensation Level: 894.45
     Mean mixed layer potential temperature: 300.25
              Mean mixed layer mixing ratio: 14.45
              1000 hPa to 500 hPa thickness: 5795.00
Precipitable water [mm] for entire sounding: 49.85
</PRE>
<P>Description of the 
<A HREF="/upperair/columns.html">data columns</A>
or <A HREF="/upperair/indices.html">sounding indices</A>.

<P>
<FORM>
<INPUT CLASS="button" TYPE="button" VALUE=" Close this window " 
 onClick="window.close();">
<INPUT CLASS="button" TYPE="button" VALUE=" Select another map " 
 onClick="window.blur();">
</FORM>
<HR SIZE="1">
<I>Interested in graduate studies in atmospheric science?
Check out our program at the
<a href="http://www.uwyo.edu/atsc/howtoapply/"
target=_top>University of Wyoming
</a></I>
<HR SIZE="1"><FONT SIZE="-1">
Questions about the weather data provided by this site can be
addressed to <A HREF="mailto:ldoolman@uwyo.edu">
Larry Oolman (ldoolman@uwyo.edu)</A></FONT>
<HR SIZE="1">
<SCRIPT TYPE="text/javascript">
<!--
window.focus();
// -->
</SCRIPT>
</BODY>
</HTML>
