2016-06-22 12
<HTML>
<TITLE>University of Wyoming - Radiosonde Data</TITLE>
<LINK REL="StyleSheet" HREF="/resources/select.css" TYPE="text/css">
<BODY BGCOLOR="white">
<H2>97180 WAAA Ujung Pandang Observations at 00Z 22 Jun 2016</H2>
<PRE>
-----------------------------------------------------------------------------
   PRES   HGHT   TEMP   DWPT   RELH   MIXR   DRCT   SKNT   THTA   THTE   THTV
    hPa     m      C      C      %    g/kg    deg   knot     K      K      K 
-----------------------------------------------------------------------------
 1010.0     14   25.0   22.4     86  17.21      0      0  297.3  347.3  300.4
 1004.0     63   26.2   20.2     70  15.08     72      2  299.0  343.2  301.7
 1000.0     96   26.6   21.6     74  16.54    120      4  299.8  348.3  302.7
  977.0    300   25.6   19.8     70  15.07    150      5  300.7  345.2  303.4
  946.0    583   24.2   17.2     65  13.22    150      3  302.1  341.4  304.5
  925.0    778   22.6   16.6     69  13.01    150      2  302.4  341.1  304.8
  912.0    901   21.8   16.1     70  12.74    150      1  302.9  340.8  305.2
  881.0   1202   19.9   14.7     72  12.07     80      3  303.9  340.1  306.1
  850.0   1514   18.0   13.3     74  11.42     85      4  305.0  339.4  307.1
  822.0   1800   16.2   11.6     74  10.53     80      6  306.0  337.9  307.9
  819.0   1832   16.0   11.4     74  10.44     72      5  306.1  337.8  308.1
  793.0   2105   14.6    8.7     68   8.96      0      1  307.5  334.9  309.1
  766.0   2398   13.1    5.7     61   7.57     45      7  308.9  332.4  310.3
  754.0   2531   12.4    4.4     58   7.00     49      8  309.5  331.4  310.9
  745.0   2632   12.2    1.2     47   5.63     53      9  310.4  328.2  311.4
  739.0   2700   12.0    0.6     46   5.46     55      9  310.9  328.2  312.0
  730.0   2802   11.8   -0.2     44   5.19     69     10  311.8  328.3  312.7
  724.0   2871   11.2    5.2     67   7.72     78     10  311.8  336.0  313.3
  713.0   2999   11.4   -3.1     36   4.30     95     11  313.5  327.4  314.3
  706.0   3082   11.6   -8.4     24   2.89     95     11  314.5  324.1  315.1
  700.0   3153   11.0   -8.0     26   3.00     95     11  314.6  324.6  315.2
  692.0   3249    9.8    2.8     62   6.81     91     12  314.3  336.0  315.6
  663.0   3599    7.5    1.4     65   6.43     75     15  315.7  336.3  316.9
  575.0   4762    0.0   -3.2     79   5.28     78     19  319.9  337.3  321.0
  531.0   5395   -3.6  -10.6     59   3.23     80     21  322.9  333.9  323.6
  519.0   5577   -4.7  -12.7     54   2.79     76     24  323.8  333.4  324.3
  510.0   5715   -5.1  -11.1     63   3.23     73     26  324.9  336.0  325.6
  502.0   5839   -5.9   -9.4     76   3.76     71     28  325.4  338.2  326.1
  500.0   5870   -6.1   -9.7     76   3.68     70     28  325.5  338.1  326.3
  499.0   5886   -6.1  -13.1     58   2.81     70     28  325.7  335.4  326.3
  491.0   6012   -6.9  -11.9     68   3.15     70     29  326.2  337.1  326.9
  489.0   6044   -7.1  -10.3     78   3.59     70     29  326.4  338.7  327.1
  480.0   6189   -7.7  -13.7     62   2.78     69     29  327.4  337.1  327.9
  478.0   6222   -7.9  -13.9     62   2.75     69     30  327.5  337.1  328.1
  477.0   6238   -7.9  -11.8     74   3.27     69     30  327.7  339.0  328.4
  475.0   6271   -8.1  -12.1     73   3.20     69     30  327.9  339.0  328.5
  474.0   6287   -8.1  -16.1     53   2.31     69     30  328.1  336.2  328.5
  467.0   6403   -8.9  -14.9     62   2.59     68     30  328.5  337.6  329.0
  410.0   7403  -13.9  -26.9     32   1.04     66     35  334.5  338.4  334.7
  400.0   7590  -15.1  -24.1     46   1.37     65     36  335.3  340.4  335.6
  389.0   7799  -16.4  -27.6     38   1.03     70     37  336.2  340.2  336.5
  380.0   7975  -17.5  -30.5     31   0.80     68     36  337.1  340.1  337.2
  354.0   8500  -21.5  -24.9     74   1.44     62     32  338.6  344.0  338.9
  344.0   8710  -22.7  -28.1     61   1.11     60     30  339.8  344.0  340.0
  327.0   9080  -24.7  -33.7     43   0.68     60     28  341.9  344.6  342.1
  300.0   9700  -29.3  -39.3     37   0.42     60     24  344.0  345.7  344.1
  251.0  10943  -39.9  -48.9     38   0.18     75     28  346.2  347.0  346.2
  250.0  10970  -40.1                          75     28  346.3         346.3
  200.0  12460  -52.1                          80     29  350.1         350.1
  187.0  12881  -55.6                          85     38  351.2         351.2
  150.0  14260  -67.3                          75     48  354.0         354.0
  139.0  14712  -71.5                          75     48  354.4         354.4
  138.0  14754  -71.9                          76     48  354.4         354.4
  119.0  15599  -77.0                         100     40  360.2         360.2
  100.0  16590  -83.1                          90     52  366.9         366.9
   96.0  16816  -84.9                          85     49  367.8         367.8
   94.2  16921  -85.7                          85     47  368.1         368.1
   91.4  17087  -86.1                          89     41  370.5         370.5
   90.0  17172  -84.1                          91     38  376.1         376.1
   88.5  17267  -77.5                          93     34  391.2         391.2
   87.0  17367  -75.5                          95     31  397.1         397.1
   84.8  17516  -72.5                         108     27  406.1         406.1
   78.0  18010  -71.8                         150     14  417.3         417.3
   74.0  18321  -71.4                         125     10  424.6         424.6
   71.0  18566  -71.0                          50     13  430.4         430.4
   70.0  18650  -70.9                          50     13  432.4         432.4
   67.0  18909  -71.4                          55     15  436.7         436.7
   62.2  19348  -72.3                          95     17  444.1         444.1
   61.0  19463  -71.7                         105     17  448.0         448.0
   55.7  20003  -68.7                          94     28  466.6         466.6
   51.6  20461  -69.3                          84     38  475.5         475.5
   50.0  20650  -66.7                          80     42  485.9         485.9
   48.0  20898  -64.5                          87     45  496.8         496.8
   47.0  21027  -64.5                          90     47  499.9         499.9
   43.0  21571  -64.2                          65     29  513.4         513.4
   34.0  23009  -63.6                         100     29  550.6         550.6
   32.3  23323  -63.5                          96     24  559.0         559.0
   32.0  23381  -63.1                          95     23  561.6         561.6
   30.0  23780  -60.3                          20     12  579.7         579.7
   29.0  23994  -58.8                         325     10  589.5         589.5
   26.0  24684  -53.8                         265     25  622.3         622.3
   25.6  24782  -53.1                         263     26  627.1         627.1
   24.0  25199  -51.9                         255     28  642.1         642.1
   22.2  25702  -50.5                         257     30  660.8         660.8
   20.0  26380  -50.7                         260     32  680.2         680.2
   18.6  26850  -52.9                         265     34  687.6         687.6
   16.5  27628  -49.7                         273     37  721.9         721.9
   15.0  28255  -48.9                         280     40  744.3         744.3
   13.0  29195  -47.8                         260     35  779.3         779.3
   12.5  29453  -47.5                                     789.2         789.2
</PRE><H3>Station information and sounding indices</H3><PRE>
                         Station identifier: WAAA
                             Station number: 97180
                           Observation time: 160622/0000
                           Station latitude: -5.06
                          Station longitude: 119.55
                          Station elevation: 14.0
                            Showalter index: 1.04
                               Lifted index: -1.25
    LIFT computed using virtual temperature: -1.52
                                SWEAT index: 195.59
                                    K index: 18.40
                         Cross totals index: 19.40
                      Vertical totals index: 24.10
                        Totals totals index: 43.50
      Convective Available Potential Energy: 103.86
             CAPE using virtual temperature: 155.65
                      Convective Inhibition: -144.26
             CINS using virtual temperature: -67.06
                           Equilibrum Level: 422.93
 Equilibrum Level using virtual temperature: 410.56
                   Level of Free Convection: 634.58
             LFCT using virtual temperature: 784.24
                     Bulk Richardson Number: 10.91
          Bulk Richardson Number using CAPV: 16.35
  Temp [K] of the Lifted Condensation Level: 291.79
Pres [hPa] of the Lifted Condensation Level: 903.54
     Mean mixed layer potential temperature: 300.38
              Mean mixed layer mixing ratio: 15.24
              1000 hPa to 500 hPa thickness: 5774.00
Precipitable water [mm] for entire sounding: 47.88
</PRE>
<P>Description of the 
<A HREF="/upperair/columns.html">data columns</A>
or <A HREF="/upperair/indices.html">sounding indices</A>.

<P>
<FORM>
<INPUT CLASS="button" TYPE="button" VALUE=" Close this window " 
 onClick="window.close();">
<INPUT CLASS="button" TYPE="button" VALUE=" Select another map " 
 onClick="window.blur();">
</FORM>
<HR SIZE="1">
<I>Interested in graduate studies in atmospheric science?
Check out our program at the
<a href="http://www.uwyo.edu/atsc/howtoapply/"
target=_top>University of Wyoming
</a></I>
<HR SIZE="1"><FONT SIZE="-1">
Questions about the weather data provided by this site can be
addressed to <A HREF="mailto:ldoolman@uwyo.edu">
Larry Oolman (ldoolman@uwyo.edu)</A></FONT>
<HR SIZE="1">
<SCRIPT TYPE="text/javascript">
<!--
window.focus();
// -->
</SCRIPT>
</BODY>
</HTML>
