2018-02-26 00
<HTML>
<TITLE>University of Wyoming - Radiosonde Data</TITLE>
<LINK REL="StyleSheet" HREF="/resources/select.css" TYPE="text/css">
<BODY BGCOLOR="white">
<H2>97180 WAAA Ujung Pandang Observations at 00Z 26 Feb 2018</H2>
<PRE>
-----------------------------------------------------------------------------
   PRES   HGHT   TEMP   DWPT   RELH   MIXR   DRCT   SKNT   THTA   THTE   THTV
    hPa     m      C      C      %    g/kg    deg   knot     K      K      K 
-----------------------------------------------------------------------------
 1010.0     14   24.8   22.4     87  17.21      0      0  297.1  347.1  300.2
 1001.0     88   26.0   22.3     80  17.26     36      4  299.1  349.6  302.1
 1000.0     96   26.0   22.4     81  17.39     40      4  299.1  350.1  302.3
  977.0    301   24.7   21.6     83  16.90     10      6  299.8  349.5  302.9
  944.0    603   22.8   20.3     86  16.19    325      6  300.8  348.6  303.7
  925.0    782   21.6   19.6     88  15.78    285      6  301.4  348.0  304.2
  912.0    904   20.9   19.0     89  15.44    265      7  301.9  347.6  304.6
  850.0   1513   17.2   16.2     94  13.82    265     12  304.1  345.5  306.7
  849.0   1523   17.0   16.0     94  13.66    265     12  304.0  344.9  306.5
  739.0   2693   11.0    8.6     85   9.57    265     12  309.8  339.3  311.5
  700.0   3150    8.6    5.7     82   8.27    270     12  312.0  337.8  313.5
  663.0   3598    6.7    3.5     80   7.48    285      8  314.8  338.5  316.2
  653.0   3723    6.2    2.9     79   7.27    295      7  315.5  338.7  316.9
  639.0   3899    5.0    2.3     82   7.10    310      6  316.2  338.9  317.5
  593.0   4505    1.1    0.1     93   6.54    330      5  318.4  339.6  319.6
  581.0   4671    0.0   -0.5     96   6.39    313      4  319.0  339.7  320.2
  572.0   4795   -0.7   -1.2     96   6.15    300      4  319.6  339.7  320.8
  550.0   5105   -2.4   -3.1     95   5.57    355      5  321.2  339.6  322.3
  530.0   5399   -4.0   -4.8     94   5.06     15      7  322.7  339.5  323.7
  510.0   5703   -5.6   -6.7     93   4.58    355      5  324.3  339.6  325.1
  500.0   5860   -6.5   -7.6     92   4.34    335      3  325.1  339.7  325.9
  491.0   6001   -7.3   -9.2     86   3.90      0      2  325.8  339.1  326.6
  486.0   6081   -7.7  -10.1     83   3.67    322      2  326.2  338.8  326.9
  473.0   6290   -9.3  -10.7     89   3.60    220      1  326.8  339.2  327.5
  455.0   6590  -11.5  -11.5    100   3.51    154      1  327.7  339.8  328.4
  454.0   6606  -11.6  -11.6    100   3.48    150      1  327.7  339.7  328.4
  446.0   6742  -12.7  -12.8     99   3.22     80      1  328.0  339.2  328.7
  439.0   6863  -11.9  -13.7     86   3.04     18      1  330.5  341.2  331.1
  437.0   6898  -12.0  -14.0     85   2.98      0      1  330.8  341.3  331.4
  420.0   7200  -13.2  -16.7     75   2.49    140      1  333.0  341.9  333.5
  408.0   7420  -14.1  -18.6     69   2.17    179      2  334.7  342.6  335.1
  400.0   7570  -14.7  -21.7     55   1.70    205      2  335.8  342.1  336.1
  388.0   7799  -16.1  -24.1     50   1.41    235      3  336.9  342.2  337.2
  376.0   8035  -17.7  -23.7     59   1.51    223      4  337.8  343.5  338.1
  373.0   8094  -18.1  -25.1     54   1.35    220      4  338.1  343.1  338.3
  358.0   8398  -20.2  -32.1     34   0.73    165      7  339.2  342.1  339.4
  349.0   8587  -21.5  -36.5     25   0.48    159      7  339.9  341.9  340.1
  330.0   8996  -24.7  -32.7     47   0.75    145      6  341.0  344.0  341.2
  317.0   9284  -27.0  -35.0     47   0.62    135      6  341.8  344.3  341.9
  300.0   9680  -30.1  -38.1     46   0.48    110      7  342.8  344.8  342.9
  279.0  10189  -34.1  -41.3     48   0.37     75      5  344.3  345.8  344.4
  267.0  10498  -36.5  -43.2     50   0.32     90      5  345.1  346.4  345.2
  256.0  10794  -38.8  -45.1     52   0.27    145      3  345.9  347.0  345.9
  250.0  10960  -40.1  -46.1     53   0.25    165      2  346.3  347.4  346.4
  245.0  11094  -41.2                         165      2  346.6         346.6
  234.0  11399  -43.8                         140      2  347.3         347.3
  224.0  11688  -46.3                          55      5  347.8         347.8
  200.0  12440  -52.7                          40      6  349.1         349.1
  195.0  12598  -54.1                          45      6  349.4         349.4
  177.0  13200  -59.5                          60     18  350.4         350.4
  150.0  14230  -68.7                          85     24  351.6         351.6
  138.0  14720  -72.9                          80     29  352.6         352.6
  100.0  16540  -84.5                          90     50  364.2         364.2
   96.0  16765  -85.2                          90     49  367.1         367.1
   95.7  16782  -85.3                          90     50  367.3         367.3
   91.0  17062  -83.2                         100     38  376.8         376.8
   87.8  17261  -81.7                          87     29  383.6         383.6
   86.0  17379  -78.0                          80     23  393.5         393.5
   85.6  17405  -77.1                          73     22  395.7         395.7
   83.8  17528  -75.5                          39     18  401.4         401.4
   82.0  17652  -76.2                           5     13  402.4         402.4
   77.0  18013  -78.2                         290     13  405.5         405.5
   74.9  18172  -79.1                         293     13  406.9         406.9
   70.0  18560  -75.9                         300     13  421.7         421.7
   69.9  18568  -75.5                         299     13  422.7         422.7
   66.0  18900  -76.2                         270     25  428.1         428.1
   60.0  19450  -77.5                         255      3  437.2         437.2
   57.0  19746  -78.1                         300     12  442.1         442.1
   55.4  19910  -78.5                         303     10  444.9         444.9
   54.0  20057  -78.0                         305      9  449.2         449.2
   51.0  20386  -77.0                         210      2  458.9         458.9
   50.0  20500  -76.7                         165      3  462.4         462.4
   48.0  20735  -76.2                         150      3  469.1         469.1
   47.8  20759  -76.1                         147      4  469.8         469.8
   46.0  20982  -74.3                         115     15  479.2         479.2
   44.4  21187  -72.7                         107     23  488.1         488.1
   44.0  21241  -71.2                         105     25  492.9         492.9
   43.2  21350  -68.3                         108     27  502.7         502.7
   42.8  21406  -66.5                         110     28  508.4         508.4
   39.0  21963  -69.5                         125     36  514.6         514.6
   35.4  22541  -68.9                         104     47  530.6         530.6
   34.0  22786  -66.7                          95     51  542.6         542.6
   31.2  23308  -61.9                          88     57  568.9         568.9
   30.0  23550  -61.7                          85     60  575.9         575.9
   25.7  24519  -55.7                          98     60  619.0         619.0
   25.0  24695  -55.8                         100     60  623.5         623.5
   21.0  25800  -56.5                          88     62  653.3         653.3
   20.0  26110  -55.5                          85     62  665.5         665.5
   16.0  27543  -52.8                          85     78  718.3         718.3
   14.9  28001  -51.9                          85     83  735.9         735.9
   13.1  28848  -44.7                          85     92  788.3         788.3
   13.0                                        85     92                     
</PRE><H3>Station information and sounding indices</H3><PRE>
                         Station identifier: WAAA
                             Station number: 97180
                           Observation time: 180226/0000
                           Station latitude: -5.06
                          Station longitude: 119.55
                          Station elevation: 14.0
                            Showalter index: -1.78
                               Lifted index: -3.17
    LIFT computed using virtual temperature: -3.45
                                SWEAT index: 221.40
                                    K index: 37.00
                         Cross totals index: 22.70
                      Vertical totals index: 23.70
                        Totals totals index: 46.40
      Convective Available Potential Energy: 632.59
             CAPE using virtual temperature: 728.12
                      Convective Inhibition: -22.42
             CINS using virtual temperature: -18.06
                           Equilibrum Level: 216.98
 Equilibrum Level using virtual temperature: 216.92
                   Level of Free Convection: 862.46
             LFCT using virtual temperature: 872.29
                     Bulk Richardson Number: 83.25
          Bulk Richardson Number using CAPV: 95.83
  Temp [K] of the Lifted Condensation Level: 294.10
Pres [hPa] of the Lifted Condensation Level: 937.99
     Mean mixed layer potential temperature: 299.54
              Mean mixed layer mixing ratio: 16.96
              1000 hPa to 500 hPa thickness: 5764.00
Precipitable water [mm] for entire sounding: 59.97
</PRE>
<P>Description of the 
<A HREF="/upperair/columns.html">data columns</A>
or <A HREF="/upperair/indices.html">sounding indices</A>.

<P>
<FORM>
<INPUT CLASS="button" TYPE="button" VALUE=" Close this window " 
 onClick="window.close();">
<INPUT CLASS="button" TYPE="button" VALUE=" Select another map " 
 onClick="window.blur();">
</FORM>
<HR SIZE="1">
<I>Interested in graduate studies in atmospheric science?
Check out our program at the
<a href="http://www.uwyo.edu/atsc/howtoapply/"
target=_top>University of Wyoming
</a></I>
<HR SIZE="1"><FONT SIZE="-1">
Questions about the weather data provided by this site can be
addressed to <A HREF="mailto:ldoolman@uwyo.edu">
Larry Oolman (ldoolman@uwyo.edu)</A></FONT>
<HR SIZE="1">
<SCRIPT TYPE="text/javascript">
<!--
window.focus();
// -->
</SCRIPT>
</BODY>
</HTML>
