2017-12-20 12
<HTML>
<TITLE>University of Wyoming - Radiosonde Data</TITLE>
<LINK REL="StyleSheet" HREF="/resources/select.css" TYPE="text/css">
<BODY BGCOLOR="white">
<H2>97180 WAAA Ujung Pandang Observations at 00Z 20 Dec 2017</H2>
<PRE>
-----------------------------------------------------------------------------
   PRES   HGHT   TEMP   DWPT   RELH   MIXR   DRCT   SKNT   THTA   THTE   THTV
    hPa     m      C      C      %    g/kg    deg   knot     K      K      K 
-----------------------------------------------------------------------------
 1010.0     14   24.6   23.5     94  18.44    185      6  296.9  350.4  300.2
 1000.0    101   25.0   22.2     84  17.17    130     12  298.1  348.2  301.2
  988.0    207   24.8   21.7     83  16.85    125     10  299.0  348.3  302.0
  977.0    304   24.1   21.4     85  16.72    120      9  299.2  348.1  302.2
  945.0    593   21.8   20.5     92  16.33    235      1  299.8  347.7  302.7
  925.0    779   20.4   19.9     97  16.09    255      6  300.2  347.5  303.1
  921.0    817   20.0   19.7     98  15.95    256      7  300.1  347.0  303.0
  851.0   1503   17.0   16.9     99  14.48    265     19  303.9  347.2  306.5
  850.0   1513   17.0   16.9     99  14.46    265     19  303.9  347.2  306.6
  713.0   3000   10.5   10.5    100  11.32    240     20  312.5  347.6  314.6
  703.0   3119   10.0   10.0    100  11.09    240     20  313.1  347.7  315.2
  700.0   3155    9.8    9.8    100  10.98    240     20  313.3  347.6  315.4
  663.0   3603    7.4    7.4    100   9.82    230     27  315.5  346.5  317.3
  623.0   4117    4.6    4.6    100   8.61    251     18  318.0  345.5  319.6
  616.0   4209    3.7    3.7    100   8.15    255     16  317.9  344.0  319.5
  605.0   4355    2.2    2.2    100   7.47    257     17  317.9  341.9  319.3
  594.0   4503    1.6    1.5    100   7.25    260     17  318.8  342.2  320.2
  568.0   4864    0.0   -0.1     99   6.73    224     15  321.1  343.0  322.4
  555.0   5049   -1.3   -1.3    100   6.31    205     13  321.6  342.4  322.9
  543.0   5224   -1.9   -1.9    100   6.17    188     12  322.9  343.3  324.2
  539.0   5283   -2.1   -2.1    100   6.12    182     12  323.4  343.6  324.6
  537.0   5312   -1.3   -1.5     99   6.43    179     12  324.7  346.0  326.0
  532.0   5387   -0.7   -0.8     99   6.83    172     11  326.3  349.0  327.6
  531.0   5402   -0.8   -0.9     99   6.79    170     11  326.4  349.0  327.7
  525.0   5493   -1.1   -1.6     96   6.53    174     11  327.0  348.9  328.3
  520.0   5569   -2.3   -2.3    100   6.26    177     11  326.5  347.4  327.7
  500.0   5880   -4.7   -4.7    100   5.43    190     12  327.2  345.6  328.3
  474.0   6292   -7.0   -7.1     99   4.76    210     11  329.4  345.6  330.3
  456.0   6590   -8.7   -8.9     99   4.31    180      9  330.9  345.8  331.8
  403.0   7543  -14.1  -14.5     97   3.10    222     12  335.9  346.9  336.5
  400.0   7600  -14.5  -14.9     97   3.03    225     12  336.1  346.9  336.7
  390.0   7790  -16.0  -16.7     95   2.68    225     12  336.5  346.2  337.1
  374.0   8103  -18.5  -19.6     91   2.18    190      6  337.3  345.2  337.7
  360.0   8389  -20.8  -22.2     88   1.80    135      5  337.9  344.6  338.3
  351.0   8578  -22.3  -24.0     86   1.58    121      5  338.3  344.2  338.6
  331.0   9009  -24.2  -24.5     98   1.60     90      5  341.4  347.5  341.8
  330.0   9031  -24.3  -24.5     98   1.60     93      5  341.6  347.6  341.9
  318.0   9299  -26.3  -26.6     97   1.37    135      8  342.4  347.7  342.7
  305.0   9600  -28.6  -29.1     96   1.14    155      9  343.3  347.8  343.6
  300.0   9720  -29.5  -30.0     95   1.06    150      9  343.7  347.8  343.9
  286.0  10061  -32.3  -32.7     96   0.86    150     14  344.4  347.8  344.6
  279.0  10236  -33.7  -35.4     85   0.68    150     17  344.8  347.6  345.0
  269.0  10491  -35.3  -36.4     90   0.64    150     21  346.1  348.7  346.3
  264.0  10623  -36.1  -36.9     92   0.61    154     21  346.8  349.3  346.9
  256.0  10836  -38.1  -40.9     75   0.42    160     22  346.9  348.7  347.0
  250.0  11000  -39.3  -41.8     77   0.39    165     22  347.5  349.1  347.6
  246.0  11111  -39.9  -42.2     79   0.38    164     22  348.2  349.8  348.3
  236.0  11387  -42.4                         160     21  348.7         348.7
  200.0  12490  -52.1                         150     23  350.1         350.1
  188.0  12880  -55.8                         135     24  350.3         350.3
  165.0  13702  -63.7                         109     29  350.5         350.5
  150.0  14280  -67.9                          90     33  352.9         352.9
  133.0  14988  -74.3                          85     38  353.9         353.9
  131.0  15078  -75.1                          86     39  354.0         354.0
  113.0  15920  -80.6                          95     47  359.1         359.1
  112.0  15971  -80.9                          94     45  359.4         359.4
  102.0  16498  -79.4                          80     22  371.9         371.9
  100.0  16610  -79.1                          80     12  374.6         374.6
   97.0  16780  -80.3                         130      2  375.5         375.5
   92.0  17076  -82.5                         240     11  377.0         377.0
   87.5  17357  -84.5                         215      9  378.4         378.4
   87.0  17389  -84.5                         200      8  379.0         379.0
   82.1  17708  -84.7                         107     14  384.9         384.9
   82.0  17715  -84.7                         105     14  385.2         385.2
   78.0  17994  -82.5                          55     21  395.1         395.1
   74.0  18287  -80.3                          60     15  405.7         405.7
   73.6  18318  -80.1                          63     15  406.8         406.8
   70.7  18544  -80.9                          89     15  409.8         409.8
   70.0  18600  -80.3                          95     15  412.3         412.3
   66.0  18940  -75.6                          55      4  429.5         429.5
   63.0  19210  -71.8                          45      7  443.5         443.5
   62.1  19293  -70.7                          17      9  447.9         447.9
   60.0  19498  -68.8                         310     14  456.4         456.4
   59.4  19558  -68.3                         306     15  459.0         459.0
   54.0  20129  -68.5                         265     29  471.1         471.1
   50.0  20590  -68.7                         275     24  481.2         481.2
   49.0  20711  -68.8                         275     21  483.8         483.8
   47.0  20959  -68.9                         255     12  489.3         489.3
   44.0  21353  -69.1                         170      5  498.0         498.0
   41.9  21645  -69.3                         147     12  504.6         504.6
   38.0  22230  -67.5                         100     27  523.4         523.4
   37.5  22310  -67.3                          99     29  526.0         526.0
   35.3  22678  -61.7                          95     37  549.7         549.7
   32.1  23263  -63.5                          89     50  560.0         560.0
   30.0  23680  -61.7                          85     59  575.9         575.9
   29.0  23892  -60.5                          85     60  584.8         584.8
   25.9  24601  -56.5                          91     64  615.3         615.3
   24.0  25085  -56.0                          95     66  630.2         630.2
   23.5  25219  -55.9                          95     66  634.4         634.4
   22.8  25411  -55.7                                     640.5         640.5
</PRE><H3>Station information and sounding indices</H3><PRE>
                         Station identifier: WAAA
                             Station number: 97180
                           Observation time: 171220/0000
                           Station latitude: -5.06
                          Station longitude: 119.55
                          Station elevation: 14.0
                            Showalter index: -0.60
                               Lifted index: -1.02
    LIFT computed using virtual temperature: -1.09
                                SWEAT index: 252.80
                                    K index: 38.60
                         Cross totals index: 21.60
                      Vertical totals index: 21.70
                        Totals totals index: 43.30
      Convective Available Potential Energy: 234.16
             CAPE using virtual temperature: 254.48
                      Convective Inhibition: -5.10
             CINS using virtual temperature: -4.37
                           Equilibrum Level: 276.42
 Equilibrum Level using virtual temperature: 276.19
                   Level of Free Convection: 922.29
             LFCT using virtual temperature: 923.34
                     Bulk Richardson Number: 5.80
          Bulk Richardson Number using CAPV: 6.30
  Temp [K] of the Lifted Condensation Level: 294.23
Pres [hPa] of the Lifted Condensation Level: 947.29
     Mean mixed layer potential temperature: 298.83
              Mean mixed layer mixing ratio: 16.93
              1000 hPa to 500 hPa thickness: 5779.00
Precipitable water [mm] for entire sounding: 68.33
</PRE>
<P>Description of the 
<A HREF="/upperair/columns.html">data columns</A>
or <A HREF="/upperair/indices.html">sounding indices</A>.

<P>
<FORM>
<INPUT CLASS="button" TYPE="button" VALUE=" Close this window " 
 onClick="window.close();">
<INPUT CLASS="button" TYPE="button" VALUE=" Select another map " 
 onClick="window.blur();">
</FORM>
<HR SIZE="1">
<I>Interested in graduate studies in atmospheric science?
Check out our program at the
<a href="http://www.uwyo.edu/atsc/howtoapply/"
target=_top>University of Wyoming
</a></I>
<HR SIZE="1"><FONT SIZE="-1">
Questions about the weather data provided by this site can be
addressed to <A HREF="mailto:ldoolman@uwyo.edu">
Larry Oolman (ldoolman@uwyo.edu)</A></FONT>
<HR SIZE="1">
<SCRIPT TYPE="text/javascript">
<!--
window.focus();
// -->
</SCRIPT>
</BODY>
</HTML>
