2017-06-02 00
<HTML>
<TITLE>University of Wyoming - Radiosonde Data</TITLE>
<LINK REL="StyleSheet" HREF="/resources/select.css" TYPE="text/css">
<BODY BGCOLOR="white">
<H2>97180 WAAA Ujung Pandang Observations at 00Z 02 Jun 2017</H2>
<PRE>
-----------------------------------------------------------------------------
   PRES   HGHT   TEMP   DWPT   RELH   MIXR   DRCT   SKNT   THTA   THTE   THTV
    hPa     m      C      C      %    g/kg    deg   knot     K      K      K 
-----------------------------------------------------------------------------
 1010.0     14   25.0   23.3     90  18.21    155      4  297.3  350.2  300.5
 1000.0     99   25.4   21.6     80  16.54    110      2  298.6  346.9  301.5
  992.0    170   26.4   21.4     74  16.47    173      2  300.2  348.7  303.2
  978.0    296   25.7   20.5     73  15.79    285      1  300.8  347.4  303.6
  945.0    600   24.0   18.4     70  14.25     55      4  302.0  344.3  304.6
  925.0    789   23.0   17.0     69  13.35     65      9  302.8  342.6  305.2
  850.0   1521   18.8   14.6     77  12.44     90     19  305.8  343.4  308.1
  823.0   1796   17.3   13.3     78  11.81     95     22  307.1  342.9  309.2
  733.0   2781   11.8    8.7     81   9.72     83     20  311.4  341.6  313.2
  719.0   2942   10.4    7.6     83   9.19     81     19  311.6  340.2  313.3
  714.0   3001   10.0    7.7     86   9.32     80     19  311.8  340.8  313.5
  700.0   3166   11.0    5.0     66   7.87     80     19  314.6  339.6  316.1
  690.0   3286   10.8    4.8     66   7.88     85     19  315.7  340.8  317.2
  658.0   3681    8.0   -1.0     53   5.44    101     20  316.9  334.5  317.9
  647.0   3820    6.8    0.8     66   6.31    107     20  317.0  337.4  318.2
  641.0   3895    6.3    0.6     67   6.27    110     20  317.3  337.5  318.5
  585.0   4640    1.0   -1.5     83   5.90     89     19  319.5  338.8  320.7
  574.0   4792    0.5   -3.3     76   5.25     85     19  320.7  337.9  321.7
  564.0   4933    0.0   -5.0     69   4.70     91     19  321.7  337.3  322.6
  557.0   5033   -0.3   -8.3     55   3.69     95     19  322.5  335.0  323.2
  544.0   5222   -1.7   -5.9     73   4.55    103     18  323.0  338.2  323.9
  532.0   5399   -2.5   -8.2     65   3.90    110     18  324.1  337.4  324.9
  514.0   5672   -3.7  -11.7     54   3.05     99     19  325.9  336.4  326.5
  500.0   5890   -4.9  -12.9     53   2.85     90     20  327.0  336.9  327.6
  493.0   6001   -5.8  -12.5     59   2.98     90     19  327.2  337.6  327.8
  489.0   6065   -6.3  -12.3     62   3.06     95     18  327.4  338.0  328.0
  484.0   6146   -6.5  -14.5     53   2.58    101     17  328.1  337.1  328.6
  476.0   6277   -5.1  -22.1     25   1.38    111     15  331.4  336.4  331.7
  464.0   6478   -5.5  -28.5     14   0.79    126     13  333.3  336.3  333.5
  461.0   6529   -5.9  -27.9     16   0.84    130     12  333.4  336.6  333.6
  457.0   6597   -6.4  -23.9     24   1.22    135     11  333.6  338.2  333.9
  453.0   6666   -6.9  -19.9     35   1.75    137     11  333.9  340.3  334.2
  420.0   7255  -10.1  -25.1     28   1.19    150     12  337.0  341.6  337.3
  407.0   7497  -12.3  -24.1     37   1.35    155     13  337.2  342.3  337.5
  400.0   7630  -13.5  -23.5     43   1.45    165     13  337.4  342.8  337.6
  391.0   7802  -15.0  -23.2     50   1.52    165     13  337.5  343.2  337.9
  376.0   8097  -17.7  -22.7     65   1.65    155     10  337.8  344.0  338.1
  361.0   8400  -18.6  -27.4     46   1.13    115      7  340.5  344.9  340.8
  360.0   8421  -18.7  -27.7     45   1.10    116      7  340.7  344.9  340.9
  333.0   8993  -23.2  -32.8     41   0.73    130     10  342.1  345.0  342.3
  320.0   9285  -25.6  -35.5     39   0.59    150     12  342.8  345.2  343.0
  315.0   9400  -26.5  -36.5     38   0.54    144     12  343.1  345.3  343.2
  300.0   9750  -29.5  -36.5     51   0.56    125     11  343.7  346.0  343.8
  294.0   9893  -30.7  -36.2     58   0.59    120      8  344.0  346.4  344.1
  289.0  10014  -31.7  -36.0     66   0.61     91      8  344.2  346.7  344.4
  282.0  10185  -32.8  -38.0     60   0.51     50      9  345.1  347.2  345.2
  269.0  10515  -34.9  -41.9     49   0.36     37     13  346.7  348.2  346.8
  260.0  10751  -36.7  -40.5     68   0.43     27     16  347.4  349.2  347.5
  258.0  10804  -37.0  -41.1     66   0.41     25     17  347.7  349.4  347.8
  250.0  11020  -38.5  -43.5     59   0.33     25     17  348.7  350.1  348.8
  243.0  11216  -39.9  -47.9     42   0.21     22     15  349.4  350.3  349.5
  237.0  11383  -41.4                          20     14  349.7         349.7
  226.0  11701  -44.2                          35      9  350.1         350.1
  216.0  12005  -46.9                         340      2  350.5         350.5
  200.0  12520  -51.5                         225      3  351.1         351.1
  198.0  12583  -52.0                         195      3  351.2         351.2
  189.0  12874  -54.6                         165      7  351.8         351.8
  180.0  13179  -57.3                         180      7  352.3         352.3
  171.0  13500  -60.1                         145      8  352.9         352.9
  163.0  13800  -62.7                         140      8  353.3         353.3
  155.0  14115  -65.5                         170     11  353.7         353.7
  150.0  14320  -67.3                         175     13  354.0         354.0
  140.0  14729  -70.9                         175     16  354.7         354.7
  120.0  15609  -76.4                         175     24  360.6         360.6
  108.0  16211  -80.2                         145     14  364.5         364.5
  103.0  16481  -81.8                          70      5  366.2         366.2
  100.0  16650  -82.9                           5      6  367.3         367.3
   97.1  16814  -83.7                         350      8  368.9         368.9
   97.0  16820  -83.7                         350      8  369.0         369.0
   92.0  17115  -83.0                          30     12  376.0         376.0
   88.9  17306  -82.5                          42     17  380.7         380.7
   88.0  17363  -81.1                          45     18  384.6         384.6
   86.6  17454  -78.9                          63     14  390.8         390.8
   83.0  17697  -78.4                         110      4  396.6         396.6
   79.0  17979  -77.8                         210     12  403.5         403.5
   77.2  18111  -77.5                         208     12  406.7         406.7
   75.0  18278  -75.9                         205     12  413.5         413.5
   72.1  18507  -73.7                         252     15  422.8         422.8
   71.0  18597  -73.6                         270     16  424.9         424.9
   70.0  18680  -73.5                         265     19  426.8         426.8
   61.9  19403  -71.5                         265     29  446.5         446.5
   61.0  19490  -70.3                         265     30  451.1         451.1
   59.4  19648  -68.1                         266     31  459.4         459.4
   50.0  20690  -65.3                         275     35  489.2         489.2
   48.1  20925  -65.5                         279     37  494.1         494.1
   46.5  21132  -62.7                         282     39  505.7         505.7
   45.0  21334  -62.1                         285     41  511.8         511.8
   40.4  22001  -60.3                         266     33  532.4         532.4
   39.0  22218  -61.1                         260     30  535.7         535.7
   37.0  22542  -62.4                         275     31  540.6         540.6
   34.7  22938  -63.9                         260     34  546.7         546.7
   34.0  23063  -63.8                         250     31  550.1         550.1
   32.0  23433  -63.6                         220     19  560.3         560.3
   31.3  23569  -63.5                         154     15  564.1         564.1
   31.0  23628  -62.9                         125     13  567.2         567.2
   30.0  23830  -60.9                          90     18  578.0         578.0
   29.7  23892  -61.1                          87     20  579.1         579.1
   29.2  23998  -57.5                          82     24  591.9         591.9
   29.0  24041  -57.5                          80     26  592.9         592.9
   23.0  25495  -58.5                          85     49  630.7         630.7
   22.9  25522  -58.5                          85     49  631.5         631.5
   21.8  25831  -57.7                          87     50  642.8         642.8
   21.4  25947  -57.3                          88     50  647.4         647.4
   21.0  26067  -53.9                          88     50  661.2         661.2
   20.0  26380  -52.3                          90     51  675.3         675.3
   15.0  28269  -45.3                          94     57  756.4         756.4
   14.0  28730  -45.1                          95     58  772.2         772.2
   12.0  29760  -44.6                          90     56  808.6         808.6
   11.5  30044  -44.5                                     819.0         819.0
</PRE><H3>Station information and sounding indices</H3><PRE>
                         Station identifier: WAAA
                             Station number: 97180
                           Observation time: 170602/0000
                           Station latitude: -5.06
                          Station longitude: 119.55
                          Station elevation: 14.0
                            Showalter index: 0.63
                               Lifted index: -0.83
    LIFT computed using virtual temperature: -1.29
                                SWEAT index: 233.20
                                    K index: 32.30
                         Cross totals index: 19.50
                      Vertical totals index: 23.70
                        Totals totals index: 43.20
      Convective Available Potential Energy: 80.48
             CAPE using virtual temperature: 122.79
                      Convective Inhibition: -124.21
             CINS using virtual temperature: -95.69
                           Equilibrum Level: 375.35
 Equilibrum Level using virtual temperature: 373.49
                   Level of Free Convection: 725.59
             LFCT using virtual temperature: 732.91
                     Bulk Richardson Number: 2.66
          Bulk Richardson Number using CAPV: 4.06
  Temp [K] of the Lifted Condensation Level: 292.81
Pres [hPa] of the Lifted Condensation Level: 916.79
     Mean mixed layer potential temperature: 300.19
              Mean mixed layer mixing ratio: 16.02
              1000 hPa to 500 hPa thickness: 5791.00
Precipitable water [mm] for entire sounding: 53.44
</PRE>
<P>Description of the 
<A HREF="/upperair/columns.html">data columns</A>
or <A HREF="/upperair/indices.html">sounding indices</A>.

<P>
<FORM>
<INPUT CLASS="button" TYPE="button" VALUE=" Close this window " 
 onClick="window.close();">
<INPUT CLASS="button" TYPE="button" VALUE=" Select another map " 
 onClick="window.blur();">
</FORM>
<HR SIZE="1">
<I>Interested in graduate studies in atmospheric science?
Check out our program at the
<a href="http://www.uwyo.edu/atsc/howtoapply/"
target=_top>University of Wyoming
</a></I>
<HR SIZE="1"><FONT SIZE="-1">
Questions about the weather data provided by this site can be
addressed to <A HREF="mailto:ldoolman@uwyo.edu">
Larry Oolman (ldoolman@uwyo.edu)</A></FONT>
<HR SIZE="1">
<SCRIPT TYPE="text/javascript">
<!--
window.focus();
// -->
</SCRIPT>
</BODY>
</HTML>
