2016-05-31 00
<HTML>
<TITLE>University of Wyoming - Radiosonde Data</TITLE>
<LINK REL="StyleSheet" HREF="/resources/select.css" TYPE="text/css">
<BODY BGCOLOR="white">
<H2>97180 WAAA Ujung Pandang Observations at 00Z 31 May 2016</H2>
<PRE>
-----------------------------------------------------------------------------
   PRES   HGHT   TEMP   DWPT   RELH   MIXR   DRCT   SKNT   THTA   THTE   THTV
    hPa     m      C      C      %    g/kg    deg   knot     K      K      K 
-----------------------------------------------------------------------------
 1011.0     14   25.4   22.1     82  16.88    125      4  297.6  346.7  300.6
 1003.0     80   26.6   21.6     74  16.49    114      5  299.5  347.9  302.4
 1000.0    105   27.0   21.0     70  15.93    110      5  300.1  347.0  303.0
  978.0    302   26.2   19.6     67  14.90    190      1  301.2  345.3  303.9
  946.0    596   24.9   17.5     63  13.47    105      3  302.9  343.0  305.3
  927.0    776   24.2   16.2     61  12.65    128      5  303.9  341.8  306.2
  925.0    795   24.0   15.0     57  11.72    130      5  303.8  339.0  306.0
  914.0    898   23.2   14.7     59  11.60    150      5  304.1  338.9  306.2
  883.0   1197   21.0   13.7     63  11.26    170      5  304.8  338.8  306.9
  853.0   1496   18.8   12.7     68  10.93    115      5  305.5  338.6  307.6
  850.0   1526   18.6   12.6     68  10.90    110      5  305.6  338.6  307.6
  794.0   2106   14.7   10.8     77  10.37    110      5  307.5  339.1  309.4
  767.0   2400   12.8    9.9     83  10.11     80      9  308.4  339.4  310.3
  754.0   2545   11.8    9.5     86   9.98     78     10  308.9  339.5  310.8
  740.0   2702   11.3    8.3     82   9.38     75     11  310.0  339.0  311.8
  714.0   3001   10.3    6.0     75   8.31    105      9  312.1  338.1  313.7
  700.0   3167    9.8    4.8     71   7.76    115      9  313.3  337.8  314.8
  675.0   3469    9.0    3.0     66   7.08    115     12  315.7  338.3  317.0
  664.0   3603    8.2    2.2     66   6.80    115     14  316.3  338.0  317.6
  588.0   4598    2.2   -3.8     65   4.94    115     11  320.5  336.8  321.4
  552.0   5106    0.0   -9.0     51   3.52    115     10  323.7  335.7  324.4
  525.0   5505   -2.9  -10.9     54   3.19    115      9  324.9  335.8  325.5
  509.0   5749   -3.9  -14.9     42   2.38    115      8  326.6  334.9  327.0
  500.0   5890   -4.3  -19.3     30   1.67    115      8  327.7  333.7  328.1
  493.0   6000   -5.0  -19.0     32   1.74    110      7  328.2  334.5  328.6
  466.0   6442   -7.7  -17.7     45   2.05     77      4  330.2  337.5  330.6
  457.0   6593   -8.5  -23.5     29   1.27     65      3  331.0  335.7  331.3
  438.0   6922   -8.9  -27.9     20   0.89     73      6  334.5  337.9  334.7
  434.0   6993   -9.5  -23.5     31   1.33     75      7  334.7  339.6  334.9
  428.0   7101   -9.3  -31.3     15   0.66     77      8  336.2  338.8  336.4
  400.0   7620  -13.1  -31.1     21   0.72     90     13  337.9  340.7  338.0
  392.0   7774  -14.1  -36.1     14   0.45     92     12  338.5  340.3  338.6
  382.0   7969  -15.7  -27.7     35   1.03     94     11  338.9  342.9  339.1
  375.0   8108  -17.1  -27.6     40   1.07     95     10  338.9  343.0  339.1
  364.0   8331  -19.3  -27.3     49   1.13     99      9  338.8  343.1  339.1
  360.0   8412  -20.0  -28.0     49   1.07    100      9  339.0  343.1  339.2
  347.0   8684  -22.3  -30.3     48   0.89    142     13  339.4  342.9  339.6
  346.0   8706  -22.4  -31.6     43   0.79    145     13  339.6  342.6  339.7
  339.0   8856  -23.1  -41.1     18   0.31    144     15  340.6  341.9  340.7
  319.0   9297  -26.1  -47.5     12   0.17    140     21  342.4  343.1  342.5
  310.0   9505  -27.5  -50.5      9   0.12    133     21  343.3  343.8  343.3
  303.0   9669  -28.7  -44.7     20   0.24    127     21  343.8  344.8  343.9
  300.0   9740  -28.7  -47.7     14   0.17    125     21  344.8  345.6  344.9
  281.0  10205  -31.8  -54.4      9   0.08    135     21  346.9  347.3  346.9
  279.0  10256  -32.1  -55.1      8   0.08    135     21  347.1  347.5  347.2
  250.0  11020  -38.9  -56.9     13   0.07    135     21  348.1  348.4  348.1
  246.0  11131  -39.9  -56.9     15   0.07    134     22  348.2  348.5  348.2
  200.0  12510  -51.9                         120     34  350.4         350.4
  171.0  13496  -60.3                         110     27  352.5         352.5
  157.0  14033  -64.9                         130     21  353.4         353.4
  150.0  14310  -67.3                         140     18  354.0         354.0
  148.0  14387  -67.8                         140     17  354.4         354.4
  134.0  14958  -71.6                         130     16  357.9         357.9
  103.0  16470  -81.8                          40     23  366.4         366.4
  100.0  16640  -82.9                          35     21  367.3         367.3
   96.6  16833  -84.3                          40     18  368.2         368.2
   92.0  17107  -81.2                          55     19  379.5         379.5
   89.8  17244  -79.7                          25     19  385.1         385.1
   87.0  17423  -80.5                         345     19  387.1         387.1
   83.0  17689  -81.7                         305     24  389.9         389.9
   81.6  17785  -82.1                         305     22  390.9         390.9
   79.0  17968  -81.8                         305     19  395.1         395.1
   71.0  18570  -81.0                         355      8  409.1         409.1
   70.0  18650  -80.9                           5      8  411.0         411.0
   69.0  18731  -81.1                          36      7  412.3         412.3
   67.0  18898  -79.5                         100      5  419.3         419.3
   64.0  19160  -76.9                         120     19  430.5         430.5
   60.9  19443  -74.1                         107     28  442.8         442.8
   57.0  19826  -75.0                          90     40  449.3         449.3
   55.6  19970  -75.3                          87     44  451.7         451.7
   52.0  20361  -72.2                          80     55  467.8         467.8
   50.0  20590  -70.3                          85     52  477.4         477.4
   44.0  21362  -62.3                         105     52  514.6         514.6
   43.0  21501  -60.9                         102     48  521.5         521.5
   39.5  22030  -57.7                          93     36  542.4         542.4
   35.0  22794  -55.9                          80     17  566.2         566.2
   33.0  23166  -55.0                          60      9  578.1         578.1
   32.0  23361  -54.5                         305     12  584.5         584.5
   31.5  23460  -54.3                         295     16  587.8         587.8
   30.0  23770  -55.7                         265     28  592.2         592.2
   28.2  24161  -57.5                         265     29  597.8         597.8
   26.0  24676  -54.7                         265     30  619.8         619.8
   25.7  24749  -54.3                         261     29  623.0         623.0
   25.0  24925  -55.1                         250     25  625.6         625.6
   24.3  25106  -55.9                         253     24  628.4         628.4
   22.0  25741  -54.2                         265     19  651.6         651.6
   21.0  26038  -53.4                         285     21  662.8         662.8
   20.0  26350  -52.5                         280     21  674.7         674.7
   17.4  27249  -52.7                         252     17  701.5         701.5
   16.0  27795  -51.0                         235     14  724.1         724.1
   14.3  28527  -48.7                         269     19  755.4         755.4
   14.0                                       275     20                     
</PRE><H3>Station information and sounding indices</H3><PRE>
                         Station identifier: WAAA
                             Station number: 97180
                           Observation time: 160531/0000
                           Station latitude: -5.06
                          Station longitude: 119.55
                          Station elevation: 14.0
                            Showalter index: 3.18
                               Lifted index: 0.38
    LIFT computed using virtual temperature: -0.23
                                SWEAT index: 169.19
                                    K index: 30.50
                         Cross totals index: 16.90
                      Vertical totals index: 22.90
                        Totals totals index: 39.80
      Convective Available Potential Energy: 3.90
             CAPE using virtual temperature: 38.52
                      Convective Inhibition: -125.56
             CINS using virtual temperature: -94.95
                           Equilibrum Level: 509.77
 Equilibrum Level using virtual temperature: 454.92
                   Level of Free Convection: 764.47
             LFCT using virtual temperature: 780.08
                     Bulk Richardson Number: 1.16
          Bulk Richardson Number using CAPV: 11.50
  Temp [K] of the Lifted Condensation Level: 291.66
Pres [hPa] of the Lifted Condensation Level: 897.68
     Mean mixed layer potential temperature: 300.81
              Mean mixed layer mixing ratio: 15.21
              1000 hPa to 500 hPa thickness: 5785.00
Precipitable water [mm] for entire sounding: 48.79
</PRE>
<P>Description of the 
<A HREF="/upperair/columns.html">data columns</A>
or <A HREF="/upperair/indices.html">sounding indices</A>.

<P>
<FORM>
<INPUT CLASS="button" TYPE="button" VALUE=" Close this window " 
 onClick="window.close();">
<INPUT CLASS="button" TYPE="button" VALUE=" Select another map " 
 onClick="window.blur();">
</FORM>
<HR SIZE="1">
<I>Interested in graduate studies in atmospheric science?
Check out our program at the
<a href="http://www.uwyo.edu/atsc/howtoapply/"
target=_top>University of Wyoming
</a></I>
<HR SIZE="1"><FONT SIZE="-1">
Questions about the weather data provided by this site can be
addressed to <A HREF="mailto:ldoolman@uwyo.edu">
Larry Oolman (ldoolman@uwyo.edu)</A></FONT>
<HR SIZE="1">
<SCRIPT TYPE="text/javascript">
<!--
window.focus();
// -->
</SCRIPT>
</BODY>
</HTML>
