2018-03-10 12
<HTML>
<TITLE>University of Wyoming - Radiosonde Data</TITLE>
<LINK REL="StyleSheet" HREF="/resources/select.css" TYPE="text/css">
<BODY BGCOLOR="white">
<H2>97180 WAAA Ujung Pandang Observations at 00Z 10 Mar 2018</H2>
<PRE>
-----------------------------------------------------------------------------
   PRES   HGHT   TEMP   DWPT   RELH   MIXR   DRCT   SKNT   THTA   THTE   THTV
    hPa     m      C      C      %    g/kg    deg   knot     K      K      K 
-----------------------------------------------------------------------------
 1008.0     14   24.0   22.4     91  17.25      0      0  296.5  346.4  299.5
 1003.0     58   24.0   20.3     80  15.19     47      2  296.9  341.0  299.6
 1001.0     75   23.8   20.1     80  15.03     66      3  296.9  340.5  299.5
 1000.0     84   23.8   20.1     80  15.05     75      3  296.9  340.6  299.6
  997.0    110   25.8   19.8     69  14.81     69      3  299.2  342.6  301.9
  994.0    137   26.6   21.6     74  16.64     64      3  300.3  349.2  303.2
  976.0    297   25.3   21.0     77  16.35     30      4  300.5  348.7  303.5
  943.0    599   22.9   19.9     84  15.81    320      8  301.0  347.7  303.9
  942.0    608   22.8   19.9     84  15.79    319      8  301.1  347.7  303.9
  925.0    767   22.4   18.5     79  14.71    310      9  302.2  345.9  304.9
  850.0   1501   18.2   13.7     75  11.72    280     10  305.2  340.5  307.4
  821.0   1797   16.5   12.3     77  11.10    270     13  306.4  340.1  308.5
  759.0   2465   12.6    9.3     80   9.78    265     15  309.2  339.3  311.0
  700.0   3144   10.0    4.0     66   7.33    260     17  313.5  336.7  314.9
  662.0   3607    7.7    1.7     66   6.59    265     16  316.0  337.1  317.3
  660.0   3632    7.6    1.6     66   6.55    266     16  316.1  337.2  317.4
  643.0   3846    6.8   -4.2     45   4.38    272     15  317.6  332.0  318.4
  642.0   3859    6.8   -4.2     45   4.39    272     15  317.7  332.2  318.6
  639.0   3898    7.0  -11.0     26   2.60    273     15  318.4  327.2  318.9
  617.0   4184    5.0  -18.0     17   1.51    281     13  319.3  324.6  319.6
  593.0   4507    3.7  -17.4     20   1.65    290     12  321.4  327.2  321.8
  591.0   4534    3.6  -17.4     20   1.66    287     12  321.6  327.5  321.9
  572.0   4798    1.5   -9.5     44   3.26    260     14  322.2  333.2  322.8
  559.0   4983    0.0   -4.0     74   5.12    258     13  322.5  339.5  323.5
  501.0   5854   -4.3  -13.3     50   2.75    250      9  327.5  337.2  328.1
  500.0   5870   -4.3  -14.3     46   2.54    250      9  327.7  336.6  328.2
  474.0   6282   -7.1  -15.6     51   2.40    245      6  329.3  337.8  329.8
  455.0   6597   -9.3  -16.6     55   2.30    245      6  330.4  338.6  330.9
  438.0   6890  -11.3  -17.6     60   2.21    275      9  331.5  339.4  331.9
  400.0   7590  -16.1  -19.8     73   2.00    290      5  334.0  341.2  334.4
  396.0   7665  -16.7  -20.1     75   1.97    285      5  334.1  341.3  334.6
  394.0   7703  -16.7  -20.3     74   1.94    282      5  334.6  341.7  335.0
  389.0   7799  -16.5  -23.0     58   1.56    275      5  336.1  341.9  336.4
  388.0   7819  -16.5  -23.5     55   1.49    274      5  336.4  341.9  336.7
  369.0   8193  -18.9  -28.9     41   0.96    252      9  338.0  341.7  338.2
  365.0   8274  -19.5  -31.5     34   0.76    247     10  338.3  341.2  338.4
  359.0   8397  -20.7  -30.7     40   0.83    240     11  338.3  341.5  338.5
  358.0   8417  -20.9  -27.9     53   1.08    240     11  338.3  342.4  338.5
  322.0   9192  -25.3  -37.3     32   0.48    249      8  342.6  344.6  342.7
  317.0   9304  -26.2  -38.2     31   0.45    250      8  342.9  344.7  342.9
  300.0   9700  -29.5  -41.5     30   0.34    275     10  343.7  345.1  343.8
  256.0  10806  -39.0  -47.3     41   0.21    295     12  345.6  346.6  345.7
  252.0  10916  -39.9  -47.9     42   0.20    298     12  345.8  346.7  345.9
  250.0  10970  -40.5                         300     12  345.7         345.7
  245.0  11104  -41.6                         305      9  346.0         346.0
  235.0  11380  -44.0                         345      5  346.6         346.6
  224.0  11698  -46.7                           0      6  347.2         347.2
  214.0  12001  -49.3                          10     10  347.8         347.8
  205.0  12286  -51.7                          10     11  348.3         348.3
  200.0  12450  -53.1                          15     11  348.5         348.5
  178.0  13186  -59.7                          35     11  349.4         349.4
  169.0  13514  -62.7                          45     12  349.8         349.8
  161.0  13809  -65.1                          55     12  350.6         350.6
  154.0  14080  -67.2                          75     12  351.4         351.4
  150.0  14240  -68.5                          80     11  351.9         351.9
  125.0  15307  -76.9                          72     32  355.5         355.5
  119.0  15586  -78.3                          70     38  358.0         358.0
  109.0  16084  -80.7                          70     30  362.5         362.5
  107.0  16188  -80.3                          70     28  365.2         365.2
  101.0  16514  -79.1                         125      7  373.6         373.6
  100.0  16570  -78.9                         155      6  375.0         375.0
   96.0  16801  -80.0                         205     13  377.3         377.3
   83.0  17623  -83.9                         205     14  385.4         385.4
   82.0  17691  -83.9                         215     12  386.7         386.7
   78.0  17970  -83.9                         280      9  392.3         392.3
   77.9  17977  -83.9                         284      9  392.4         392.4
   74.0  18267  -81.9                          65      6  402.5         402.5
   70.0  18580  -79.7                         340      3  413.6         413.6
   68.6  18695  -78.1                          32      6  419.4         419.4
   66.0  18917  -78.3                         130     11  423.5         423.5
   64.5  19048  -78.5                         108     12  426.0         426.0
   63.0  19185  -77.4                          85     14  431.3         431.3
   60.0  19467  -75.1                         335      3  442.5         442.5
   57.8  19684  -73.3                         302     11  451.3         451.3
   57.0  19765  -73.6                         290     14  452.5         452.5
   54.0  20081  -74.6                         285     12  457.2         457.2
   52.5  20246  -75.1                         221     10  459.7         459.7
   50.0  20530  -75.1                         110      7  466.1         466.1
   49.0  20647  -74.8                          95     15  469.6         469.6
   48.8  20670  -74.7                          94     15  470.3         470.3
   47.0  20890  -71.3                          85     15  483.5         483.5
   46.0  21017  -71.3                          80     15  486.6         486.6
   44.0  21278  -71.2                         110     21  493.0         493.0
   41.0  21694  -71.1                         117     22  503.3         503.3
   40.0  21841  -70.7                         120     22  508.0         508.0
   35.1  22616  -68.3                          97     43  533.4         533.4
   33.6  22880  -64.1                          89     50  551.2         551.2
   31.0  23377  -60.1                          75     63  574.8         574.8
   30.0  23580  -58.5                          75     65  584.6         584.6
   28.8  23839  -55.9                          84     64  598.6         598.6
   26.0  24489  -56.9                         105     61  613.5         613.5
   25.5  24612  -57.1                         104     62  616.4         616.4
   20.0  26160  -54.7                          85     68  668.0         668.0
   19.6  26289  -55.1                          85     69  670.6         670.6
   17.0  27208  -53.0                          85     78  705.2         705.2
   16.8  27284  -52.8                          85     78  708.2         708.2
   14.0  28461  -50.1                          91     76  755.2         755.2
   12.5  29205  -47.7                          95     75  788.5         788.5
   11.0  30064  -41.5                         100     73  840.3         840.3
   10.6  30313  -39.7                                     855.8         855.8
</PRE><H3>Station information and sounding indices</H3><PRE>
                         Station identifier: WAAA
                             Station number: 97180
                           Observation time: 180310/0000
                           Station latitude: -5.06
                          Station longitude: 119.55
                          Station elevation: 14.0
                            Showalter index: 2.37
                               Lifted index: -0.20
    LIFT computed using virtual temperature: -0.71
                                SWEAT index: 193.40
                                    K index: 30.20
                         Cross totals index: 18.00
                      Vertical totals index: 22.50
                        Totals totals index: 40.50
      Convective Available Potential Energy: 105.83
             CAPE using virtual temperature: 196.60
                      Convective Inhibition: -76.37
             CINS using virtual temperature: -55.50
                           Equilibrum Level: 338.93
 Equilibrum Level using virtual temperature: 335.91
                   Level of Free Convection: 767.93
             LFCT using virtual temperature: 796.76
                     Bulk Richardson Number: 5.52
          Bulk Richardson Number using CAPV: 10.26
  Temp [K] of the Lifted Condensation Level: 293.03
Pres [hPa] of the Lifted Condensation Level: 922.74
     Mean mixed layer potential temperature: 299.85
              Mean mixed layer mixing ratio: 16.12
              1000 hPa to 500 hPa thickness: 5786.00
Precipitable water [mm] for entire sounding: 50.29
</PRE>
<P>Description of the 
<A HREF="/upperair/columns.html">data columns</A>
or <A HREF="/upperair/indices.html">sounding indices</A>.

<P>
<FORM>
<INPUT CLASS="button" TYPE="button" VALUE=" Close this window " 
 onClick="window.close();">
<INPUT CLASS="button" TYPE="button" VALUE=" Select another map " 
 onClick="window.blur();">
</FORM>
<HR SIZE="1">
<I>Interested in graduate studies in atmospheric science?
Check out our program at the
<a href="http://www.uwyo.edu/atsc/howtoapply/"
target=_top>University of Wyoming
</a></I>
<HR SIZE="1"><FONT SIZE="-1">
Questions about the weather data provided by this site can be
addressed to <A HREF="mailto:ldoolman@uwyo.edu">
Larry Oolman (ldoolman@uwyo.edu)</A></FONT>
<HR SIZE="1">
<SCRIPT TYPE="text/javascript">
<!--
window.focus();
// -->
</SCRIPT>
</BODY>
</HTML>
