2017-11-13 00
<HTML>
<TITLE>University of Wyoming - Radiosonde Data</TITLE>
<LINK REL="StyleSheet" HREF="/resources/select.css" TYPE="text/css">
<BODY BGCOLOR="white">
<H2>97180 WAAA Ujung Pandang Observations at 00Z 13 Nov 2017</H2>
<PRE>
-----------------------------------------------------------------------------
   PRES   HGHT   TEMP   DWPT   RELH   MIXR   DRCT   SKNT   THTA   THTE   THTV
    hPa     m      C      C      %    g/kg    deg   knot     K      K      K 
-----------------------------------------------------------------------------
 1008.0     14   26.6   24.0     86  19.06    140      2  299.1  354.9  302.5
 1000.0     84   26.0   21.0     74  15.93     70      3  299.1  345.8  302.0
  993.0    146   26.4   20.4     70  15.44     63      3  300.1  345.6  302.9
  976.0    297   25.6   19.6     69  14.91     45      4  300.8  344.8  303.5
  943.0    599   23.9   17.9     69  13.90    320      9  302.1  343.4  304.6
  925.0    768   23.0   17.0     69  13.35    320     10  302.8  342.6  305.2
  850.0   1500   18.4   14.1     76  12.04    290      5  305.4  341.7  307.6
  821.0   1796   16.6   12.8     78  11.45    305      5  306.6  341.3  308.7
  793.0   2091   14.8   11.5     81  10.88    350      2  307.7  340.9  309.7
  765.0   2397   13.0   10.2     83  10.30     10      2  308.9  340.5  310.8
  739.0   2691   11.2    8.9     86   9.78     53      3  310.0  340.2  311.8
  738.0   2703   11.2    8.8     86   9.75     55      3  310.1  340.2  311.9
  712.0   3003    9.7    7.5     86   9.19     45      2  311.7  340.3  313.4
  700.0   3145    9.0    6.8     86   8.93     40      2  312.4  340.3  314.1
  687.0   3301    8.8    5.5     80   8.32     60      1  313.9  340.1  315.5
  671.0   3496    8.6    3.9     72   7.60    152      2  315.8  340.0  317.2
  662.0   3607    7.9    3.3     72   7.36    205      2  316.2  339.7  317.6
  639.0   3896    6.2    1.6     72   6.75     55      3  317.4  339.2  318.7
  616.0   4197    4.3   -0.2     73   6.17     70      8  318.6  338.7  319.8
  593.0   4509    2.4   -2.0     73   5.60    115      4  319.9  338.3  321.0
  557.0   5013    0.0   -7.0     59   4.08    102      5  322.9  336.6  323.7
  551.0   5100   -0.6   -7.1     61   4.09    100      5  323.2  336.9  324.0
  524.0   5500   -3.3   -7.7     72   4.11    116      4  324.6  338.5  325.4
  500.0   5870   -5.3  -10.3     68   3.51    130      3  326.5  338.6  327.2
  491.0   6012   -5.9  -13.9     53   2.67    140      4  327.5  336.8  328.0
  473.0   6303   -7.4  -14.5     57   2.64    160      5  329.1  338.4  329.7
  451.0   6673   -9.3  -15.3     62   2.59    156      6  331.3  340.5  331.8
  421.0   7201  -12.5  -22.0     45   1.57    150      7  333.8  339.6  334.1
  417.0   7274  -12.9  -22.9     43   1.46    151      6  334.1  339.6  334.4
  405.0   7496  -14.0  -22.4     49   1.57    155      3  335.5  341.3  335.8
  402.0   7552  -14.3  -22.3     51   1.60    137      4  335.8  341.8  336.2
  401.0   7571  -14.3  -27.3     32   1.02    131      4  336.1  340.0  336.3
  400.0   7590  -14.3  -30.3     24   0.77    125      4  336.3  339.3  336.5
  389.0   7801  -15.7  -29.1     31   0.89     80      6  337.2  340.7  337.4
  387.0   7840  -15.9  -28.9     32   0.91     78      6  337.4  340.9  337.6
  382.0   7938  -16.5  -24.5     50   1.38     74      6  337.9  343.1  338.2
  369.0   8198  -18.3  -27.3     45   1.11     64      7  338.8  343.1  339.1
  359.0   8402  -20.0  -26.0     59   1.28     55      7  339.2  344.1  339.5
  354.0   8506  -20.9  -25.4     67   1.38     59      6  339.4  344.6  339.7
  331.0   8995  -24.4  -28.1     71   1.15     80      2  341.2  345.6  341.4
  318.0   9286  -26.5  -29.7     74   1.03     10      3  342.2  346.2  342.4
  305.0   9590  -28.6  -31.4     77   0.91    345      4  343.3  346.9  343.5
  300.0   9710  -29.5  -32.1     78   0.87    355      6  343.7  347.1  343.9
  292.0   9898  -31.0  -33.7     77   0.77     10      8  344.2  347.2  344.4
  250.0  10980  -39.7  -42.8     72   0.35     20     16  346.9  348.4  347.0
  248.0  11035  -40.1  -43.4     71   0.33     20     16  347.1  348.5  347.2
  246.0  11089  -40.6                          20     16  347.2         347.2
  215.0  11988  -48.3                          10     18  348.8         348.8
  200.0  12470  -52.5                          25     18  349.5         349.5
  170.0  13481  -61.3                          60     19  351.5         351.5
  150.0  14260  -68.1                         120     15  352.6         352.6
  147.0  14377  -69.1                         125     14  352.9         352.9
  132.0  14998  -74.3                         140     17  354.6         354.6
  111.0  15998  -82.7                         105     18  356.9         356.9
  107.0  16203  -82.4                          90     16  361.2         361.2
  100.0  16580  -81.9                          60     25  369.2         369.2
   96.0  16808  -83.2                          55     28  371.1         371.1
   92.1  17039  -84.5                          59     26  372.9         372.9
   91.0  17106  -84.5                          60     26  374.2         374.2
   86.0  17419  -84.5                          85     23  380.3         380.3
   85.7  17438  -84.5                          85     22  380.6         380.6
   82.0  17686  -79.4                          85     10  395.9         395.9
   81.5  17721  -78.7                          76     10  398.0         398.0
   78.3  17949  -78.9                          20      6  402.2         402.2
   78.0  17972  -78.7                          15      6  403.0         403.0
   74.0  18275  -76.3                         325     11  414.3         414.3
   72.8  18369  -75.5                         318     15  417.8         417.8
   71.5  18474  -71.7                         310     18  428.1         428.1
   70.0  18600  -70.7                         300     23  432.8         432.8
   57.0  19806  -74.0                         295     30  451.5         451.5
   55.9  19921  -74.3                         286     28  453.3         453.3
   54.0  20122  -74.4                         270     24  457.6         457.6
   51.6  20386  -74.5                         279     17  463.3         463.3
   50.0  20570  -72.9                         285     12  471.3         471.3
   49.0  20689  -70.7                         290      8  479.1         479.1
   48.8  20714  -70.3                         273      8  480.7         480.7
   47.0  20940  -69.1                         115      5  488.8         488.8
   43.1  21460  -66.3                          38     15  507.9         507.9
   42.0  21617  -66.8                          15     18  510.4         510.4
   41.0  21762  -67.3                          32     14  512.7         512.7
   40.0  21912  -66.7                          50     10  517.9         517.9
   38.0  22224  -65.4                          95     27  528.9         528.9
   37.3  22337  -64.9                          95     29  532.9         532.9
   34.3  22857  -58.7                          97     39  562.1         562.1
   30.1  23679  -58.5                         100     55  584.0         584.0
   30.0  23700  -58.7                         100     55  584.0         584.0
   27.9  24158  -54.7                          97     56  607.4         607.4
   26.0  24607  -55.7                          95     56  616.8         616.8
   25.0  24856  -56.3                          95     57  622.1         622.1
   21.4  25851  -51.3                          95     60  665.4         665.4
   20.0  26290  -50.5                          95     62  680.8         680.8
   16.3  27632  -47.8                          85     65  730.7         730.7
   16.0  27754  -47.5                                     735.4         735.4
</PRE><H3>Station information and sounding indices</H3><PRE>
                         Station identifier: WAAA
                             Station number: 97180
                           Observation time: 171113/0000
                           Station latitude: -5.06
                          Station longitude: 119.55
                          Station elevation: 14.0
                            Showalter index: 0.90
                               Lifted index: -0.58
    LIFT computed using virtual temperature: -0.89
                                SWEAT index: 182.18
                                    K index: 35.60
                         Cross totals index: 19.40
                      Vertical totals index: 23.70
                        Totals totals index: 43.10
      Convective Available Potential Energy: 22.04
             CAPE using virtual temperature: 61.09
                      Convective Inhibition: -111.82
             CINS using virtual temperature: -89.09
                           Equilibrum Level: 463.02
 Equilibrum Level using virtual temperature: 429.44
                   Level of Free Convection: 742.94
             LFCT using virtual temperature: 759.98
                     Bulk Richardson Number: 71.61
          Bulk Richardson Number using CAPV: 198.47
  Temp [K] of the Lifted Condensation Level: 291.83
Pres [hPa] of the Lifted Condensation Level: 902.59
     Mean mixed layer potential temperature: 300.51
              Mean mixed layer mixing ratio: 15.30
              1000 hPa to 500 hPa thickness: 5786.00
Precipitable water [mm] for entire sounding: 53.84
</PRE>
<P>Description of the 
<A HREF="/upperair/columns.html">data columns</A>
or <A HREF="/upperair/indices.html">sounding indices</A>.

<P>
<FORM>
<INPUT CLASS="button" TYPE="button" VALUE=" Close this window " 
 onClick="window.close();">
<INPUT CLASS="button" TYPE="button" VALUE=" Select another map " 
 onClick="window.blur();">
</FORM>
<HR SIZE="1">
<I>Interested in graduate studies in atmospheric science?
Check out our program at the
<a href="http://www.uwyo.edu/atsc/howtoapply/"
target=_top>University of Wyoming
</a></I>
<HR SIZE="1"><FONT SIZE="-1">
Questions about the weather data provided by this site can be
addressed to <A HREF="mailto:ldoolman@uwyo.edu">
Larry Oolman (ldoolman@uwyo.edu)</A></FONT>
<HR SIZE="1">
<SCRIPT TYPE="text/javascript">
<!--
window.focus();
// -->
</SCRIPT>
</BODY>
</HTML>
