2018-03-06 12
<HTML>
<TITLE>University of Wyoming - Radiosonde Data</TITLE>
<LINK REL="StyleSheet" HREF="/resources/select.css" TYPE="text/css">
<BODY BGCOLOR="white">
<H2>97180 WAAA Ujung Pandang Observations at 00Z 06 Mar 2018</H2>
<PRE>
-----------------------------------------------------------------------------
   PRES   HGHT   TEMP   DWPT   RELH   MIXR   DRCT   SKNT   THTA   THTE   THTV
    hPa     m      C      C      %    g/kg    deg   knot     K      K      K 
-----------------------------------------------------------------------------
 1009.0     14   25.4   23.2     88  18.11    150      6  297.8  350.5  301.0
 1004.0     58   25.0   21.8     82  16.68    136      5  297.8  346.4  300.8
 1000.0     94   25.8   21.7     78  16.64    125      5  298.9  347.7  301.9
  999.0    103   26.4   22.1     77  17.08    127      5  299.6  349.8  302.7
  944.0    600   23.3   20.5     84  16.35    235      5  301.4  349.7  304.3
  925.0    778   22.2   19.9     87  16.09    250      6  302.0  349.7  304.9
  909.0    930   21.0   19.3     90  15.76    251      7  302.3  349.1  305.1
  850.0   1508   18.2   15.2     83  12.94    255     10  305.2  344.1  307.6
  821.0   1805   17.2   12.0     71  10.85    270     10  307.2  340.2  309.2
  786.0   2178   16.0    8.0     59   8.63    282      8  309.7  336.5  311.4
  739.0   2700   12.5    8.7     78   9.63    300      5  311.4  341.3  313.2
  738.0   2712   12.4    8.7     78   9.66    302      5  311.4  341.4  313.2
  713.0   3001   11.0    6.5     74   8.61      5      3  312.9  340.0  314.6
  700.0   3155   10.2    5.4     72   8.10     25      5  313.8  339.3  315.3
  688.0   3297    9.4    4.7     73   7.85     25      6  314.4  339.2  315.9
  663.0   3602    7.6    3.3     74   7.35     10      6  315.7  339.1  317.1
  626.0   4076    4.8    1.0     76   6.62     26      4  317.8  339.1  319.0
  617.0   4193    3.9    0.7     80   6.59     30      4  318.1  339.3  319.3
  579.0   4707    0.0   -0.4     97   6.46     85      4  319.3  340.3  320.6
  572.0   4804   -0.5   -1.4     94   6.10     95      4  319.8  339.7  321.0
  551.0   5102   -2.2   -4.3     86   5.09     85      7  321.2  338.1  322.2
  550.0   5117   -2.3   -4.4     86   5.05     86      7  321.3  338.0  322.3
  537.0   5307   -2.3   -8.3     63   3.83     96      7  323.5  336.4  324.2
  500.0   5870   -5.3  -10.3     68   3.51    125      7  326.5  338.6  327.2
  495.0   5949   -5.5  -11.5     63   3.22    131      7  327.2  338.4  327.9
  492.0   5996   -5.8  -11.5     64   3.25    135      7  327.4  338.6  328.0
  473.0   6304   -7.9  -11.4     76   3.41    110      6  328.6  340.4  329.2
  462.0   6487   -9.1  -11.3     84   3.51    113      7  329.2  341.4  329.9
  438.0   6898  -11.4  -16.7     65   2.37    120     10  331.4  339.8  331.9
  433.0   6987  -11.9  -17.9     61   2.17    117     11  331.8  339.6  332.3
  421.0   7201  -12.7  -20.7     51   1.76    111     12  333.5  339.9  333.8
  400.0   7590  -15.5  -18.2     80   2.29    100     14  334.8  343.1  335.2
  397.0   7647  -15.9  -18.2     82   2.31    100     14  335.0  343.3  335.4
  381.0   7956  -18.1  -19.1     92   2.23    100     15  336.0  344.1  336.5
  375.0   8075  -19.1  -22.3     76   1.72    100     15  336.2  342.6  336.6
  374.0   8095  -19.2  -22.3     77   1.72    100     15  336.3  342.6  336.6
  359.0   8399  -21.5  -22.0     96   1.84     80     14  337.2  344.0  337.6
  345.0   8688  -23.6  -24.0     96   1.60     60     14  338.3  344.2  338.6
  309.0   9489  -29.3  -29.7     96   1.06     43     11  341.1  345.2  341.3
  304.0   9605  -30.0  -31.2     89   0.94     40     11  341.7  345.4  341.9
  300.0   9700  -30.5  -32.4     83   0.84     35     11  342.3  345.6  342.4
  292.0   9889  -32.0  -34.3     80   0.72     25     10  342.8  345.6  342.9
  254.0  10862  -39.9  -44.1     64   0.30     61      8  345.0  346.3  345.1
  250.0  10970  -40.9                          65      8  345.1         345.1
  234.0  11406  -44.6                          80     12  346.1         346.1
  200.0  12440  -53.5                         105     17  347.9         347.9
  186.0  12892  -57.2                         100     29  349.2         349.2
  150.0  14230  -68.1                          80     37  352.6         352.6
  139.0  14676  -71.8                          85     38  353.8         353.8
  128.0  15158  -75.9                          90     37  354.9         354.9
  101.0  16494  -82.4                         105     36  367.2         367.2
  100.0  16550  -82.7                         110     36  367.7         367.7
   91.0  17076  -85.3                         100     28  372.6         372.6
   90.3  17119  -85.5                         100     28  373.0         373.0
   86.0  17390  -84.9                          80     18  379.4         379.4
   77.8  17948  -83.7                         112     23  393.0         393.0
   77.0  18006  -82.8                         115     23  396.0         396.0
   72.9  18317  -78.1                         104     14  412.2         412.2
   70.1  18542  -78.3                          95      8  416.4         416.4
   70.0  18550  -78.3                          95      8  416.6         416.6
   69.0  18633  -77.2                         110      6  420.5         420.5
   66.0  18889  -74.0                         155      5  433.0         433.0
   63.1  19148  -70.7                         281      6  445.8         445.8
   63.0  19157  -70.7                         285      6  446.0         446.0
   59.0  19542  -71.0                         270     15  453.8         453.8
   54.0  20061  -71.4                         295     11  464.6         464.6
   52.3  20248  -71.5                         267     13  468.5         468.5
   51.0  20395  -72.7                         245     14  469.0         469.0
   50.0  20510  -73.7                         240     17  469.4         469.4
   46.0  20995  -75.5                         235     12  476.3         476.3
   44.0  21254  -76.5                         145     10  479.9         479.9
   43.3  21348  -76.9                         135     12  481.3         481.3
   42.0  21525  -74.5                         120     23  491.4         491.4
   38.3  22062  -76.1                         120     26  500.5         500.5
   37.0  22262  -75.4                         120     27  507.2         507.2
   36.8  22294  -75.3                         116     29  508.3         508.3
   36.1  22406  -71.9                         102     36  519.9         519.9
   36.0  22423  -71.7                         100     37  520.7         520.7
   32.6  23020  -65.5                          97     51  552.2         552.2
   30.0  23530  -63.7                          95     62  570.4         570.4
   28.0  23954  -61.9                          95     69  586.8         586.8
   26.4  24321  -57.7                          94     70  608.6         608.6
   20.0  26090  -52.3                          90     76  675.3         675.3
   19.2  26355  -50.9                          89     76  687.6         687.6
   16.8  27233  -46.1                          87     76  729.8         729.8
   15.2  27898  -45.9                          85     76  751.4         751.4
   15.0  27986  -45.9                          85     76  754.4         754.4
   14.8  28076  -45.9                                     757.3         757.3
</PRE><H3>Station information and sounding indices</H3><PRE>
                         Station identifier: WAAA
                             Station number: 97180
                           Observation time: 180306/0000
                           Station latitude: -5.06
                          Station longitude: 119.55
                          Station elevation: 14.0
                            Showalter index: -0.06
                               Lifted index: -2.01
    LIFT computed using virtual temperature: -2.43
                                SWEAT index: 209.40
                                    K index: 33.90
                         Cross totals index: 20.50
                      Vertical totals index: 23.50
                        Totals totals index: 44.00
      Convective Available Potential Energy: 635.71
             CAPE using virtual temperature: 718.63
                      Convective Inhibition: -76.63
             CINS using virtual temperature: -46.18
                           Equilibrum Level: 189.57
 Equilibrum Level using virtual temperature: 189.52
                   Level of Free Convection: 717.13
             LFCT using virtual temperature: 756.16
                     Bulk Richardson Number: 255.32
          Bulk Richardson Number using CAPV: 288.63
  Temp [K] of the Lifted Condensation Level: 293.84
Pres [hPa] of the Lifted Condensation Level: 930.61
     Mean mixed layer potential temperature: 299.97
              Mean mixed layer mixing ratio: 16.83
              1000 hPa to 500 hPa thickness: 5776.00
Precipitable water [mm] for entire sounding: 57.50
</PRE>
<P>Description of the 
<A HREF="/upperair/columns.html">data columns</A>
or <A HREF="/upperair/indices.html">sounding indices</A>.

<P>
<FORM>
<INPUT CLASS="button" TYPE="button" VALUE=" Close this window " 
 onClick="window.close();">
<INPUT CLASS="button" TYPE="button" VALUE=" Select another map " 
 onClick="window.blur();">
</FORM>
<HR SIZE="1">
<I>Interested in graduate studies in atmospheric science?
Check out our program at the
<a href="http://www.uwyo.edu/atsc/howtoapply/"
target=_top>University of Wyoming
</a></I>
<HR SIZE="1"><FONT SIZE="-1">
Questions about the weather data provided by this site can be
addressed to <A HREF="mailto:ldoolman@uwyo.edu">
Larry Oolman (ldoolman@uwyo.edu)</A></FONT>
<HR SIZE="1">
<SCRIPT TYPE="text/javascript">
<!--
window.focus();
// -->
</SCRIPT>
</BODY>
</HTML>
