2018-03-19 12
<HTML>
<TITLE>University of Wyoming - Radiosonde Data</TITLE>
<LINK REL="StyleSheet" HREF="/resources/select.css" TYPE="text/css">
<BODY BGCOLOR="white">
<H2>97180 WAAA Ujung Pandang Observations at 00Z 19 Mar 2018</H2>
<PRE>
-----------------------------------------------------------------------------
   PRES   HGHT   TEMP   DWPT   RELH   MIXR   DRCT   SKNT   THTA   THTE   THTV
    hPa     m      C      C      %    g/kg    deg   knot     K      K      K 
-----------------------------------------------------------------------------
 1010.0     14   23.8   22.2     91  17.00      0      0  296.1  345.2  299.1
 1002.0     80   25.0   20.0     74  14.92     16      2  298.0  341.5  300.6
 1000.0     97   25.6   20.6     74  15.53     20      2  298.8  344.2  301.5
  993.0    159   26.0   21.0     74  16.04      9      2  299.8  346.9  302.6
  978.0    293   25.1   20.3     75  15.62    345      2  300.2  346.1  303.0
  945.0    596   23.1   18.8     77  14.69    275      5  301.1  344.4  303.7
  934.0    699   22.4   18.3     78  14.38    270      8  301.4  343.9  304.0
  925.0    784   22.2   17.5     75  13.79    265     10  302.0  342.9  304.5
  912.0    907   22.1   14.6     63  11.57    260     11  303.1  337.7  305.2
  905.0    973   22.0   13.0     57  10.50    261     11  303.7  335.2  305.6
  850.0   1512   18.4   12.4     68  10.75    270     11  305.4  337.9  307.4
  793.0   2096   14.8    9.6     71   9.54    265     17  307.7  336.9  309.5
  710.0   3025    9.2    5.1     76   7.82    247     21  311.4  335.8  312.8
  700.0   3142    8.8    4.6     75   7.65    245     21  312.2  336.2  313.6
  687.0   3296    8.1    3.8     74   7.37    250     19  313.1  336.4  314.5
  611.0   4258    3.8   -1.2     70   5.77    282     16  318.8  337.6  319.9
  580.0   4679    0.8   -4.2     69   4.86    296     15  320.1  336.1  321.0
  572.0   4791    0.5   -6.5     59   4.13    300     15  321.0  334.8  321.8
  560.0   4961    0.0  -10.0     47   3.21    306     15  322.4  333.3  323.0
  538.0   5281   -1.9   -8.9     59   3.65    316     16  323.8  336.2  324.5
  530.0   5400   -2.6   -9.6     59   3.49    320     16  324.3  336.2  325.0
  525.0   5475   -3.1  -10.1     58   3.40    326     15  324.6  336.2  325.3
  523.0   5505   -3.3  -10.3     58   3.36    329     15  324.8  336.2  325.4
  522.0   5520   -3.1  -14.1     42   2.47    330     14  325.2  333.8  325.7
  521.0   5536   -3.3   -9.3     63   3.65    331     14  325.1  337.6  325.8
  516.0   5612   -3.5  -12.5     50   2.85    337     13  325.8  335.6  326.3
  510.0   5704   -4.2  -12.4     53   2.90    345     12  326.0  336.1  326.6
  500.0   5860   -5.3  -12.3     58   2.99    355     11  326.5  336.9  327.1
  437.0   6903  -11.1  -19.7     49   1.85      0      6  332.0  338.7  332.4
  421.0   7192  -12.7  -21.7     47   1.61     25      3  333.5  339.4  333.8
  404.0   7505  -15.3  -19.4     70   2.04    310      4  334.1  341.5  334.5
  400.0   7580  -15.9  -18.9     78   2.16    290      4  334.2  342.1  334.7
  396.0   7656  -16.5  -18.8     82   2.20    290      5  334.4  342.4  334.9
  389.0   7786  -17.5  -19.9     82   2.04    290      7  334.9  342.3  335.3
  373.0   8093  -19.7  -22.4     80   1.71    310      6  335.9  342.2  336.2
  359.0   8373  -21.8  -24.7     78   1.45      0      1  336.8  342.2  337.1
  344.0   8685  -24.1  -27.2     76   1.20    190      5  337.8  342.3  338.0
  307.0   9516  -30.3  -34.0     70   0.71    132     10  340.3  343.1  340.4
  300.0   9680  -31.3  -36.1     63   0.59    120     11  341.1  343.5  341.3
  295.0   9799  -32.1  -39.1     50   0.44    114     12  341.6  343.4  341.8
  279.0  10188  -35.2  -44.1     40   0.27     95     16  342.7  343.9  342.8
  256.0  10788  -39.9  -51.9     27   0.12     83     24  344.3  344.8  344.3
  250.0  10950  -41.3                          80     26  344.5         344.5
  245.0  11084  -42.4                          80     27  344.8         344.8
  200.0  12430  -53.9                          80     38  347.2         347.2
  177.0  13186  -59.6                          80     42  350.2         350.2
  150.0  14210  -67.3                         110     56  354.0         354.0
  138.0  14702  -72.5                         115     59  353.4         353.4
  134.0  14875  -74.3                         111     57  353.1         353.1
  112.0  15901  -77.2                          90     46  366.2         366.2
  106.0  16217  -78.1                          70     23  370.3         370.3
  101.0  16493  -78.9                          15      6  373.9         373.9
  100.0  16550  -79.1                         350      6  374.6         374.6
   96.0  16779  -80.2                         285     11  376.8         376.8
   83.5  17564  -84.1                         220     21  384.3         384.3
   77.0  18015  -82.4                         185     13  396.9         396.9
   76.8  18030  -82.3                         184     13  397.3         397.3
   70.9  18486  -75.1                         150     22  421.9         421.9
   70.0  18560  -75.1                         145     23  423.4         423.4
   68.3  18702  -75.9                         130     18  424.7         424.7
   66.0  18902  -72.1                         110     10  437.1         437.1
   63.0  19174  -73.2                         350      6  440.4         440.4
   58.9  19567  -74.9                         310     15  445.3         445.3
   54.0  20071  -74.9                         260     12  456.4         456.4
   53.4  20136  -74.9                         251     11  457.9         457.9
   50.0  20520  -72.5                         195      6  472.2         472.2
   49.0  20640  -71.7                         185     10  476.8         476.8
   46.9  20899  -70.1                         169     12  486.7         486.7
   44.0  21276  -71.4                         145     15  492.5         492.5
   42.1  21538  -72.3                         140     15  496.5         496.5
   40.0  21840  -71.7                         135     15  505.4         505.4
   37.5  22221  -70.9                         119     25  516.8         516.8
   35.5  22550  -66.3                         106     33  536.9         536.9
   34.0  22814  -64.4                          95     39  548.6         548.6
   33.2  22959  -63.3                          94     41  555.2         555.2
   30.5  23479  -64.7                          91     50  565.0         565.0
   30.0  23580  -64.5                          90     52  568.2         568.2
   28.4  23916  -60.3                          90     55  588.8         588.8
   25.0  24721  -57.4                          90     62  619.0         619.0
   20.0  26130  -52.3                          90     73  675.3         675.3
   13.3  28807  -46.4                          90     93  779.2         779.2
   13.0  28956  -46.0                          90     93  785.4         785.4
   12.7  29110  -45.7                                     791.9         791.9
</PRE><H3>Station information and sounding indices</H3><PRE>
                         Station identifier: WAAA
                             Station number: 97180
                           Observation time: 180319/0000
                           Station latitude: -5.06
                          Station longitude: 119.55
                          Station elevation: 14.0
                            Showalter index: 2.46
                               Lifted index: -0.51
    LIFT computed using virtual temperature: -0.90
                                SWEAT index: 181.78
                                    K index: 31.90
                         Cross totals index: 17.70
                      Vertical totals index: 23.70
                        Totals totals index: 41.40
      Convective Available Potential Energy: 104.08
             CAPE using virtual temperature: 185.29
                      Convective Inhibition: -118.21
             CINS using virtual temperature: -81.59
                           Equilibrum Level: 287.84
 Equilibrum Level using virtual temperature: 283.74
                   Level of Free Convection: 737.80
             LFCT using virtual temperature: 767.68
                     Bulk Richardson Number: 6.19
          Bulk Richardson Number using CAPV: 11.02
  Temp [K] of the Lifted Condensation Level: 292.42
Pres [hPa] of the Lifted Condensation Level: 918.49
     Mean mixed layer potential temperature: 299.63
              Mean mixed layer mixing ratio: 15.58
              1000 hPa to 500 hPa thickness: 5763.00
Precipitable water [mm] for entire sounding: 49.99
</PRE>
<P>Description of the 
<A HREF="/upperair/columns.html">data columns</A>
or <A HREF="/upperair/indices.html">sounding indices</A>.

<P>
<FORM>
<INPUT CLASS="button" TYPE="button" VALUE=" Close this window " 
 onClick="window.close();">
<INPUT CLASS="button" TYPE="button" VALUE=" Select another map " 
 onClick="window.blur();">
</FORM>
<HR SIZE="1">
<I>Interested in graduate studies in atmospheric science?
Check out our program at the
<a href="http://www.uwyo.edu/atsc/howtoapply/"
target=_top>University of Wyoming
</a></I>
<HR SIZE="1"><FONT SIZE="-1">
Questions about the weather data provided by this site can be
addressed to <A HREF="mailto:ldoolman@uwyo.edu">
Larry Oolman (ldoolman@uwyo.edu)</A></FONT>
<HR SIZE="1">
<SCRIPT TYPE="text/javascript">
<!--
window.focus();
// -->
</SCRIPT>
</BODY>
</HTML>
