2016-08-05 00
<HTML>
<TITLE>University of Wyoming - Radiosonde Data</TITLE>
<LINK REL="StyleSheet" HREF="/resources/select.css" TYPE="text/css">
<BODY BGCOLOR="white">
<H2>97180 WAAA Ujung Pandang Observations at 00Z 05 Aug 2016</H2>
<PRE>
-----------------------------------------------------------------------------
   PRES   HGHT   TEMP   DWPT   RELH   MIXR   DRCT   SKNT   THTA   THTE   THTV
    hPa     m      C      C      %    g/kg    deg   knot     K      K      K 
-----------------------------------------------------------------------------
 1010.0     14   23.6   20.5     83  15.28      0      0  295.9  340.0  298.6
 1004.0     65   25.6   17.6     61  12.77     75      2  298.4  335.8  300.7
 1003.0     74   26.2   18.2     61  13.29     87      3  299.1  338.1  301.5
 1000.0    100   26.6   18.6     61  13.67    125      4  299.8  340.0  302.2
  984.0    242   25.0   21.1     79  16.29    158      4  299.5  347.3  302.4
  978.0    296   24.8   20.6     77  15.90    170      4  299.9  346.6  302.7
  945.0    597   23.8   17.9     69  13.84     85      4  301.8  342.9  304.3
  925.0    785   23.2   16.2     65  12.68     55      6  303.0  340.9  305.3
  913.0    899   22.5   14.6     61  11.55     30      5  303.5  338.1  305.6
  900.0   1025   21.8   12.8     57  10.42     20      5  304.0  335.3  305.9
  882.0   1201   20.8   12.5     59  10.44      5      6  304.7  336.2  306.6
  852.0   1502   19.1   12.0     64  10.47     35      2  305.9  337.7  307.9
  850.0   1522   19.0   12.0     64  10.47     35      1  306.0  337.8  308.0
  830.0   1727   17.6   11.6     68  10.44    314      2  306.6  338.4  308.6
  823.0   1798   17.3   10.8     66   9.97    285      3  307.0  337.4  308.9
  795.0   2092   15.8    7.5     57   8.22    305      5  308.6  333.9  310.1
  745.0   2644   13.2    1.2     44   5.63    300     12  311.5  329.4  312.5
  740.0   2700   12.6    1.5     47   5.80    300     13  311.5  329.8  312.6
  717.0   2965   10.0    3.0     62   6.67    309      9  311.4  332.4  312.6
  714.0   2999    9.8    3.2     63   6.78    310      9  311.6  332.9  312.8
  700.0   3164    9.0    4.0     71   7.33    340      6  312.4  335.5  313.8
  688.0   3307    7.8    4.0     77   7.44      0      6  312.6  336.1  314.1
  668.0   3550    5.8    3.9     88   7.64     58      8  313.0  337.1  314.5
  664.0   3598    5.5    3.6     88   7.52     70      8  313.2  337.0  314.7
  640.0   3897    3.7    1.8     87   6.86     65      7  314.6  336.4  315.9
  617.0   4193    2.0    0.0     87   6.25     80     10  315.8  335.9  317.0
  594.0   4501    0.2   -1.8     86   5.66     70     11  317.2  335.5  318.2
  592.0   4529    0.0   -2.0     86   5.61     71     11  317.3  335.5  318.4
  579.0   4706   -1.7   -2.4     95   5.57     76     12  317.3  335.4  318.4
  573.0   4789   -2.3   -3.0     95   5.38     78     12  317.6  335.1  318.6
  570.0   4830   -2.5   -4.4     87   4.87     80     12  317.8  333.7  318.7
  569.0   4844   -2.7   -5.5     81   4.49     80     12  317.7  332.4  318.6
  566.0   4886   -1.1   -5.7     71   4.44     81     12  320.1  334.8  320.9
  564.0   4915   -0.1   -5.1     69   4.67     82     12  321.6  337.1  322.5
  526.0   5470   -2.5  -16.5     33   2.01     98     14  325.2  332.3  325.6
  511.0   5698   -4.1  -17.5     34   1.90    105     15  325.9  332.7  326.3
  500.0   5870   -5.3  -18.3     35   1.82    105     15  326.5  333.0  326.9
  497.0   5917   -5.7  -18.7     35   1.77    103     15  326.6  332.9  326.9
  485.0   6108   -6.9  -14.9     53   2.49     95     15  327.4  336.1  327.9
  478.0   6222   -7.1  -20.1     35   1.63     91     15  328.5  334.4  328.8
  475.0   6271   -7.3  -16.3     49   2.27     89     15  328.9  336.9  329.3
  468.0   6386   -7.5  -23.5     27   1.24     84     15  330.0  334.6  330.3
  461.0   6503   -7.7  -26.7     20   0.94     79     15  331.2  334.7  331.4
  455.0   6605   -8.6  -24.3     27   1.18     75     15  331.3  335.7  331.6
  450.0   6690   -9.3  -22.3     34   1.43     79     16  331.5  336.7  331.8
  449.0   6708   -9.5  -18.5     48   1.99     80     16  331.4  338.6  331.8
  444.0   6794   -9.9  -15.9     62   2.51     85     16  332.0  340.9  332.5
  438.0   6899  -10.5  -21.5     40   1.58     90     17  332.5  338.3  332.8
  400.0   7590  -15.5  -25.5     42   1.21     80     16  334.8  339.3  335.0
  392.0   7742  -16.7  -25.7     46   1.21     73     18  335.1  339.7  335.4
  389.0   7799  -17.0  -26.7     43   1.11     70     19  335.4  339.6  335.7
  344.0   8708  -22.3  -42.5     14   0.26     80     22  340.3  341.4  340.3
  333.0   8948  -23.7  -46.7     10   0.17     88     20  341.5  342.3  341.6
  317.0   9303  -26.6  -48.2     11   0.15    100     18  342.3  343.0  342.3
  300.0   9700  -29.9  -49.9     12   0.13     95     21  343.1  343.7  343.1
  280.0  10184  -33.8  -53.8     12   0.09     90     20  344.4  344.8  344.4
  268.0  10492  -36.2  -56.2     11   0.07    115     21  345.2  345.5  345.2
  250.0  10980  -40.1  -60.1     10   0.05    115     27  346.3  346.5  346.3
  214.0  12004  -49.2                         105     28  348.0         348.0
  200.0  12450  -53.1                          85     30  348.5         348.5
  187.0  12871  -56.6                          75     37  349.6         349.6
  154.0  14085  -66.7                          85     40  352.3         352.3
  150.0  14250  -68.1                          85     40  352.6         352.6
  140.0  14658  -71.5                          81     43  353.6         353.6
  130.0  15088  -75.7                          77     47  353.7         353.7
  125.0  15310  -77.0                          75     49  355.2         355.2
  113.0  15882  -80.5                          88     46  359.2         359.2
  108.0  16135  -82.3                          94     45  360.5         360.5
  105.0  16290  -83.7                          98     45  360.7         360.7
  103.0  16396  -84.5                         100     44  361.2         361.2
  101.0  16505  -81.5                         100     42  369.1         369.1
  100.0  16560  -79.9                          95     41  373.1         373.1
   95.4  16831  -74.7                          85     35  388.3         388.3
   87.0  17366  -75.6                          65     23  396.9         396.9
   82.0  17709  -76.2                          45     22  402.5         402.5
   77.6  18029  -76.7                          48     16  407.8         407.8
   74.5  18264  -76.7                          50     11  412.6         412.6
   74.0  18303  -75.6                          50     10  415.8         415.8
   73.1  18374  -73.5                          57     10  421.6         421.6
   70.0  18630  -71.3                          80     12  431.5         431.5
   68.9  18724  -70.3                          94     15  435.6         435.6
   67.0  18890  -70.6                         120     19  438.4         438.4
   64.0  19161  -71.2                         135     31  443.0         443.0
   60.1  19534  -71.9                         113     35  449.4         449.4
   58.0  19744  -71.8                         100     38  454.3         454.3
   55.0  20058  -71.5                          75     39  461.7         461.7
   54.3  20133  -71.5                          78     37  463.5         463.5
   52.6  20322  -70.7                          84     32  469.6         469.6
   52.1  20379  -69.9                          86     31  472.8         472.8
   51.6  20437  -65.7                          88     30  483.9         483.9
   50.0  20630  -61.9                          95     25  497.2         497.2
   49.4  20705  -61.7                         101     23  499.4         499.4
   47.0  21015  -59.3                         125     14  512.3         512.3
   43.0  21573  -59.2                          95      9  525.6         525.6
   41.0  21871  -59.2                           0      7  532.9         532.9
   37.0  22515  -59.1                         305     17  548.9         548.9
   35.1  22845  -59.1                         300     25  557.4         557.4
   35.0  22863  -59.0                         300     25  558.0         558.0
   34.0  23047  -58.2                         315     25  564.8         564.8
   30.0  23840  -54.7                         295     31  594.9         594.9
   29.6  23926  -53.1                         291     33  601.6         601.6
   29.0  24057  -53.3                         285     35  604.5         604.5
   25.0  25007  -55.1                         265     31  625.7         625.7
   23.3  25458  -55.9                         257     28  636.0         636.0
   20.9  26149  -56.1                         245     22  655.4         655.4
   20.0  26430  -54.5                         240     20  668.6         668.6
   18.0  27111  -51.5                         275     20  698.4         698.4
   17.0  27481  -49.9                         271     21  715.1         715.1
   14.3  28610  -50.3                         261     22  750.0         750.0
   13.0  29238  -47.1                         255     23  781.6         781.6
   12.6  29444  -46.1                                     792.3         792.3
</PRE><H3>Station information and sounding indices</H3><PRE>
                         Station identifier: WAAA
                             Station number: 97180
                           Observation time: 160805/0000
                           Station latitude: -5.06
                          Station longitude: 119.55
                          Station elevation: 14.0
                            Showalter index: 2.52
                               Lifted index: 0.18
    LIFT computed using virtual temperature: -0.36
                                SWEAT index: 160.98
                                    K index: 31.30
                         Cross totals index: 17.30
                      Vertical totals index: 24.30
                        Totals totals index: 41.60
      Convective Available Potential Energy: 83.83
             CAPE using virtual temperature: 111.97
                      Convective Inhibition: -214.34
             CINS using virtual temperature: -158.16
                           Equilibrum Level: 484.86
 Equilibrum Level using virtual temperature: 477.94
                   Level of Free Convection: 690.84
             LFCT using virtual temperature: 721.20
                     Bulk Richardson Number: 29.64
          Bulk Richardson Number using CAPV: 39.59
  Temp [K] of the Lifted Condensation Level: 291.55
Pres [hPa] of the Lifted Condensation Level: 907.61
     Mean mixed layer potential temperature: 299.75
              Mean mixed layer mixing ratio: 14.95
              1000 hPa to 500 hPa thickness: 5770.00
Precipitable water [mm] for entire sounding: 45.86
</PRE>
<P>Description of the 
<A HREF="/upperair/columns.html">data columns</A>
or <A HREF="/upperair/indices.html">sounding indices</A>.

<P>
<FORM>
<INPUT CLASS="button" TYPE="button" VALUE=" Close this window " 
 onClick="window.close();">
<INPUT CLASS="button" TYPE="button" VALUE=" Select another map " 
 onClick="window.blur();">
</FORM>
<HR SIZE="1">
<I>Interested in graduate studies in atmospheric science?
Check out our program at the
<a href="http://www.uwyo.edu/atsc/howtoapply/"
target=_top>University of Wyoming
</a></I>
<HR SIZE="1"><FONT SIZE="-1">
Questions about the weather data provided by this site can be
addressed to <A HREF="mailto:ldoolman@uwyo.edu">
Larry Oolman (ldoolman@uwyo.edu)</A></FONT>
<HR SIZE="1">
<SCRIPT TYPE="text/javascript">
<!--
window.focus();
// -->
</SCRIPT>
</BODY>
</HTML>
