2017-01-21 12
<HTML>
<TITLE>University of Wyoming - Radiosonde Data</TITLE>
<LINK REL="StyleSheet" HREF="/resources/select.css" TYPE="text/css">
<BODY BGCOLOR="white">
<H2>97180 WAAA Ujung Pandang Observations at 00Z 21 Jan 2017</H2>
<PRE>
-----------------------------------------------------------------------------
   PRES   HGHT   TEMP   DWPT   RELH   MIXR   DRCT   SKNT   THTA   THTE   THTV
    hPa     m      C      C      %    g/kg    deg   knot     K      K      K 
-----------------------------------------------------------------------------
 1011.0     14   24.4   22.9     91  17.74      0      0  296.6  348.0  299.8
 1000.0    107   23.8   22.8     94  17.83    270     11  296.9  348.7  300.1
  983.0    258   23.6   22.2     92  17.48    266     14  298.2  349.2  301.3
  978.0    303   23.4   21.7     90  17.03    265     15  298.4  348.1  301.4
  970.0    375   23.0   20.9     88  16.33    272     14  298.7  346.5  301.7
  968.0    393   22.4   20.4     88  15.85    273     14  298.3  344.6  301.1
  925.0    789   20.6   19.8     95  15.98    310     10  300.4  347.4  303.2
  913.0    902   20.2   19.4     95  15.76    315     10  301.1  347.6  303.9
  876.0   1259   18.8   18.0     95  15.06    306      9  303.2  348.1  305.9
  852.0   1497   17.1   16.4     96  14.00    300      9  303.9  345.7  306.4
  850.0   1517   17.0   16.3     96  13.91    300      9  303.9  345.5  306.5
  823.0   1792   15.2   14.4     95  12.66    310      6  304.9  342.9  307.2
  799.0   2045   13.6   12.6     94  11.60    296      4  305.7  340.8  307.9
  766.0   2402   12.5   12.1     97  11.67    275      2  308.2  343.9  310.4
  746.0   2625   11.8   11.7     99  11.71    327      4  309.8  345.8  312.0
  739.0   2704   11.4   11.4     99  11.56    345      5  310.3  345.9  312.4
  713.0   3005   10.1   10.1    100  10.98    350      5  312.0  346.0  314.0
  700.0   3159    9.4    9.4    100  10.69     55      2  312.9  346.1  314.9
  695.0   3219    9.0    8.8     99  10.33     72      2  313.1  345.3  315.0
  688.0   3302    8.0    7.2     95   9.34     95      3  312.9  342.1  314.6
  674.0   3472    6.0    3.9     86   7.57     91      4  312.5  336.2  313.9
  640.0   3896    4.3    3.2     93   7.59     80      5  315.1  339.2  316.6
  635.0   3960    4.0    3.1     94   7.59     75      6  315.6  339.7  317.0
  617.0   4193    2.5    0.6     87   6.53     55      8  316.5  337.4  317.7
  587.0   4597    0.0   -3.7     76   4.98     58      9  318.1  334.4  319.0
  575.0   4762   -0.3   -2.5     85   5.57     60     10  319.6  337.8  320.7
  572.0   4804   -0.7   -3.1     84   5.36     60     10  319.6  337.2  320.7
  560.0   4974   -2.1   -5.4     78   4.59     67     10  319.9  335.1  320.8
  556.0   5031   -3.3  -10.3     58   3.16     69     10  319.1  329.7  319.7
  538.0   5292   -2.9   -4.9     86   4.97     79     11  322.6  339.1  323.6
  536.0   5321   -3.3   -5.5     85   4.76     80     11  322.5  338.4  323.4
  533.0   5366   -2.1   -5.7     76   4.72     82     11  324.4  340.3  325.4
  532.0   5381   -1.7   -4.6     81   5.14     83     11  325.1  342.3  326.1
  531.0   5396   -2.7   -5.6     80   4.77     83     11  324.1  340.1  325.0
  530.0   5411   -4.1   -6.6     83   4.43     84     11  322.6  337.4  323.4
  511.0   5699   -5.2   -7.0     88   4.46     95     11  324.6  339.6  325.4
  500.0   5870   -5.9   -7.2     91   4.48     90     13  325.8  340.9  326.7
  491.0   6013   -6.6   -7.3     94   4.51     75     15  326.6  341.9  327.5
  487.0   6077   -6.9   -7.4     96   4.53     75     15  327.0  342.4  327.9
  476.0   6255   -8.1  -10.1     86   3.75     73     14  327.7  340.6  328.4
  405.0   7495  -15.3  -17.6     83   2.38     65     10  333.8  342.3  334.2
  400.0   7590  -15.9  -18.2     82   2.29     65     11  334.2  342.5  334.7
  386.0   7858  -17.3  -18.8     88   2.26     70     10  335.8  344.0  336.3
  374.0   8093  -18.6  -22.4     72   1.70     75     10  337.1  343.4  337.4
  363.0   8316  -19.9  -25.9     59   1.28     71     11  338.3  343.1  338.6
  345.0   8691  -22.7  -27.0     68   1.22     65     14  339.4  344.1  339.7
  337.0   8863  -23.5  -30.5     53   0.90     62     15  340.6  344.1  340.8
  325.0   9126  -25.9  -33.9     47   0.67     58     17  340.9  343.5  341.0
  317.0   9306  -27.3  -31.8     66   0.85     55     18  341.3  344.6  341.5
  315.0   9352  -27.7  -31.2     72   0.90     56     18  341.4  344.9  341.6
  300.0   9700  -30.7  -32.9     81   0.80     65     18  342.0  345.1  342.2
  252.0  10916  -40.1  -42.9     74   0.35     89     20  345.5  347.0  345.6
  250.0  10970  -40.5                          90     20  345.7         345.7
  214.0  12001  -49.6                          95     30  347.4         347.4
  200.0  12450  -53.5                          90     31  347.9         347.9
  150.0  14240  -68.5                          85     36  351.9         351.9
  112.0  15912  -81.4                          85     40  358.3         358.3
  105.0  16282  -84.3                          90     52  359.6         359.6
  101.0  16495  -84.1                          85     58  363.9         363.9
  100.0  16550  -84.1                          85     57  365.0         365.0
   96.7  16735  -84.9                          80     46  367.0         367.0
   95.2  16821  -82.9                          77     41  372.5         372.5
   94.3  16874  -78.7                          76     38  381.8         381.8
   91.0  17077  -78.3                          70     26  386.6         386.6
   86.0  17398  -77.6                          30     16  394.3         394.3
   85.6  17425  -77.5                          32     16  394.9         394.9
   77.0  18023  -80.9                          70      4  400.0         400.0
   75.0  18171  -81.7                          74      8  401.3         401.3
   70.0  18560  -78.3                          85     18  416.6         416.6
   66.7  18838  -76.7                          85     26  425.8         425.8
   66.0  18900  -76.5                          85     28  427.5         427.5
   65.1  18980  -74.5                          69     26  433.6         433.6
   64.2  19062  -68.1                          52     24  449.3         449.3
   63.0  19178  -67.3                          30     22  453.6         453.6
   60.0  19477  -65.2                         330     18  464.6         464.6
   55.9  19911  -62.1                         283     21  481.1         481.1
   54.0  20125  -63.0                         260     23  483.8         483.8
   52.0  20358  -64.0                         255     16  486.6         486.6
   50.0  20600  -65.1                         260     13  489.7         489.7
   47.0  20972  -68.2                         300      8  491.1         491.1
   45.2  21207  -70.1                         345      7  491.9         491.9
   45.0  21234  -69.9                         350      7  492.9         492.9
   42.3  21604  -67.7                                     507.2         507.2
</PRE><H3>Station information and sounding indices</H3><PRE>
                         Station identifier: WAAA
                             Station number: 97180
                           Observation time: 170121/0000
                           Station latitude: -5.06
                          Station longitude: 119.55
                          Station elevation: 14.0
                            Showalter index: -1.19
                               Lifted index: -1.90
    LIFT computed using virtual temperature: -2.11
                                SWEAT index: 226.58
                                    K index: 39.20
                         Cross totals index: 22.20
                      Vertical totals index: 22.90
                        Totals totals index: 45.10
      Convective Available Potential Energy: 451.77
             CAPE using virtual temperature: 517.29
                      Convective Inhibition: -18.83
             CINS using virtual temperature: -16.92
                           Equilibrum Level: 252.31
 Equilibrum Level using virtual temperature: 252.19
                   Level of Free Convection: 849.70
             LFCT using virtual temperature: 853.30
                     Bulk Richardson Number: 26.36
          Bulk Richardson Number using CAPV: 30.19
  Temp [K] of the Lifted Condensation Level: 294.55
Pres [hPa] of the Lifted Condensation Level: 961.20
     Mean mixed layer potential temperature: 297.91
              Mean mixed layer mixing ratio: 17.03
              1000 hPa to 500 hPa thickness: 5763.00
Precipitable water [mm] for entire sounding: 62.02
</PRE>
<P>Description of the 
<A HREF="/upperair/columns.html">data columns</A>
or <A HREF="/upperair/indices.html">sounding indices</A>.

<P>
<FORM>
<INPUT CLASS="button" TYPE="button" VALUE=" Close this window " 
 onClick="window.close();">
<INPUT CLASS="button" TYPE="button" VALUE=" Select another map " 
 onClick="window.blur();">
</FORM>
<HR SIZE="1">
<I>Interested in graduate studies in atmospheric science?
Check out our program at the
<a href="http://www.uwyo.edu/atsc/howtoapply/"
target=_top>University of Wyoming
</a></I>
<HR SIZE="1"><FONT SIZE="-1">
Questions about the weather data provided by this site can be
addressed to <A HREF="mailto:ldoolman@uwyo.edu">
Larry Oolman (ldoolman@uwyo.edu)</A></FONT>
<HR SIZE="1">
<SCRIPT TYPE="text/javascript">
<!--
window.focus();
// -->
</SCRIPT>
</BODY>
</HTML>
