2016-05-29 00
<HTML>
<TITLE>University of Wyoming - Radiosonde Data</TITLE>
<LINK REL="StyleSheet" HREF="/resources/select.css" TYPE="text/css">
<BODY BGCOLOR="white">
<H2>97180 WAAA Ujung Pandang Observations at 00Z 29 May 2016</H2>
<PRE>
-----------------------------------------------------------------------------
   PRES   HGHT   TEMP   DWPT   RELH   MIXR   DRCT   SKNT   THTA   THTE   THTV
    hPa     m      C      C      %    g/kg    deg   knot     K      K      K 
-----------------------------------------------------------------------------
 1010.0     14   25.6   23.0     86  17.87      0      0  297.9  350.0  301.1
 1000.0     98   26.2   21.2     74  16.13    110      5  299.4  346.6  302.2
  986.0    223   27.0   20.0     66  15.17    129      4  301.4  346.2  304.1
  945.0    599   25.0   18.0     65  13.94    185      3  303.0  344.6  305.6
  925.0    788   24.0   17.0     65  13.35    145      5  303.8  343.8  306.3
  913.0    902   23.4   16.2     64  12.81    135      5  304.4  342.9  306.7
  883.0   1194   22.0   14.0     60  11.51    125      4  305.8  340.6  307.9
  852.0   1505   20.1   12.1     60  10.53    115      3  307.0  339.1  308.9
  850.0   1525   20.0   12.0     60  10.47    115      3  307.1  339.0  309.0
  823.0   1802   18.1   10.9     63  10.02    135      4  307.9  338.5  309.7
  785.0   2207   15.2    9.2     67   9.39    145      5  309.0  337.9  310.8
  767.0   2402   14.3    8.3     67   9.02    150      6  310.1  338.0  311.7
  741.0   2693   12.9    6.9     67   8.48    180      2  311.6  338.1  313.2
  715.0   2993   11.4    5.5     67   7.95    170      3  313.2  338.3  314.7
  700.0   3172   10.6    4.6     66   7.65    165      4  314.2  338.4  315.6
  689.0   3304   10.0    3.5     64   7.20    130      3  314.9  337.9  316.3
  678.0   3438    9.4    2.4     62   6.76    153      3  315.7  337.3  317.0
  665.0   3596    8.5    1.5     61   6.47    180      2  316.5  337.3  317.7
  641.0   3895    6.9   -0.1     61   5.94    165      4  317.9  337.2  319.1
  618.0   4193    5.2   -1.8     61   5.46    120      3  319.4  337.2  320.4
  596.0   4489    3.6   -3.4     60   5.00    125      4  320.8  337.3  321.8
  574.0   4796    1.9   -5.2     60   4.57     90      8  322.3  337.5  323.2
  553.0   5099    0.2   -6.8     59   4.17     85      6  323.7  337.8  324.5
  551.0   5129    0.0   -7.0     59   4.13     87      6  323.9  337.8  324.7
  540.0   5290   -1.3   -5.5     73   4.73     98      7  324.2  340.0  325.1
  534.0   5379   -1.3   -9.3     55   3.56    104      7  325.2  337.4  325.9
  516.0   5652   -3.1  -12.1     50   2.95    122      8  326.2  336.4  326.8
  513.0   5698   -3.5  -10.7     58   3.33    125      8  326.3  337.7  326.9
  509.0   5760   -4.1   -8.7     70   3.91    120      8  326.3  339.7  327.1
  500.0   5900   -4.9  -11.9     58   3.09    110      8  327.0  337.7  327.6
  494.0   5994   -5.5  -12.3     59   3.02    100      8  327.4  337.9  328.0
  475.0   6301   -7.6  -13.7     62   2.81    105      5  328.5  338.4  329.1
  472.0   6351   -7.9  -13.9     62   2.78    115      5  328.7  338.5  329.3
  461.0   6534   -9.1  -12.6     76   3.17    152      3  329.4  340.5  330.1
  444.0   6824  -10.9  -14.2     77   2.89    211      1  330.7  340.9  331.3
  440.0   6894  -11.3  -15.0     74   2.72    225      1  331.1  340.8  331.7
  433.0   7017  -11.9  -16.5     69   2.45    158      1  331.8  340.6  332.3
  430.0   7070  -12.1  -18.1     61   2.15    129      2  332.2  340.0  332.7
  429.0   7088  -12.1  -20.1     51   1.82    119      2  332.5  339.1  332.8
  428.0   7106  -12.3  -22.3     43   1.50    109      2  332.4  337.9  332.7
  424.0   7177  -12.9  -17.8     67   2.24     70      2  332.6  340.6  333.0
  423.0   7195  -13.0  -17.5     69   2.30     60      2  332.6  340.9  333.1
  421.0   7232  -13.3  -16.9     74   2.43     59      2  332.7  341.4  333.2
  413.0   7378  -13.9  -22.9     47   1.48     54      3  333.8  339.2  334.1
  412.0   7396  -13.9  -23.9     43   1.35     53      3  334.0  339.0  334.3
  411.0   7414  -14.1  -25.1     39   1.22     53      3  334.0  338.5  334.2
  408.0   7470  -14.5  -21.5     55   1.69     51      3  334.2  340.4  334.5
  407.0   7489  -14.7  -18.8     71   2.14     50      3  334.1  341.9  334.6
  403.0   7563  -14.9  -21.9     55   1.65     27      2  334.8  340.9  335.2
  400.0   7620  -15.3  -24.3     46   1.35     10      2  335.0  340.0  335.3
  392.0   7773  -16.1  -24.1     50   1.40    277      5  335.9  341.1  336.2
  391.0   7792  -16.2  -24.0     51   1.42    265      5  336.0  341.3  336.3
  376.0   8087  -18.3  -21.8     74   1.79    241      5  337.0  343.6  337.4
  360.0   8410  -21.1  -23.6     80   1.59    215      6  337.5  343.4  337.9
  352.0   8578  -22.5  -24.6     83   1.49    212      8  337.8  343.4  338.1
  346.0   8704  -23.3  -25.8     80   1.36    210     10  338.4  343.5  338.7
  332.0   9006  -25.1  -28.6     73   1.10    230     10  339.9  344.1  340.1
  329.0   9073  -25.5  -29.2     71   1.04    222     10  340.2  344.3  340.4
  321.0   9252  -26.3  -33.3     52   0.72    200     12  341.5  344.4  341.7
  319.0   9297  -26.6  -33.5     52   0.72    195     12  341.7  344.6  341.9
  305.0   9621  -28.7  -34.7     56   0.66    195     15  343.2  345.8  343.3
  301.0   9716  -29.5  -34.2     64   0.71    195     16  343.4  346.2  343.5
  300.0   9740  -29.5  -34.3     63   0.70    195     16  343.7  346.5  343.8
  293.0   9907  -30.9  -43.9     27   0.27    194     15  344.0  345.1  344.1
  284.0  10127  -32.3  -41.3     40   0.36    192     14  345.1  346.6  345.2
  269.0  10503  -35.4  -48.6     25   0.17    190     12  346.0  346.8  346.1
  258.0  10792  -37.7  -54.2     16   0.09    165     14  346.7  347.1  346.7
  250.0  11010  -39.5  -58.5     11   0.06    165     15  347.2  347.5  347.2
  249.0  11037  -39.9  -58.9     11   0.05    165     15  347.0  347.3  347.0
  200.0  12500  -52.1                         145     25  350.1         350.1
  197.0  12594  -52.9                         145     25  350.4         350.4
  163.0  13773  -62.6                         170     27  353.5         353.5
  150.0  14290  -66.9                         170     26  354.6         354.6
  130.0  15138  -74.3                         145     28  356.2         356.2
  126.0  15317  -75.1                         140     28  358.0         358.0
  120.0  15596  -76.3                         120     21  360.7         360.7
  114.0  15890  -77.6                          70     11  363.7         363.7
  108.0  16200  -79.0                           0      8  366.8         366.8
  103.0  16471  -80.2                          30     10  369.5         369.5
  100.0  16640  -80.9                          40     11  371.2         371.2
   97.0  16810  -81.6                          30      9  373.1         373.1
   92.0  17107  -82.7                         225      6  376.5         376.5
   83.4  17656  -84.9                         190     20  382.8         382.8
   83.0  17683  -84.8                         185     19  383.6         383.6
   78.5  17992  -83.3                         158     13  392.8         392.8
   78.0  18029  -82.7                         155     12  394.8         394.8
   74.0  18328  -77.5                         165      6  411.7         411.7
   73.7  18351  -77.1                         178      6  413.0         413.0
   71.0  18567  -74.8                         295     11  422.3         422.3
   70.2  18633  -74.1                         295     11  425.2         425.2
   70.0  18650  -73.9                         295     11  426.0         426.0
   64.0  19169  -75.3                         270      2  433.9         433.9
   62.5  19307  -75.7                         310      5  436.0         436.0
   60.0  19544  -74.8                          20      9  443.2         443.2
   57.0  19841  -73.6                          40     17  452.4         452.4
   56.7  19872  -73.5                          47     17  453.3         453.3
   55.0  20051  -70.5                          90     19  464.1         464.1
   54.0  20160  -68.7                          97     24  470.7         470.7
   52.0  20385  -68.5                         110     33  476.3         476.3
   50.0  20620  -68.3                         105     40  482.1         482.1
   45.7  21155  -70.5                          92     42  489.4         489.4
   42.0  21668  -63.9                          80     44  517.6         517.6
   40.0  21965  -60.1                          83     31  534.4         534.4
   39.0  22123  -58.8                          85     24  541.7         541.7
   38.5  22204  -58.1                          90     22  545.4         545.4
   37.0  22452  -59.0                         105     17  549.4         549.4
   34.2  22943  -60.7                         113     18  557.3         557.3
   32.1  23337  -60.3                         120     19  568.6         568.6
   32.0  23357  -60.2                         120     19  569.3         569.3
   30.0  23760  -58.3                         100     12  585.1         585.1
   29.0  23973  -57.2                         355      2  593.8         593.8
   28.7  24039  -56.9                         337      7  596.4         596.4
   28.3  24128  -54.9                         313     13  604.4         604.4
   28.0  24195  -55.0                         295     18  606.0         606.0
   25.0  24915  -55.8                         260     36  623.5         623.5
   24.7  24992  -55.9                         264     35  625.5         625.5
   23.0  25449  -52.7                         285     29  647.7         647.7
   22.2  25676  -51.1                         279     28  659.0         659.0
   20.4  26222  -52.3                         264     27  671.5         671.5
   20.0  26350  -51.9                         260     27  676.6         676.6
   17.0  27410  -49.4                         275     34  716.6         716.6
   16.2  27725  -48.7                         276     35  728.9         728.9
   14.0  28683  -48.7                         280     39  760.0         760.0
   13.6  28874  -48.7                                     766.3         766.3
</PRE><H3>Station information and sounding indices</H3><PRE>
                         Station identifier: WAAA
                             Station number: 97180
                           Observation time: 160529/0000
                           Station latitude: -5.06
                          Station longitude: 119.55
                          Station elevation: 14.0
                            Showalter index: 2.42
                               Lifted index: -0.44
    LIFT computed using virtual temperature: -0.83
                                SWEAT index: 157.99
                                    K index: 30.90
                         Cross totals index: 16.90
                      Vertical totals index: 24.90
                        Totals totals index: 41.80
      Convective Available Potential Energy: 71.04
             CAPE using virtual temperature: 105.55
                      Convective Inhibition: -261.68
             CINS using virtual temperature: -179.73
                           Equilibrum Level: 326.59
 Equilibrum Level using virtual temperature: 325.55
                   Level of Free Convection: 544.11
             LFCT using virtual temperature: 585.81
                     Bulk Richardson Number: 2797.40
          Bulk Richardson Number using CAPV: 4156.40
  Temp [K] of the Lifted Condensation Level: 291.78
Pres [hPa] of the Lifted Condensation Level: 897.17
     Mean mixed layer potential temperature: 300.99
              Mean mixed layer mixing ratio: 15.34
              1000 hPa to 500 hPa thickness: 5802.00
Precipitable water [mm] for entire sounding: 50.38
</PRE>
<P>Description of the 
<A HREF="/upperair/columns.html">data columns</A>
or <A HREF="/upperair/indices.html">sounding indices</A>.

<P>
<FORM>
<INPUT CLASS="button" TYPE="button" VALUE=" Close this window " 
 onClick="window.close();">
<INPUT CLASS="button" TYPE="button" VALUE=" Select another map " 
 onClick="window.blur();">
</FORM>
<HR SIZE="1">
<I>Interested in graduate studies in atmospheric science?
Check out our program at the
<a href="http://www.uwyo.edu/atsc/howtoapply/"
target=_top>University of Wyoming
</a></I>
<HR SIZE="1"><FONT SIZE="-1">
Questions about the weather data provided by this site can be
addressed to <A HREF="mailto:ldoolman@uwyo.edu">
Larry Oolman (ldoolman@uwyo.edu)</A></FONT>
<HR SIZE="1">
<SCRIPT TYPE="text/javascript">
<!--
window.focus();
// -->
</SCRIPT>
</BODY>
</HTML>
