2016-12-22 12
<HTML>
<TITLE>University of Wyoming - Radiosonde Data</TITLE>
<LINK REL="StyleSheet" HREF="/resources/select.css" TYPE="text/css">
<BODY BGCOLOR="white">
<H2>97180 WAAA Ujung Pandang Observations at 00Z 22 Dec 2016</H2>
<PRE>
-----------------------------------------------------------------------------
   PRES   HGHT   TEMP   DWPT   RELH   MIXR   DRCT   SKNT   THTA   THTE   THTV
    hPa     m      C      C      %    g/kg    deg   knot     K      K      K 
-----------------------------------------------------------------------------
 1007.0     14   25.2   23.5     90  18.49      0      0  297.8  351.6  301.0
 1000.0     77   24.6   21.7     84  16.64      5      3  297.8  346.2  300.7
  999.0     86   24.6   21.7     84  16.66      4      3  297.8  346.4  300.8
  975.0    300   24.6   22.4     88  17.87    345     11  299.9  352.4  303.1
  966.0    382   24.6   22.7     89  18.36    337     13  300.7  354.9  304.0
  942.0    602   22.9   21.4     92  17.39    315     20  301.1  352.4  304.2
  936.0    659   22.4   21.1     92  17.15    315     21  301.2  351.8  304.3
  932.0    696   23.2   20.5     85  16.58    315     22  302.4  351.6  305.4
  925.0    762   22.6   20.1     86  16.29    315     23  302.4  350.8  305.4
  850.0   1497   17.6   15.8     89  13.46    305     31  304.6  344.9  307.0
  840.0   1598   16.6   15.3     92  13.19    305     31  304.6  344.1  307.0
  737.0   2704   10.7   10.0     95  10.55    300     32  309.7  342.2  311.7
  732.0   2762   10.4    9.7     95  10.43    299     31  310.0  342.1  311.9
  724.0   2854    9.0    6.7     86   8.57    297     30  309.4  335.9  311.0
  700.0   3133    7.8    5.3     84   8.04    290     27  311.1  336.2  312.6
  695.0   3192    7.8    5.3     84   8.10    290     27  311.7  337.1  313.2
  687.0   3288    6.2    1.8     73   6.38    289     27  311.0  331.1  312.2
  638.0   3890    3.8    0.6     79   6.29    285     28  314.9  335.1  316.1
  566.0   4863    0.0   -1.4     90   6.14    293     22  321.4  341.5  322.6
  549.0   5107   -1.2   -3.7     83   5.33    295     21  322.8  340.5  323.8
  531.0   5374   -2.5   -6.2     76   4.56    340     10  324.3  339.6  325.2
  529.0   5404   -2.7   -6.3     76   4.55    345      9  324.4  339.7  325.3
  500.0   5850   -5.3   -7.4     85   4.41    350      8  326.5  341.5  327.4
  491.0   5992   -6.2   -7.9     88   4.33    350      9  327.1  341.8  327.9
  483.0   6121   -7.1   -8.3     91   4.26    338      9  327.5  342.1  328.4
  472.0   6299   -8.2   -9.7     89   3.89    320      9  328.4  341.8  329.1
  454.0   6600  -10.0  -12.1     84   3.34    340      7  329.8  341.4  330.5
  437.0   6895  -11.7  -14.5     80   2.86     25      8  331.2  341.3  331.7
  428.0   7056  -12.7  -15.8     78   2.62     15      9  331.9  341.2  332.4
  420.0   7200  -13.7  -18.1     69   2.20      5      9  332.4  340.3  332.9
  417.0   7254  -14.1  -19.0     66   2.05      6     10  332.6  340.0  333.0
  400.0   7570  -15.3  -19.9     68   1.98     15     15  335.0  342.2  335.4
  378.0   7994  -18.1  -21.6     74   1.81     21     19  336.8  343.5  337.1
  364.0   8274  -20.1  -22.6     80   1.72     24     22  337.8  344.1  338.1
  363.0   8294  -20.3  -23.0     79   1.67     25     22  337.8  343.9  338.1
  362.0   8315  -20.3  -23.3     77   1.63     25     22  338.0  344.1  338.4
  361.0   8335  -20.3  -20.5     98   2.09     25     22  338.3  346.0  338.7
  358.0   8397  -20.7  -21.9     90   1.86     26     23  338.6  345.5  338.9
  344.0   8688  -22.4  -24.2     85   1.58     30     26  340.2  346.1  340.5
  324.0   9127  -24.9  -27.6     78   1.23     43     20  342.6  347.3  342.8
  300.0   9680  -28.9  -32.0     75   0.88     60     13  344.5  348.0  344.7
  291.0   9894  -30.5  -33.6     74   0.77     60     13  345.3  348.3  345.4
  267.0  10498  -35.0  -38.3     72   0.53     55     13  347.2  349.4  347.4
  256.0  10794  -37.2  -40.6     71   0.43     90     16  348.2  350.0  348.3
  250.0  10960  -38.5  -41.9     70   0.39     95     19  348.7  350.3  348.8
  244.0  11127  -40.1  -43.5     70   0.33     93     20  348.7  350.1  348.8
  234.0  11408  -42.4                          90     22  349.4         349.4
  214.0  12007  -47.4                         130     23  350.8         350.8
  200.0  12460  -51.1                         130     22  351.7         351.7
  154.0  14086  -66.2                         100     35  353.2         353.2
  150.0  14250  -67.7                         100     39  353.3         353.3
  119.0  15580  -77.9                         110     61  358.8         358.8
  100.0  16580  -85.5                          90     71  362.3         362.3
   91.0  17093  -88.3                          80     70  366.7         366.7
   90.9  17099  -88.3                          80     70  366.8         366.8
   90.8  17105  -88.2                          80     70  367.1         367.1
   85.2  17456  -80.9                          74     40  388.6         388.6
   82.0  17670  -81.1                          70     22  392.3         392.3
   77.0  18023  -81.5                         105      5  398.6         398.6
   75.1  18163  -81.7                         110      9  401.1         401.1
   73.0  18323  -80.2                         115     14  407.5         407.5
   70.0  18560  -78.1                          75     11  417.0         417.0
   66.9  18819  -76.7                          67     13  425.4         425.4
   66.0  18898  -73.7                          65     14  433.7         433.7
   65.2  18969  -70.9                          53     13  441.2         441.2
   63.0  19174  -69.7                          20     12  448.2         448.2
   60.2  19444  -68.1                         259      5  457.7         457.7
   60.0  19464  -68.2                         250      5  457.9         457.9
   54.4  20047  -70.9                         213      7  464.7         464.7
   54.0  20091  -70.6                         210      7  466.3         466.3
   51.0  20432  -68.3                         285      8  479.4         479.4
   50.0  20550  -67.5                         280     14  484.0         484.0
   47.2  20899  -64.7                         256     26  498.7         498.7
   46.0  21056  -64.6                         245     32  502.7         502.7
   44.0  21328  -64.4                         245     24  509.6         509.6
   43.1  21454  -64.3                         256     23  512.8         512.8
   42.2  21584  -61.7                         267     21  522.4         522.4
   42.0  21613  -61.7                         270     21  523.1         523.1
   33.7  22979  -60.3                         244     26  560.7         560.7
   31.1  23477  -62.1                         234     27  568.9         568.9
   30.0  23700  -61.5                         230     28  576.4         576.4
   29.1  23890  -59.1                                     588.0         588.0
</PRE><H3>Station information and sounding indices</H3><PRE>
                         Station identifier: WAAA
                             Station number: 97180
                           Observation time: 161222/0000
                           Station latitude: -5.06
                          Station longitude: 119.55
                          Station elevation: 14.0
                            Showalter index: -0.37
                               Lifted index: -2.63
    LIFT computed using virtual temperature: -2.95
                                SWEAT index: 259.61
                                    K index: 36.20
                         Cross totals index: 21.10
                      Vertical totals index: 22.90
                        Totals totals index: 44.00
      Convective Available Potential Energy: 769.88
             CAPE using virtual temperature: 875.36
                      Convective Inhibition: -30.95
             CINS using virtual temperature: -26.23
                           Equilibrum Level: 233.05
 Equilibrum Level using virtual temperature: 233.07
                   Level of Free Convection: 860.33
             LFCT using virtual temperature: 870.71
                     Bulk Richardson Number: 21.13
          Bulk Richardson Number using CAPV: 24.02
  Temp [K] of the Lifted Condensation Level: 294.88
Pres [hPa] of the Lifted Condensation Level: 947.78
     Mean mixed layer potential temperature: 299.45
              Mean mixed layer mixing ratio: 17.64
              1000 hPa to 500 hPa thickness: 5773.00
Precipitable water [mm] for entire sounding: 60.40
</PRE>
<P>Description of the 
<A HREF="/upperair/columns.html">data columns</A>
or <A HREF="/upperair/indices.html">sounding indices</A>.

<P>
<FORM>
<INPUT CLASS="button" TYPE="button" VALUE=" Close this window " 
 onClick="window.close();">
<INPUT CLASS="button" TYPE="button" VALUE=" Select another map " 
 onClick="window.blur();">
</FORM>
<HR SIZE="1">
<I>Interested in graduate studies in atmospheric science?
Check out our program at the
<a href="http://www.uwyo.edu/atsc/howtoapply/"
target=_top>University of Wyoming
</a></I>
<HR SIZE="1"><FONT SIZE="-1">
Questions about the weather data provided by this site can be
addressed to <A HREF="mailto:ldoolman@uwyo.edu">
Larry Oolman (ldoolman@uwyo.edu)</A></FONT>
<HR SIZE="1">
<SCRIPT TYPE="text/javascript">
<!--
window.focus();
// -->
</SCRIPT>
</BODY>
</HTML>
