2018-01-29 00
<HTML>
<TITLE>University of Wyoming - Radiosonde Data</TITLE>
<LINK REL="StyleSheet" HREF="/resources/select.css" TYPE="text/css">
<BODY BGCOLOR="white">
<H2>97180 WAAA Ujung Pandang Observations at 00Z 29 Jan 2018</H2>
<PRE>
-----------------------------------------------------------------------------
   PRES   HGHT   TEMP   DWPT   RELH   MIXR   DRCT   SKNT   THTA   THTE   THTV
    hPa     m      C      C      %    g/kg    deg   knot     K      K      K 
-----------------------------------------------------------------------------
 1006.0     14   24.6   23.5     94  18.51      0      0  297.2  351.0  300.5
 1005.0     23   26.6   23.8     85  18.88     12      0  299.3  354.7  302.7
 1004.0     32   25.6   22.9     85  17.87     23      1  298.4  350.6  301.6
 1000.0     69   26.4   23.6     85  18.74     70      2  299.6  354.6  302.9
  998.0     87   27.2   24.4     85  19.73     63      3  300.5  358.7  304.1
  974.0    303   26.1   22.5     81  18.02    340      9  301.5  354.8  304.7
  925.0    761   23.6   18.6     74  14.80    325     21  303.4  347.6  306.1
  850.0   1500   18.2   14.0     76  11.96    305     26  305.2  341.2  307.4
  799.0   2028   15.2    8.2     63   8.61    293     34  307.4  333.9  309.0
  774.0   2297   13.2   10.3     83  10.26    287     37  308.1  339.5  310.0
  764.0   2406   13.0    8.0     72   8.88    285     39  309.0  336.4  310.7
  732.0   2766   12.4    0.4     44   5.41    287     38  312.2  329.4  313.2
  700.0   3139   10.0    0.0     50   5.50    290     37  313.5  331.1  314.6
  679.0   3392    8.2    3.5     72   7.30    292     33  314.3  337.4  315.6
  615.0   4200    3.1   -2.4     67   5.24    300     21  317.4  334.5  318.4
  581.0   4665    0.2   -5.8     64   4.29    317     18  319.2  333.4  320.1
  575.0   4748    0.6  -11.4     40   2.80    320     17  320.6  330.1  321.2
  566.0   4875    0.0  -11.0     43   2.93    325     17  321.4  331.4  322.0
  560.0   4960   -0.9   -6.9     64   4.09    328     16  321.3  335.0  322.1
  546.0   5163   -1.9  -11.9     46   2.83    336     15  322.4  332.1  323.0
  534.0   5339   -2.7  -15.7     36   2.12    343     13  323.5  330.9  324.0
  530.0   5399   -3.1  -11.1     54   3.11    345     13  323.8  334.4  324.4
  527.0   5444   -3.3   -8.3     68   3.90    342     13  324.0  337.2  324.8
  514.0   5642   -4.3  -13.3     50   2.68    327     16  325.2  334.5  325.7
  513.0   5657   -4.1  -17.1     36   1.96    325     16  325.6  332.5  326.0
  500.0   5860   -4.7  -13.7     49   2.67    310     18  327.2  336.6  327.8
  496.0   5923   -4.9  -14.9     45   2.44    307     18  327.8  336.3  328.2
  493.0   5971   -5.3  -14.3     49   2.58    304     17  327.8  336.9  328.3
  488.0   6051   -5.9  -11.9     63   3.17    300     16  328.1  339.0  328.7
  478.0   6212   -6.9  -15.9     49   2.33    291     15  328.8  337.0  329.2
  471.0   6327   -7.7  -13.7     62   2.83    285     14  329.2  339.1  329.7
  460.0   6511   -8.9  -18.9     44   1.88    275     13  329.9  336.6  330.3
  455.0   6595   -9.5  -17.5     52   2.14    270     12  330.2  337.8  330.6
  450.0   6680  -10.1  -16.1     61   2.43    260     12  330.5  339.1  330.9
  441.0   6836  -10.7  -18.7     52   1.99    243     12  331.6  338.8  332.0
  439.0   6871  -10.7  -17.7     56   2.18    239     12  332.1  339.9  332.5
  437.0   6906  -10.9  -18.0     56   2.14    235     12  332.3  340.0  332.7
  421.0   7191  -12.3  -20.3     51   1.82    228     12  334.0  340.6  334.4
  414.0   7319  -13.3  -18.3     66   2.20    225     11  334.3  342.3  334.8
  404.0   7505  -14.4  -22.4     50   1.57    220     11  335.3  341.1  335.6
  401.0   7561  -14.7  -23.7     46   1.42    220     11  335.6  340.8  335.8
  400.0   7580  -14.7  -23.7     46   1.42    220     11  335.8  341.1  336.1
  389.0   7790  -16.5  -21.4     66   1.79    230      9  336.1  342.7  336.5
  383.0   7906  -17.3  -21.6     69   1.79    236      7  336.6  343.2  336.9
  378.0   8004  -17.7  -25.7     50   1.26    240      6  337.3  342.0  337.6
  373.0   8103  -18.3  -25.0     56   1.36    245      5  337.8  342.9  338.1
  360.0   8367  -19.9  -23.1     76   1.66    137      4  339.1  345.3  339.4
  358.0   8407  -20.2  -23.4     76   1.63    120      4  339.2  345.4  339.6
  344.0   8697  -22.3  -25.3     77   1.43    155      6  340.2  345.6  340.5
  330.0   8998  -24.6  -27.3     78   1.24    150      4  341.2  346.0  341.5
  317.0   9290  -26.7  -29.2     79   1.08    110      5  342.1  346.3  342.4
  300.0   9690  -29.7  -31.9     81   0.89    115      5  343.4  346.9  343.6
  291.0   9906  -31.6  -33.5     84   0.78    120      5  343.7  346.8  343.8
  287.0  10004  -32.5  -34.2     85   0.74    129      6  343.8  346.7  343.9
  267.0  10504  -36.5  -39.2     76   0.48    175      9  345.1  347.1  345.2
  251.0  10933  -39.9  -43.4     69   0.33    152     13  346.2  347.6  346.3
  250.0  10960  -40.1                         150     13  346.3         346.3
  234.0  11399  -44.0                         155     21  347.1         347.1
  205.0  12276  -51.7                         150     12  348.3         348.3
  200.0  12440  -53.1                         145     13  348.5         348.5
  186.0  12892  -56.9                         105     21  349.6         349.6
  150.0  14230  -68.3                         115     45  352.2         352.2
  146.0  14385  -69.5                         115     45  352.9         352.9
  100.0  16550  -86.5                          90     68  360.4         360.4
   98.4  16638  -86.9                          90     70  361.2         361.2
   96.0  16775  -85.3                          85     70  366.9         366.9
   95.6  16798  -85.0                          85     70  367.9         367.9
   87.0  17322  -78.9                          81     36  390.3         390.3
   86.0  17388  -79.0                          80     32  391.4         391.4
   82.0  17658  -79.3                         110     15  396.1         396.1
   79.2  17855  -79.5                         129     14  399.6         399.6
   70.0  18560  -75.9                         195      9  421.7         421.7
   67.7  18753  -74.5                         206     10  428.8         428.8
   66.0  18901  -74.5                         215     10  431.8         431.8
   63.0  19171  -74.6                         170      8  437.4         437.4
   60.0  19455  -74.7                         215      5  443.4         443.4
   58.6  19592  -74.7                         217      4  446.4         446.4
   57.0  19754  -72.7                         220      3  454.5         454.5
   55.5  19910  -70.7                         134      5  462.5         462.5
   54.0  20073  -70.4                          45      8  466.8         466.8
   51.0  20412  -69.7                          45      7  476.1         476.1
   50.0  20530  -69.5                          60      5  479.3         479.3
   49.0  20652  -69.2                          65      7  482.7         482.7
   44.0  21300  -67.8                          25     14  501.4         501.4
   42.0  21580  -67.1                          95     13  509.6         509.6
   40.0  21873  -66.5                         115     27  518.5         518.5
   39.5  21949  -66.3                         114     28  520.8         520.8
   37.1  22328  -67.7                         108     35  526.6         526.6
   31.4  23340  -64.9                          94     53  559.8         559.8
   30.0  23620  -63.1                          90     58  572.0         572.0
   29.4  23745  -60.7                          90     59  581.9         581.9
   27.5  24160  -61.3                          90     61  591.5         591.5
   26.0  24511  -58.6                          90     63  608.7         608.7
   25.2  24707  -57.1                                     618.4         618.4
   23.0  25285  -57.1                                     634.8         634.8
</PRE><H3>Station information and sounding indices</H3><PRE>
                         Station identifier: WAAA
                             Station number: 97180
                           Observation time: 180129/0000
                           Station latitude: -5.06
                          Station longitude: 119.55
                          Station elevation: 14.0
                            Showalter index: 1.69
                               Lifted index: -3.23
    LIFT computed using virtual temperature: -3.93
                                SWEAT index: 237.99
                                    K index: 26.90
                         Cross totals index: 18.70
                      Vertical totals index: 22.90
                        Totals totals index: 41.60
      Convective Available Potential Energy: 1572.34
             CAPE using virtual temperature: 1776.68
                      Convective Inhibition: -32.88
             CINS using virtual temperature: -19.49
                           Equilibrum Level: 135.59
 Equilibrum Level using virtual temperature: 133.46
                   Level of Free Convection: 864.84
             LFCT using virtual temperature: 884.85
                     Bulk Richardson Number: 35.79
          Bulk Richardson Number using CAPV: 40.44
  Temp [K] of the Lifted Condensation Level: 295.05
Pres [hPa] of the Lifted Condensation Level: 931.50
     Mean mixed layer potential temperature: 301.11
              Mean mixed layer mixing ratio: 18.16
              1000 hPa to 500 hPa thickness: 5791.00
Precipitable water [mm] for entire sounding: 50.99
</PRE>
<P>Description of the 
<A HREF="/upperair/columns.html">data columns</A>
or <A HREF="/upperair/indices.html">sounding indices</A>.

<P>
<FORM>
<INPUT CLASS="button" TYPE="button" VALUE=" Close this window " 
 onClick="window.close();">
<INPUT CLASS="button" TYPE="button" VALUE=" Select another map " 
 onClick="window.blur();">
</FORM>
<HR SIZE="1">
<I>Interested in graduate studies in atmospheric science?
Check out our program at the
<a href="http://www.uwyo.edu/atsc/howtoapply/"
target=_top>University of Wyoming
</a></I>
<HR SIZE="1"><FONT SIZE="-1">
Questions about the weather data provided by this site can be
addressed to <A HREF="mailto:ldoolman@uwyo.edu">
Larry Oolman (ldoolman@uwyo.edu)</A></FONT>
<HR SIZE="1">
<SCRIPT TYPE="text/javascript">
<!--
window.focus();
// -->
</SCRIPT>
</BODY>
</HTML>
