2017-07-18 12
<HTML>
<TITLE>University of Wyoming - Radiosonde Data</TITLE>
<LINK REL="StyleSheet" HREF="/resources/select.css" TYPE="text/css">
<BODY BGCOLOR="white">
<H2>97180 WAAA Ujung Pandang Observations at 00Z 18 Jul 2017</H2>
<PRE>
-----------------------------------------------------------------------------
   PRES   HGHT   TEMP   DWPT   RELH   MIXR   DRCT   SKNT   THTA   THTE   THTV
    hPa     m      C      C      %    g/kg    deg   knot     K      K      K 
-----------------------------------------------------------------------------
 1012.0     14   24.4   21.1     82  15.83      0      0  296.5  342.4  299.4
 1011.0     23   24.0   19.0     74  13.87     10      1  296.2  336.4  298.7
 1002.0    103   25.4   19.4     69  14.36     96      6  298.4  340.3  300.9
 1000.0    121   25.6   19.6     69  14.57    115      7  298.8  341.4  301.4
  980.0    299   25.0   18.0     65  13.43     95      8  299.9  339.4  302.3
  947.0    598   22.9   17.1     70  13.08     75     11  300.7  339.3  303.0
  925.0    804   21.4   16.4     73  12.84     80     10  301.2  339.2  303.5
  884.0   1194   19.1   15.3     79  12.54     65      7  302.8  340.2  305.1
  850.0   1532   17.2   14.4     84  12.28     30      5  304.1  341.0  306.4
  824.0   1795   15.6   13.3     87  11.82     15      6  305.1  340.7  307.3
  795.0   2099   13.7   12.1     91  11.31    350      5  306.2  340.5  308.3
  768.0   2391   11.8   11.0     94  10.82    320      5  307.3  340.2  309.3
  742.0   2683   10.0    9.8     99  10.35    354      3  308.4  340.0  310.3
  741.0   2694    9.9    9.8     99  10.33    355      3  308.4  340.0  310.3
  714.0   3003    8.6    8.3     98   9.70     10      4  310.2  340.1  312.0
  700.0   3168    7.8    7.5     98   9.38      5      4  311.1  340.2  312.9
  689.0   3297    7.1    6.8     98   9.05     25      5  311.8  339.9  313.4
  664.0   3598    5.5    5.0     96   8.31     75      3  313.3  339.4  314.9
  640.0   3898    4.0    3.3     95   7.63     70      8  314.8  339.0  316.3
  595.0   4493    0.9   -0.1     93   6.41    110     12  317.8  338.5  319.1
  583.0   4659    0.0   -1.1     92   6.09    105     16  318.7  338.5  319.9
  573.0   4797   -0.9   -1.8     94   5.89    100     19  319.2  338.4  320.3
  567.0   4882   -1.5   -2.2     95   5.78    104     20  319.5  338.3  320.6
  553.0   5082   -0.3   -9.3     51   3.44    112     22  323.2  334.8  323.8
  532.0   5390   -2.3  -12.2     47   2.85    125     25  324.4  334.2  324.9
  528.0   5450   -2.7  -12.7     46   2.74    124     25  324.6  334.1  325.1
  500.0   5880   -5.9  -10.9     68   3.35    115     21  325.8  337.3  326.4
  467.0   6413   -9.7  -11.5     87   3.42     82     14  327.5  339.3  328.1
  456.0   6596  -10.6  -12.7     85   3.19     70     12  328.6  339.6  329.2
  438.0   6905  -12.2  -14.6     82   2.83     55     17  330.4  340.3  330.9
  421.0   7208  -13.7  -16.6     79   2.50     75     19  332.2  341.1  332.7
  402.0   7562  -15.5  -18.8     76   2.17     75     23  334.3  342.1  334.7
  400.0   7600  -15.7  -19.1     75   2.12     75     23  334.5  342.2  334.9
  395.0   7695  -16.1  -23.1     55   1.52     76     23  335.2  340.8  335.5
  376.0   8064  -18.7  -24.7     59   1.38     79     25  336.5  341.7  336.8
  374.0   8104  -18.9  -23.9     65   1.49     80     26  336.7  342.3  337.1
  368.0   8224  -19.3  -29.3     41   0.92     81     26  337.8  341.3  338.0
  366.0   8264  -19.3  -35.3     23   0.52     81     26  338.3  340.4  338.4
  357.0   8449  -20.7  -47.7      7   0.14     83     27  338.8  339.4  338.9
  312.0   9430  -27.7  -52.7      7   0.09     92     32  342.4  342.8  342.4
  300.0   9710  -30.3  -42.3     30   0.31     95     34  342.6  343.8  342.6
  292.0   9901  -31.9  -42.2     36   0.32     95     34  342.9  344.2  343.0
  278.0  10248  -34.9  -41.9     49   0.35     92     35  343.5  344.9  343.5
  256.0  10818  -40.1  -46.1     53   0.24     87     36  344.0  345.0  344.0
  250.0  10980  -41.5                          85     36  344.2         344.2
  209.0  12166  -51.9                          67     38  346.0         346.0
  205.0  12291  -52.2                          65     38  347.5         347.5
  200.0  12450  -52.5                          70     39  349.5         349.5
  193.0  12679  -53.5                          77     40  351.4         351.4
  161.0  13809  -63.1                         110     47  353.9         353.9
  150.0  14250  -66.9                         105     48  354.6         354.6
  113.0  15887  -80.0                          95     38  360.1         360.1
  108.0  16149  -82.1                          90     29  360.8         360.8
  102.0  16469  -80.0                          90      7  370.8         370.8
  100.0  16580  -79.3                         115      5  374.3         374.3
   96.0  16816  -78.2                         170      7  380.8         380.8
   91.0  17126  -76.8                         165     15  389.5         389.5
   87.0  17386  -75.6                         200      2  396.9         396.9
   82.0  17729  -74.0                         290     17  406.9         406.9
   73.0  18402  -70.9                         268     30  427.2         427.2
   70.0  18650  -71.7                         260     35  430.7         430.7
   68.3  18795  -71.7                         254     34  433.7         433.7
   67.0  18910  -71.2                         250     34  437.3         437.3
   61.9  19381  -68.9                         256     35  452.3         452.3
   59.6  19608  -67.3                         259     36  460.8         460.8
   58.6  19711  -63.9                         260     36  470.6         470.6
   55.0  20102  -62.8                         265     37  481.9         481.9
   53.6  20261  -62.3                         264     40  486.5         486.5
   50.0  20690  -63.3                         260     48  493.9         493.9
   48.0  20939  -64.7                         260     44  496.3         496.3
   46.9  21080  -65.5                         255     40  497.7         497.7
   41.0  21905  -62.7                         225     16  524.2         524.2
   39.0  22211  -61.7                         100      6  534.4         534.4
   37.6  22435  -60.9                          79     16  541.9         541.9
   36.0  22704  -61.4                          55     28  547.4         547.4
   34.4  22985  -61.9                          59     31  553.2         553.2
   32.8  23282  -58.1                          63     35  570.9         570.9
   30.3  23778  -59.7                          69     41  579.7         579.7
   30.0  23840  -59.9                          70     42  580.8         580.8
   29.0  24054  -59.5                          75     42  587.4         587.4
   20.0  26400  -55.7                         100     53  664.9         664.9
   19.4  26594  -55.9                         100     53  670.1         670.1
   14.0  28710  -48.4                          95     58  760.8         760.8
   13.2  29092  -47.1                         100     60  778.4         778.4
   13.0                                       100     60                     
</PRE><H3>Station information and sounding indices</H3><PRE>
                         Station identifier: WAAA
                             Station number: 97180
                           Observation time: 170718/0000
                           Station latitude: -5.06
                          Station longitude: 119.55
                          Station elevation: 14.0
                            Showalter index: 0.60
                               Lifted index: 1.17
    LIFT computed using virtual temperature: 0.98
                                SWEAT index: 203.78
                                    K index: 37.20
                         Cross totals index: 20.30
                      Vertical totals index: 23.10
                        Totals totals index: 43.40
      Convective Available Potential Energy: 0.00
             CAPE using virtual temperature: 0.09
                      Convective Inhibition: -144.77
             CINS using virtual temperature: -136.57
                           Equilibrum Level: 566.46
 Equilibrum Level using virtual temperature: 565.95
                   Level of Free Convection: 571.93
             LFCT using virtual temperature: 575.32
                     Bulk Richardson Number: 0.00
          Bulk Richardson Number using CAPV: 1.04
  Temp [K] of the Lifted Condensation Level: 290.10
Pres [hPa] of the Lifted Condensation Level: 896.97
     Mean mixed layer potential temperature: 299.27
              Mean mixed layer mixing ratio: 13.76
              1000 hPa to 500 hPa thickness: 5759.00
Precipitable water [mm] for entire sounding: 54.50
</PRE>
<P>Description of the 
<A HREF="/upperair/columns.html">data columns</A>
or <A HREF="/upperair/indices.html">sounding indices</A>.

<P>
<FORM>
<INPUT CLASS="button" TYPE="button" VALUE=" Close this window " 
 onClick="window.close();">
<INPUT CLASS="button" TYPE="button" VALUE=" Select another map " 
 onClick="window.blur();">
</FORM>
<HR SIZE="1">
<I>Interested in graduate studies in atmospheric science?
Check out our program at the
<a href="http://www.uwyo.edu/atsc/howtoapply/"
target=_top>University of Wyoming
</a></I>
<HR SIZE="1"><FONT SIZE="-1">
Questions about the weather data provided by this site can be
addressed to <A HREF="mailto:ldoolman@uwyo.edu">
Larry Oolman (ldoolman@uwyo.edu)</A></FONT>
<HR SIZE="1">
<SCRIPT TYPE="text/javascript">
<!--
window.focus();
// -->
</SCRIPT>
</BODY>
</HTML>
