2017-05-03 12
<HTML>
<TITLE>University of Wyoming - Radiosonde Data</TITLE>
<LINK REL="StyleSheet" HREF="/resources/select.css" TYPE="text/css">
<BODY BGCOLOR="white">
<H2>97180 WAAA Ujung Pandang Observations at 00Z 03 May 2017</H2>
<PRE>
-----------------------------------------------------------------------------
   PRES   HGHT   TEMP   DWPT   RELH   MIXR   DRCT   SKNT   THTA   THTE   THTV
    hPa     m      C      C      %    g/kg    deg   knot     K      K      K 
-----------------------------------------------------------------------------
 1010.0     14   26.4   24.1     87  19.14      0      0  298.7  354.7  302.1
 1000.0    101   25.6   22.2     82  17.17    145      2  298.8  349.0  301.8
  989.0    200   26.6   21.7     75  16.83    120      2  300.7  350.3  303.7
  945.0    603   23.9   19.2     75  15.10     15      2  301.9  346.6  304.6
  925.0    792   22.6   18.1     76  14.34     80      3  302.4  345.0  305.0
  914.0    896   22.0   17.7     76  14.11    105      4  302.9  344.9  305.4
  882.0   1206   20.4   16.4     78  13.44     95      3  304.2  344.5  306.7
  853.0   1497   18.8   15.1     79  12.84    115      3  305.5  344.2  307.8
  850.0   1528   18.6   15.0     80  12.77    105      3  305.6  344.1  308.0
  836.0   1671   18.2   14.3     78  12.41    101      3  306.6  344.2  308.9
  803.0   2014   15.0   12.9     87  11.78     93      5  306.8  342.5  309.0
  740.0   2700   11.7    9.4     86  10.09     75      7  310.4  341.6  312.3
  700.0   3166    9.4    7.0     85   9.06     95      9  312.9  341.2  314.6
  664.0   3602    7.0    4.0     81   7.75    120      9  314.9  339.5  316.4
  652.0   3752    6.2    3.0     80   7.34    116      8  315.7  339.0  317.1
  617.0   4203    3.8   -0.9     71   5.84    105      6  317.9  336.9  319.1
  611.0   4282    3.4   -1.6     70   5.60    118      7  318.4  336.6  319.4
  595.0   4496    2.3   -8.3     45   3.45    155     10  319.5  331.0  320.1
  580.0   4703    1.2  -14.8     29   2.10    150      9  320.6  327.8  321.0
  563.0   4941    0.0  -14.0     34   2.31    144      9  321.9  329.9  322.3
  552.0   5098   -0.9  -16.4     30   1.93    140      8  322.6  329.4  323.0
  542.0   5244   -1.7  -18.7     26   1.62    142      9  323.4  329.1  323.7
  531.0   5407   -2.7  -15.7     36   2.13    145     11  324.1  331.5  324.5
  512.0   5694   -4.8  -14.3     47   2.48    150     13  324.9  333.6  325.4
  509.0   5740   -5.1  -14.1     49   2.54    148     12  325.1  333.9  325.6
  500.0   5880   -5.9  -16.9     42   2.05    140     10  325.8  333.0  326.2
  497.0   5927   -5.9  -19.9     32   1.60    138     10  326.3  332.1  326.7
  492.0   6006   -6.4  -17.9     40   1.91    135      9  326.7  333.5  327.1
  489.0   6053   -6.7  -16.7     45   2.13    135      9  326.9  334.4  327.3
  474.0   6296   -7.3  -21.3     32   1.48    137      8  329.1  334.4  329.4
  442.0   6834  -11.5  -24.5     33   1.20    140      5  330.4  334.8  330.6
  438.0   6903  -12.0  -23.0     40   1.38    140      5  330.7  335.7  330.9
  430.0   7044  -12.9  -19.9     56   1.84    212      4  331.2  337.9  331.6
  428.0   7079  -13.1  -16.1     78   2.56    230      3  331.4  340.5  331.9
  422.0   7186  -13.7  -19.7     61   1.91    286      2  332.0  338.9  332.4
  421.0   7204  -13.8  -19.5     62   1.94    295      2  332.1  339.1  332.5
  407.0   7459  -15.3  -17.2     85   2.45      0      5  333.4  342.2  333.9
  405.0   7497  -15.5  -17.5     84   2.40     10      5  333.6  342.2  334.1
  400.0   7590  -15.9  -18.4     81   2.25    355      6  334.2  342.4  334.7
  389.0   7800  -16.6  -19.9     75   2.04    330      8  336.0  343.5  336.4
  387.0   7838  -16.7  -20.2     74   2.00    331      8  336.4  343.7  336.8
  345.0   8684  -22.5  -24.9     81   1.48    350     10  339.8  345.3  340.1
  331.0   8989  -24.6  -26.6     83   1.33      5      6  340.9  346.0  341.2
  321.0   9215  -26.1  -27.8     86   1.22      1      5  341.8  346.5  342.1
  317.0   9305  -26.8  -28.6     84   1.15      0      5  342.1  346.5  342.4
  304.0   9605  -29.0  -31.3     81   0.93    355      6  343.1  346.7  343.3
  300.0   9700  -29.7  -32.1     80   0.87    350      6  343.4  346.8  343.6
  280.0  10185  -33.7  -36.5     76   0.61    330      8  344.4  346.9  344.6
  251.0  10953  -40.1  -43.4     71   0.33    330      9  345.9  347.3  346.0
  250.0  10980  -40.1                         330      9  346.3         346.3
  200.0  12460  -53.5                         330     15  347.9         347.9
  178.0  13181  -59.3                         330     17  350.1         350.1
  169.0  13502  -61.9                         310     15  351.0         351.0
  154.0  14077  -66.6                         235     11  352.5         352.5
  150.0  14240  -67.9                         240     13  352.9         352.9
  141.0  14609  -71.1                         260     15  353.6         353.6
  139.0  14691  -71.5                         265     16  354.3         354.3
  132.0  14989  -73.1                         265     15  356.9         356.9
  125.0  15303  -74.7                         220     12  359.5         359.5
  119.0  15587  -76.1                         215     10  361.9         361.9
  113.0  15885  -77.7                         340      9  364.5         364.5
  107.0  16200  -79.3                         335      5  367.1         367.1
  102.0  16476  -80.7                          50      2  369.4         369.4
  100.0  16590  -81.3                          65      3  370.4         370.4
   97.7  16720  -82.3                          55      5  370.9         370.9
   96.0  16818  -82.3                          45      7  372.8         372.8
   91.1  17111  -82.3                         346      5  378.4         378.4
   91.0  17117  -82.2                         345      5  378.8         378.8
   88.6  17268  -78.9                         250     12  388.2         388.2
   87.0  17371  -79.2                         185     16  389.7         389.7
   82.2  17693  -80.1                         199      8  394.2         394.2
   82.0  17707  -80.0                         200      8  394.7         394.7
   78.0  17992  -77.8                         295     21  404.9         404.9
   77.1  18058  -77.3                         294     22  407.3         407.3
   70.3  18586  -78.3                         290     26  416.1         416.1
   70.0  18610  -78.5                         290     26  416.1         416.1
   67.0  18863  -76.7                         310     22  425.4         425.4
   64.9  19046  -75.3                         307     22  432.2         432.2
   63.0  19223  -72.9                         305     22  441.2         441.2
   58.0  19715  -66.1                         251     30  467.1         467.1
   57.0  19821  -66.0                         240     32  469.6         469.6
   54.0  20151  -65.8                         235     28  477.4         477.4
   52.0  20381  -65.7                         265     32  482.9         482.9
   50.0  20620  -65.5                         270     31  488.7         488.7
   46.2  21102  -63.5                         260     32  504.7         504.7
   41.7  21726  -65.5                         247     33  514.7         514.7
   41.0  21829  -64.8                         245     33  518.9         518.9
   37.9  22310  -61.7                         247     31  538.7         538.7
   35.0  22801  -62.2                         250     28  549.8         549.8
   32.1  23333  -62.7                         239     21  562.2         562.2
   30.0  23750  -61.9                         230     15  575.3         575.3
   29.4  23875  -62.3                         239      7  577.5         577.5
   29.0  23960  -62.0                         245      1  580.5         580.5
   28.2  24134  -61.5                         321      9  586.7         586.7
   28.0  24179  -60.8                         340     11  589.9         589.9
   26.0  24649  -53.3                         315     22  623.8         623.8
   25.9  24673  -52.9                         315     22  625.5         625.5
   24.5  25032  -53.9                         319     21  632.7         632.7
   24.0  25166  -52.5                         320     20  640.5         640.5
   23.1  25414  -49.9                          27     11  655.1         655.1
   23.0  25443  -50.0                          35     10  655.6         655.6
   22.0  25731  -51.4                          85     21  659.9         659.9
   20.0  26350  -54.3                          95     30  669.2         669.2
   19.2  26611  -55.5                          85     34  673.4         673.4
   17.0  27388  -54.6                          90     40  700.0         700.0
   16.3  27657  -54.3                         100     41  709.5         709.5
   16.0  27777  -53.1                         105     41  717.1         717.1
   15.1  28152  -49.5                          90     42  741.1         741.1
   14.0  28650  -48.1                          70     43  761.8         761.8
   13.5  28889  -47.5                                     772.0         772.0
</PRE><H3>Station information and sounding indices</H3><PRE>
                         Station identifier: WAAA
                             Station number: 97180
                           Observation time: 170503/0000
                           Station latitude: -5.06
                          Station longitude: 119.55
                          Station elevation: 14.0
                            Showalter index: -0.66
                               Lifted index: -2.64
    LIFT computed using virtual temperature: -3.30
                                SWEAT index: 195.99
                                    K index: 37.10
                         Cross totals index: 20.90
                      Vertical totals index: 24.50
                        Totals totals index: 45.40
      Convective Available Potential Energy: 558.54
             CAPE using virtual temperature: 683.86
                      Convective Inhibition: -65.25
             CINS using virtual temperature: -48.05
                           Equilibrum Level: 189.44
 Equilibrum Level using virtual temperature: 189.19
                   Level of Free Convection: 810.83
             LFCT using virtual temperature: 818.08
                     Bulk Richardson Number: 244.13
          Bulk Richardson Number using CAPV: 298.90
  Temp [K] of the Lifted Condensation Level: 293.54
Pres [hPa] of the Lifted Condensation Level: 922.12
     Mean mixed layer potential temperature: 300.43
              Mean mixed layer mixing ratio: 16.68
              1000 hPa to 500 hPa thickness: 5779.00
Precipitable water [mm] for entire sounding: 54.37
</PRE>
<P>Description of the 
<A HREF="/upperair/columns.html">data columns</A>
or <A HREF="/upperair/indices.html">sounding indices</A>.

<P>
<FORM>
<INPUT CLASS="button" TYPE="button" VALUE=" Close this window " 
 onClick="window.close();">
<INPUT CLASS="button" TYPE="button" VALUE=" Select another map " 
 onClick="window.blur();">
</FORM>
<HR SIZE="1">
<I>Interested in graduate studies in atmospheric science?
Check out our program at the
<a href="http://www.uwyo.edu/atsc/howtoapply/"
target=_top>University of Wyoming
</a></I>
<HR SIZE="1"><FONT SIZE="-1">
Questions about the weather data provided by this site can be
addressed to <A HREF="mailto:ldoolman@uwyo.edu">
Larry Oolman (ldoolman@uwyo.edu)</A></FONT>
<HR SIZE="1">
<SCRIPT TYPE="text/javascript">
<!--
window.focus();
// -->
</SCRIPT>
</BODY>
</HTML>
