2016-07-27 12
<HTML>
<TITLE>University of Wyoming - Radiosonde Data</TITLE>
<LINK REL="StyleSheet" HREF="/resources/select.css" TYPE="text/css">
<BODY BGCOLOR="white">
<H2>97180 WAAA Ujung Pandang Observations at 00Z 27 Jul 2016</H2>
<PRE>
-----------------------------------------------------------------------------
   PRES   HGHT   TEMP   DWPT   RELH   MIXR   DRCT   SKNT   THTA   THTE   THTV
    hPa     m      C      C      %    g/kg    deg   knot     K      K      K 
-----------------------------------------------------------------------------
 1010.0     14   22.2   21.1     93  15.86      0      0  294.5  340.0  297.3
 1004.0     66   25.2   18.2     65  13.27     60      3  298.0  336.8  300.4
 1000.0    101   25.6   18.6     65  13.67    100      5  298.8  338.8  301.2
  983.0    252   25.4   14.4     51  10.59     96      9  300.0  331.4  301.9
  977.0    306   24.9   14.1     51  10.44     95     10  300.1  331.0  302.0
  939.0    653   22.0   12.0     53   9.46     91     13  300.5  328.6  302.2
  925.0    784   21.6   10.6     50   8.75     90     14  301.4  327.6  303.0
  912.0    905   21.1    9.6     48   8.26    100     15  302.1  326.9  303.6
  881.0   1202   19.7    7.0     44   7.18    105     13  303.6  325.5  305.0
  874.0   1271   19.4    6.4     43   6.94     98     11  304.0  325.2  305.3
  851.0   1498   18.2    5.2     42   6.58     75      5  305.1  325.4  306.4
  850.0   1508   18.2    5.2     42   6.56     75      5  305.2  325.4  306.4
  829.0   1722   16.2    5.2     48   6.73    330      4  305.3  325.9  306.5
  822.0   1794   16.0    4.5     46   6.46    295      3  305.8  325.7  307.0
  793.0   2098   15.0    1.4     40   5.39    160      2  307.9  324.8  308.9
  774.0   2304   14.4   -0.6     36   4.75    106      6  309.4  324.5  310.3
  765.0   2402   13.8   -1.4     35   4.54     80      8  309.7  324.2  310.6
  738.0   2704   11.8   -3.8     33   3.92     85      6  310.8  323.4  311.5
  717.0   2946   10.2   -5.8     32   3.48    117      5  311.6  322.9  312.3
  712.0   3004    9.8   -4.1     37   3.98    125      5  311.8  324.7  312.6
  700.0   3145    9.0    0.0     53   5.50     90      2  312.4  329.9  313.5
  687.0   3300    7.4    1.9     68   6.43    345      3  312.4  332.7  313.6
  685.0   3324    7.2    2.2     71   6.59    345      3  312.4  333.2  313.6
  668.0   3531    5.6    2.6     81   6.96    349      7  312.8  334.8  314.1
  663.0   3592    5.4    2.0     79   6.72    350      8  313.2  334.5  314.5
  650.0   3754    4.8    0.5     74   6.14     36      5  314.4  334.0  315.5
  642.0   3855    4.6   -2.4     60   5.02     64      3  315.2  331.5  316.2
  639.0   3893    4.6   -3.6     55   4.61     75      2  315.7  330.7  316.5
  637.0   3919    4.6   -4.4     52   4.35     78      2  315.9  330.2  316.8
  635.0   3944    4.8   -7.2     41   3.52     80      3  316.5  328.1  317.1
  633.0   3970    5.0  -14.0     24   2.06     83      3  317.0  324.0  317.4
  626.0   4061    5.2  -17.8     17   1.52     92      4  318.2  323.5  318.5
  616.0   4192    4.3  -17.1     19   1.63    105      6  318.7  324.3  319.0
  595.0   4473    2.4  -15.6     25   1.92    155      4  319.6  326.2  320.0
  593.0   4500    2.7  -22.0     14   1.11    160      4  320.2  324.2  320.4
  592.0   4514    2.8  -25.2     11   0.84    157      4  320.5  323.6  320.7
  578.0   4707    2.4  -30.6      7   0.52    114      5  322.3  324.2  322.4
  575.0   4749    2.4  -34.6      5   0.36    104      5  322.8  324.1  322.8
  572.0   4791    1.9  -19.3     19   1.46     95      5  322.7  327.9  323.0
  571.0   4806    1.8  -14.2     29   2.24     93      5  322.7  330.5  323.1
  558.0   4991    0.0  -10.0     47   3.22     69      8  322.7  333.6  323.3
  551.0   5092   -0.8   -8.9     54   3.55     55      9  322.9  334.9  323.6
  547.0   5150   -1.3   -8.3     59   3.76     55      9  323.0  335.7  323.7
  523.0   5506   -4.1  -10.1     63   3.41     58     11  323.8  335.4  324.5
  510.0   5704   -4.7  -13.5     50   2.67     60     12  325.4  334.7  326.0
  500.0   5860   -5.1  -16.1     42   2.19     65     12  326.8  334.5  327.2
  494.0   5955   -5.3  -17.3     38   2.00     72     12  327.6  334.8  328.0
  473.0   6294   -7.7  -19.0     40   1.81     95     11  328.7  335.2  329.1
  465.0   6427   -8.7  -19.7     41   1.73     94     11  329.1  335.4  329.5
  451.0   6663   -9.3  -29.3     18   0.75     92     11  331.3  334.1  331.4
  429.0   7048  -11.9  -27.9     25   0.90     89     12  332.7  336.1  332.9
  408.0   7430  -13.9  -36.9     12   0.40     86     12  334.9  336.5  335.0
  400.0   7580  -15.3  -34.3     18   0.53     85     12  335.0  337.1  335.1
  388.0   7809  -16.7  -27.7     38   1.02     81     13  336.1  340.0  336.3
  373.0   8103  -18.2  -33.1     26   0.63     75     14  337.9  340.4  338.0
  365.0   8264  -19.1  -36.1     21   0.48     68     13  338.8  340.8  338.9
  344.0   8701  -21.9  -39.7     18   0.36     50     12  340.8  342.2  340.9
  337.0   8852  -22.9  -40.9     18   0.32     52     12  341.5  342.8  341.5
  300.0   9690  -30.1  -40.1     37   0.39     60     15  342.8  344.4  342.9
  291.0   9906  -31.9  -41.0     40   0.37     60     14  343.3  344.8  343.4
  290.0   9931  -32.1  -41.1     40   0.36     60     14  343.3  344.8  343.4
  256.0  10798  -39.7  -48.7     38   0.18     45     11  344.6  345.4  344.7
  255.0  10825  -39.9  -48.9     38   0.18     43     11  344.6  345.4  344.7
  250.0  10960  -41.1                          35     12  344.8         344.8
  245.0  11094  -42.2                          25     10  345.1         345.1
  204.0  12309  -52.4                          65     11  347.7         347.7
  200.0  12440  -53.5                          70     13  347.9         347.9
  186.0  12889  -57.4                          85     20  348.8         348.8
  153.0  14097  -68.0                          70     33  350.7         350.7
  150.0  14220  -69.1                          75     32  350.9         350.9
  140.0  14628  -72.5                          92     30  351.9         351.9
  125.0  15275  -75.9                         120     27  357.2         357.2
  112.0  15903  -79.3                          65     31  362.4         362.4
  101.0  16493  -82.4                          60     27  367.2         367.2
  100.0  16550  -82.7                          65     26  367.7         367.7
   96.0  16779  -80.6                         100     28  376.0         376.0
   94.6  16861  -79.9                          96     31  379.1         379.1
   92.1  17014  -74.7                          88     36  392.3         392.3
   91.0  17084  -73.8                          85     38  395.5         395.5
   88.6  17240  -71.7                          97     34  402.6         402.6
   86.0  17416  -71.6                         110     29  406.3         406.3
   80.2  17827  -71.3                          96     22  415.1         415.1
   78.0  17989  -72.2                          90     19  416.5         416.5
   71.7  18481  -74.9                          63     14  420.9         420.9
   70.4  18587  -75.5                          57     12  421.9         421.9
   70.0  18620  -75.1                          55     12  423.4         423.4
   68.2  18772  -71.1                          68     13  435.2         435.2
   64.0  19148  -71.2                         100     15  443.0         443.0
   60.0  19529  -71.2                          85     23  451.1         451.1
   55.4  20000  -71.3                         103     31  461.4         461.4
   55.0  20043  -71.1                         105     32  462.8         462.8
   50.6  20538  -68.5                          92     42  480.0         480.0
   50.0  20610  -67.3                          90     43  484.5         484.5
   49.0  20734  -65.1                          90     43  492.6         492.6
   47.0  20990  -60.5                          70     23  509.5         509.5
   46.6  21042  -59.5                          58     20  513.1         513.1
   45.5  21193  -57.7                          25     12  520.9         520.9
   45.0  21262  -57.9                          10      8  522.2         522.2
   43.0  21548  -58.5                         130      2  527.3         527.3
   41.0  21847  -59.3                         355      3  532.8         532.8
   40.9  21862  -59.3                         349      3  533.0         533.0
   39.0  22162  -57.3                         235      4  545.3         545.3
   38.6  22227  -56.9                         239      6  548.0         548.0
   35.0  22844  -57.8                         280     21  561.1         561.1
   32.6  23292  -58.5                         280     33  570.9         570.9
   31.0  23611  -55.6                         280     41  586.8         586.8
   30.7  23673  -55.1                         279     42  589.9         589.9
   30.0  23820  -55.1                         275     46  593.8         593.8
   24.1  25210  -57.5                         265     38  625.2         625.2
   24.0  25236  -57.6                         265     38  625.8         625.8
   23.3  25423  -58.1                         267     36  629.5         629.5
   20.7  26177  -52.5                         277     28  668.1         668.1
   20.0  26400  -51.1                         280     26  679.0         679.0
   19.0  26734  -50.5                         280     27  690.9         690.9
   17.8  27160  -49.7                         276     28  706.4         706.4
   16.0  27854  -50.7                         270     29  725.1         725.1
   14.0  28723  -51.9                         275     29  749.1         749.1
   13.6  28911  -49.9                                     762.2         762.2
</PRE><H3>Station information and sounding indices</H3><PRE>
                         Station identifier: WAAA
                             Station number: 97180
                           Observation time: 160727/0000
                           Station latitude: -5.06
                          Station longitude: 119.55
                          Station elevation: 14.0
                            Showalter index: 8.52
                               Lifted index: 4.87
    LIFT computed using virtual temperature: 4.65
                                SWEAT index: 84.39
                                    K index: 19.50
                         Cross totals index: 10.30
                      Vertical totals index: 23.30
                        Totals totals index: 33.60
      Convective Available Potential Energy: 0.00
             CAPE using virtual temperature: 0.00
                      Convective Inhibition: 0.00
             CINS using virtual temperature: 0.00
                     Bulk Richardson Number: 0.00
          Bulk Richardson Number using CAPV: 0.00
  Temp [K] of the Lifted Condensation Level: 286.53
Pres [hPa] of the Lifted Condensation Level: 857.75
     Mean mixed layer potential temperature: 299.39
              Mean mixed layer mixing ratio: 11.50
              1000 hPa to 500 hPa thickness: 5759.00
Precipitable water [mm] for entire sounding: 32.00
</PRE>
<P>Description of the 
<A HREF="/upperair/columns.html">data columns</A>
or <A HREF="/upperair/indices.html">sounding indices</A>.

<P>
<FORM>
<INPUT CLASS="button" TYPE="button" VALUE=" Close this window " 
 onClick="window.close();">
<INPUT CLASS="button" TYPE="button" VALUE=" Select another map " 
 onClick="window.blur();">
</FORM>
<HR SIZE="1">
<I>Interested in graduate studies in atmospheric science?
Check out our program at the
<a href="http://www.uwyo.edu/atsc/howtoapply/"
target=_top>University of Wyoming
</a></I>
<HR SIZE="1"><FONT SIZE="-1">
Questions about the weather data provided by this site can be
addressed to <A HREF="mailto:ldoolman@uwyo.edu">
Larry Oolman (ldoolman@uwyo.edu)</A></FONT>
<HR SIZE="1">
<SCRIPT TYPE="text/javascript">
<!--
window.focus();
// -->
</SCRIPT>
</BODY>
</HTML>
