2017-10-24 12
<HTML>
<TITLE>University of Wyoming - Radiosonde Data</TITLE>
<LINK REL="StyleSheet" HREF="/resources/select.css" TYPE="text/css">
<BODY BGCOLOR="white">
<H2>97180 WAAA Ujung Pandang Observations at 00Z 24 Oct 2017</H2>
<PRE>
-----------------------------------------------------------------------------
   PRES   HGHT   TEMP   DWPT   RELH   MIXR   DRCT   SKNT   THTA   THTE   THTV
    hPa     m      C      C      %    g/kg    deg   knot     K      K      K 
-----------------------------------------------------------------------------
 1012.0     14   25.6   21.3     77  16.03      0      0  297.7  344.4  300.6
 1000.0    115   26.0   20.0     70  14.95     70      5  299.1  343.0  301.8
  994.0    168   26.0   20.0     70  15.04     59      4  299.7  343.8  302.4
  979.0    301   25.2   19.4     70  14.75     30      2  300.2  343.6  302.9
  946.0    601   23.5   18.2     72  14.11    355      3  301.4  343.2  304.0
  925.0    797   22.4   17.4     73  13.70    345      3  302.2  342.9  304.7
  883.0   1199   20.1   15.1     73  12.36    320      2  303.9  340.9  306.1
  853.0   1499   18.4   13.4     73  11.43    355      2  305.1  339.5  307.2
  850.0   1529   18.2   13.2     73  11.34     30      2  305.2  339.4  307.3
  824.0   1792   16.5   11.9     74  10.77     95      3  306.2  338.8  308.1
  795.0   2095   14.6   10.5     76  10.14     90      2  307.3  338.2  309.1
  743.0   2668   11.0    7.8     81   9.01     48      5  309.3  337.1  311.0
  740.0   2701   10.8    7.7     81   8.96     45      5  309.5  337.1  311.1
  714.0   2999    9.2    6.3     82   8.47      0      4  310.9  337.3  312.5
  704.0   3116    8.6    5.8     83   8.28    332      4  311.5  337.3  313.0
  700.0   3163    8.2    5.3     82   8.04    320      4  311.5  336.7  313.0
  697.0   3199    8.6    2.6     66   6.67    323      4  312.4  333.4  313.6
  689.0   3294    8.4    3.5     71   7.22    330      4  313.2  336.0  314.6
  677.0   3440    8.2    5.0     80   8.14    342      6  314.5  340.3  316.1
  664.0   3600    8.6   -5.4     37   3.87    355      9  316.7  329.5  317.5
  657.0   3687    7.6    1.6     66   6.58      2     10  316.6  337.7  317.8
  640.0   3903    6.6    0.2     64   6.10     20     13  317.8  337.5  318.9
  612.0   4270    4.8   -2.2     60   5.35     20     16  319.8  337.4  320.9
  558.0   5017    0.0   -3.6     77   5.28     20     21  322.7  340.2  323.7
  553.0   5089   -0.1   -4.6     72   4.93     20     22  323.4  339.9  324.4
  545.0   5206   -0.3   -6.3     64   4.41     27     20  324.5  339.4  325.4
  500.0   5890   -4.9  -11.9     58   3.09     70     11  327.0  337.7  327.6
  477.0   6259   -7.9  -11.0     78   3.48     80     10  327.7  339.7  328.4
  462.0   6508   -9.1  -16.1     57   2.37     88      9  329.2  337.6  329.7
  457.0   6591   -9.6  -16.6     57   2.29     90      9  329.6  337.7  330.1
  439.0   6900  -11.6  -18.6     56   2.02    140     10  330.9  338.2  331.3
  422.0   7204  -13.5  -20.5     56   1.78    102     10  332.2  338.7  332.6
  415.0   7331  -14.3  -18.8     69   2.10     86      9  332.8  340.4  333.2
  402.0   7572  -16.1  -19.6     74   2.02     55      9  333.5  340.8  333.9
  400.0   7610  -16.7  -20.0     76   1.97     50      9  333.2  340.3  333.6
  394.0   7723  -16.9  -23.9     55   1.42     47     10  334.4  339.6  334.7
  390.0   7799  -17.5  -23.8     58   1.44     45     10  334.6  339.9  334.9
  376.0   8071  -19.5  -23.6     70   1.52     86      9  335.4  341.1  335.8
  365.0   8291  -20.5  -28.5     49   1.00    119      8  337.0  340.8  337.2
  360.0   8392  -21.3  -28.9     51   0.98    135      7  337.2  341.0  337.4
  354.0   8516  -22.3  -29.3     53   0.96    128      8  337.5  341.2  337.7
  345.0   8704  -23.1  -35.1     32   0.56    116      8  338.9  341.1  339.0
  318.0   9294  -27.2  -38.3     34   0.44     80     11  341.2  343.0  341.3
  316.0   9340  -27.5  -38.5     34   0.44     79     11  341.4  343.2  341.5
  305.0   9592  -29.4  -39.0     39   0.43     75     11  342.2  343.9  342.3
  300.0   9710  -30.3  -39.3     41   0.42     95     10  342.6  344.3  342.6
  294.0   9855  -31.1  -36.0     62   0.60    110      9  343.4  345.8  343.5
  292.0   9903  -31.5  -36.3     62   0.59    115      9  343.5  345.9  343.6
  268.0  10509  -36.7  -40.5     68   0.42    107     12  344.4  346.2  344.5
  263.0  10640  -37.9  -41.4     70   0.39    105     12  344.6  346.2  344.6
  254.0  10881  -40.1  -47.1     47   0.22    102     13  344.7  345.7  344.8
  250.0  10990  -41.1                         100     14  344.8         344.8
  200.0  12460  -53.9                         100     20  347.2         347.2
  196.0  12586  -55.0                          95     20  347.5         347.5
  158.0  13928  -66.9                          83     33  349.4         349.4
  150.0  14240  -69.5                          80     36  350.2         350.2
  125.0  15306  -76.3                          64     51  356.6         356.6
  119.0  15588  -77.1                          60     55  360.1         360.1
  113.0  15884  -78.0                          50     54  363.9         363.9
  112.0  15935  -78.1                          49     50  364.6         364.6
  102.0  16467  -78.1                          40     13  374.5         374.5
  100.0  16580  -78.1                          30      9  376.6         376.6
   91.0  17116  -82.5                         155     11  378.2         378.2
   90.9  17122  -82.5                         155     11  378.3         378.3
   87.0  17370  -81.5                         115     12  385.0         385.0
   83.9  17574  -80.7                         127     10  390.7         390.7
   82.0  17705  -79.8                         135      9  395.2         395.2
   78.0  17991  -77.7                         200      2  405.2         405.2
   77.7  18013  -77.5                         202      2  406.0         406.0
   72.0  18461  -69.7                         252     10  431.4         431.4
   70.0  18630  -70.3                         270     13  433.7         433.7
   67.0  18891  -68.5                         295     24  442.9         442.9
   64.3  19137  -66.9                         286     30  451.8         451.8
   61.0  19451  -69.2                         275     37  453.5         453.5
   59.2  19629  -70.5                         275     33  454.5         454.5
   55.0  20065  -70.1                         270     31  465.1         465.1
   52.0  20398  -69.7                         260     21  473.4         473.4
   50.0  20630  -69.5                         275     16  479.3         479.3
   47.2  20974  -69.5                         311     13  487.3         487.3
   45.0  21263  -65.5                         340     11  503.6         503.6
   43.8  21426  -63.3                          39      6  512.9         512.9
   43.0  21540  -63.0                          80      2  516.4         516.4
   41.0  21835  -62.2                         145     11  525.5         525.5
   37.5  22386  -60.7                         106     33  542.9         542.9
   37.0  22470  -60.8                         100     36  544.7         544.7
   31.9  23390  -61.9                          96     43  565.3         565.3
   30.0  23770  -61.5                          95     46  576.4         576.4
   28.4  24109  -60.7                          94     51  587.7         587.7
   26.3  24589  -57.1                          91     58  610.9         610.9
   25.0  24908  -57.6                          90     63  618.3         618.3
   23.9  25190  -58.1                          89     65  625.0         625.0
   20.0  26320  -53.3                          85     75  672.3         672.3
   17.2  27301  -49.5                          80     70  714.2         714.2
   17.0  27377  -49.1                          80     70  717.5         717.5
   16.7  27493  -48.7                                     722.6         722.6
</PRE><H3>Station information and sounding indices</H3><PRE>
                         Station identifier: WAAA
                             Station number: 97180
                           Observation time: 171024/0000
                           Station latitude: -5.06
                          Station longitude: 119.55
                          Station elevation: 14.0
                            Showalter index: 2.24
                               Lifted index: 0.57
    LIFT computed using virtual temperature: 0.25
                                SWEAT index: 173.40
                                    K index: 33.40
                         Cross totals index: 18.10
                      Vertical totals index: 23.10
                        Totals totals index: 41.20
      Convective Available Potential Energy: 4.96
             CAPE using virtual temperature: 26.34
                      Convective Inhibition: -124.12
             CINS using virtual temperature: -100.72
                           Equilibrum Level: 374.96
 Equilibrum Level using virtual temperature: 372.78
                   Level of Free Convection: 734.39
             LFCT using virtual temperature: 757.83
                     Bulk Richardson Number: 1.98
          Bulk Richardson Number using CAPV: 10.49
  Temp [K] of the Lifted Condensation Level: 291.47
Pres [hPa] of the Lifted Condensation Level: 905.72
     Mean mixed layer potential temperature: 299.85
              Mean mixed layer mixing ratio: 14.88
              1000 hPa to 500 hPa thickness: 5775.00
Precipitable water [mm] for entire sounding: 51.94
</PRE>
<P>Description of the 
<A HREF="/upperair/columns.html">data columns</A>
or <A HREF="/upperair/indices.html">sounding indices</A>.

<P>
<FORM>
<INPUT CLASS="button" TYPE="button" VALUE=" Close this window " 
 onClick="window.close();">
<INPUT CLASS="button" TYPE="button" VALUE=" Select another map " 
 onClick="window.blur();">
</FORM>
<HR SIZE="1">
<I>Interested in graduate studies in atmospheric science?
Check out our program at the
<a href="http://www.uwyo.edu/atsc/howtoapply/"
target=_top>University of Wyoming
</a></I>
<HR SIZE="1"><FONT SIZE="-1">
Questions about the weather data provided by this site can be
addressed to <A HREF="mailto:ldoolman@uwyo.edu">
Larry Oolman (ldoolman@uwyo.edu)</A></FONT>
<HR SIZE="1">
<SCRIPT TYPE="text/javascript">
<!--
window.focus();
// -->
</SCRIPT>
</BODY>
</HTML>
