2017-03-24 12
<HTML>
<TITLE>University of Wyoming - Radiosonde Data</TITLE>
<LINK REL="StyleSheet" HREF="/resources/select.css" TYPE="text/css">
<BODY BGCOLOR="white">
<H2>97180 WAAA Ujung Pandang Observations at 00Z 24 Mar 2017</H2>
<PRE>
-----------------------------------------------------------------------------
   PRES   HGHT   TEMP   DWPT   RELH   MIXR   DRCT   SKNT   THTA   THTE   THTV
    hPa     m      C      C      %    g/kg    deg   knot     K      K      K 
-----------------------------------------------------------------------------
 1011.0     14   26.0   22.8     83  17.63      0      0  298.2  349.7  301.4
 1002.0     86   25.8   20.8     74  15.69     33      2  298.8  344.7  301.6
 1000.0    102   26.0   20.0     70  14.95     40      2  299.1  343.0  301.8
  978.0    299   26.0   18.8     65  14.19     10      2  301.1  343.0  303.6
  963.0    436   26.0   18.0     61  13.67     91      2  302.4  343.1  304.9
  945.0    602   24.7   17.2     63  13.20    190      2  302.7  342.0  305.1
  925.0    791   23.2   16.2     65  12.68    185      1  303.0  340.9  305.3
  914.0    894   22.4   16.0     67  12.70    230      3  303.2  341.2  305.5
  885.0   1173   20.2   15.6     75  12.75    219      6  303.8  341.9  306.1
  850.0   1518   18.2   12.2     68  10.61    205     10  305.2  337.3  307.1
  822.0   1805   16.9   10.4     65   9.70    190      9  306.7  336.3  308.5
  796.0   2081   15.6    8.6     63   8.88    204      9  308.2  335.5  309.9
  795.0   2092   15.6    8.7     64   8.93    205      9  308.3  335.7  309.9
  765.0   2419   14.0   10.6     80  10.60    192     11  310.0  342.6  312.0
  746.0   2633   13.8    6.8     63   8.38    183     13  312.0  338.2  313.6
  740.0   2701   13.4    6.6     64   8.34    180     13  312.3  338.4  313.8
  700.0   3169   10.4    5.4     71   8.10    180     13  314.0  339.5  315.5
  595.0   4498    2.6   -1.6     74   5.75    210      8  319.8  338.6  320.9
  564.0   4935    0.0   -3.9     75   5.11    153      9  321.7  338.6  322.7
  532.0   5398   -2.8   -6.5     76   4.45     90     11  323.8  338.8  324.7
  500.0   5890   -5.7   -9.2     76   3.83     80     12  326.0  339.1  326.8
  478.0   6242   -7.7  -10.7     79   3.56     67     13  327.8  340.0  328.5
  474.0   6308   -8.1  -11.5     76   3.37     65     13  328.1  339.8  328.8
  451.0   6694  -10.1  -16.1     61   2.43     78     11  330.2  338.9  330.7
  439.0   6901  -11.8  -16.5     68   2.41     85     10  330.7  339.2  331.2
  434.0   6990  -12.5  -16.7     71   2.40     81     11  330.9  339.4  331.3
  422.0   7204  -13.8  -17.8     72   2.25     70     12  331.9  339.9  332.3
  419.0   7258  -14.1  -18.1     72   2.21     71     12  332.1  340.1  332.6
  413.0   7368  -14.5  -22.5     51   1.53     74     13  333.0  338.6  333.3
  400.0   7610  -15.7  -24.7     46   1.30     80     14  334.5  339.3  334.8
  395.0   7705  -16.1  -24.1     50   1.39     80     14  335.2  340.4  335.5
  360.0   8396  -21.2  -25.6     68   1.33     80     16  337.4  342.4  337.6
  349.0   8627  -22.9  -26.1     75   1.31     73     20  338.1  343.0  338.3
  345.0   8710  -23.5  -26.7     75   1.26     70     21  338.4  343.1  338.6
  305.0   9601  -30.0  -33.0     76   0.79    100     23  341.3  344.4  341.5
  300.0   9720  -30.9  -33.8     76   0.74     95     22  341.7  344.6  341.9
  283.0  10129  -34.5  -36.8     80   0.58     95     25  342.3  344.6  342.4
  280.0  10203  -35.3  -36.8     86   0.59     95     25  342.2  344.5  342.3
  275.0  10328  -36.1  -39.1     74   0.47     95     26  342.8  344.7  342.9
  256.0  10819  -40.1  -47.1     47   0.21     95     29  344.0  344.9  344.0
  250.0  10980  -41.5                          95     30  344.2         344.2
  235.0  11390  -44.6                         110     33  345.7         345.7
  200.0  12460  -52.7                         115     40  349.1         349.1
  196.0  12586  -53.7                         115     40  349.5         349.5
  150.0  14250  -67.5                         100     44  353.6         353.6
  132.0  15004  -74.1                         100     44  355.0         355.0
  126.0  15268  -75.6                         100     44  357.0         357.0
  103.0  16414  -82.1                         115     36  365.8         365.8
  102.0  16469  -81.2                         110     35  368.4         368.4
  100.0  16580  -79.5                         105     29  373.9         373.9
   96.0  16812  -79.9                          60     14  377.5         377.5
   91.0  17116  -80.4                         335     14  382.3         382.3
   87.0  17371  -80.8                         295     22  386.4         386.4
   82.6  17666  -81.3                         282     19  391.2         391.2
   82.0  17708  -81.2                         280     19  392.3         392.3
   78.0  17992  -80.3                         200      2  399.6         399.6
   74.2  18276  -79.5                         134     12  407.1         407.1
   74.0  18291  -79.4                         130     13  407.7         407.7
   70.0  18610  -77.5                         105      8  418.3         418.3
   67.0  18862  -74.8                         310      5  429.5         429.5
   66.1  18940  -73.9                         301      8  433.0         433.0
   63.0  19219  -73.9                         270     20  439.0         439.0
   57.9  19710  -73.9                         295     12  449.7         449.7
   57.0  19801  -73.6                         300     10  452.3         452.3
   54.0  20117  -72.7                         285      7  461.5         461.5
   52.8  20248  -72.3                         187      6  465.4         465.4
   52.0  20338  -71.2                         120      5  470.1         470.1
   50.0  20570  -68.3                         125     10  482.1         482.1
   49.0  20694  -66.5                         105     10  489.2         489.2
   47.0  20949  -62.8                          15     11  503.9         503.9
   45.8  21107  -60.5                         344     11  513.2         513.2
   44.3  21315  -58.7                         303     10  522.5         522.5
   44.0  21357  -58.9                         295     10  523.0         523.0
   40.0  21951  -61.8                         275     22  530.1         530.1
   38.9  22124  -62.7                         275     14  532.1         532.1
   37.0  22435  -61.9                         250     18  542.0         542.0
   35.0  22781  -60.9                         220     11  553.1         553.1
   33.0  23146  -59.9                         170      7  565.1         565.1
   32.6  23222  -59.7                         176     11  567.7         567.7
   32.0  23338  -60.0                         185     17  569.8         569.8
   30.1  23719  -61.1                         176     16  576.9         576.9
   30.0  23740  -61.3                         175     16  577.0         577.0
   27.0  24395  -60.1                         110     10  597.9         597.9
   26.0  24629  -59.7                         325      5  605.6         605.6
   24.7  24948  -59.1                         319      4  616.2         616.2
   24.0  25130  -58.2                         315      3  624.0         624.0
   23.0  25399  -56.8                         280      5  635.8         635.8
   22.0  25680  -55.3                          90      3  648.2         648.2
   21.2  25914  -54.1                          50      9  658.8         658.8
   21.0  25975  -53.3                          40     10  662.9         662.9
   20.5  26130  -51.3                          42     10  673.6         673.6
   20.0  26290  -50.3                          45     11  681.5         681.5
   19.0  26627  -48.2                         355     15  698.0         698.0
   18.5  26802  -47.1                         343     16  706.8         706.8
   17.1  27323  -47.3                         308     20  722.2         722.2
   17.0                                       305     20                     
</PRE><H3>Station information and sounding indices</H3><PRE>
                         Station identifier: WAAA
                             Station number: 97180
                           Observation time: 170324/0000
                           Station latitude: -5.06
                          Station longitude: 119.55
                          Station elevation: 14.0
                            Showalter index: 2.35
                               Lifted index: -0.23
    LIFT computed using virtual temperature: -0.44
                                SWEAT index: 178.41
                                    K index: 31.10
                         Cross totals index: 17.90
                      Vertical totals index: 23.90
                        Totals totals index: 41.80
      Convective Available Potential Energy: 9.10
             CAPE using virtual temperature: 25.23
                      Convective Inhibition: -263.64
             CINS using virtual temperature: -206.91
                           Equilibrum Level: 415.10
 Equilibrum Level using virtual temperature: 409.49
                   Level of Free Convection: 536.64
             LFCT using virtual temperature: 570.55
                     Bulk Richardson Number: 1.25
          Bulk Richardson Number using CAPV: 3.46
  Temp [K] of the Lifted Condensation Level: 290.92
Pres [hPa] of the Lifted Condensation Level: 891.99
     Mean mixed layer potential temperature: 300.59
              Mean mixed layer mixing ratio: 14.61
              1000 hPa to 500 hPa thickness: 5788.00
Precipitable water [mm] for entire sounding: 52.05
</PRE>
<P>Description of the 
<A HREF="/upperair/columns.html">data columns</A>
or <A HREF="/upperair/indices.html">sounding indices</A>.

<P>
<FORM>
<INPUT CLASS="button" TYPE="button" VALUE=" Close this window " 
 onClick="window.close();">
<INPUT CLASS="button" TYPE="button" VALUE=" Select another map " 
 onClick="window.blur();">
</FORM>
<HR SIZE="1">
<I>Interested in graduate studies in atmospheric science?
Check out our program at the
<a href="http://www.uwyo.edu/atsc/howtoapply/"
target=_top>University of Wyoming
</a></I>
<HR SIZE="1"><FONT SIZE="-1">
Questions about the weather data provided by this site can be
addressed to <A HREF="mailto:ldoolman@uwyo.edu">
Larry Oolman (ldoolman@uwyo.edu)</A></FONT>
<HR SIZE="1">
<SCRIPT TYPE="text/javascript">
<!--
window.focus();
// -->
</SCRIPT>
</BODY>
</HTML>
