2018-04-08 00
<HTML>
<TITLE>University of Wyoming - Radiosonde Data</TITLE>
<LINK REL="StyleSheet" HREF="/resources/select.css" TYPE="text/css">
<BODY BGCOLOR="white">
<H2>97180 WAAA Ujung Pandang Observations at 00Z 08 Apr 2018</H2>
<PRE>
-----------------------------------------------------------------------------
   PRES   HGHT   TEMP   DWPT   RELH   MIXR   DRCT   SKNT   THTA   THTE   THTV
    hPa     m      C      C      %    g/kg    deg   knot     K      K      K 
-----------------------------------------------------------------------------
 1010.0     14   25.0   22.1     84  16.89      0      0  297.3  346.4  300.3
 1002.0     82   25.2   19.2     69  14.18     92      4  298.2  339.6  300.7
 1000.0     99   25.4   19.4     69  14.39    115      5  298.6  340.6  301.1
  997.0    126   26.6   20.6     70  15.58    109      5  300.0  345.8  302.8
  979.0    288   26.0   19.0     65  14.33     72      3  301.0  343.3  303.6
  978.0    297   25.9   19.0     66  14.33     70      3  301.0  343.3  303.6
  945.0    599   23.1   18.4     75  14.32     45      4  301.1  343.4  303.7
  927.0    768   21.6   18.1     80  14.31     50      4  301.2  343.5  303.8
  925.0    787   21.6   18.2     81  14.43     50      4  301.4  344.1  304.0
  913.0    899   21.3   17.0     77  13.55     45      2  302.2  342.4  304.6
  882.0   1196   20.4   13.9     66  11.46     70      1  304.3  338.7  306.4
  875.0   1265   20.2   13.2     64  11.01     72      1  304.8  337.9  306.8
  850.0   1512   18.6   11.6     64  10.19     80      2  305.6  336.5  307.5
  822.0   1797   16.9    8.7     58   8.64     95      7  306.7  333.2  308.3
  783.0   2210   14.4    4.4     51   6.74    102      8  308.4  329.3  309.6
  766.0   2394   12.9    7.5     70   8.53    105      8  308.7  335.0  310.2
  763.0   2427   12.6    8.0     74   8.90    108      8  308.7  336.1  310.4
  739.0   2693   11.0    6.7     74   8.38    135      8  309.8  335.8  311.4
  712.0   3003    9.2    5.1     75   7.80     95      4  311.2  335.5  312.6
  700.0   3144    8.4    4.4     76   7.55     20      3  311.8  335.4  313.2
  687.0   3299    8.0    3.8     75   7.36    350      3  312.9  336.1  314.3
  659.0   3642    7.0    2.4     73   6.95    336      6  315.6  337.8  316.9
  639.0   3895    5.0    1.2     77   6.58    325      8  316.1  337.1  317.3
  626.0   4063    3.6    0.4     80   6.33    313      7  316.4  336.7  317.6
  593.0   4500    1.8   -2.3     74   5.48    280      5  319.2  337.1  320.3
  562.0   4934    0.0   -5.0     69   4.72    273      4  322.0  337.7  323.0
  530.0   5400   -3.4   -6.7     78   4.40    265      3  323.4  338.1  324.2
  517.0   5597   -4.9   -7.4     83   4.27    220      2  323.9  338.2  324.7
  510.0   5704   -5.4   -8.2     80   4.06    195      1  324.6  338.3  325.4
  500.0   5860   -6.1   -9.4     77   3.77    260      2  325.5  338.4  326.3
  473.0   6293   -8.7  -12.6     73   3.08    340      5  327.5  338.2  328.1
  461.0   6494   -9.9  -14.1     71   2.80    340      6  328.4  338.2  329.0
  453.0   6629  -10.7  -17.7     56   2.11    340      6  329.1  336.6  329.5
  439.0   6871  -12.3  -15.5     77   2.62    340      7  330.0  339.3  330.6
  437.0   6906  -12.4  -16.2     73   2.47    340      7  330.3  339.1  330.8
  430.0   7029  -12.9  -18.9     61   2.01    335      7  331.2  338.4  331.6
  426.0   7101  -13.3  -17.7     69   2.25    332      7  331.6  339.6  332.1
  418.0   7245  -13.7  -17.9     71   2.25    326      6  332.9  341.0  333.3
  411.0   7374  -14.5  -21.5     55   1.68    320      6  333.5  339.6  333.8
  407.0   7448  -14.9  -19.2     70   2.07    317      6  333.9  341.4  334.3
  404.0   7505  -15.2  -19.4     70   2.05    315      6  334.2  341.7  334.7
  400.0   7580  -15.5  -19.6     71   2.03    325      8  334.8  342.2  335.2
  388.0   7805  -17.0  -21.6     67   1.76    330     10  335.7  342.2  336.1
  373.0   8097  -19.0  -24.3     63   1.45    315     10  336.9  342.3  337.2
  358.0   8401  -21.0  -27.0     58   1.17    275     11  338.2  342.6  338.4
  339.0   8804  -23.7  -30.7     53   0.88    290     13  339.8  343.2  340.0
  304.0   9586  -30.3  -35.1     63   0.64    320     16  341.3  343.8  341.4
  300.0   9680  -30.9  -36.9     56   0.54    320     17  341.7  343.9  341.8
  256.0  10786  -39.1  -52.4     23   0.12    310      9  345.5  346.0  345.5
  252.0  10896  -39.9  -53.9     21   0.10    310      8  345.8  346.3  345.8
  250.0  10950  -40.5                         310      8  345.7         345.7
  234.0  11392  -44.1                         250     11  346.8         346.8
  214.0  11988  -49.0                         270     11  348.2         348.2
  200.0  12440  -52.7                         255     14  349.1         349.1
  177.0  13200  -59.2                         250     15  350.8         350.8
  161.0  13790  -64.3                         180      6  351.9         351.9
  150.0  14230  -68.1                         215      6  352.6         352.6
  148.0  14310  -68.9                         221      7  352.6         352.6
  132.0  14967  -73.5                         275     16  356.1         356.1
  113.0  15859  -79.8                         270     10  360.5         360.5
  107.0  16172  -82.0                         305      5  362.0         362.0
  101.0  16503  -84.3                         220      5  363.6         363.6
  100.0  16560  -84.7                         205      7  363.8         363.8
   92.0  17019  -87.1                         120     18  367.9         367.9
   91.0  17079  -87.1                         105     18  369.0         369.0
   82.5  17616  -87.3                          29     10  379.1         379.1
   81.0  17717  -86.2                          15      9  383.2         383.2
   77.0  17998  -83.4                         195      1  394.8         394.8
   76.1  18063  -82.7                         203      3  397.5         397.5
   74.6  18175  -78.9                         216      6  407.8         407.8
   73.0  18300  -78.6                         230      9  411.0         411.0
   70.0  18540  -77.9                         205     14  417.4         417.4
   69.0  18623  -77.0                         200     14  421.2         421.2
   67.1  18785  -75.1                         200     18  428.6         428.6
   66.0  18880  -75.4                         200     20  430.0         430.0
   61.0  19337  -76.7                         158     14  436.8         436.8
   59.0  19533  -75.3                         140     11  444.2         444.2
   56.0  19840  -73.0                          80     12  455.9         455.9
   54.0  20054  -71.5                          90     20  464.3         464.3
   51.3  20356  -69.3                          72     16  476.3         476.3
   51.0  20391  -69.1                          70     16  477.6         477.6
   50.0  20510  -68.3                          35     13  482.1         482.1
   48.0  20755  -67.7                         350     13  489.2         489.2
   46.0  21010  -67.0                          20     12  496.8         496.8
   44.0  21276  -66.4                           5     12  504.7         504.7
   42.0  21555  -65.7                          75     17  513.2         513.2
   40.0  21848  -65.0                          95     38  522.2         522.2
   39.3  21954  -64.7                          92     41  525.5         525.5
   37.2  22285  -66.1                          81     48  530.3         530.3
   36.0  22483  -65.6                          75     53  536.5         536.5
   32.8  23044  -64.3                          78     60  554.5         554.5
   30.0  23590  -60.3                          80     67  579.7         579.7
   29.2  23759  -58.9                          81     67  588.0         588.0
   24.6  24840  -56.3                          87     69  625.0         625.0
   20.0  26170  -50.7                          95     72  680.2         680.2
   16.1  27603  -44.8                         100     79  742.9         742.9
   16.0  27644  -44.6                         100     79  744.8         744.8
   15.8  27727  -44.3                         100     79  748.5         748.5
   14.4  28348  -44.5                          98     75  768.0         768.0
   12.0  29579  -42.0                          95     68  818.0         818.0
   11.0  30167  -40.8                         100     60  843.0         843.0
   10.8  30290  -40.5                                     848.4         848.4
   10.4  30549  -37.7                                     867.9         867.9
</PRE><H3>Station information and sounding indices</H3><PRE>
                         Station identifier: WAAA
                             Station number: 97180
                           Observation time: 180408/0000
                           Station latitude: -5.06
                          Station longitude: 119.55
                          Station elevation: 14.0
                            Showalter index: 2.27
                               Lifted index: -0.61
    LIFT computed using virtual temperature: -0.83
                                SWEAT index: 145.20
                                    K index: 32.30
                         Cross totals index: 17.70
                      Vertical totals index: 24.70
                        Totals totals index: 42.40
      Convective Available Potential Energy: 49.54
             CAPE using virtual temperature: 86.27
                      Convective Inhibition: -134.71
             CINS using virtual temperature: -95.37
                           Equilibrum Level: 422.82
 Equilibrum Level using virtual temperature: 420.63
                   Level of Free Convection: 714.96
             LFCT using virtual temperature: 748.30
                     Bulk Richardson Number: 94.51
          Bulk Richardson Number using CAPV: 164.58
  Temp [K] of the Lifted Condensation Level: 291.20
Pres [hPa] of the Lifted Condensation Level: 899.14
     Mean mixed layer potential temperature: 300.19
              Mean mixed layer mixing ratio: 14.74
              1000 hPa to 500 hPa thickness: 5761.00
Precipitable water [mm] for entire sounding: 50.07
</PRE>
<P>Description of the 
<A HREF="/upperair/columns.html">data columns</A>
or <A HREF="/upperair/indices.html">sounding indices</A>.

<P>
<FORM>
<INPUT CLASS="button" TYPE="button" VALUE=" Close this window " 
 onClick="window.close();">
<INPUT CLASS="button" TYPE="button" VALUE=" Select another map " 
 onClick="window.blur();">
</FORM>
<HR SIZE="1">
<I>Interested in graduate studies in atmospheric science?
Check out our program at the
<a href="http://www.uwyo.edu/atsc/howtoapply/"
target=_top>University of Wyoming
</a></I>
<HR SIZE="1"><FONT SIZE="-1">
Questions about the weather data provided by this site can be
addressed to <A HREF="mailto:ldoolman@uwyo.edu">
Larry Oolman (ldoolman@uwyo.edu)</A></FONT>
<HR SIZE="1">
<SCRIPT TYPE="text/javascript">
<!--
window.focus();
// -->
</SCRIPT>
</BODY>
</HTML>
