2017-07-03 12
<HTML>
<TITLE>University of Wyoming - Radiosonde Data</TITLE>
<LINK REL="StyleSheet" HREF="/resources/select.css" TYPE="text/css">
<BODY BGCOLOR="white">
<H2>97180 WAAA Ujung Pandang Observations at 00Z 03 Jul 2017</H2>
<PRE>
-----------------------------------------------------------------------------
   PRES   HGHT   TEMP   DWPT   RELH   MIXR   DRCT   SKNT   THTA   THTE   THTV
    hPa     m      C      C      %    g/kg    deg   knot     K      K      K 
-----------------------------------------------------------------------------
 1011.0     14   24.0   22.0     89  16.77      0      0  296.2  344.7  299.2
 1004.0     72   25.4   21.0     77  15.86    262      3  298.2  344.5  301.0
 1000.0    105   25.8   21.0     75  15.93    205      4  298.9  345.6  301.8
  978.0    302   25.1   18.9     69  14.29    165      2  300.1  342.2  302.7
  964.0    429   24.6   17.6     65  13.31    132      4  300.9  340.2  303.3
  946.0    595   23.3   17.2     69  13.25     90      6  301.2  340.4  303.6
  925.0    792   21.8   16.8     73  13.18     85      7  301.6  340.7  304.0
  906.0    972   20.2   15.9     76  12.70     83      9  301.7  339.4  304.0
  883.0   1195   19.6   15.1     75  12.36     80     11  303.3  340.2  305.6
  852.0   1504   18.7   14.0     74  11.91     80     12  305.5  341.4  307.7
  850.0   1524   18.6   13.9     74  11.88     80     12  305.6  341.5  307.8
  810.0   1938   17.4    9.4     59   9.22     54      9  308.6  336.9  310.3
  767.0   2399   13.7    7.7     67   8.65     25      6  309.4  336.2  311.0
  716.0   2979    9.0    5.5     79   7.97     63     13  310.4  335.2  311.9
  700.0   3167    8.2    4.3     76   7.49     75     15  311.5  335.0  312.9
  688.0   3310    7.2    3.9     80   7.41     86     17  312.0  335.2  313.4
  684.0   3357    7.0    3.6     79   7.30     90     17  312.3  335.2  313.6
  668.0   3552    7.6   -2.4     49   4.83    106     19  315.1  330.7  316.0
  665.0   3589    8.2   -6.8     34   3.47    109     20  316.1  327.6  316.8
  664.0   3601    8.1   -6.8     34   3.46    110     20  316.1  327.6  316.8
  617.0   4200    2.9   -9.2     41   3.12    145     22  316.9  327.3  317.5
  616.0   4213    2.8   -9.2     41   3.11    145     22  316.9  327.3  317.5
  596.0   4479    1.6  -19.4     19   1.39    139     20  318.5  323.4  318.8
  570.0   4837    0.0  -17.0     27   1.78    132     17  320.7  326.9  321.1
  543.0   5222   -3.1  -19.1     28   1.56    124     15  321.5  327.0  321.8
  538.0   5295   -3.7  -18.7     30   1.63    122     14  321.7  327.4  322.0
  531.0   5398   -4.7   -9.5     69   3.52    120     13  321.7  333.5  322.4
  530.0   5413   -4.9   -7.5     82   4.13    120     13  321.6  335.4  322.4
  529.0   5428   -5.1   -6.9     87   4.33    119     13  321.5  336.0  322.4
  528.0   5443   -5.1   -6.4     91   4.51    119     13  321.7  336.7  322.6
  527.0   5457   -5.1   -6.3     91   4.56    119     13  321.9  337.1  322.8
  526.0   5472   -5.1   -6.7     89   4.43    118     13  322.1  336.8  322.9
  525.0   5487   -5.3   -6.9     89   4.37    118     13  322.0  336.6  322.8
  524.0   5502   -5.1  -14.1     49   2.46    118     13  322.4  330.9  322.9
  523.0   5517   -4.9  -16.9     38   1.96    117     13  322.8  329.7  323.2
  517.0   5608   -5.1  -13.1     53   2.71    116     12  323.6  333.0  324.2
  509.0   5730   -4.7  -16.7     39   2.05    113     11  325.6  332.8  326.0
  500.0   5870   -5.5  -16.5     42   2.12    110     10  326.3  333.7  326.7
  492.0   5996   -6.7  -16.4     46   2.18    115      9  326.3  334.0  326.7
  488.0   6060   -7.3  -16.3     49   2.21    116      9  326.3  334.1  326.8
  480.0   6188   -8.5  -16.5     52   2.21    118      8  326.4  334.2  326.8
  476.0   6253   -9.1  -17.1     52   2.11    119      8  326.4  333.9  326.9
  473.0   6302   -9.5  -15.5     62   2.43    120      8  326.5  335.1  327.0
  471.0   6335   -9.3  -11.5     84   3.39    116      8  327.2  338.9  327.9
  455.0   6598  -10.9  -12.8     85   3.14     85      5  328.5  339.4  329.1
  438.0   6888  -12.6  -14.3     87   2.89     25      8  329.9  340.0  330.4
  400.0   7580  -16.7  -17.9     90   2.35     20     21  333.2  341.6  333.7
  365.0   8262  -21.1  -22.7     87   1.70     24     22  336.2  342.4  336.5
  358.0   8402  -22.1  -23.8     87   1.58     25     22  336.6  342.5  336.9
  300.0   9680  -31.7  -33.3     86   0.77     60     29  340.6  343.6  340.7
  291.0   9891  -33.4  -35.4     82   0.65     65     30  341.1  343.7  341.3
  259.0  10700  -39.9  -43.3     70   0.32     65     32  343.1  344.5  343.2
  250.0  10940  -41.9                          65     33  343.6         343.6
  204.0  12280  -53.4                          60     50  346.1         346.1
  200.0  12410  -54.5                          60     52  346.3         346.3
  169.0  13469  -63.1                          48     55  349.1         349.1
  152.0  14119  -65.2                          40     57  356.2         356.2
  150.0  14200  -65.5                          45     52  357.1         357.1
  145.0  14405  -66.5                          36     44  358.8         358.8
  131.0  15006  -71.6                          10     19  360.3         360.3
  125.0  15283  -73.9                         345     12  360.9         360.9
  122.0  15427  -75.1                         313      9  361.3         361.3
  118.0  15619  -75.6                         270      6  363.8         363.8
  112.0  15919  -76.4                         235      7  367.8         367.8
  101.0  16513  -78.0                         230     20  375.8         375.8
  100.0  16570  -78.1                         235     19  376.6         376.6
   96.0  16802  -78.4                         260     15  380.4         380.4
   92.7  17001  -78.7                         247     12  383.6         383.6
   91.0  17109  -77.8                         240     11  387.6         387.6
   87.0  17372  -75.5                         285     18  397.2         397.2
   73.6  18350  -66.9                         266     40  434.6         434.6
   70.0  18650  -69.1                         260     47  436.2         436.2
   67.0  18912  -69.3                         260     45  441.2         441.2
   64.8  19112  -69.5                         261     44  445.1         445.1
   61.0  19475  -67.1                         262     41  458.2         458.2
   55.4  20056  -68.1                         263     38  468.7         468.7
   50.0  20680  -63.7                         265     34  492.9         492.9
   47.0  21056  -64.2                         270     39  500.5         500.5
   43.0  21597  -65.0                         275     36  511.5         511.5
   39.6  22098  -65.7                         258     26  521.9         521.9
   39.0  22190  -65.5                         255     24  524.6         524.6
   37.0  22509  -65.0                         190      5  534.0         534.0
   36.8  22542  -64.9                         182      6  535.0         535.0
   35.0  22850  -61.7                         105     19  550.9         550.9
   34.1  23010  -60.1                         101     23  559.4         559.4
   30.3  23748  -58.3                          82     43  583.5         583.5
   30.0  23810  -58.3                          80     45  585.1         585.1
   27.3  24400  -60.7                          73     50  594.4         594.4
   26.2  24657  -57.7                          71     52  609.9         609.9
   26.0  24706  -57.6                          70     52  611.6         611.6
   23.0  25484  -55.7                         100     46  638.9         638.9
   22.4  25651  -55.3                         100     47  644.9         644.9
   20.6  26183  -57.3                         100     51  654.5         654.5
   20.0  26370  -57.1                         100     52  660.6         660.6
   19.0  26695  -56.3                          95     52  672.9         672.9
   18.0  27041  -52.7                          90     51  694.7         694.7
   17.0  27411  -52.4                          85     51  707.1         707.1
   14.0  28668  -51.4                          95     51  750.7         750.7
   13.6  28856  -51.3                          91     51  757.4         757.4
   13.0  29150  -49.4                          85     52  773.7         773.7
   12.9  29200  -49.1                                     776.6         776.6
</PRE><H3>Station information and sounding indices</H3><PRE>
                         Station identifier: WAAA
                             Station number: 97180
                           Observation time: 170703/0000
                           Station latitude: -5.06
                          Station longitude: 119.55
                          Station elevation: 14.0
                            Showalter index: 0.79
                               Lifted index: 0.32
    LIFT computed using virtual temperature: -0.14
                                SWEAT index: 200.81
                                    K index: 34.10
                         Cross totals index: 19.40
                      Vertical totals index: 24.10
                        Totals totals index: 43.50
      Convective Available Potential Energy: 62.32
             CAPE using virtual temperature: 129.03
                      Convective Inhibition: -172.45
             CINS using virtual temperature: -141.84
                           Equilibrum Level: 394.55
 Equilibrum Level using virtual temperature: 392.45
                   Level of Free Convection: 721.97
             LFCT using virtual temperature: 732.84
                     Bulk Richardson Number: 5.68
          Bulk Richardson Number using CAPV: 11.76
  Temp [K] of the Lifted Condensation Level: 291.23
Pres [hPa] of the Lifted Condensation Level: 905.19
     Mean mixed layer potential temperature: 299.66
              Mean mixed layer mixing ratio: 14.69
              1000 hPa to 500 hPa thickness: 5765.00
Precipitable water [mm] for entire sounding: 46.69
</PRE>
<P>Description of the 
<A HREF="/upperair/columns.html">data columns</A>
or <A HREF="/upperair/indices.html">sounding indices</A>.

<P>
<FORM>
<INPUT CLASS="button" TYPE="button" VALUE=" Close this window " 
 onClick="window.close();">
<INPUT CLASS="button" TYPE="button" VALUE=" Select another map " 
 onClick="window.blur();">
</FORM>
<HR SIZE="1">
<I>Interested in graduate studies in atmospheric science?
Check out our program at the
<a href="http://www.uwyo.edu/atsc/howtoapply/"
target=_top>University of Wyoming
</a></I>
<HR SIZE="1"><FONT SIZE="-1">
Questions about the weather data provided by this site can be
addressed to <A HREF="mailto:ldoolman@uwyo.edu">
Larry Oolman (ldoolman@uwyo.edu)</A></FONT>
<HR SIZE="1">
<SCRIPT TYPE="text/javascript">
<!--
window.focus();
// -->
</SCRIPT>
</BODY>
</HTML>
