2016-03-03 12
<HTML>
<TITLE>University of Wyoming - Radiosonde Data</TITLE>
<LINK REL="StyleSheet" HREF="/resources/select.css" TYPE="text/css">
<BODY BGCOLOR="white">
<H2>97180 WAAA Ujung Pandang Observations at 00Z 03 Mar 2016</H2>
<PRE>
-----------------------------------------------------------------------------
   PRES   HGHT   TEMP   DWPT   RELH   MIXR   DRCT   SKNT   THTA   THTE   THTV
    hPa     m      C      C      %    g/kg    deg   knot     K      K      K 
-----------------------------------------------------------------------------
 1012.0     14   24.6   23.2     92  18.06      0      0  296.7  349.1  299.9
 1000.0    117   25.0   21.9     83  16.85      0      0  298.1  347.3  301.1
  993.0    179   25.8   21.5     77  16.55     26      1  299.6  348.1  302.5
  980.0    295   25.1   21.1     79  16.33     75      2  299.9  347.9  302.9
  947.0    596   23.1   20.0     82  15.77    280      8  300.9  347.4  303.8
  925.0    802   21.8   19.2     85  15.38    265      8  301.6  347.1  304.4
  915.0    896   21.3   18.7     85  15.06    255      8  302.1  346.7  304.8
  850.0   1534   18.2   15.3     83  13.03    245     12  305.2  344.4  307.6
  824.0   1800   16.6   14.7     89  12.95    230     10  306.3  345.4  308.6
  801.0   2042   15.2   14.2     94  12.87    242      8  307.2  346.3  309.6
  796.0   2095   15.0   13.9     93  12.70    245      8  307.6  346.2  309.9
  747.0   2634   13.4   10.8     84  11.01    255      6  311.4  345.5  313.5
  700.0   3180   10.4    8.2     86   9.84    265      4  314.0  344.8  315.8
  690.0   3299    9.8    7.3     84   9.42    265      2  314.7  344.3  316.4
  666.0   3593    8.5    5.3     80   8.43    250      2  316.4  343.2  317.9
  642.0   3898    7.1    3.1     76   7.50     65      6  318.1  342.2  319.5
  640.0   3924    7.0    2.9     75   7.42     67      6  318.2  342.1  319.7
  619.0   4195    5.3    1.5     76   6.93     90      8  319.3  341.8  320.7
  575.0   4795    1.5   -1.6     79   5.94     90      8  321.7  341.3  322.9
  558.0   5039    0.0   -2.9     81   5.57     76      7  322.7  341.1  323.8
  533.0   5405   -2.4   -7.9     66   3.99     55      6  324.1  337.6  324.9
  528.0   5480   -2.9   -8.9     63   3.71     56      6  324.4  337.0  325.1
  518.0   5631   -4.3   -6.3     86   4.64     57      7  324.4  340.0  325.4
  514.0   5692   -4.5   -9.3     69   3.70     58      7  324.9  337.5  325.6
  504.0   5847   -4.9   -6.7     87   4.62     59      8  326.3  341.9  327.2
  500.0   5910   -5.3   -9.6     72   3.71     60      8  326.5  339.2  327.2
  496.0   5973   -5.5  -10.5     68   3.48     56      8  327.0  339.0  327.7
  495.0   5989   -5.6  -10.4     69   3.52     55      8  327.1  339.2  327.8
  488.0   6100   -6.5   -9.7     78   3.77     64      8  327.3  340.3  328.1
  476.0   6293   -7.2  -10.8     75   3.54     80      8  328.7  341.0  329.4
  450.0   6730   -8.9  -13.4     70   3.04     67      7  332.0  342.7  332.6
  437.0   6956  -10.5  -12.0     89   3.51     61      6  332.7  345.1  333.4
  421.0   7241  -11.9  -20.9     47   1.73     52      5  334.5  340.9  334.9
  415.0   7351  -12.9  -14.9     85   2.92     49      4  334.6  345.0  335.2
  408.0   7480  -13.6  -15.7     85   2.78     45      4  335.3  345.2  335.8
  400.0   7630  -14.5  -16.6     84   2.63     60      4  336.1  345.5  336.6
  392.0   7782  -15.5  -17.8     82   2.42     70      6  336.7  345.5  337.2
  364.0   8339  -19.1  -22.3     76   1.77     61      6  339.1  345.7  339.5
  362.0   8380  -19.5  -22.1     80   1.81     60      6  339.1  345.8  339.5
  360.0   8422  -19.9  -21.9     84   1.85     62      6  339.1  346.0  339.5
  355.0   8525  -20.5  -27.5     54   1.13     66      5  339.6  344.0  339.9
  344.0   8758  -21.7  -27.7     58   1.15     77      4  341.1  345.5  341.3
  324.0   9197  -25.3  -29.6     67   1.02     96      2  342.0  346.0  342.2
  320.0   9286  -26.2  -29.6     72   1.03    100      2  342.0  346.0  342.2
  307.0   9585  -29.0  -29.8     93   1.06    120      2  342.1  346.2  342.3
  304.0   9655  -29.7  -29.8     99   1.07    146      2  342.1  346.2  342.3
  301.0   9726  -29.7  -35.7     56   0.61    171      2  343.1  345.5  343.2
  300.0   9750  -29.7  -35.7     56   0.61    180      2  343.4  345.9  343.5
  294.0   9894  -30.7  -36.7     56   0.56    225      2  343.9  346.2  344.1
  285.0  10115  -32.3  -38.3     55   0.49    192      3  344.8  346.8  344.9
  280.0  10240  -32.9  -47.9     21   0.18    173      3  345.6  346.4  345.7
  277.0  10316  -33.5  -42.5     40   0.33    162      3  345.8  347.2  345.9
  270.0  10495  -35.0  -46.0     32   0.23    135      4  346.3  347.2  346.3
  260.0  10759  -37.1  -51.1     22   0.13    135      6  346.9  347.4  346.9
  250.0  11030  -39.1  -48.1     38   0.20    135      8  347.8  348.6  347.8
  246.0  11140  -40.1  -49.1     38   0.18    132      8  347.9  348.7  347.9
  237.0  11386  -42.2                         125      8  348.4         348.4
  227.0  11672  -44.7                         155     10  349.0         349.0
  200.0  12510  -51.9                         145     16  350.4         350.4
  172.0  13459  -59.3                         150     12  353.5         353.5
  156.0  14073  -64.2                         150     16  355.4         355.4
  150.0  14320  -66.1                         140     14  356.0         356.0
  134.0  14979  -70.7                         140      8  359.5         359.5
  128.0  15247  -72.6                         115      4  360.9         360.9
  121.0  15576  -74.8                          40      8  362.6         362.6
  115.0  15873  -76.9                          50     10  364.0         364.0
  109.0  16186  -79.1                          85     14  365.5         365.5
  100.0  16670  -82.1                          85     19  368.9         368.9
   98.0  16782  -82.4                          90     19  370.4         370.4
   93.0  17072  -83.3                          75     17  374.2         374.2
   88.0  17378  -84.2                          80     12  378.4         378.4
   79.0  17975  -86.0                         125     17  386.6         386.6
   78.4  18017  -86.1                         130     17  387.1         387.1
   76.9  18124  -82.9                         130     17  395.9         395.9
   71.0  18571  -81.5                         130     16  408.1         408.1
   70.3  18626  -81.3                         120     16  409.6         409.6
   70.0  18650  -80.7                         115     16  411.4         411.4
   65.6  19024  -72.5                          43     21  437.0         437.0
   64.0  19169  -72.5                          15     23  440.0         440.0
   57.1  19840  -72.7                         317     19  454.2         454.2
   55.6  19998  -69.5                         304     18  465.0         465.0
   52.0  20396  -70.1                         270     16  472.5         472.5
   50.0  20630  -70.5                         275     17  476.9         476.9
   47.0  21000  -70.0                         255     16  486.7         486.7
   43.0  21531  -69.3                         160     25  501.0         501.0
   41.0  21816  -68.9                         155     39  508.8         508.8
   37.0  22429  -68.1                         115     23  526.1         526.1
   36.3  22543  -67.9                          96     22  529.3         529.3
   35.0  22765  -64.4                          60     21  543.9         543.9
   34.8  22800  -63.9                          59     21  546.2         546.2
   30.0  23720  -59.1                          25     16  582.9         582.9
   28.3  24087  -57.7                          39     12  596.6         596.6
   27.0  24385  -57.1                          50      8  606.3         606.3
   25.0  24874  -56.2                          25     12  622.4         622.4
   23.0  25404  -55.2                         290     12  640.4         640.4
   21.7  25774  -54.5                                     653.2         653.2
</PRE><H3>Station information and sounding indices</H3><PRE>
                         Station identifier: WAAA
                             Station number: 97180
                           Observation time: 160303/0000
                           Station latitude: -5.06
                          Station longitude: 119.55
                          Station elevation: 14.0
                            Showalter index: -0.16
                               Lifted index: -1.46
    LIFT computed using virtual temperature: -1.80
                                SWEAT index: 215.61
                                    K index: 36.60
                         Cross totals index: 20.60
                      Vertical totals index: 23.50
                        Totals totals index: 44.10
      Convective Available Potential Energy: 115.52
             CAPE using virtual temperature: 154.94
                      Convective Inhibition: -108.98
             CINS using virtual temperature: -80.89
                           Equilibrum Level: 295.78
 Equilibrum Level using virtual temperature: 292.94
                   Level of Free Convection: 606.20
             LFCT using virtual temperature: 625.20
                     Bulk Richardson Number: 243.77
          Bulk Richardson Number using CAPV: 326.94
  Temp [K] of the Lifted Condensation Level: 293.66
Pres [hPa] of the Lifted Condensation Level: 934.89
     Mean mixed layer potential temperature: 299.38
              Mean mixed layer mixing ratio: 16.56
              1000 hPa to 500 hPa thickness: 5793.00
Precipitable water [mm] for entire sounding: 61.51
</PRE>
<P>Description of the 
<A HREF="/upperair/columns.html">data columns</A>
or <A HREF="/upperair/indices.html">sounding indices</A>.

<P>
<FORM>
<INPUT CLASS="button" TYPE="button" VALUE=" Close this window " 
 onClick="window.close();">
<INPUT CLASS="button" TYPE="button" VALUE=" Select another map " 
 onClick="window.blur();">
</FORM>
<HR SIZE="1">
<I>Interested in graduate studies in atmospheric science?
Check out our program at the
<a href="http://www.uwyo.edu/atsc/howtoapply/"
target=_top>University of Wyoming
</a></I>
<HR SIZE="1"><FONT SIZE="-1">
Questions about the weather data provided by this site can be
addressed to <A HREF="mailto:ldoolman@uwyo.edu">
Larry Oolman (ldoolman@uwyo.edu)</A></FONT>
<HR SIZE="1">
<SCRIPT TYPE="text/javascript">
<!--
window.focus();
// -->
</SCRIPT>
</BODY>
</HTML>
