2016-09-15 00
<HTML>
<TITLE>University of Wyoming - Radiosonde Data</TITLE>
<LINK REL="StyleSheet" HREF="/resources/select.css" TYPE="text/css">
<BODY BGCOLOR="white">
<H2>97180 WAAA Ujung Pandang Observations at 00Z 15 Sep 2016</H2>
<PRE>
-----------------------------------------------------------------------------
   PRES   HGHT   TEMP   DWPT   RELH   MIXR   DRCT   SKNT   THTA   THTE   THTV
    hPa     m      C      C      %    g/kg    deg   knot     K      K      K 
-----------------------------------------------------------------------------
 1010.0     14   26.0   22.8     83  17.65      0      0  298.3  349.8  301.4
 1000.0     98   26.2   21.4     75  16.33     10      4  299.4  347.2  302.3
  978.0    295   25.1   20.7     77  15.97    345      7  300.1  347.1  303.0
  945.0    599   23.3   19.6     80  15.43     10      6  301.3  346.9  304.1
  925.0    788   22.2   18.9     82  15.09      5      4  302.0  346.8  304.7
  913.0    901   21.5   18.4     83  14.85    355      2  302.4  346.5  305.1
  874.0   1277   19.0   16.9     88  14.06    324      3  303.6  345.6  306.2
  851.0   1505   18.8   13.0     69  11.16    305      3  305.7  339.5  307.8
  850.0   1515   18.8   12.8     68  11.04    305      3  305.8  339.2  307.9
  842.0   1597   18.6   10.6     60   9.62    306      4  306.4  335.7  308.2
  836.0   1659   18.0   12.0     68  10.65    307      4  306.4  338.8  308.4
  818.0   1846   16.6   10.6     68   9.90    311      6  306.9  337.1  308.7
  816.0   1867   16.4   10.4     68   9.79    311      7  306.9  336.7  308.7
  811.0   1920   16.6    5.6     48   7.08    312      7  307.6  329.5  308.9
  766.0   2404   12.9    5.1     59   7.24    320     12  308.7  331.2  310.1
  741.0   2686   10.8    4.8     66   7.33    339     10  309.3  332.1  310.7
  740.0   2697   10.8    4.8     66   7.32    340     10  309.4  332.2  310.8
  716.0   2974    9.8    3.8     66   7.07      3     10  311.3  333.5  312.6
  714.0   2997    9.8    4.3     69   7.36      5     10  311.5  334.5  312.9
  708.0   3068    9.6    5.9     78   8.29      5     10  312.1  338.0  313.6
  700.0   3163    9.2    2.2     62   6.45      5     11  312.6  333.1  313.9
  691.0   3270    8.8    0.8     57   5.90      6     11  313.4  332.2  314.5
  658.0   3674    5.8   -1.2     61   5.36      8     12  314.4  331.6  315.4
  640.0   3900    4.1    1.2     81   6.55     10     12  314.9  335.8  316.2
  633.0   3990    3.4    2.1     91   7.09     22     11  315.1  337.7  316.5
  617.0   4197    2.2    1.2     93   6.81     50     10  316.1  337.9  317.4
  593.0   4518    0.4   -0.2     96   6.40     37      9  317.6  338.3  318.8
  589.0   4572    0.2   -0.5     95   6.30     34      9  318.0  338.4  319.2
  573.0   4794    0.5   -2.5     80   5.60     25      9  320.9  339.3  321.9
  568.0   4864    0.6   -3.1     76   5.39     32      9  321.8  339.6  322.8
  561.0   4964    0.0   -3.9     75   5.14     42      9  322.2  339.2  323.2
  530.0   5419   -1.9   -7.9     64   4.00     87     10  325.2  338.8  326.0
  512.0   5692   -3.7   -9.1     66   3.78    115     10  326.3  339.2  327.0
  500.0   5880   -4.9   -9.9     68   3.63    120     10  327.0  339.4  327.7
  474.0   6295   -8.2  -12.1     74   3.21    130     12  327.9  339.0  328.5
  456.0   6595  -10.7  -13.7     79   2.94    125      9  328.5  338.8  329.1
  450.0   6698  -11.5  -14.2     80   2.85    110     10  328.7  338.7  329.3
  438.0   6903  -12.9  -15.2     83   2.69     80     12  329.5  338.9  330.0
  413.0   7350  -15.9  -17.5     87   2.36     74     18  331.2  339.6  331.7
  403.0   7534  -17.5  -18.3     93   2.26     71     20  331.4  339.5  331.9
  400.0   7590  -17.9  -18.3     97   2.27     70     21  331.6  339.8  332.1
  396.0   7665  -18.5  -18.6     99   2.24     72     22  331.8  339.8  332.3
  390.0   7779  -19.3  -19.4     99   2.12     75     23  332.2  339.9  332.6
  389.0   7798  -19.4  -19.6     99   2.10     75     23  332.3  339.8  332.7
  387.0   7836  -19.7  -19.9     98   2.05     76     23  332.4  339.8  332.8
  386.0   7855  -20.1  -20.3     98   1.98     77     23  332.1  339.3  332.5
  385.0   7874  -20.3  -20.5     98   1.96     77     23  332.1  339.2  332.5
  384.0   7894  -20.3  -20.5     98   1.96     78     23  332.4  339.5  332.8
  383.0   7913  -20.3  -24.8     67   1.34     78     24  332.6  337.6  332.9
  382.0   7932  -19.9  -26.9     54   1.11     79     24  333.4  337.6  333.6
  381.0   7952  -18.5  -29.5     37   0.88     79     24  335.5  338.9  335.7
  380.0   7971  -17.5  -29.5     34   0.88     80     24  337.1  340.4  337.2
  374.0   8091  -17.5  -32.5     26   0.67     83     24  338.6  341.2  338.7
  324.0   9147  -25.3  -47.3     11   0.17    112     30  342.0  342.7  342.0
  304.0   9605  -29.1  -47.8     15   0.17    125     32  342.9  343.7  343.0
  300.0   9700  -29.9  -47.9     16   0.17    125     31  343.1  343.8  343.2
  256.0  10808  -39.9  -46.9     47   0.22     95     19  344.3  345.2  344.3
  250.0  10970  -41.1                          85     19  344.8         344.8
  245.0  11104  -42.2                          75     21  345.1         345.1
  200.0  12450  -53.5                          65     40  347.9         347.9
  179.0  13150  -59.9                          65     49  348.6         348.6
  161.0  13798  -64.5                          65     57  351.7         351.7
  150.0  14230  -67.5                          65     52  353.6         353.6
  138.0  14728  -69.9                          71     48  357.9         357.9
  117.0  15686  -78.9                          83     40  358.6         358.6
  113.0  15882  -79.6                          85     38  360.9         360.9
  100.0  16570  -82.1                          90     23  368.9         368.9
   96.0  16798  -84.0                          90     22  369.5         369.5
   95.3  16839  -84.3                          90     22  369.7         369.7
   92.2  17023  -81.5                          69     21  378.7         378.7
   91.0  17097  -82.1                          60     21  379.0         379.0
   88.9  17228  -83.1                          80     21  379.5         379.5
   83.8  17563  -76.9                         131     21  398.5         398.5
   82.0  17688  -77.2                         150     21  400.4         400.4
   75.0  18200  -78.3                         120     14  408.4         408.4
   74.0  18278  -77.1                         115     13  412.5         412.5
   71.8  18452  -74.5                          69     10  421.6         421.6
   70.0  18600  -74.7                          30      8  424.2         424.2
   67.0  18854  -75.0                         105      8  429.0         429.0
   63.4  19175  -75.3                         105     21  435.1         435.1
   63.0  19212  -75.2                         105     22  436.1         436.1
   60.0  19495  -74.6                          80     26  443.6         443.6
   59.7  19525  -74.5                          79     26  444.4         444.4
   54.0  20131  -62.3                          65     20  485.5         485.5
   52.7  20279  -59.3                          10     15  495.8         495.8
   52.0  20363  -58.6                         340     12  499.4         499.4
   51.0  20485  -57.5                         320     13  504.7         504.7
   50.0  20610  -57.7                         300     14  507.1         507.1
   47.0  20996  -59.5                         255     14  511.9         511.9
   45.0  21268  -60.7                         230     13  515.3         515.3
   43.0  21551  -62.0                         260     10  518.9         518.9
   42.8  21580  -62.1                         255     10  519.3         519.3
   41.7  21743  -58.3                         273     20  532.6         532.6
   41.0  21850  -57.2                         285     26  537.9         537.9
   40.7  21896  -56.7                         283     27  540.3         540.3
   37.0  22492  -58.8                         260     37  549.9         549.9
   31.7  23460  -62.1                         275     35  565.8         565.8
   31.0  23597  -62.1                         280     30  569.4         569.4
   30.0  23800  -62.1                         280     28  574.8         574.8
   28.8  24053  -62.5                         280     27  580.4         580.4
   26.0  24700  -59.9                         280     26  605.1         605.1
   21.0  26051  -54.4                         270     36  659.8         659.8
   20.0  26360  -53.1                         280     41  672.9         672.9
</PRE><H3>Station information and sounding indices</H3><PRE>
                         Station identifier: WAAA
                             Station number: 97180
                           Observation time: 160915/0000
                           Station latitude: -5.06
                          Station longitude: 119.55
                          Station elevation: 14.0
                            Showalter index: 2.30
                               Lifted index: -0.85
    LIFT computed using virtual temperature: -1.19
                                SWEAT index: 169.59
                                    K index: 29.50
                         Cross totals index: 17.70
                      Vertical totals index: 23.70
                        Totals totals index: 41.40
      Convective Available Potential Energy: 380.77
             CAPE using virtual temperature: 476.21
                      Convective Inhibition: -82.72
             CINS using virtual temperature: -56.17
                           Equilibrum Level: 230.47
 Equilibrum Level using virtual temperature: 230.60
                   Level of Free Convection: 771.36
             LFCT using virtual temperature: 803.16
                     Bulk Richardson Number: 1462.88
          Bulk Richardson Number using CAPV: 1829.56
  Temp [K] of the Lifted Condensation Level: 293.04
Pres [hPa] of the Lifted Condensation Level: 922.23
     Mean mixed layer potential temperature: 299.91
              Mean mixed layer mixing ratio: 16.14
              1000 hPa to 500 hPa thickness: 5782.00
Precipitable water [mm] for entire sounding: 51.60
</PRE>
<P>Description of the 
<A HREF="/upperair/columns.html">data columns</A>
or <A HREF="/upperair/indices.html">sounding indices</A>.

<P>
<FORM>
<INPUT CLASS="button" TYPE="button" VALUE=" Close this window " 
 onClick="window.close();">
<INPUT CLASS="button" TYPE="button" VALUE=" Select another map " 
 onClick="window.blur();">
</FORM>
<HR SIZE="1">
<I>Interested in graduate studies in atmospheric science?
Check out our program at the
<a href="http://www.uwyo.edu/atsc/howtoapply/"
target=_top>University of Wyoming
</a></I>
<HR SIZE="1"><FONT SIZE="-1">
Questions about the weather data provided by this site can be
addressed to <A HREF="mailto:ldoolman@uwyo.edu">
Larry Oolman (ldoolman@uwyo.edu)</A></FONT>
<HR SIZE="1">
<SCRIPT TYPE="text/javascript">
<!--
window.focus();
// -->
</SCRIPT>
</BODY>
</HTML>
