2017-01-08 00
<HTML>
<TITLE>University of Wyoming - Radiosonde Data</TITLE>
<LINK REL="StyleSheet" HREF="/resources/select.css" TYPE="text/css">
<BODY BGCOLOR="white">
<H2>97180 WAAA Ujung Pandang Observations at 00Z 08 Jan 2017</H2>
<PRE>
-----------------------------------------------------------------------------
   PRES   HGHT   TEMP   DWPT   RELH   MIXR   DRCT   SKNT   THTA   THTE   THTV
    hPa     m      C      C      %    g/kg    deg   knot     K      K      K 
-----------------------------------------------------------------------------
 1007.0     14   25.0   24.2     95  19.31     85      2  297.6  353.8  301.0
 1000.0     77   24.0   22.9     94  17.94     85      5  297.1  349.2  300.3
  999.0     86   24.0   22.9     94  17.96     79      5  297.2  349.4  300.4
  977.0    282   25.2   23.1     88  18.61    298      3  300.3  355.1  303.7
  975.0    300   25.1   23.0     88  18.53    285      3  300.4  355.0  303.7
  925.0    761   22.2   20.4     90  16.61    280     17  302.0  351.2  305.0
  850.0   1494   17.6   15.3     86  13.03    260     17  304.6  343.7  306.9
  792.0   2098   14.2   11.5     84  10.88    255     20  307.1  340.2  309.1
  786.0   2163   13.8   11.1     84  10.67    255     20  307.4  339.9  309.4
  739.0   2683   11.2    6.7     74   8.40    252     18  310.0  336.1  311.6
  721.0   2890   10.6    1.6     54   5.99    251     17  311.6  330.5  312.7
  712.0   2995   10.5    2.4     57   6.41    250     17  312.6  332.9  313.8
  700.0   3137   10.4    3.4     62   7.03    255     19  314.0  336.3  315.3
  680.0   3378    8.6    3.7     71   7.39    258     19  314.6  338.0  316.0
  646.0   3802    6.4   -1.6     57   5.30    263     20  316.7  333.9  317.7
  600.0   4405    2.6   -4.4     60   4.62    271     21  319.1  334.3  320.0
  575.0   4749    0.0   -3.0     80   5.36    275     21  319.9  337.5  321.0
  562.0   4932   -1.3   -6.3     69   4.27    278     22  320.5  334.7  321.3
  561.0   4946   -1.3  -10.3     50   3.13    278     22  320.7  331.2  321.3
  558.0   4989   -1.3  -14.3     37   2.28    279     22  321.2  329.0  321.6
  554.0   5046   -1.1  -10.1     50   3.22    279     22  322.1  333.0  322.7
  550.0   5104   -1.4  -10.8     49   3.06    280     22  322.4  332.8  322.9
  534.0   5339   -2.7  -13.7     43   2.50    278     19  323.5  332.2  324.0
  524.0   5489   -3.1  -10.1     58   3.40    277     17  324.8  336.4  325.5
  523.0   5505   -3.1   -6.8     76   4.42    277     17  325.0  339.9  325.9
  510.0   5704   -4.4   -7.9     77   4.15    275     14  325.7  339.8  326.5
  500.0   5860   -5.5   -8.8     78   3.95    265     13  326.3  339.8  327.1
  454.0   6605  -10.3  -11.6     91   3.50    235     13  329.3  341.4  330.0
  437.0   6900  -12.3  -12.7     97   3.32    195      7  330.5  342.1  331.2
  435.0   6935  -12.5  -12.8     98   3.30    193      7  330.6  342.2  331.3
  420.0   7201  -13.8  -14.6     94   2.96    175      7  332.2  342.7  332.9
  400.0   7570  -15.7  -17.0     90   2.54    190      5  334.5  343.6  335.0
  388.0   7799  -17.1  -18.8     87   2.24    195      7  335.5  343.7  336.0
  385.0   7858  -17.5  -19.3     86   2.17    189      6  335.8  343.7  336.2
  373.0   8090  -19.1  -20.9     86   1.95    165      4  336.7  343.8  337.1
  344.0   8684  -23.4  -25.0     86   1.47    185      5  338.8  344.3  339.1
  330.0   8989  -25.5  -27.1     87   1.26    130      5  339.9  344.7  340.1
  313.0   9377  -28.3  -29.8     87   1.04    113     11  341.2  345.2  341.4
  300.0   9680  -30.3  -31.9     86   0.89    100     15  342.6  346.0  342.7
  286.0  10018  -32.9  -35.5     77   0.65     87     18  343.6  346.2  343.7
  284.0  10068  -33.3  -34.6     88   0.72     85     19  343.7  346.5  343.8
  280.0  10167  -34.3  -38.1     68   0.51     81     20  343.6  345.7  343.7
  279.0  10192  -34.5  -38.3     68   0.50     80     20  343.7  345.7  343.8
  253.0  10869  -39.9  -44.2     63   0.30     76     25  345.4  346.7  345.5
  250.0  10950  -40.5                          75     26  345.7         345.7
  200.0  12430  -52.5                          70     43  349.5         349.5
  150.0  14220  -67.9                          75     63  352.9         352.9
  146.0  14375  -69.1                          75     63  353.6         353.6
  106.0  16211  -83.6                          95     68  360.0         360.0
  102.0  16431  -85.3                          90     71  360.6         360.6
  100.0  16540  -85.3                          90     72  362.7         362.7
   96.0  16770  -82.1                          85     66  373.2         373.2
   92.2  16997  -78.9                          76     47  383.8         383.8
   86.0  17393  -79.6                          60     14  390.1         390.1
   82.0  17664  -80.1                         245      7  394.4         394.4
   79.3  17855  -80.5                         215     12  397.4         397.4
   73.0  18330  -77.8                         140     24  412.6         412.6
   70.0  18570  -76.5                         120     20  420.4         420.4
   66.0  18908  -75.2                          65     10  430.4         430.4
   65.8  18926  -75.1                          63     10  430.9         430.9
   63.0  19180  -71.8                          35     12  443.7         443.7
   61.5  19320  -69.9                           3     13  450.9         450.9
   60.0  19466  -70.4                         330     14  452.9         452.9
   57.0  19768  -71.5                         306     14  457.1         457.1
   54.0  20086  -71.3                         280     14  464.8         464.8
   51.5  20365  -71.1                         284     12  471.5         471.5
   51.0  20423  -70.1                         285     11  475.2         475.2
   50.0  20540  -68.1                         310      6  482.6         482.6
   49.0  20663  -66.8                         330      7  488.4         488.4
   48.1  20775  -65.7                         315     10  493.7         493.7
   46.0  21048  -65.4                         280     16  500.8         500.8
   42.0  21605  -64.7                         240     19  515.6         515.6
   40.8  21782  -64.5                         255     16  520.4         520.4
   40.0  21905  -63.1                         265     14  526.9         526.9
   39.0  22062  -61.3                         258     16  535.3         535.3
   38.0  22223  -61.7                         250     19  538.2         538.2
   33.5  23004  -63.7                         246     23  552.7         552.7
   33.0  23097  -63.1                         245     24  556.5         556.5
   30.0  23690  -59.7                         220     18  581.3         581.3
   29.0  23902  -58.3                         205     14  590.8         590.8
   28.3  24054  -57.3                         207     14  597.7         597.7
   27.0  24353  -56.2                         210     14  608.9         608.9
   26.0  24593  -55.3                         265     14  618.0         618.0
   25.0  24842  -54.4                         280     18  627.7         627.7
   24.0  25102  -53.4                         270     15  637.8         637.8
   22.9  25400  -52.3                         277     21  649.7         649.7
   21.0  25957  -52.4                         290     31  665.6         665.6
   20.0  26270  -52.5                         290     36  674.7         674.7
   16.0  27712  -52.4                         300     25  719.5         719.5
   14.0  28575  -52.3                                     747.8         747.8
</PRE><H3>Station information and sounding indices</H3><PRE>
                         Station identifier: WAAA
                             Station number: 97180
                           Observation time: 170108/0000
                           Station latitude: -5.06
                          Station longitude: 119.55
                          Station elevation: 14.0
                            Showalter index: -0.07
                               Lifted index: -3.46
    LIFT computed using virtual temperature: -3.90
                                SWEAT index: 230.59
                                    K index: 31.40
                         Cross totals index: 20.80
                      Vertical totals index: 23.10
                        Totals totals index: 43.90
      Convective Available Potential Energy: 1306.82
             CAPE using virtual temperature: 1463.06
                      Convective Inhibition: -15.98
             CINS using virtual temperature: -12.13
                           Equilibrum Level: 152.67
 Equilibrum Level using virtual temperature: 152.03
                   Level of Free Convection: 882.32
             LFCT using virtual temperature: 895.67
                     Bulk Richardson Number: 45.96
          Bulk Richardson Number using CAPV: 51.45
  Temp [K] of the Lifted Condensation Level: 295.55
Pres [hPa] of the Lifted Condensation Level: 955.04
     Mean mixed layer potential temperature: 299.48
              Mean mixed layer mixing ratio: 18.24
              1000 hPa to 500 hPa thickness: 5783.00
Precipitable water [mm] for entire sounding: 56.69
</PRE>
<P>Description of the 
<A HREF="/upperair/columns.html">data columns</A>
or <A HREF="/upperair/indices.html">sounding indices</A>.

<P>
<FORM>
<INPUT CLASS="button" TYPE="button" VALUE=" Close this window " 
 onClick="window.close();">
<INPUT CLASS="button" TYPE="button" VALUE=" Select another map " 
 onClick="window.blur();">
</FORM>
<HR SIZE="1">
<I>Interested in graduate studies in atmospheric science?
Check out our program at the
<a href="http://www.uwyo.edu/atsc/howtoapply/"
target=_top>University of Wyoming
</a></I>
<HR SIZE="1"><FONT SIZE="-1">
Questions about the weather data provided by this site can be
addressed to <A HREF="mailto:ldoolman@uwyo.edu">
Larry Oolman (ldoolman@uwyo.edu)</A></FONT>
<HR SIZE="1">
<SCRIPT TYPE="text/javascript">
<!--
window.focus();
// -->
</SCRIPT>
</BODY>
</HTML>
