2018-08-17 12
<HTML>
<TITLE>University of Wyoming - Radiosonde Data</TITLE>
<LINK REL="StyleSheet" HREF="/resources/select.css" TYPE="text/css">
<BODY BGCOLOR="white">
<H2>97180 WAAA Ujung Pandang Observations at 00Z 17 Aug 2018</H2>
<PRE>
-----------------------------------------------------------------------------
   PRES   HGHT   TEMP   DWPT   RELH   MIXR   DRCT   SKNT   THTA   THTE   THTV
    hPa     m      C      C      %    g/kg    deg   knot     K      K      K 
-----------------------------------------------------------------------------
 1009.0     14   23.2   20.9     87  15.68      0      0  295.6  340.8  298.4
 1000.0     93   24.8   18.8     69  13.85     95      8  297.9  338.4  300.4
  986.0    217   25.8   17.8     61  13.18     98      6  300.2  339.0  302.5
  977.0    297   25.1   17.6     63  13.11    100      5  300.3  338.9  302.6
  944.0    597   22.7   16.7     69  12.84    140      5  300.7  338.7  303.0
  925.0    775   21.2   16.2     73  12.68    145      5  301.0  338.5  303.3
  912.0    897   20.4   15.6     74  12.34     90      5  301.4  338.0  303.6
  880.0   1204   18.5   14.0     75  11.51     75     11  302.5  336.8  304.6
  850.0   1502   16.6   12.4     76  10.75     80      5  303.5  335.8  305.5
  821.0   1797   14.8   11.3     79  10.32     20      7  304.7  335.8  306.6
  792.0   2102   13.0   10.1     83   9.89    355     10  305.9  335.9  307.7
  788.0   2145   13.6    5.6     58   7.29    352     11  306.9  329.4  308.3
  773.0   2307   13.6   -2.4     33   4.17    343     13  308.6  321.9  309.4
  758.0   2472   12.6   -8.4     22   2.69    333     16  309.3  318.1  309.8
  738.0   2696   11.0   -2.8     38   4.23    320     20  309.9  323.4  310.7
  733.0   2753   10.6   -1.4     43   4.73    319     20  310.1  325.1  311.0
  725.0   2844    9.4    4.7     72   7.44    317     20  309.7  332.9  311.1
  717.0   2937   10.0   -6.0     32   3.42    315     20  311.4  322.5  312.0
  705.0   3077    9.2   -3.8     40   4.12    311     20  312.0  325.3  312.8
  700.0   3136    9.2   -4.8     37   3.84    310     20  312.6  325.1  313.4
  690.0   3255    9.4  -15.6     15   1.65    305     21  314.1  319.8  314.5
  638.0   3896    5.3  -10.6     31   2.70    280     26  316.6  325.7  317.2
  617.0   4170    3.6   -8.4     41   3.30    283     24  317.7  328.7  318.3
  572.0   4779    0.0  -14.0     34   2.28    291     19  320.4  328.2  320.9
  562.0   4920    0.8  -29.2      9   0.61    293     18  323.0  325.3  323.1
  550.0   5092    0.3  -33.5      6   0.41    295     17  324.4  325.9  324.4
  529.0   5403   -0.7  -41.3      3   0.19    270     13  326.9  327.7  326.9
  528.0   5418   -0.7  -41.7      3   0.19    271     13  327.0  327.8  327.0
  511.0   5678   -1.7  -35.7      5   0.36    294      9  328.9  330.3  328.9
  510.0   5693   -1.8  -34.8      6   0.39    295      9  328.9  330.4  329.0
  500.0   5850   -3.1  -25.1     16   1.00    300      9  329.2  332.9  329.4
  454.0   6602   -9.9  -25.0     28   1.12    280     13  329.9  334.0  330.1
  435.0   6935  -12.9  -24.9     36   1.17    316     14  330.1  334.5  330.4
  420.0   7200  -14.9  -25.2     41   1.18    345     14  330.9  335.2  331.1
  404.0   7495  -17.1  -25.6     48   1.18     10     12  331.7  336.1  331.9
  400.0   7570  -17.7  -25.7     50   1.19     15     13  331.9  336.3  332.1
  395.0   7664  -18.3  -26.3     49   1.14     32     15  332.3  336.6  332.5
  388.0   7798  -18.7  -30.2     36   0.81     55     17  333.5  336.5  333.6
  385.0   7856  -18.9  -31.9     31   0.69     56     18  334.0  336.6  334.1
  362.0   8314  -20.3  -39.3     17   0.35     66     25  338.0  339.4  338.1
  343.0   8706  -23.1  -43.0     14   0.25     75     32  339.4  340.5  339.5
  303.0   9608  -29.6  -51.4     10   0.11    105     30  342.6  343.1  342.6
  300.0   9680  -30.1  -52.1     10   0.10    100     32  342.8  343.3  342.9
  283.0  10090  -32.7  -52.7     12   0.10     97     32  344.9  345.3  344.9
  254.0  10833  -40.1  -52.1     27   0.12     91     33  344.7  345.3  344.8
  250.0  10940  -41.1                          90     33  344.8         344.8
  223.0  11698  -47.2                          85     35  346.8         346.8
  200.0  12420  -53.1                          85     38  348.5         348.5
  195.0  12579  -54.4                          85     39  349.0         349.0
  168.0  13518  -62.1                          70     43  351.3         351.3
  160.0  13816  -63.8                          65     44  353.4         353.4
  150.0  14210  -66.1                          50     30  356.0         356.0
  138.0  14700  -69.8                          30     12  358.2         358.2
  131.0  15006  -72.0                           0      5  359.5         359.5
  125.0  15281  -74.1                         345      9  360.6         360.6
  119.0  15570  -76.2                           0     14  361.8         361.8
  113.0  15874  -78.5                          45     10  362.9         362.9
  107.0  16185  -78.4                         115     23  368.8         368.8
  100.0  16570  -78.3                         110     28  376.2         376.2
   96.0  16804  -76.6                         100     30  383.9         383.9
   93.4  16962  -75.5                          74     23  389.1         389.1
   87.0  17368  -77.2                           5      5  393.6         393.6
   82.0  17706  -78.7                         270      2  397.4         397.4
   79.9  17854  -79.3                         213      5  399.1         399.1
   78.0  17991  -79.2                         160      7  402.1         402.1
   73.8  18305  -78.9                         140     11  409.1         409.1
   71.6  18478  -74.9                         128     13  421.1         421.1
   70.0  18610  -72.3                         120     15  429.4         429.4
   69.0  18695  -71.9                         110     15  432.0         432.0
   67.0  18869  -71.3                          90     15  436.9         436.9
   60.9  19435  -69.5                          90     24  453.0         453.0
   57.4  19790  -68.1                          90     29  463.9         463.9
   54.8  20071  -64.3                          90     34  478.8         478.8
   50.0  20630  -65.7                          90     42  488.2         488.2
   47.7  20915  -66.9                          92     46  492.0         492.0
   45.0  21271  -63.7                          95     51  508.0         508.0
   43.2  21520  -61.5                          91     53  519.4         519.4
   39.0  22155  -60.8                          80     57  536.6         536.6
   37.5  22398  -60.5                          81     57  543.4         543.4
   33.6  23088  -55.9                          86     55  572.8         572.8
   30.4  23725  -54.7                          90     54  592.7         592.7
   30.0  23810  -54.9                          90     54  594.4         594.4
   29.0  24029  -52.9                          90     51  605.6         605.6
   28.0  24255  -50.9                          88     32  617.3         617.3
   27.0  24492  -50.9                          85     13  623.8         623.8
   25.9  24762  -50.9                          58      7  631.2         631.2
   25.0  24991  -52.0                          35      1  634.4         634.4
   24.0  25254  -53.3                         240      4  638.1         638.1
   23.4  25418  -54.1                         183      8  640.4         640.4
   23.0  25528  -54.3                         145     11  643.1         643.1
   22.1  25784  -54.7                         114     21  649.2         649.2
   22.0  25813  -54.6                         110     22  650.3         650.3
   21.4  25990  -54.1                         107     12  657.0         657.0
   21.0  26112  -51.8                         105      6  667.4         667.4
   20.7  26205  -50.1                         145      7  675.4         675.4
   20.0  26430  -50.1                         240     10  682.1         682.1
   19.0  26764  -51.1                         175     10  689.0         689.0
   18.8  26833  -51.3                                     690.5         690.5
</PRE><H3>Station information and sounding indices</H3><PRE>
                         Station identifier: WAAA
                             Station number: 97180
                           Observation time: 180817/0000
                           Station latitude: -5.06
                          Station longitude: 119.55
                          Station elevation: 14.0
                            Showalter index: 5.59
                               Lifted index: 4.26
    LIFT computed using virtual temperature: 3.71
                                SWEAT index: 167.78
                                    K index: 18.10
                         Cross totals index: 15.50
                      Vertical totals index: 19.70
                        Totals totals index: 35.20
      Convective Available Potential Energy: 0.00
             CAPE using virtual temperature: 0.00
                      Convective Inhibition: 0.00
             CINS using virtual temperature: 0.00
                     Bulk Richardson Number: 0.00
          Bulk Richardson Number using CAPV: 0.00
  Temp [K] of the Lifted Condensation Level: 289.60
Pres [hPa] of the Lifted Condensation Level: 889.53
     Mean mixed layer potential temperature: 299.47
              Mean mixed layer mixing ratio: 13.44
              1000 hPa to 500 hPa thickness: 5757.00
Precipitable water [mm] for entire sounding: 36.03
</PRE>
<P>Description of the 
<A HREF="/upperair/columns.html">data columns</A>
or <A HREF="/upperair/indices.html">sounding indices</A>.

<P>
<FORM>
<INPUT CLASS="button" TYPE="button" VALUE=" Close this window " 
 onClick="window.close();">
<INPUT CLASS="button" TYPE="button" VALUE=" Select another map " 
 onClick="window.blur();">
</FORM>
<HR SIZE="1">
<I>Interested in graduate studies in atmospheric science?
Check out our program at the
<a href="http://www.uwyo.edu/atsc/howtoapply/"
target=_top>University of Wyoming
</a></I>
<HR SIZE="1"><FONT SIZE="-1">
Questions about the weather data provided by this site can be
addressed to <A HREF="mailto:ldoolman@uwyo.edu">
Larry Oolman (ldoolman@uwyo.edu)</A></FONT>
<HR SIZE="1">
<SCRIPT TYPE="text/javascript">
<!--
window.focus();
// -->
</SCRIPT>
</BODY>
</HTML>
