2017-09-01 12
<HTML>
<TITLE>University of Wyoming - Radiosonde Data</TITLE>
<LINK REL="StyleSheet" HREF="/resources/select.css" TYPE="text/css">
<BODY BGCOLOR="white">
<H2>97180 WAAA Ujung Pandang Observations at 00Z 01 Sep 2017</H2>
<PRE>
-----------------------------------------------------------------------------
   PRES   HGHT   TEMP   DWPT   RELH   MIXR   DRCT   SKNT   THTA   THTE   THTV
    hPa     m      C      C      %    g/kg    deg   knot     K      K      K 
-----------------------------------------------------------------------------
 1011.0     14   26.0   18.0     61  13.01      0      0  298.2  336.3  300.5
 1000.0    107   26.6   14.6     48  10.55     85     10  299.8  330.9  301.6
  998.0    125   26.8   13.8     45  10.03     85     10  300.1  329.9  301.9
  978.0    302   25.9   13.4     46   9.99     85     12  300.9  330.7  302.8
  945.0    602   24.4   12.8     48   9.92    115     11  302.4  332.0  304.2
  925.0    789   23.4   12.4     50   9.87    115     12  303.2  332.9  305.0
  902.0   1008   22.6   12.6     53  10.26    103     11  304.6  335.6  306.5
  850.0   1520   18.6   10.6     60   9.53     75     10  305.6  334.5  307.4
  823.0   1796   16.6    9.2     62   8.95     75      9  306.3  333.6  307.9
  808.0   1953   15.4    8.4     63   8.63     60      9  306.7  333.1  308.3
  794.0   2101   14.3    8.5     68   8.86     45      9  307.1  334.2  308.7
  774.0   2316   12.8    8.7     76   9.20     49     13  307.7  335.9  309.4
  766.0   2404   12.6    7.9     73   8.80     50     15  308.4  335.5  310.0
  765.0   2415   12.6    7.8     73   8.75     52     15  308.5  335.4  310.1
  757.0   2503   13.8    1.8     44   5.79     67     16  310.7  329.0  311.8
  743.0   2660   14.4   -9.6     18   2.50     94     17  313.0  321.3  313.5
  740.0   2694   14.2  -10.2     18   2.40    100     17  313.1  321.1  313.6
  700.0   3160   11.2  -17.8     11   1.36     90     22  314.9  319.6  315.1
  619.0   4170    5.2  -22.8     11   0.99     83     19  319.2  322.8  319.4
  596.0   4477    2.6  -12.4     32   2.49     81     18  319.7  328.2  320.2
  590.0   4558    2.2  -17.8     21   1.61     81     18  320.1  325.8  320.5
  573.0   4792    0.0   -8.0     55   3.67     79     17  320.3  332.6  321.0
  559.0   4990   -0.5  -15.5     31   2.06     78     16  321.9  329.1  322.3
  552.0   5090   -1.1  -12.1     43   2.75     77     16  322.4  331.8  322.9
  542.0   5235   -1.7  -20.7     22   1.36     76     16  323.4  328.2  323.6
  531.0   5397   -3.2  -12.1     50   2.86     75     15  323.5  333.3  324.1
  530.0   5412   -3.3  -11.3     54   3.06     75     15  323.5  334.0  324.1
  523.0   5517   -3.7  -13.7     46   2.55     79     13  324.3  333.1  324.8
  521.0   5547   -3.9  -14.9     42   2.32     80     13  324.4  332.5  324.8
  520.0   5562   -3.7  -21.7     23   1.30     80     13  324.8  329.5  325.1
  516.0   5623   -3.5  -27.5     14   0.78     82     12  325.8  328.7  325.9
  509.0   5730   -4.5  -19.5     30   1.61     86     11  325.8  331.6  326.1
  500.0   5870   -5.3  -22.3     25   1.29     90      9  326.5  331.2  326.8
  490.0   6028   -6.1  -36.1      7   0.36     97     11  327.4  328.8  327.5
  473.0   6299   -8.3  -33.7     11   0.47    110     14  328.0  329.9  328.1
  438.0   6889  -13.1  -28.4     26   0.84    100      6  329.3  332.4  329.4
  421.0   7193  -15.5  -25.8     41   1.12     35      5  329.9  334.0  330.1
  417.0   7266  -16.1  -25.1     46   1.20     35      6  330.0  334.5  330.3
  404.0   7505  -15.9  -26.8     39   1.07     35     11  333.3  337.3  333.5
  403.0   7524  -15.9  -26.9     38   1.06     35     11  333.5  337.5  333.7
  400.0   7580  -15.9  -27.9     35   0.97     35     10  334.2  337.9  334.4
  388.0   7808  -17.0  -29.5     33   0.86     60      4  335.7  339.0  335.9
  375.0   8063  -18.3  -31.3     31   0.75    112      7  337.3  340.2  337.4
  373.0   8102  -18.6  -31.5     31   0.74    120      7  337.4  340.2  337.5
  317.0   9281  -28.7  -37.2     44   0.50    120     23  339.4  341.4  339.5
  300.0   9680  -32.1  -39.1     50   0.43    105     24  340.0  341.8  340.1
  285.0  10040  -35.3  -40.3     60   0.40     97     28  340.5  342.1  340.5
  261.0  10647  -40.1  -47.1     47   0.21     84     34  342.1  343.0  342.1
  255.0  10805  -41.1                          80     36  342.9         342.9
  250.0  10940  -41.9                          80     37  343.6         343.6
  203.0  12312  -53.1                          55     54  347.0         347.0
  200.0  12410  -53.9                          55     56  347.2         347.2
  187.0  12838  -57.3                          57     58  348.5         348.5
  160.0  13812  -61.9                          60     62  356.6         356.6
  158.0  13891  -62.3                          61     59  357.2         357.2
  150.0  14210  -64.3                          65     47  359.1         359.1
  132.0  14977  -70.8                          75     18  361.0         361.0
  128.0  15161  -72.3                          95     14  361.4         361.4
  125.0  15300  -73.2                         110     11  362.1         362.1
  119.0  15587  -75.2                         165      9  363.7         363.7
  118.0  15636  -75.5                         167      9  364.0         364.0
  113.0  15886  -75.9                         180      7  367.7         367.7
  100.0  16590  -77.1                         160     17  378.5         378.5
   97.0  16765  -78.4                         160     18  379.3         379.3
   95.0  16884  -79.3                         160     15  379.8         379.8
   92.0  17068  -79.1                         160      7  383.8         383.8
   87.0  17387  -78.7                         330      5  390.8         390.8
   85.3  17500  -78.5                         326      6  393.3         393.3
   82.5  17693  -75.3                         320      8  403.6         403.6
   78.6  17974  -75.9                         311     11  407.9         407.9
   78.0  18019  -75.3                         310     11  410.0         410.0
   74.0  18330  -71.5                         280     16  424.3         424.3
   72.0  18491  -69.5                         280     18  431.9         431.9
   70.0  18660  -69.7                         280     21  434.9         434.9
   67.0  18919  -70.1                         290     30  439.6         439.6
   61.0  19474  -70.9                         265     37  449.8         449.8
   60.7  19504  -70.9                         265     37  450.4         450.4
   55.0  20092  -68.7                         275     32  468.3         468.3
   50.0  20660  -66.5                         260     26  486.4         486.4
   47.6  20960  -63.1                         256     24  501.4         501.4
   47.0  21038  -62.9                         255     23  503.8         503.8
   45.0  21307  -62.0                         265     12  512.1         512.1
   43.8  21474  -61.5                         292     10  517.3         517.3
   43.0  21588  -61.7                         310      8  519.5         519.5
   41.0  21882  -62.3                         330      8  525.2         525.2
   39.0  22190  -62.9                          65     13  531.3         531.3
   37.6  22416  -63.3                          69     18  535.8         535.8
   34.9  22876  -61.1                          77     29  553.1         553.1
   31.0  23608  -63.2                          90     46  566.3         566.3
   30.9  23628  -63.3                          90     46  566.7         566.7
   30.0  23810  -63.5                          85     45  571.0         571.0
   26.7  24526  -62.5                          85     51  593.1         593.1
   25.7  24763  -59.7                          85     53  607.6         607.6
   25.0  24935  -59.6                          85     55  612.6         612.6
   20.0  26330  -59.1                          85     59  654.5         654.5
   18.4  26853  -58.9                          85     58  671.0         671.0
   17.0  27353  -55.9                          85     58  695.8         695.8
   16.9  27390  -55.7                                     697.7         697.7
</PRE><H3>Station information and sounding indices</H3><PRE>
                         Station identifier: WAAA
                             Station number: 97180
                           Observation time: 170901/0000
                           Station latitude: -5.06
                          Station longitude: 119.55
                          Station elevation: 14.0
                            Showalter index: 3.93
                               Lifted index: 5.47
    LIFT computed using virtual temperature: 5.14
                                SWEAT index: 156.20
                                    K index: 5.50
                         Cross totals index: 15.90
                      Vertical totals index: 23.90
                        Totals totals index: 39.80
      Convective Available Potential Energy: 0.00
             CAPE using virtual temperature: 0.00
                      Convective Inhibition: 0.00
             CINS using virtual temperature: 0.00
                     Bulk Richardson Number: 0.00
          Bulk Richardson Number using CAPV: 0.00
  Temp [K] of the Lifted Condensation Level: 284.45
Pres [hPa] of the Lifted Condensation Level: 824.45
     Mean mixed layer potential temperature: 300.59
              Mean mixed layer mixing ratio: 10.34
              1000 hPa to 500 hPa thickness: 5763.00
Precipitable water [mm] for entire sounding: 31.53
</PRE>
<P>Description of the 
<A HREF="/upperair/columns.html">data columns</A>
or <A HREF="/upperair/indices.html">sounding indices</A>.

<P>
<FORM>
<INPUT CLASS="button" TYPE="button" VALUE=" Close this window " 
 onClick="window.close();">
<INPUT CLASS="button" TYPE="button" VALUE=" Select another map " 
 onClick="window.blur();">
</FORM>
<HR SIZE="1">
<I>Interested in graduate studies in atmospheric science?
Check out our program at the
<a href="http://www.uwyo.edu/atsc/howtoapply/"
target=_top>University of Wyoming
</a></I>
<HR SIZE="1"><FONT SIZE="-1">
Questions about the weather data provided by this site can be
addressed to <A HREF="mailto:ldoolman@uwyo.edu">
Larry Oolman (ldoolman@uwyo.edu)</A></FONT>
<HR SIZE="1">
<SCRIPT TYPE="text/javascript">
<!--
window.focus();
// -->
</SCRIPT>
</BODY>
</HTML>
