2018-06-27 00
<HTML>
<TITLE>University of Wyoming - Radiosonde Data</TITLE>
<LINK REL="StyleSheet" HREF="/resources/select.css" TYPE="text/css">
<BODY BGCOLOR="white">
<H2>97180 WAAA Ujung Pandang Observations at 00Z 27 Jun 2018</H2>
<PRE>
-----------------------------------------------------------------------------
   PRES   HGHT   TEMP   DWPT   RELH   MIXR   DRCT   SKNT   THTA   THTE   THTV
    hPa     m      C      C      %    g/kg    deg   knot     K      K      K 
-----------------------------------------------------------------------------
 1010.0     14   25.0   23.9     94  18.90      0      0  297.3  352.2  300.7
 1009.0     22   24.0   22.8     93  17.67      2      0  296.4  347.5  299.5
 1003.0     73   23.2   22.2     94  17.12     17      2  296.1  345.6  299.1
 1000.0     99   23.8   21.6     88  16.54     25      3  296.9  344.9  299.9
  978.0    295   23.8   20.0     79  15.32      0      0  298.8  343.7  301.6
  968.0    386   23.8   19.3     76  14.78     30      1  299.7  343.1  302.4
  945.0    597   22.3   17.9     76  13.87    100      5  300.3  341.1  302.8
  925.0    785   21.0   16.7     76  13.10    110     11  300.8  339.5  303.1
  870.0   1311   17.0   15.0     88  12.48    103     26  301.9  339.0  304.2
  850.0   1509   16.4   14.7     90  12.52    100     31  303.3  340.7  305.6
  822.0   1795   15.7   13.5     86  11.95    100     30  305.5  341.6  307.7
  816.0   1857   15.6   13.2     86  11.82    102     30  306.0  341.8  308.2
  766.0   2390   12.9    9.9     82  10.12    115     27  308.7  339.7  310.5
  700.0   3148    9.0    5.3     78   8.04     95     22  312.4  337.6  313.9
  687.0   3304    8.3    4.3     76   7.65     90     21  313.4  337.5  314.8
  684.0   3340    8.2    4.1     75   7.56     90     21  313.6  337.5  315.0
  593.0   4505    0.0   -0.8     94   6.12     98     23  317.1  336.9  318.3
  580.0   4683   -1.3   -1.9     96   5.77     99     23  317.6  336.3  318.7
  571.0   4807   -1.9   -2.4     97   5.66    100     23  318.3  336.7  319.4
  563.0   4920   -2.5   -2.8     98   5.56     94     24  318.9  337.1  320.0
  550.0   5106   -2.7   -2.7    100   5.74     85     25  320.8  339.7  321.9
  548.0   5135   -2.9   -2.9    100   5.67     83     25  320.9  339.6  322.0
  547.0   5149   -1.7   -2.1     97   6.03     83     25  322.5  342.4  323.7
  530.0   5399   -3.4   -4.0     96   5.40     70     26  323.4  341.4  324.5
  500.0   5860   -6.5   -7.5     93   4.38     70     28  325.1  339.8  325.9
  475.0   6259   -8.5  -10.2     88   3.73     74     24  327.4  340.2  328.1
  466.0   6406  -10.7  -15.0     71   2.57     76     22  326.4  335.4  326.9
  455.0   6589  -12.3  -18.3     61   2.00     78     20  326.7  333.7  327.1
  450.0   6673  -12.7  -19.7     56   1.79     79     19  327.2  333.6  327.6
  446.0   6742  -11.3  -14.7     76   2.76     80     18  329.8  339.5  330.4
  444.0   6776  -11.1  -14.1     79   2.91     80     18  330.5  340.7  331.1
  420.0   7200  -13.0  -18.4     64   2.15     85     13  333.3  341.1  333.8
  414.0   7310  -13.5  -19.5     61   1.98     88     13  334.1  341.3  334.5
  400.0   7570  -15.1  -21.1     60   1.79     95     14  335.3  341.8  335.6
  366.0   8233  -20.3  -26.3     59   1.23    111     18  337.0  341.6  337.2
  358.0   8395  -21.6  -26.4     65   1.24    115     19  337.3  342.0  337.6
  340.0   8772  -24.7  -26.8     83   1.26     87     16  338.1  342.9  338.4
  330.0   8987  -26.2  -28.1     84   1.15     70     14  339.0  343.4  339.2
  320.0   9209  -27.7  -29.5     85   1.04     75     14  339.9  343.9  340.1
  313.0   9368  -28.5  -32.9     66   0.77     78     15  340.9  344.0  341.1
  309.0   9460  -28.5  -35.5     51   0.60     80     15  342.2  344.6  342.3
  300.0   9670  -29.9  -37.9     46   0.49     85     15  343.1  345.1  343.2
  278.0  10201  -34.3  -43.6     38   0.29     80     12  344.4  345.6  344.4
  252.0  10886  -39.9  -50.9     30   0.14     57     16  345.8  346.4  345.9
  250.0  10940  -40.5                          55     16  345.7         345.7
  223.0  11698  -47.5                          15     15  346.5         346.5
  200.0  12420  -54.1                          25     13  346.9         346.9
  185.0  12902  -58.4                          45      9  347.8         347.8
  177.0  13176  -60.8                          70      8  348.2         348.2
  168.0  13499  -63.7                          75      8  348.7         348.7
  160.0  13801  -66.4                         100      6  349.1         349.1
  150.0  14200  -69.9                          90      6  349.5         349.5
  138.0  14688  -74.3                         115      9  350.2         350.2
  124.0  15300  -77.6                         120     17  355.1         355.1
  118.0  15584  -79.1                         101     17  357.4         357.4
  112.0  15879  -79.0                          80     18  362.8         362.8
  100.0  16520  -78.9                         115     16  375.0         375.0
   95.7  16772  -76.1                         115     18  385.2         385.2
   95.0  16815  -76.0                         115     18  386.2         386.2
   91.0  17065  -75.4                         100     17  392.1         392.1
   86.0  17394  -74.7                         260      5  400.0         400.0
   82.2  17656  -74.1                         260      6  406.4         406.4
   82.0  17671  -74.0                         260      6  407.0         407.0
   78.0  17966  -71.3                         280     26  418.4         418.4
   76.3  18096  -70.1                         270     32  423.5         423.5
   74.0  18278  -70.0                         255     40  427.6         427.6
   70.0  18610  -69.7                         250     34  434.9         434.9
   67.0  18872  -69.1                         250     21  441.6         441.6
   59.1  19622  -67.5                         157     16  461.4         461.4
   57.0  19838  -68.2                         130     14  464.6         464.6
   55.0  20052  -69.0                          90     22  467.7         467.7
   53.0  20273  -69.7                          82     27  470.9         470.9
   50.0  20620  -68.9                          70     36  480.7         480.7
   47.7  20904  -66.5                          74     38  492.9         492.9
   47.0  20993  -66.6                          75     38  494.9         494.9
   42.6  21588  -67.1                          83     49  507.7         507.7
   41.1  21806  -63.1                          86     53  522.8         522.8
   39.0  22135  -61.8                          90     59  533.9         533.9
   30.0  23780  -55.5                          90     58  592.7         592.7
   26.8  24503  -52.9                          88     61  619.5         619.5
   24.2  25160  -53.5                          87     64  636.1         636.1
   21.0  26075  -52.2                          85     68  666.4         666.4
   20.9  26105  -52.1                          85     68  667.4         667.4
   20.4  26262  -51.9                          82     66  672.7         672.7
   20.0  26390  -50.9                          80     65  679.6         679.6
   19.4  26589  -47.9                          76     57  694.8         694.8
   17.1  27422  -47.5                          61     25  721.6         721.6
   17.0  27461  -47.4                          60     24  723.2         723.2
   16.0  27863  -46.2                           5      5  739.6         739.6
   15.4  28117  -45.5                                     750.1         750.1
</PRE><H3>Station information and sounding indices</H3><PRE>
                         Station identifier: WAAA
                             Station number: 97180
                           Observation time: 180627/0000
                           Station latitude: -5.06
                          Station longitude: 119.55
                          Station elevation: 14.0
                            Showalter index: 0.10
                               Lifted index: -1.20
    LIFT computed using virtual temperature: -1.33
                                SWEAT index: 266.40
                                    K index: 33.90
                         Cross totals index: 21.20
                      Vertical totals index: 22.90
                        Totals totals index: 44.10
      Convective Available Potential Energy: 162.39
             CAPE using virtual temperature: 191.61
                      Convective Inhibition: -71.08
             CINS using virtual temperature: -24.47
                           Equilibrum Level: 337.71
 Equilibrum Level using virtual temperature: 335.97
                   Level of Free Convection: 670.67
             LFCT using virtual temperature: 878.66
                     Bulk Richardson Number: 3.22
          Bulk Richardson Number using CAPV: 3.80
  Temp [K] of the Lifted Condensation Level: 292.78
Pres [hPa] of the Lifted Condensation Level: 936.14
     Mean mixed layer potential temperature: 298.37
              Mean mixed layer mixing ratio: 15.66
              1000 hPa to 500 hPa thickness: 5761.00
Precipitable water [mm] for entire sounding: 55.65
</PRE>
<P>Description of the 
<A HREF="/upperair/columns.html">data columns</A>
or <A HREF="/upperair/indices.html">sounding indices</A>.

<P>
<FORM>
<INPUT CLASS="button" TYPE="button" VALUE=" Close this window " 
 onClick="window.close();">
<INPUT CLASS="button" TYPE="button" VALUE=" Select another map " 
 onClick="window.blur();">
</FORM>
<HR SIZE="1">
<I>Interested in graduate studies in atmospheric science?
Check out our program at the
<a href="http://www.uwyo.edu/atsc/howtoapply/"
target=_top>University of Wyoming
</a></I>
<HR SIZE="1"><FONT SIZE="-1">
Questions about the weather data provided by this site can be
addressed to <A HREF="mailto:ldoolman@uwyo.edu">
Larry Oolman (ldoolman@uwyo.edu)</A></FONT>
<HR SIZE="1">
<SCRIPT TYPE="text/javascript">
<!--
window.focus();
// -->
</SCRIPT>
</BODY>
</HTML>
