2018-11-13 12
<HTML>
<TITLE>University of Wyoming - Radiosonde Data</TITLE>
<LINK REL="StyleSheet" HREF="/resources/select.css" TYPE="text/css">
<BODY BGCOLOR="white">
<H2>97180 WAAA Ujung Pandang Observations at 00Z 13 Nov 2018</H2>
<PRE>
-----------------------------------------------------------------------------
   PRES   HGHT   TEMP   DWPT   RELH   MIXR   DRCT   SKNT   THTA   THTE   THTV
    hPa     m      C      C      %    g/kg    deg   knot     K      K      K 
-----------------------------------------------------------------------------
 1009.0     14   26.8   23.4     82  18.34      0      0  299.2  352.9  302.5
 1000.0     89   26.2   21.2     74  16.13     95      2  299.4  346.6  302.2
  992.0    160   26.2   21.4     75  16.47     84      2  300.0  348.5  303.0
  964.0    413   24.2   22.8     92  18.51     46      2  300.5  355.0  303.8
  938.0    654   23.6   18.6     74  14.60      9      3  302.2  345.6  304.9
  925.0    776   22.8   16.8     69  13.18    350      3  302.6  341.9  305.0
  912.0    899   22.1   16.1     69  12.75      0      1  303.1  341.1  305.4
  881.0   1200   20.3   14.3     68  11.73     70      2  304.2  339.5  306.4
  851.0   1501   18.5   12.5     68  10.78      0      0  305.4  338.0  307.4
  850.0   1511   18.4   12.4     68  10.75      0      0  305.4  337.9  307.4
  822.0   1797   16.8   10.3     66   9.68     35      4  306.7  336.2  308.5
  794.0   2092   15.2    8.2     63   8.66     88      8  308.0  334.6  309.6
  793.0   2103   15.1    8.2     63   8.68     90      8  308.0  334.7  309.6
  758.0   2484   13.0    8.6     75   9.33     87     11  309.7  338.6  311.5
  739.0   2698   12.4    4.7     59   7.28     85     12  311.3  334.2  312.7
  732.0   2777   12.2    3.2     54   6.62    105     10  311.9  332.9  313.2
  722.0   2893   12.2    0.2     44   5.41    134      6  313.2  330.5  314.2
  717.0   2951   12.8   -1.2     38   4.91    148      4  314.5  330.3  315.4
  715.0   2974   13.0   -2.0     35   4.64    154      4  314.9  330.0  315.8
  713.0   2998   12.7   -0.3     41   5.29    160      3  314.9  331.9  315.9
  712.0   3010   12.6    0.6     44   5.65    162      3  314.9  333.0  315.9
  711.0   3021   12.4    4.4     58   7.43    164      3  314.8  338.4  316.2
  700.0   3152   11.2    5.2     67   7.98    185      5  314.9  340.2  316.4
  688.0   3296   10.2    4.6     69   7.80    180      5  315.2  340.0  316.7
  675.0   3455    9.0    4.0     71   7.61    177      5  315.7  339.9  317.1
  663.0   3603    8.0    2.7     69   7.06    175      5  316.1  338.7  317.5
  632.0   3997    5.2   -0.8     65   5.74    205      5  317.3  336.0  318.4
  627.0   4062    4.8   -2.2     60   5.22    210      5  317.6  334.6  318.6
  623.0   4114    5.2   -5.8     45   4.00    214      5  318.6  331.9  319.4
  618.0   4180    5.0   -4.0     52   4.63    219      5  319.1  334.4  320.0
  617.0   4193    4.9   -4.2     52   4.56    220      5  319.2  334.3  320.1
  580.0   4695    2.6  -12.4     32   2.56    167      7  322.2  331.0  322.7
  574.0   4779    2.0   -8.0     48   3.67    158      8  322.4  334.8  323.2
  569.0   4850    1.2   -7.8     51   3.76    151      8  322.3  335.0  323.0
  567.0   4878    1.0   -8.0     51   3.71    148      8  322.4  334.9  323.1
  563.0   4935    1.6  -16.4     25   1.90    142      8  323.8  330.4  324.1
  552.0   5094    0.7  -17.8     24   1.72    125      9  324.6  330.6  324.9
  543.0   5225    0.0  -19.0     22   1.58    117     10  325.2  330.9  325.5
  521.0   5555   -2.1  -26.1     14   0.88     96     13  326.6  329.8  326.7
  500.0   5880   -4.9  -18.9     33   1.73     75     15  327.0  333.2  327.3
  493.0   5990   -5.7  -17.8     38   1.92     80     18  327.3  334.1  327.7
  478.0   6232   -7.5  -15.5     53   2.41     83     18  328.0  336.5  328.5
  473.0   6314   -7.7  -17.7     45   2.02     84     18  328.8  336.0  329.2
  464.0   6463   -7.5  -30.5     14   0.65     86     18  330.8  333.3  330.9
  422.0   7190  -12.5  -37.4     11   0.37     95     19  333.5  335.0  333.6
  400.0   7600  -15.3  -41.3      9   0.26    100      8  335.0  336.1  335.1
  395.0   7695  -15.9  -41.9      9   0.25    102      7  335.4  336.4  335.5
  390.0   7790  -16.4  -42.8      8   0.23    105      6  336.0  336.9  336.0
  382.0   7946  -17.3  -44.3      8   0.20     91      5  336.8  337.6  336.9
  373.0   8124  -19.1  -27.1     49   1.12     75      4  336.7  341.0  337.0
  369.0   8204  -19.7  -27.7     49   1.07     68      3  337.0  341.1  337.2
  367.0   8244  -19.9  -25.9     59   1.27     65      3  337.2  342.0  337.5
  365.0   8285  -20.1  -24.6     67   1.44     61      3  337.5  342.9  337.8
  361.0   8366  -20.5  -25.0     67   1.40     54      2  338.0  343.3  338.3
  360.0   8387  -20.7  -25.1     68   1.39     52      2  338.0  343.3  338.3
  359.0   8407  -20.9  -28.1     52   1.06     50      2  338.0  342.1  338.2
  358.0   8428  -21.1  -31.1     40   0.80     52      2  338.0  341.1  338.2
  357.0   8448  -20.7  -41.7     13   0.28     55      2  338.8  340.0  338.9
  356.0   8469  -20.7  -45.7      9   0.18     57      2  339.1  339.9  339.1
  345.0   8699  -22.6  -41.0     17   0.31     85      3  339.7  340.9  339.7
  336.0   8893  -24.1  -37.1     29   0.47     21      3  340.1  342.0  340.2
  331.0   9002  -24.8  -38.9     26   0.40    345      3  340.6  342.3  340.7
  323.0   9180  -25.9  -41.9     21   0.30    272      3  341.5  342.7  341.5
  321.0   9224  -26.3  -40.3     26   0.36    253      3  341.5  343.0  341.6
  319.0   9270  -25.9  -52.9      6   0.09    234      3  342.7  343.1  342.7
  318.0   9292  -26.1  -53.0      6   0.09    225      3  342.7  343.1  342.7
  300.0   9710  -29.9  -53.9      8   0.08    240      5  343.1  343.5  343.1
  280.0  10187  -33.8  -53.2     12   0.10    250      6  344.4  344.8  344.4
  268.0  10490  -36.2  -52.8     16   0.11    275      8  345.2  345.6  345.2
  250.0  10970  -40.1  -52.1     27   0.12    250      4  346.3  346.9  346.3
  246.0  11077  -41.0                         245      2  346.6         346.6
  235.0  11380  -43.6                         275      2  347.2         347.2
  225.0  11669  -46.0                         270      3  347.8         347.8
  215.0  11970  -48.6                         305      5  348.4         348.4
  200.0  12450  -52.7                         325      6  349.1         349.1
  187.0  12868  -56.2                         350      6  350.3         350.3
  178.0  13175  -58.8                         330      6  351.0         351.0
  170.0  13461  -61.2                         355      5  351.7         351.7
  150.0  14240  -67.7                         325      8  353.3         353.3
  139.0  14676  -71.3                         300      8  354.6         354.6
  132.0  14971  -73.8                         300      7  355.5         355.5
  113.0  15861  -81.2                         350     10  357.8         357.8
  107.0  16173  -83.9                          15     11  358.5         358.5
  100.0  16560  -87.1                          40      8  359.2         359.2
   96.0  16780  -88.4                          50     11  360.8         360.8
   91.2  17057  -90.1                          80     19  362.8         362.8
   91.0  17069  -90.0                          85     21  363.2         363.2
   86.3  17355  -87.9                          80     27  373.0         373.0
   82.6  17597  -80.5                          77     33  392.8         392.8
   81.0  17708  -78.2                          75     35  399.9         399.9
   79.1  17844  -75.3                          70     24  408.4         408.4
   77.0  17999  -75.4                          65     12  411.3         411.3
   73.0  18308  -75.7                          35      6  417.1         417.1
   70.0  18550  -75.9                          80     10  421.7         421.7
   69.4  18600  -75.9                          88     12  422.7         422.7
   67.7  18745  -72.9                         111     17  432.2         432.2
   66.0  18895  -73.0                         135     22  435.2         435.2
   60.0  19455  -73.2                          90     35  446.6         446.6
   54.3  20043  -73.5                          85     41  458.9         458.9
   50.0  20530  -71.5                          80     46  474.6         474.6
   46.0  21028  -66.9                          85     44  497.2         497.2
   45.7  21067  -66.5                          85     43  499.0         499.0
   43.6  21352  -66.3                          85     40  506.3         506.3
   42.0  21582  -62.3                          85     37  521.5         521.5
   41.2  21700  -60.3                          81     33  529.4         529.4
   40.0  21886  -58.7                          75     26  538.0         538.0
   38.0  22209  -55.9                          35     12  553.1         553.1
   37.6  22276  -55.3                          16     12  556.2         556.2
   36.0  22551  -56.3                         300     12  560.5         560.5
   32.0  23294  -59.1                         225     25  572.2         572.2
   31.0  23494  -59.9                         225     22  575.4         575.4
   30.0  23700  -57.1                         210     18  588.4         588.4
   29.9  23721  -56.9                         208     18  589.5         589.5
   29.0  23913  -56.8                         190     15  595.0         595.0
   27.2  24317  -56.5                         186     11  606.8         606.8
   27.0  24363  -56.3                         185     11  608.6         608.6
   26.0  24602  -55.2                         155      9  618.2         618.2
   25.5  24725  -54.7                         234      7  623.2         623.2
   25.0  24853  -53.1                         315      4  631.3         631.3
   24.0  25116  -49.8                         280     16  648.3         648.3
   23.5  25252  -48.1                         278     19  657.2         657.2
   22.6  25509  -46.1                         273     24  670.5         670.5
   20.0  26310  -49.3                         260     40  684.5         684.5
   17.4  27215  -52.9                         285     31  700.8         700.8
   16.0  27758  -52.4                         295     36  719.5         719.5
   14.0  28623  -51.6                         270     28  750.2         750.2
   13.0  29103  -51.1                         275     29  767.8         767.8
   12.5  29357  -50.9                                     777.3         777.3
</PRE><H3>Station information and sounding indices</H3><PRE>
                         Station identifier: WAAA
                             Station number: 97180
                           Observation time: 181113/0000
                           Station latitude: -5.06
                          Station longitude: 119.55
                          Station elevation: 14.0
                            Showalter index: 2.86
                               Lifted index: -2.16
    LIFT computed using virtual temperature: -2.91
                                SWEAT index: 163.80
                                    K index: 29.70
                         Cross totals index: 17.30
                      Vertical totals index: 23.30
                        Totals totals index: 40.60
      Convective Available Potential Energy: 591.26
             CAPE using virtual temperature: 780.55
                      Convective Inhibition: -50.43
             CINS using virtual temperature: -25.18
                           Equilibrum Level: 184.66
 Equilibrum Level using virtual temperature: 184.58
                   Level of Free Convection: 807.35
             LFCT using virtual temperature: 861.92
                     Bulk Richardson Number: 582.93
          Bulk Richardson Number using CAPV: 769.56
  Temp [K] of the Lifted Condensation Level: 294.33
Pres [hPa] of the Lifted Condensation Level: 934.07
     Mean mixed layer potential temperature: 300.13
              Mean mixed layer mixing ratio: 17.31
              1000 hPa to 500 hPa thickness: 5791.00
Precipitable water [mm] for entire sounding: 46.23
</PRE>
<P>Description of the 
<A HREF="/upperair/columns.html">data columns</A>
or <A HREF="/upperair/indices.html">sounding indices</A>.

<P>
<FORM>
<INPUT CLASS="button" TYPE="button" VALUE=" Close this window " 
 onClick="window.close();">
<INPUT CLASS="button" TYPE="button" VALUE=" Select another map " 
 onClick="window.blur();">
</FORM>
<HR SIZE="1">
<I>Interested in graduate studies in atmospheric science?
Check out our program at the
<a href="http://www.uwyo.edu/atsc/howtoapply/"
target=_top>University of Wyoming
</a></I>
<HR SIZE="1"><FONT SIZE="-1">
Questions about the weather data provided by this site can be
addressed to <A HREF="mailto:ldoolman@uwyo.edu">
Larry Oolman (ldoolman@uwyo.edu)</A></FONT>
<HR SIZE="1">
<SCRIPT TYPE="text/javascript">
<!--
window.focus();
// -->
</SCRIPT>
</BODY>
</HTML>
