2018-04-29 00
<HTML>
<TITLE>University of Wyoming - Radiosonde Data</TITLE>
<LINK REL="StyleSheet" HREF="/resources/select.css" TYPE="text/css">
<BODY BGCOLOR="white">
<H2>97180 WAAA Ujung Pandang Observations at 00Z 29 Apr 2018</H2>
<PRE>
-----------------------------------------------------------------------------
   PRES   HGHT   TEMP   DWPT   RELH   MIXR   DRCT   SKNT   THTA   THTE   THTV
    hPa     m      C      C      %    g/kg    deg   knot     K      K      K 
-----------------------------------------------------------------------------
 1010.0     14   26.0   22.8     83  17.65      0      0  298.3  349.8  301.4
 1009.0     23   24.2   18.2     69  13.21     12      1  296.6  334.9  298.9
 1004.0     66   23.8   16.8     65  12.13     75      4  296.6  331.9  298.8
 1000.0    101   24.6   17.6     65  12.82    125      7  297.8  335.2  300.0
  993.0    163   26.8   15.8     51  11.49    130      7  300.6  334.6  302.6
  978.0    297   26.0   15.0     51  11.07    140      8  301.0  333.9  303.0
  925.0    788   23.0   12.0     50   9.61    155      9  302.8  331.7  304.6
  913.0    900   22.3   11.1     49   9.19    160      8  303.2  330.9  304.9
  882.0   1197   20.4    8.8     47   8.15    145      5  304.3  329.0  305.8
  851.0   1505   18.5    6.5     46   7.17     70      5  305.4  327.3  306.7
  850.0   1515   18.4    6.4     45   7.14     65      6  305.4  327.3  306.7
  822.0   1802   16.4    4.4     45   6.40     55      3  306.2  326.0  307.4
  817.0   1854   16.0    4.0     45   6.28     79      3  306.3  325.8  307.5
  794.0   2097   15.2    0.8     38   5.15    190      2  308.0  324.2  309.0
  788.0   2161   15.0    0.0     36   4.88    188      3  308.4  323.8  309.4
  782.0   2226   16.0   -6.0     22   3.14    186      3  310.2  320.4  310.8
  731.0   2795   11.6   -9.4     22   2.58    167      9  311.4  319.9  311.9
  713.0   3003   11.2  -11.8     19   2.19    160     11  313.2  320.5  313.6
  704.0   3109   11.0  -13.0     17   2.01    163     11  314.1  320.9  314.5
  700.0   3157   10.8  -13.2     17   1.99    165     11  314.4  321.1  314.8
  675.0   3459    8.2  -13.8     19   1.96    182     14  314.8  321.4  315.2
  663.0   3607    7.7  -15.1     18   1.80    190     15  315.8  322.0  316.2
  629.0   4040    6.2  -18.8     15   1.39    179     11  318.9  323.8  319.2
  617.0   4197    5.2  -21.4     13   1.13    175     10  319.6  323.6  319.8
  607.0   4331    4.4  -23.6     11   0.94    199      9  320.1  323.5  320.3
  596.0   4480    3.4  -24.6     11   0.88    225      7  320.6  323.8  320.8
  594.0   4507    3.3  -25.1     10   0.85    230      7  320.8  323.9  321.0
  591.0   4548    3.2  -25.8     10   0.80    232      7  321.2  324.1  321.3
  588.0   4589    3.0  -27.0      9   0.72    234      7  321.4  324.0  321.5
  584.0   4644    2.4  -10.6     38   2.93    237      7  321.3  331.3  321.9
  580.0   4700    2.0   -5.0     60   4.57    240      6  321.5  336.7  322.4
  564.0   4926    0.0   -4.0     74   5.07    251      6  321.7  338.5  322.7
  542.0   5244   -2.7   -5.7     80   4.64    267      5  322.2  337.6  323.1
  531.0   5406   -3.9   -7.2     78   4.22    275      4  322.7  336.8  323.5
  525.0   5496   -4.5   -8.0     77   4.01    232      3  322.9  336.4  323.7
  516.0   5633   -5.3  -11.3     63   3.14    167      3  323.6  334.3  324.2
  513.0   5679   -5.5  -17.5     38   1.90    145      2  323.9  330.6  324.3
  511.0   5709   -5.6  -19.6     32   1.59    130      2  324.1  329.7  324.4
  507.0   5771   -5.9  -23.9     23   1.10    112      2  324.5  328.5  324.7
  506.0   5786   -5.9  -26.9     17   0.84    107      2  324.7  327.8  324.8
  504.0   5818   -5.9  -30.9     12   0.58     98      1  325.0  327.2  325.2
  500.0   5880   -6.3  -22.3     27   1.29     80      1  325.3  329.9  325.6
  499.0   5896   -6.5  -15.5     49   2.31     79      1  325.2  333.3  325.7
  492.0   6006   -7.4  -13.6     61   2.74     75      2  325.5  335.0  326.0
  486.0   6101   -8.1  -11.9     74   3.18    133      2  325.7  336.7  326.4
  474.0   6294   -9.5  -11.6     85   3.34    250      3  326.3  337.8  326.9
  471.0   6343   -9.9  -11.5     88   3.39    260      4  326.4  338.1  327.1
  455.0   6609  -10.1  -15.2     66   2.60    315      7  329.5  338.6  330.0
  451.0   6677  -10.1  -16.1     61   2.43    314      8  330.2  338.9  330.7
  427.0   7096  -12.5  -22.5     43   1.48    310     13  332.4  337.8  332.7
  400.0   7590  -16.7  -22.7     60   1.55    305     19  333.2  338.9  333.5
  393.0   7722  -17.7  -21.1     75   1.82    305     18  333.6  340.2  333.9
  389.0   7799  -18.3  -23.1     66   1.53    305     18  333.8  339.5  334.1
  386.0   7857  -18.7  -24.7     59   1.35    308     18  334.0  339.0  334.2
  375.0   8072  -20.1  -21.3     90   1.87    318     19  334.9  341.8  335.3
  374.0   8091  -19.7  -21.3     87   1.88    319     19  335.7  342.6  336.1
  373.0   8111  -19.7  -21.6     85   1.83    320     19  335.9  342.7  336.3
  372.0   8131  -19.7  -21.6     85   1.84    321     19  336.2  343.0  336.6
  370.0   8171  -19.5  -30.5     37   0.82    323     19  337.0  340.1  337.1
  368.0   8211  -19.9  -27.9     49   1.05    325     19  337.0  341.0  337.2
  367.0   8232  -20.1  -24.0     71   1.51    326     19  337.0  342.6  337.3
  361.0   8354  -20.7  -23.9     75   1.55    332     20  337.8  343.5  338.1
  355.0   8477  -21.5  -25.2     72   1.40    338     20  338.3  343.6  338.6
  353.0   8519  -21.7  -25.6     71   1.36    341     20  338.6  343.7  338.9
  352.0   8540  -21.9  -24.9     77   1.45    342     20  338.6  344.0  338.9
  351.0   8561  -21.9  -25.9     70   1.33    343     21  338.9  343.9  339.1
  350.0   8582  -21.9  -30.9     44   0.84    344     21  339.1  342.4  339.3
  348.0   8624  -22.1  -32.1     40   0.75    346     21  339.4  342.4  339.6
  346.0   8666  -22.3  -30.3     48   0.89    348     21  339.7  343.2  339.9
  345.0   8688  -22.3  -28.3     58   1.08    349     21  340.0  344.1  340.2
  344.0   8709  -22.4  -29.6     52   0.97    350     21  340.1  343.9  340.3
  339.0   8816  -22.9  -35.9     29   0.53    349     21  340.9  343.0  341.0
  323.0   9169  -25.5  -42.5     19   0.28    345     23  342.0  343.2  342.1
  310.0   9465  -27.7  -36.7     42   0.53    342     24  343.0  345.1  343.1
  300.0   9700  -29.5  -37.5     46   0.51    340     25  343.7  345.8  343.8
  287.0  10016  -31.7  -44.7     26   0.25    338     26  344.9  346.0  345.0
  281.0  10166  -32.9  -41.9     40   0.34    337     26  345.3  346.7  345.4
  268.0  10496  -35.6  -46.6     31   0.22    335     27  346.1  347.0  346.1
  250.0  10980  -39.5  -53.5     21   0.11    335     26  347.2  347.7  347.2
  248.0  11035  -40.1  -53.1     24   0.11    336     26  347.1  347.6  347.1
  214.0  12012  -48.6                         355     26  348.8         348.8
  205.0  12296  -51.1                           0     25  349.2         349.2
  200.0  12460  -52.5                           0     25  349.5         349.5
  196.0  12586  -53.5                           0     26  349.9         349.9
  187.0  12878  -55.9                         355     23  350.7         350.7
  170.0  13471  -60.8                         330     19  352.4         352.4
  162.0  13771  -63.2                         350     17  353.2         353.2
  154.0  14086  -65.8                         345     14  353.9         353.9
  150.0  14250  -67.1                         335     12  354.3         354.3
  139.0  14703  -71.1                         270     11  355.0         355.0
  136.0  14833  -72.3                         266     13  355.2         355.2
  132.0  15006  -73.7                         260     16  355.7         355.7
  123.0  15415  -77.1                         275     15  356.8         356.8
  107.0  16208  -80.1                         305     14  365.6         365.6
  100.0  16590  -79.5                         285     30  373.9         373.9
   97.0  16761  -80.3                         275     38  375.5         375.5
   87.0  17373  -83.3                         280     33  381.4         381.4
   84.6  17530  -84.1                         275     32  382.9         382.9
   78.0  17984  -82.9                         240     19  394.4         394.4
   74.0  18279  -82.1                         245     10  402.0         402.0
   71.0  18510  -81.5                         211      6  408.1         408.1
   70.0  18590  -81.7                         200      5  409.3         409.3
   66.1  18915  -79.1                         127      4  421.7         421.7
   66.0  18924  -78.8                         125      4  422.5         422.5
   64.9  19021  -75.5                         188      7  431.8         431.8
   63.0  19196  -74.2                         300     11  438.4         438.4
   60.0  19483  -72.0                         270     19  449.3         449.3
   58.5  19632  -70.9                         245     17  455.1         455.1
   57.0  19787  -70.8                         220     14  458.6         458.6
   54.0  20109  -70.7                         145     12  466.1         466.1
   53.7  20142  -70.7                         144     11  466.9         466.9
   51.0  20451  -69.1                         135      6  477.5         477.5
   50.0  20570  -68.5                          95      2  481.6         481.6
   49.0  20691  -68.1                          35      2  485.4         485.4
   48.6  20740  -67.9                          45      4  487.0         487.0
   47.0  20941  -64.9                          85     13  498.9         498.9
   46.9  20954  -64.7                          85     13  499.6         499.6
   43.0  21480  -65.5                          81     14  510.2         510.2
   42.0  21624  -64.2                          80     14  516.9         516.9
   40.7  21815  -62.5                          81     20  525.8         525.8
   36.0  22572  -60.4                          85     44  549.9         549.9
   35.3  22693  -60.1                          86     45  553.9         553.9
   30.4  23618  -61.3                          90     50  574.8         574.8
   30.0  23700  -60.9                          90     51  578.0         578.0
   23.0  25382  -55.1                          95     69  640.7         640.7
   20.6  26079  -52.7                          87     70  668.4         668.4
   20.0  26270  -52.5                          85     70  674.7         674.7
   18.0  26957  -48.5                          85     71  708.0         708.0
   16.3  27618  -42.5                          85     71  747.8         747.8
   16.0  27743  -42.5                          85     71  751.9         751.9
   14.0  28646  -42.1                                     782.3         782.3
</PRE><H3>Station information and sounding indices</H3><PRE>
                         Station identifier: WAAA
                             Station number: 97180
                           Observation time: 180429/0000
                           Station latitude: -5.06
                          Station longitude: 119.55
                          Station elevation: 14.0
                            Showalter index: 6.35
                               Lifted index: 3.24
    LIFT computed using virtual temperature: 2.85
                                SWEAT index: 89.80
                                    K index: 7.10
                         Cross totals index: 12.70
                      Vertical totals index: 24.70
                        Totals totals index: 37.40
      Convective Available Potential Energy: 0.00
             CAPE using virtual temperature: 0.00
                      Convective Inhibition: 0.00
             CINS using virtual temperature: 0.00
                     Bulk Richardson Number: 0.00
          Bulk Richardson Number using CAPV: 0.00
  Temp [K] of the Lifted Condensation Level: 286.39
Pres [hPa] of the Lifted Condensation Level: 848.56
     Mean mixed layer potential temperature: 300.17
              Mean mixed layer mixing ratio: 11.44
              1000 hPa to 500 hPa thickness: 5779.00
Precipitable water [mm] for entire sounding: 30.90
</PRE>
<P>Description of the 
<A HREF="/upperair/columns.html">data columns</A>
or <A HREF="/upperair/indices.html">sounding indices</A>.

<P>
<FORM>
<INPUT CLASS="button" TYPE="button" VALUE=" Close this window " 
 onClick="window.close();">
<INPUT CLASS="button" TYPE="button" VALUE=" Select another map " 
 onClick="window.blur();">
</FORM>
<HR SIZE="1">
<I>Interested in graduate studies in atmospheric science?
Check out our program at the
<a href="http://www.uwyo.edu/atsc/howtoapply/"
target=_top>University of Wyoming
</a></I>
<HR SIZE="1"><FONT SIZE="-1">
Questions about the weather data provided by this site can be
addressed to <A HREF="mailto:ldoolman@uwyo.edu">
Larry Oolman (ldoolman@uwyo.edu)</A></FONT>
<HR SIZE="1">
<SCRIPT TYPE="text/javascript">
<!--
window.focus();
// -->
</SCRIPT>
</BODY>
</HTML>
