2017-03-17 00
<HTML>
<TITLE>University of Wyoming - Radiosonde Data</TITLE>
<LINK REL="StyleSheet" HREF="/resources/select.css" TYPE="text/css">
<BODY BGCOLOR="white">
<H2>97180 WAAA Ujung Pandang Observations at 00Z 17 Mar 2017</H2>
<PRE>
-----------------------------------------------------------------------------
   PRES   HGHT   TEMP   DWPT   RELH   MIXR   DRCT   SKNT   THTA   THTE   THTV
    hPa     m      C      C      %    g/kg    deg   knot     K      K      K 
-----------------------------------------------------------------------------
 1010.0     14   26.8   23.4     82  18.32    110      2  299.1  352.8  302.4
 1000.0     95   26.2   20.2     70  15.14    100      4  299.4  343.8  302.1
  977.0    302   25.2   19.7     71  15.04    135      1  300.4  344.7  303.1
  945.0    597   23.9   19.0     74  14.90      0      1  301.9  346.0  304.6
  925.0    787   23.0   18.6     76  14.80      0      0  302.8  346.9  305.5
  913.0    901   22.4   17.5     74  13.97    215      1  303.4  345.1  305.9
  882.0   1201   21.0   14.6     67  11.94    270      4  304.9  340.8  307.1
  850.0   1522   19.4   11.4     60  10.05    270      6  306.4  337.1  308.3
  844.0   1583   19.4    9.4     52   8.84    269      6  307.1  334.2  308.7
  795.0   2091   15.8    8.4     62   8.79    260      7  308.5  335.6  310.1
  767.0   2396   13.6    7.8     68   8.75    270     10  309.3  336.4  311.0
  742.0   2678   11.6    7.3     75   8.72    307     10  310.1  337.1  311.7
  740.0   2700   11.5    7.2     75   8.65    310     10  310.2  337.0  311.8
  700.0   3164    9.0    4.0     71   7.33    315      9  312.4  335.5  313.8
  688.0   3306    8.3    3.1     70   6.98    325     12  313.2  335.3  314.5
  645.0   3838    5.6   -0.4     65   5.80    290     13  316.0  334.6  317.1
  631.0   4017    4.4   -1.6     65   5.42    278     14  316.6  334.1  317.6
  626.0   4081    4.4   -5.6     48   4.04    274     14  317.3  330.6  318.1
  610.0   4291    2.4   -2.6     70   5.21    259     14  317.4  334.3  318.4
  598.0   4452    1.8   -6.2     55   4.04    249     15  318.5  331.8  319.2
  594.0   4505    1.4   -5.6     60   4.27    245     15  318.7  332.8  319.5
  578.0   4725    0.0   -3.0     80   5.34    247     16  319.5  336.9  320.5
  552.0   5089   -2.4   -5.0     82   4.79    250     18  320.9  336.7  321.8
  531.0   5396   -4.4   -6.8     84   4.36    230     18  322.0  336.6  322.9
  512.0   5685   -6.3   -8.4     85   3.98    224     15  323.1  336.5  323.9
  500.0   5870   -6.3   -9.0     81   3.89    220     13  325.3  338.5  326.1
  492.0   5996   -6.3  -11.0     69   3.36    215     12  326.8  338.4  327.5
  491.0   6012   -6.3  -11.3     68   3.30    216     12  327.0  338.4  327.6
  456.0   6587  -10.3  -15.2     67   2.58    240     14  328.9  338.0  329.4
  448.0   6724  -11.3  -16.2     67   2.42    230     14  329.4  337.9  329.9
  421.0   7200  -12.8  -20.9     51   1.73    195     12  333.3  339.6  333.7
  413.0   7347  -13.3  -22.3     47   1.56    169      9  334.5  340.3  334.9
  400.0   7590  -15.1  -24.1     46   1.37    125      4  335.3  340.4  335.6
  389.0   7795  -16.7  -25.7     46   1.22    120      6  335.9  340.5  336.1
  359.0   8386  -21.3  -30.3     44   0.86    125     12  337.5  340.9  337.7
  323.0   9164  -27.3  -36.3     42   0.53     95     21  339.6  341.7  339.7
  317.0   9297  -28.3  -36.8     44   0.52     90     23  340.0  342.0  340.1
  300.0   9690  -31.3  -38.3     50   0.47     95     32  341.1  343.0  341.2
  281.0  10152  -35.1  -39.6     63   0.44     91     35  342.1  343.9  342.2
  272.0  10380  -36.9  -41.3     64   0.38     90     36  342.7  344.3  342.8
  269.0  10457  -37.5  -41.5     66   0.38     89     37  342.9  344.5  343.0
  267.0  10508  -37.9  -43.9     53   0.29     89     37  343.1  344.3  343.1
  266.0  10534  -38.1  -47.1     38   0.21     88     37  343.1  344.0  343.2
  258.0  10745  -40.1  -44.9     60   0.27     87     39  343.2  344.4  343.3
  250.0  10960  -41.9                          85     40  343.6         343.6
  200.0  12430  -53.5                          90     63  347.9         347.9
  186.0  12882  -57.6                          85     62  348.5         348.5
  158.0  13898  -66.9                          89     67  349.4         349.4
  150.0  14210  -69.5                          90     68  350.2         350.2
  142.0  14534  -71.7                          90     65  351.9         351.9
  138.0  14703  -71.5                          90     64  355.2         355.2
  132.0  14965  -71.1                          92     49  360.4         360.4
  119.0  15564  -74.2                          95     14  365.6         365.6
  113.0  15863  -75.7                         190      4  368.1         368.1
  107.0  16179  -77.3                         175     12  370.9         370.9
  101.0  16512  -79.0                         130     14  373.8         373.8
  100.0  16570  -79.3                         125     13  374.3         374.3
   96.0  16801  -80.4                          65      6  376.5         376.5
   91.0  17104  -81.8                         315      3  379.5         379.5
   87.3  17339  -82.9                         215      3  381.9         381.9
   87.0  17358  -82.9                         200      5  382.2         382.2
   82.0  17690  -82.9                         165      5  388.7         388.7
   78.0  17971  -82.9                         275      2  394.3         394.3
   74.0  18266  -82.9                          75      6  400.3         400.3
   72.7  18366  -82.9                          83     10  402.4         402.4
   70.0  18580  -79.3                         100     17  414.4         414.4
   69.6  18612  -79.5                         102     17  414.7         414.7
   68.5  18704  -75.7                         108     16  424.7         424.7
   65.0  19007  -74.5                         128     13  433.8         433.8
   63.0  19191  -70.4                         140     12  446.8         446.8
   62.4  19247  -69.1                         163     12  450.8         450.8
   60.0  19483  -65.8                         255     13  463.2         463.2
   59.5  19534  -65.1                         255     15  465.9         465.9
   57.0  19792  -66.3                         255     27  468.9         468.9
   54.0  20118  -67.8                         235     26  472.8         472.8
   52.0  20345  -68.9                         240     16  475.4         475.4
   51.2  20438  -69.3                         252     16  476.5         476.5
   50.0  20580  -67.7                         270     16  483.5         483.5
   49.0  20701  -68.1                         280     21  485.4         485.4
   46.0  21079  -69.3                         276     19  491.3         491.3
   42.2  21600  -64.5                         270     15  515.5         515.5
   42.0  21629  -64.5                         270     15  516.1         516.1
   38.0  22240  -64.7                         270     19  530.7         530.7
   36.7  22452  -64.7                         262     16  535.9         535.9
   35.0  22745  -63.2                         250     11  547.2         547.2
   33.0  23107  -61.3                         185      4  561.5         561.5
   32.4  23220  -60.7                                     566.0         566.0
</PRE><H3>Station information and sounding indices</H3><PRE>
                         Station identifier: WAAA
                             Station number: 97180
                           Observation time: 170317/0000
                           Station latitude: -5.06
                          Station longitude: 119.55
                          Station elevation: 14.0
                            Showalter index: 1.84
                               Lifted index: -1.48
    LIFT computed using virtual temperature: -1.73
                                SWEAT index: 161.80
                                    K index: 32.10
                         Cross totals index: 17.70
                      Vertical totals index: 25.70
                        Totals totals index: 43.40
      Convective Available Potential Energy: 186.89
             CAPE using virtual temperature: 263.25
                      Convective Inhibition: -165.01
             CINS using virtual temperature: -126.64
                           Equilibrum Level: 252.24
 Equilibrum Level using virtual temperature: 250.86
                   Level of Free Convection: 714.05
             LFCT using virtual temperature: 751.04
                     Bulk Richardson Number: 17.34
          Bulk Richardson Number using CAPV: 24.42
  Temp [K] of the Lifted Condensation Level: 291.97
Pres [hPa] of the Lifted Condensation Level: 907.59
     Mean mixed layer potential temperature: 300.19
              Mean mixed layer mixing ratio: 15.34
              1000 hPa to 500 hPa thickness: 5775.00
Precipitable water [mm] for entire sounding: 49.85
</PRE>
<P>Description of the 
<A HREF="/upperair/columns.html">data columns</A>
or <A HREF="/upperair/indices.html">sounding indices</A>.

<P>
<FORM>
<INPUT CLASS="button" TYPE="button" VALUE=" Close this window " 
 onClick="window.close();">
<INPUT CLASS="button" TYPE="button" VALUE=" Select another map " 
 onClick="window.blur();">
</FORM>
<HR SIZE="1">
<I>Interested in graduate studies in atmospheric science?
Check out our program at the
<a href="http://www.uwyo.edu/atsc/howtoapply/"
target=_top>University of Wyoming
</a></I>
<HR SIZE="1"><FONT SIZE="-1">
Questions about the weather data provided by this site can be
addressed to <A HREF="mailto:ldoolman@uwyo.edu">
Larry Oolman (ldoolman@uwyo.edu)</A></FONT>
<HR SIZE="1">
<SCRIPT TYPE="text/javascript">
<!--
window.focus();
// -->
</SCRIPT>
</BODY>
</HTML>
