2016-09-10 12
<HTML>
<TITLE>University of Wyoming - Radiosonde Data</TITLE>
<LINK REL="StyleSheet" HREF="/resources/select.css" TYPE="text/css">
<BODY BGCOLOR="white">
<H2>97180 WAAA Ujung Pandang Observations at 00Z 10 Sep 2016</H2>
<PRE>
-----------------------------------------------------------------------------
   PRES   HGHT   TEMP   DWPT   RELH   MIXR   DRCT   SKNT   THTA   THTE   THTV
    hPa     m      C      C      %    g/kg    deg   knot     K      K      K 
-----------------------------------------------------------------------------
 1011.0     14   25.4   17.4     61  12.52    125      4  297.6  334.1  299.9
 1000.0    112   26.0   18.0     61  13.16    105      4  299.1  337.8  301.5
  999.0    121   26.0   19.0     65  14.04    107      4  299.2  340.4  301.8
  979.0    299   24.6   19.8     74  15.05    150      2  299.6  343.7  302.3
  965.0    426   23.6   20.3     82  15.80    127      2  299.8  346.2  302.6
  946.0    600   23.1   16.6     67  12.71     95      3  301.0  338.6  303.3
  932.0    730   22.8   13.8     57  10.75    102      7  302.0  334.0  303.9
  925.0    796   22.4   12.4     53   9.87    105      9  302.2  331.7  304.0
  882.0   1202   19.1    9.7     54   8.63    150      7  303.0  329.0  304.5
  852.0   1497   16.8    7.7     55   7.81    155      8  303.5  327.2  304.9
  850.0   1517   16.6    7.6     55   7.76    155      8  303.5  327.0  304.9
  840.0   1618   15.8    6.8     55   7.43    146      7  303.7  326.3  305.1
  822.0   1803   14.8    7.2     61   7.83    130      5  304.5  328.3  305.9
  816.0   1865   14.4    7.4     63   7.98    132      5  304.8  329.0  306.2
  794.0   2098   15.4   -1.6     31   4.30    140      6  308.2  321.9  309.0
  766.0   2400   13.6   -2.3     33   4.25    175      3  309.4  322.9  310.2
  713.0   3004    9.8   -3.6     39   4.14    200      7  311.7  325.1  312.5
  704.0   3111    9.2   -3.8     40   4.12    203      7  312.1  325.4  312.9
  700.0   3158    8.8   -1.2     49   5.03    205      7  312.2  328.3  313.1
  668.0   3544    6.2   -1.8     57   5.05    252      5  313.5  329.7  314.4
  663.0   3605    6.0   -3.4     51   4.50    260      5  313.9  328.5  314.8
  644.0   3843    5.2   -9.8     33   2.84    355      3  315.6  325.1  316.2
  639.0   3907    4.8   -9.3     35   2.98     20      3  315.9  325.9  316.5
  627.0   4061    4.0   -8.0     41   3.35     15      2  316.7  327.8  317.3
  616.0   4205    3.4  -15.3     24   1.90     10      2  317.6  324.1  318.0
  609.0   4297    3.0  -20.0     17   1.29     19      2  318.2  322.7  318.4
  594.0   4498    1.9  -18.9     20   1.45     40      2  319.2  324.3  319.5
  572.0   4802    0.3  -17.3     25   1.73    325      6  320.8  326.8  321.1
  568.0   4858    0.0  -17.0     27   1.79    330      7  321.1  327.3  321.4
  551.0   5100   -1.1  -22.6     18   1.14    350     12  322.6  326.7  322.8
  530.0   5409   -2.5  -29.7     10   0.62      5      8  324.5  326.8  324.6
  513.0   5668   -3.7  -35.7      6   0.36     68      9  326.1  327.5  326.1
  511.0   5699   -3.9  -35.6      6   0.36     75      9  326.1  327.5  326.2
  500.0   5870   -5.3  -35.3      7   0.38     70     10  326.5  328.0  326.6
  479.0   6204   -8.1  -36.1      8   0.37     66      8  327.1  328.5  327.2
  473.0   6301   -8.6  -36.4      9   0.36     65      8  327.7  329.1  327.8
  455.0   6601  -10.0  -37.2      9   0.34     45     15  329.6  330.9  329.6
  446.0   6755  -10.7  -37.7      9   0.34     49     16  330.6  331.9  330.6
  437.0   6911  -11.5  -27.5     25   0.92     53     17  331.5  334.9  331.6
  414.0   7322  -15.5  -27.5     35   0.97     63     19  331.5  335.1  331.7
  408.0   7431  -16.7  -27.7     38   0.97     66     20  331.3  334.9  331.5
  406.0   7468  -16.9  -28.9     35   0.87     67     20  331.5  334.8  331.7
  404.0   7505  -16.1  -39.1     12   0.32     68     21  333.0  334.3  333.1
  400.0   7580  -15.7  -49.7      4   0.10     70     21  334.5  334.9  334.5
  387.0   7829  -15.7  -51.7      3   0.08     74     20  337.7  338.0  337.7
  344.0   8699  -21.6  -55.8      3   0.06     90     18  341.2  341.5  341.2
  330.0   9006  -23.7  -57.3      3   0.05    105     17  342.4  342.7  342.4
  317.0   9303  -25.7  -58.7      3   0.04     93     15  343.6  343.8  343.6
  304.0   9605  -28.1  -55.8      5   0.07     80     13  344.3  344.6  344.3
  300.0   9700  -28.9  -54.9      6   0.07     80     12  344.5  344.9  344.6
  256.0  10806  -38.9  -54.9     17   0.09     85     18  345.7  346.1  345.8
  252.0  10916  -39.9  -54.9     19   0.09     82     19  345.8  346.2  345.8
  250.0  10970  -40.5                          80     20  345.7         345.7
  200.0  12460  -52.9                          75     21  348.8         348.8
  178.0  13181  -59.0                          60     21  350.7         350.7
  154.0  14077  -66.5                          50     27  352.6         352.6
  150.0  14240  -67.9                          50     26  352.9         352.9
  139.0  14674  -71.4                          75     20  354.6         354.6
  119.0  15559  -78.5                         120     19  357.6         357.6
  100.0  16550  -86.5                          85     21  360.4         360.4
   96.0  16774  -86.8                          75     27  364.0         364.0
   95.1  16826  -86.9                          76     28  364.8         364.8
   90.4  17109  -80.9                          81     31  382.0         382.0
   86.4  17366  -80.1                          85     34  388.6         388.6
   82.0  17670  -73.3                          90     38  408.3         408.3
   81.1  17734  -71.9                          90     37  412.5         412.5
   77.5  18003  -72.7                          90     35  416.2         416.2
   74.0  18277  -71.5                          90     33  424.3         424.3
   72.9  18366  -71.1                          82     29  427.0         427.0
   70.0  18610  -66.9                          60     18  440.9         440.9
   68.5  18742  -62.7                          15     14  452.7         452.7
   67.0  18876  -63.4                         330     10  454.1         454.1
   61.0  19442  -66.2                         275     21  460.3         460.3
   58.0  19746  -67.6                         260     16  463.6         463.6
   52.0  20405  -70.9                         265      8  470.7         470.7
   50.6  20570  -71.7                         210      4  472.5         472.5
   50.0  20640  -71.1                         135      4  475.5         475.5
   49.3  20723  -69.7                         132      9  480.8         480.8
   48.4  20834  -64.5                         127     15  495.6         495.6
   47.0  21013  -64.4                         120     25  500.1         500.1
   43.6  21470  -64.1                          86     12  511.6         511.6
   43.0  21555  -63.2                          80     10  515.8         515.8
   41.3  21803  -60.7                         292      2  528.1         528.1
   41.0  21848  -60.7                         265      1  529.1         529.1
   37.3  22434  -60.9                         237     18  543.2         543.2
   37.0  22484  -60.6                         235     19  545.2         545.2
   35.0  22832  -58.5                         195     20  559.3         559.3
   34.0  23013  -57.5                         215      9  566.8         566.8
   33.5  23105  -56.9                         230     12  570.6         570.6
   32.0  23394  -57.1                         275     21  577.5         577.5
   30.0  23800  -57.5                         265     32  587.3         587.3
   28.0  24233  -58.5                         265     33  596.2         596.2
   25.4  24845  -59.9                         262     29  609.0         609.0
   21.0  26051  -54.8                         255     20  658.4         658.4
   20.0  26360  -53.5                         245     15  671.7         671.7
   19.0  26691  -52.3                                     685.3         685.3
</PRE><H3>Station information and sounding indices</H3><PRE>
                         Station identifier: WAAA
                             Station number: 97180
                           Observation time: 160910/0000
                           Station latitude: -5.06
                          Station longitude: 119.55
                          Station elevation: 14.0
                            Showalter index: 7.48
                               Lifted index: 0.88
    LIFT computed using virtual temperature: 0.16
                                SWEAT index: 117.21
                                    K index: 19.50
                         Cross totals index: 12.90
                      Vertical totals index: 21.90
                        Totals totals index: 34.80
      Convective Available Potential Energy: 2.06
             CAPE using virtual temperature: 40.87
                      Convective Inhibition: -156.21
             CINS using virtual temperature: -47.88
                           Equilibrum Level: 404.89
 Equilibrum Level using virtual temperature: 404.25
                   Level of Free Convection: 668.62
             LFCT using virtual temperature: 847.02
                     Bulk Richardson Number: 22.32
          Bulk Richardson Number using CAPV: 442.58
  Temp [K] of the Lifted Condensation Level: 291.03
Pres [hPa] of the Lifted Condensation Level: 905.80
     Mean mixed layer potential temperature: 299.39
              Mean mixed layer mixing ratio: 14.49
              1000 hPa to 500 hPa thickness: 5758.00
Precipitable water [mm] for entire sounding: 32.18
</PRE>
<P>Description of the 
<A HREF="/upperair/columns.html">data columns</A>
or <A HREF="/upperair/indices.html">sounding indices</A>.

<P>
<FORM>
<INPUT CLASS="button" TYPE="button" VALUE=" Close this window " 
 onClick="window.close();">
<INPUT CLASS="button" TYPE="button" VALUE=" Select another map " 
 onClick="window.blur();">
</FORM>
<HR SIZE="1">
<I>Interested in graduate studies in atmospheric science?
Check out our program at the
<a href="http://www.uwyo.edu/atsc/howtoapply/"
target=_top>University of Wyoming
</a></I>
<HR SIZE="1"><FONT SIZE="-1">
Questions about the weather data provided by this site can be
addressed to <A HREF="mailto:ldoolman@uwyo.edu">
Larry Oolman (ldoolman@uwyo.edu)</A></FONT>
<HR SIZE="1">
<SCRIPT TYPE="text/javascript">
<!--
window.focus();
// -->
</SCRIPT>
</BODY>
</HTML>
