2018-12-12 00
<HTML>
<TITLE>University of Wyoming - Radiosonde Data</TITLE>
<LINK REL="StyleSheet" HREF="/resources/select.css" TYPE="text/css">
<BODY BGCOLOR="white">
<H2>97180 WAAA Ujung Pandang Observations at 00Z 12 Dec 2018</H2>
<PRE>
-----------------------------------------------------------------------------
   PRES   HGHT   TEMP   DWPT   RELH   MIXR   DRCT   SKNT   THTA   THTE   THTV
    hPa     m      C      C      %    g/kg    deg   knot     K      K      K 
-----------------------------------------------------------------------------
 1009.0     14   27.4   25.5     89  20.88    155      3  299.8  361.2  303.5
 1008.0     23   27.0   21.0     70  15.80    153      3  299.5  345.8  302.3
 1000.0     94   26.2   22.2     79  17.17    135      2  299.4  349.7  302.4
  977.0    299   25.0   21.5     81  16.81     70      3  300.1  349.6  303.2
  944.0    603   23.2   20.4     84  16.29    345      5  301.3  349.5  304.2
  925.0    782   22.2   19.8     86  15.98    335      7  302.0  349.4  304.9
  923.0    801   22.0   19.7     87  15.92    333      7  302.0  349.2  304.9
  882.0   1193   19.7   17.3     86  14.32    300      4  303.5  346.3  306.1
  851.0   1502   17.9   15.5     86  13.15    295      6  304.7  344.2  307.1
  850.0   1512   17.8   15.4     86  13.11    300      6  304.8  344.2  307.2
  822.0   1796   16.3   13.6     84  12.04    315      5  306.1  342.6  308.4
  794.0   2089   14.8   11.7     82  11.00    295      4  307.6  341.1  309.6
  766.0   2393   13.2    9.8     80  10.01    250      2  309.0  339.8  310.9
  739.0   2697   11.6    7.8     78   9.08    230      3  310.4  338.6  312.1
  713.0   3000   10.0    5.9     76   8.23    185      4  311.9  337.6  313.4
  700.0   3156    9.2    4.9     74   7.82    195      5  312.6  337.2  314.1
  696.0   3204    9.2    3.2     66   6.97    195      5  313.1  335.2  314.5
  687.0   3312    8.6    5.6     81   8.37    194      5  313.6  340.0  315.2
  640.0   3897    6.2    0.3     66   6.16    190      3  317.4  337.3  318.6
  639.0   3910    6.2    0.2     65   6.11    193      3  317.5  337.2  318.7
  630.0   4026    5.4    2.5     82   7.33    218      2  317.9  341.4  319.3
  617.0   4197    4.8    2.0     82   7.22    255      1  319.1  342.4  320.5
  594.0   4507    4.1   -6.3     47   4.05     70      2  321.7  335.3  322.5
  592.0   4534    4.0   -7.0     45   3.84     69      2  321.9  334.9  322.7
  588.0   4589    4.0   -4.0     56   4.86     67      2  322.6  338.8  323.5
  573.0   4799    2.9   -6.1     52   4.25     60      2  323.6  337.9  324.4
  557.0   5028    1.6   -8.4     47   3.66     98      4  324.8  337.2  325.5
  552.0   5101    1.2   -8.8     47   3.57    110      5  325.1  337.3  325.8
  539.0   5293    0.0  -10.0     47   3.34    110      6  325.9  337.4  326.6
  512.0   5702   -3.3   -8.2     69   4.05    110      8  326.7  340.5  327.5
  500.0   5890   -4.1  -11.1     58   3.29    120      7  328.0  339.4  328.6
  499.0   5906   -4.3  -12.3     54   3.00    121      7  327.9  338.4  328.5
  493.0   6001   -5.2  -10.8     64   3.41    125      7  328.0  339.8  328.7
  488.0   6081   -5.9   -9.6     75   3.80    120      8  328.1  341.1  328.8
  474.0   6307   -7.4  -10.7     77   3.59    105     11  329.0  341.4  329.7
  456.0   6608   -9.3  -12.2     80   3.31    110     10  330.2  341.7  330.8
  451.0   6694   -9.9  -12.6     81   3.24    106     10  330.5  341.8  331.1
  441.0   6866  -10.7  -16.7     61   2.36     99     10  331.6  340.1  332.1
  422.0   7202  -12.5  -19.0     59   2.04     85     10  333.5  340.9  333.9
  400.0   7610  -14.7  -21.7     55   1.70     90     11  335.8  342.1  336.1
  364.0   8319  -20.5  -23.9     74   1.53    103     13  337.2  342.9  337.5
  362.0   8360  -20.7  -23.7     77   1.57    104     13  337.5  343.3  337.8
  360.0   8401  -20.5  -26.0     61   1.28    105     13  338.3  343.1  338.6
  358.0   8443  -20.3  -28.3     49   1.04    108     13  339.1  343.1  339.3
  346.0   8695  -22.4  -31.2     45   0.82    125     10  339.6  342.8  339.8
  343.0   8759  -22.9  -31.9     44   0.77    124     10  339.7  342.8  339.9
  332.0   8997  -24.9  -31.2     56   0.86    120      8  340.2  343.6  340.4
  321.0   9243  -26.9  -30.4     72   0.96     57      3  340.7  344.4  340.9
  318.0   9311  -27.3  -30.9     71   0.92     40      1  341.0  344.6  341.2
  305.0   9611  -29.2  -33.3     68   0.76      0      0  342.5  345.6  342.7
  300.0   9730  -29.9  -34.2     66   0.71    255      1  343.1  345.9  343.3
  293.0   9896  -31.1  -35.5     65   0.63    265      4  343.7  346.3  343.9
  269.0  10495  -35.5  -40.5     60   0.42    310      7  345.8  347.5  345.9
  266.0  10574  -36.1  -41.1     60   0.40    306      7  346.1  347.7  346.1
  250.0  11000  -39.5  -48.5     38   0.19    285     10  347.2  348.0  347.2
  248.0  11055  -40.1  -50.1     33   0.16    283     10  347.1  347.8  347.1
  225.0  11700  -45.4                         260      7  348.7         348.7
  215.0  12001  -47.9                         285     12  349.4         349.4
  200.0  12480  -51.9                         285     18  350.4         350.4
  170.0  13503  -61.4                         300     12  351.3         351.3
  164.0  13729  -63.5                         293     11  351.4         351.4
  162.0  13803  -64.1                         290     11  351.7         351.7
  154.0  14110  -66.5                         250      3  352.7         352.7
  150.0  14270  -67.7                         140      4  353.3         353.3
  147.0  14386  -68.5                         135      8  353.9         353.9
  108.0  16158  -80.8                         120     42  363.2         363.2
  100.0  16600  -83.9                          95     33  365.4         365.4
   91.0  17111  -86.7                          75     22  369.9         369.9
   82.0  17674  -89.7                         105     43  374.8         374.8
   76.2  18071  -91.9                          95     49  378.2         378.2
   73.0  18303  -88.2                          85     44  390.8         390.8
   70.0  18530  -84.5                         100     49  403.3         403.3
   69.0  18610  -83.6                         100     51  406.9         406.9
   67.8  18707  -82.5                          98     50  411.3         411.3
   67.0  18774  -79.1                          96     49  420.1         420.1
   63.5  19083  -74.1                          88     45  437.6         437.6
   62.0  19224  -73.3                          85     43  442.2         442.2
   56.6  19760  -70.5                          91     42  460.4         460.4
   51.3  20353  -64.1                          98     41  488.4         488.4
   50.0  20510  -64.1                         100     41  492.0         492.0
   46.2  20993  -63.9                         100     36  503.7         503.7
   46.0  21019  -63.9                         100     36  504.4         504.4
   44.5  21222  -63.7                          96     25  509.6         509.6
   44.0  21292  -62.6                          95     21  513.9         513.9
   42.0  21580  -58.2                         140      6  531.8         531.8
   41.8  21610  -57.7                         156      6  533.7         533.7
   40.0  21885  -58.9                         300     10  537.5         537.5
   37.1  22355  -60.9                         311     16  544.0         544.0
   36.0  22542  -60.1                         315     18  550.8         550.8
   33.7  22954  -58.3                         288     21  566.0         566.0
   30.0  23680  -60.3                         240     27  579.7         579.7
   29.0  23891  -60.5                         225     21  584.9         584.9
   28.8  23934  -60.5                         221     20  585.9         585.9
   26.3  24499  -59.7                         162      8  603.6         603.6
   26.0  24572  -59.0                         155      7  607.6         607.6
   25.0  24819  -56.5                         250      8  621.7         621.7
   24.4  24972  -54.9                         271     16  630.5         630.5
   24.0  25079  -54.6                         285     22  634.3         634.3
   21.0  25937  -52.5                         270     29  665.4         665.4
   20.0  26250  -51.7                         260     27  677.2         677.2
   18.0  26938  -50.3                         245     14  702.4         702.4
   17.0  27312  -49.5                         230     11  716.5         716.5
   16.0  27708  -48.6                         250     14  731.7         731.7
   15.6  27873  -48.3                                     738.1         738.1
</PRE><H3>Station information and sounding indices</H3><PRE>
                         Station identifier: WAAA
                             Station number: 97180
                           Observation time: 181212/0000
                           Station latitude: -5.06
                          Station longitude: 119.55
                          Station elevation: 14.0
                            Showalter index: 1.13
                               Lifted index: -0.80
    LIFT computed using virtual temperature: -1.25
                                SWEAT index: 203.80
                                    K index: 33.00
                         Cross totals index: 19.50
                      Vertical totals index: 21.90
                        Totals totals index: 41.40
      Convective Available Potential Energy: 332.13
             CAPE using virtual temperature: 435.62
                      Convective Inhibition: -38.43
             CINS using virtual temperature: -30.03
                           Equilibrum Level: 241.01
 Equilibrum Level using virtual temperature: 240.02
                   Level of Free Convection: 814.74
             LFCT using virtual temperature: 849.12
                     Bulk Richardson Number: 531.37
          Bulk Richardson Number using CAPV: 696.94
  Temp [K] of the Lifted Condensation Level: 293.78
Pres [hPa] of the Lifted Condensation Level: 928.99
     Mean mixed layer potential temperature: 300.04
              Mean mixed layer mixing ratio: 16.79
              1000 hPa to 500 hPa thickness: 5796.00
Precipitable water [mm] for entire sounding: 56.66
</PRE>
<P>Description of the 
<A HREF="/upperair/columns.html">data columns</A>
or <A HREF="/upperair/indices.html">sounding indices</A>.

<P>
<FORM>
<INPUT CLASS="button" TYPE="button" VALUE=" Close this window " 
 onClick="window.close();">
<INPUT CLASS="button" TYPE="button" VALUE=" Select another map " 
 onClick="window.blur();">
</FORM>
<HR SIZE="1">
<I>Interested in graduate studies in atmospheric science?
Check out our program at the
<a href="http://www.uwyo.edu/atsc/howtoapply/"
target=_top>University of Wyoming
</a></I>
<HR SIZE="1"><FONT SIZE="-1">
Questions about the weather data provided by this site can be
addressed to <A HREF="mailto:ldoolman@uwyo.edu">
Larry Oolman (ldoolman@uwyo.edu)</A></FONT>
<HR SIZE="1">
<SCRIPT TYPE="text/javascript">
<!--
window.focus();
// -->
</SCRIPT>
</BODY>
</HTML>
