2018-03-04 12
<HTML>
<TITLE>University of Wyoming - Radiosonde Data</TITLE>
<LINK REL="StyleSheet" HREF="/resources/select.css" TYPE="text/css">
<BODY BGCOLOR="white">
<H2>97180 WAAA Ujung Pandang Observations at 00Z 04 Mar 2018</H2>
<PRE>
-----------------------------------------------------------------------------
   PRES   HGHT   TEMP   DWPT   RELH   MIXR   DRCT   SKNT   THTA   THTE   THTV
    hPa     m      C      C      %    g/kg    deg   knot     K      K      K 
-----------------------------------------------------------------------------
 1009.0     14   25.6   22.6     84  17.45      0      0  298.0  348.8  301.1
 1008.0     22   26.6   20.6     70  15.40     13      1  299.1  344.2  301.8
 1005.0     47   25.8   19.8     69  14.69     51      2  298.5  341.4  301.1
 1000.0     88   25.6   19.6     69  14.57    115      5  298.8  341.4  301.4
  996.0    124   27.0   21.0     70  15.99    118      5  300.5  347.6  303.4
  976.0    303   25.8   20.6     73  15.93    135      3  301.0  348.0  303.9
  926.0    769   22.6   19.6     83  15.76    257      3  302.3  349.1  305.2
  925.0    778   22.4   19.5     84  15.68    260      3  302.2  348.7  305.0
  912.0    900   21.8   18.6     82  15.06    265      5  302.8  347.6  305.5
  881.0   1198   20.2   16.6     80  13.64    250      7  304.2  345.0  306.7
  850.0   1507   18.6   14.4     77  12.28    260      9  305.6  342.7  307.9
  793.0   2095   15.7   10.5     71  10.13    270      9  308.6  339.7  310.5
  739.0   2692   12.7    6.5     66   8.26    265      3  311.6  337.5  313.2
  713.0   2995   11.2    4.4     63   7.43    305      3  313.2  336.6  314.6
  700.0   3151   10.4    3.4     62   7.03    295      3  314.0  336.3  315.3
  687.0   3306    9.8    1.9     58   6.43    290      5  315.0  335.5  316.2
  643.0   3852    7.6   -3.4     46   4.65    313      9  318.5  333.8  319.4
  639.0   3903    7.3   -3.3     47   4.70    315      9  318.7  334.2  319.6
  616.0   4202    5.4   -3.0     54   5.00    350      9  319.9  336.4  320.9
  601.0   4404    4.2   -2.8     60   5.21      7     11  320.8  338.0  321.8
  594.0   4498    3.6   -3.5     60   4.99     15     12  321.2  337.7  322.1
  552.0   5088    0.0   -8.0     55   3.81     20      7  323.7  336.6  324.4
  551.0   5103   -0.1   -8.0     55   3.83     20      7  323.7  336.7  324.5
  531.0   5396   -2.5   -7.4     69   4.16     35      3  324.2  338.3  325.1
  525.0   5486   -3.3   -7.2     74   4.27     63      3  324.4  338.8  325.2
  511.0   5699   -4.1  -11.2     58   3.21    130      3  326.0  337.0  326.6
  507.0   5761   -4.3  -12.3     54   2.95    132      3  326.4  336.6  327.0
  500.0   5870   -4.9  -12.9     53   2.85    135      3  327.0  336.9  327.6
  492.0   5995   -5.7  -13.8     53   2.68    135      4  327.6  336.9  328.1
  474.0   6283   -7.5  -16.1     50   2.32    115      7  328.8  337.1  329.3
  438.0   6894  -11.3  -20.7     46   1.69    115      8  331.5  337.6  331.9
  415.0   7311  -13.9  -23.9     43   1.34    115      9  333.3  338.3  333.6
  405.0   7496  -15.2  -23.9     47   1.38    115      9  333.9  339.0  334.2
  400.0   7590  -15.9  -23.9     50   1.40    120      9  334.2  339.4  334.5
  385.0   7878  -17.9  -22.9     65   1.58    117     10  335.3  341.1  335.6
  378.0   8015  -19.1  -26.1     54   1.21    116     11  335.5  340.0  335.7
  374.0   8094  -19.6  -26.0     57   1.24    115     11  335.8  340.4  336.0
  359.0   8397  -21.7  -25.5     71   1.34     95     12  336.9  342.0  337.2
  348.0   8627  -23.3  -25.2     84   1.43     52     11  337.8  343.1  338.1
  345.0   8690  -23.8  -25.6     84   1.38     40     11  338.0  343.2  338.3
  331.0   8991  -25.9  -27.7     84   1.19    355     12  339.1  343.6  339.4
  311.0   9443  -29.1  -30.9     84   0.94    329      6  340.7  344.4  340.9
  304.0   9605  -30.1  -33.4     73   0.76    320      4  341.5  344.5  341.7
  300.0   9700  -30.7  -34.8     67   0.67    345      2  342.0  344.6  342.1
  294.0   9842  -31.7  -37.7     55   0.51     15      2  342.6  344.6  342.7
  291.0   9913  -32.3  -38.3     55   0.48     30      2  342.7  344.7  342.8
  279.0  10204  -34.7  -40.7     54   0.39    305      2  343.4  345.0  343.5
  267.0  10508  -37.2  -43.2     54   0.31      0      1  344.0  345.4  344.1
  256.0  10798  -39.6  -45.6     53   0.25    110      5  344.6  345.7  344.7
  254.0  10853  -40.1  -46.1     53   0.24    105      6  344.7  345.8  344.8
  250.0  10960  -41.1                          95      7  344.8         344.8
  245.0  11094  -42.2                          90      8  345.1         345.1
  214.0  11991  -49.9                         100     12  346.9         346.9
  200.0  12440  -53.7                          95     19  347.6         347.6
  169.0  13482  -63.0                          75     24  349.3         349.3
  150.0  14220  -69.5                          95     30  350.2         350.2
  138.0  14700  -73.0                          95     47  352.5         352.5
  109.0  16059  -82.9                          80     64  358.4         358.4
  106.0  16215  -82.5                          80     66  362.0         362.0
  100.0  16540  -81.7                          85     64  369.6         369.6
   96.0  16770  -81.7                          80     51  374.0         374.0
   91.0  17071  -81.7                          65     29  379.7         379.7
   90.8  17083  -81.7                          63     29  380.0         380.0
   88.9  17203  -79.3                          48     25  387.1         387.1
   86.0  17391  -80.2                          25     19  388.9         388.9
   82.0  17661  -81.5                         335     16  391.7         391.7
   81.9  17668  -81.5                         334     16  391.7         391.7
   73.0  18314  -82.5                         255     11  402.8         402.8
   71.1  18462  -82.7                         220      7  405.3         405.3
   70.0  18550  -81.9                         200      5  408.9         408.9
   69.0  18632  -81.3                         185      5  411.8         411.8
   66.0  18884  -79.5                          85      5  421.0         421.0
   60.7  19360  -76.1                          96     12  438.8         438.8
   59.0  19526  -73.9                         100     15  447.4         447.4
   56.1  19822  -69.9                         140     10  462.9         462.9
   54.0  20050  -69.2                         170      6  469.7         469.7
   51.0  20391  -68.0                         120      4  480.1         480.1
   50.7  20426  -67.9                          84      3  481.1         481.1
   50.0  20510  -67.9                           0      1  483.1         483.1
   48.0  20753  -69.7                         280      8  484.5         484.5
   46.9  20892  -70.7                         313      9  485.3         485.3
   46.0  21007  -68.7                         340      9  492.8         492.8
   45.2  21112  -66.9                         348      8  499.6         499.6
   44.0  21273  -67.4                           0      7  502.3         502.3
   42.0  21552  -68.2                         295      2  506.9         506.9
   40.0  21843  -69.1                         160     12  511.8         511.8
   37.9  22166  -70.1                         135     20  517.3         517.3
   36.0  22474  -67.7                         100     32  531.0         531.0
   35.5  22557  -67.1                          96     32  534.8         534.8
   34.0  22817  -67.5                          85     31  540.2         540.2
   32.9  23015  -67.9                          89     36  544.4         544.4
   30.0  23570  -66.9                         100     51  561.7         561.7
   29.8  23610  -66.7                         100     52  563.3         563.3
   28.0  23989  -64.9                          95     58  578.4         578.4
   27.4  24121  -64.3                                     583.7         583.7
   26.3  24374  -60.5                                     601.3         601.3
   22.0  25493  -57.5                                     641.7         641.7
</PRE><H3>Station information and sounding indices</H3><PRE>
                         Station identifier: WAAA
                             Station number: 97180
                           Observation time: 180304/0000
                           Station latitude: -5.06
                          Station longitude: 119.55
                          Station elevation: 14.0
                            Showalter index: 0.92
                               Lifted index: -0.69
    LIFT computed using virtual temperature: -1.15
                                SWEAT index: 193.78
                                    K index: 30.90
                         Cross totals index: 19.30
                      Vertical totals index: 23.50
                        Totals totals index: 42.80
      Convective Available Potential Energy: 200.66
             CAPE using virtual temperature: 255.06
                      Convective Inhibition: -183.72
             CINS using virtual temperature: -111.82
                           Equilibrum Level: 241.32
 Equilibrum Level using virtual temperature: 241.44
                   Level of Free Convection: 554.95
             LFCT using virtual temperature: 592.70
                     Bulk Richardson Number: 43.17
          Bulk Richardson Number using CAPV: 54.87
  Temp [K] of the Lifted Condensation Level: 292.38
Pres [hPa] of the Lifted Condensation Level: 908.01
     Mean mixed layer potential temperature: 300.56
              Mean mixed layer mixing ratio: 15.72
              1000 hPa to 500 hPa thickness: 5782.00
Precipitable water [mm] for entire sounding: 51.93
</PRE>
<P>Description of the 
<A HREF="/upperair/columns.html">data columns</A>
or <A HREF="/upperair/indices.html">sounding indices</A>.

<P>
<FORM>
<INPUT CLASS="button" TYPE="button" VALUE=" Close this window " 
 onClick="window.close();">
<INPUT CLASS="button" TYPE="button" VALUE=" Select another map " 
 onClick="window.blur();">
</FORM>
<HR SIZE="1">
<I>Interested in graduate studies in atmospheric science?
Check out our program at the
<a href="http://www.uwyo.edu/atsc/howtoapply/"
target=_top>University of Wyoming
</a></I>
<HR SIZE="1"><FONT SIZE="-1">
Questions about the weather data provided by this site can be
addressed to <A HREF="mailto:ldoolman@uwyo.edu">
Larry Oolman (ldoolman@uwyo.edu)</A></FONT>
<HR SIZE="1">
<SCRIPT TYPE="text/javascript">
<!--
window.focus();
// -->
</SCRIPT>
</BODY>
</HTML>
