2016-09-02 00
<HTML>
<TITLE>University of Wyoming - Radiosonde Data</TITLE>
<LINK REL="StyleSheet" HREF="/resources/select.css" TYPE="text/css">
<BODY BGCOLOR="white">
<H2>97180 WAAA Ujung Pandang Observations at 00Z 02 Sep 2016</H2>
<PRE>
-----------------------------------------------------------------------------
   PRES   HGHT   TEMP   DWPT   RELH   MIXR   DRCT   SKNT   THTA   THTE   THTV
    hPa     m      C      C      %    g/kg    deg   knot     K      K      K 
-----------------------------------------------------------------------------
 1010.0     14   26.0   21.2     75  15.97      0      0  298.3  344.9  301.1
 1003.0     76   25.4   19.4     69  14.35     38      1  298.3  340.2  300.9
 1000.0    102   25.8   19.8     69  14.76     55      2  298.9  342.2  301.6
  981.0    272   26.4   19.4     65  14.67     45      2  301.2  344.6  303.8
  945.0    600   24.1   16.5     62  12.63     25      2  302.1  339.6  304.4
  925.0    788   22.8   14.8     61  11.57     40      4  302.6  337.1  304.7
  882.0   1198   20.6   10.9     54   9.34     95     14  304.4  332.7  306.1
  850.0   1517   18.8    7.8     49   7.87    110     15  305.8  329.9  307.3
  806.0   1972   16.6    4.6     45   6.64    121     12  308.2  328.8  309.4
  769.0   2371   13.0    4.0     54   6.67    131      9  308.4  329.2  309.7
  746.0   2626   12.6   -0.4     41   5.01    138      7  310.7  326.6  311.6
  739.0   2705   12.1   -1.3     39   4.72    140      6  311.0  326.1  311.9
  713.0   3004   10.3   -4.8     34   3.77    105     11  312.2  324.5  312.9
  700.0   3158    9.4   -6.6     32   3.35     95     13  312.9  323.8  313.5
  698.0   3182    9.2   -6.8     32   3.31     95     13  312.9  323.7  313.5
  679.0   3409    7.4   -5.6     39   3.73     92     13  313.4  325.5  314.1
  670.0   3519    6.8   -0.2     61   5.66     90     13  313.9  332.0  315.0
  639.0   3905    4.4   -1.4     66   5.45     85     13  315.4  333.0  316.5
  617.0   4191    2.6   -2.2     71   5.30     68     15  316.5  333.7  317.6
  595.0   4484    1.6   -3.4     69   5.03     51     17  318.7  335.2  319.6
  594.0   4498    1.6   -3.7     68   4.93     50     17  318.8  334.9  319.7
  591.0   4539    1.4   -4.6     64   4.62     52     17  319.1  334.3  320.0
  582.0   4662    1.8  -13.2     32   2.39     60     16  320.9  329.1  321.4
  578.0   4718    2.0  -15.0     27   2.07     63     16  321.8  329.0  322.2
  554.0   5058    0.0  -16.0     29   1.99     84     14  323.4  330.3  323.8
  531.0   5394   -2.4  -19.2     26   1.59    105     12  324.5  330.1  324.8
  511.0   5698   -4.5  -22.1     24   1.28     70     12  325.5  330.1  325.7
  500.0   5870   -5.7  -23.7     23   1.14     75     12  326.0  330.2  326.2
  495.0   5949   -6.3  -23.3     25   1.19     74     12  326.2  330.6  326.5
  473.0   6305   -7.3  -31.6     12   0.58     70     12  329.2  331.5  329.4
  465.0   6438   -7.7  -34.7      9   0.44     74     12  330.4  332.1  330.4
  419.0   7245  -11.7  -44.7      5   0.17     97     12  335.2  335.9  335.2
  405.0   7505  -14.0  -40.5      9   0.28    105     12  335.4  336.6  335.5
  400.0   7600  -14.9  -38.9     11   0.33    100     12  335.5  336.9  335.6
  337.0   8867  -25.5  -38.5     29   0.41    109     10  337.9  339.6  338.0
  311.0   9444  -28.7  -46.7     16   0.18    114      9  341.3  342.1  341.3
  304.0   9606  -30.1  -48.1     16   0.16    115      9  341.6  342.2  341.6
  300.0   9700  -30.9  -48.9     15   0.15    115      8  341.7  342.4  341.7
  279.0  10204  -35.6  -49.0     24   0.16     75      3  342.1  342.8  342.2
  267.0  10509  -38.4  -49.1     32   0.17    330      5  342.4  343.1  342.4
  260.0  10694  -40.1  -49.1     38   0.17    324      8  342.4  343.2  342.5
  256.0  10799  -40.6                         320      9  343.3         343.3
  250.0  10960  -41.3                         330      8  344.5         344.5
  245.0  11094  -42.3                         345      9  345.0         345.0
  204.0  12309  -51.7                         355     19  348.8         348.8
  200.0  12440  -52.7                           0     20  349.1         349.1
  195.0  12598  -54.2                           5     20  349.3         349.3
  169.0  13494  -62.5                          15     20  350.1         350.1
  165.0  13644  -63.9                          30     17  350.1         350.1
  161.0  13792  -64.9                          45     14  350.9         350.9
  153.0  14100  -66.9                         100     24  352.6         352.6
  150.0  14220  -67.7                         105     29  353.3         353.3
  132.0  14964  -71.4                         110     59  359.8         359.8
  107.0  16186  -77.5                          65     34  370.4         370.4
  100.0  16580  -79.5                          70     33  373.9         373.9
   91.7  17070  -82.3                          85     19  377.7         377.7
   87.0  17365  -82.4                         100     27  383.1         383.1
   78.8  17920  -82.7                          85     37  393.6         393.6
   74.0  18275  -79.3                          75     44  407.9         407.9
   71.6  18466  -73.1                          69     40  424.9         424.9
   70.0  18600  -71.3                          65     38  431.5         431.5
   68.5  18728  -70.1                          64     36  436.8         436.8
   67.3  18833  -66.3                          63     34  447.2         447.2
   63.0  19233  -64.2                          60     27  460.2         460.2
   61.9  19340  -63.7                          68     27  463.8         463.8
   55.0  20055  -65.8                         125     27  474.9         474.9
   53.4  20234  -66.3                         136     25  477.8         477.8
   50.0  20630  -66.5                         160     19  486.4         486.4
   49.0  20752  -66.5                         159     18  489.2         489.2
   45.0  21277  -62.0                         155     12  512.2         512.2
   43.0  21557  -59.6                         205      2  524.8         524.8
   42.3  21658  -58.7                         260      6  529.4         529.4
   41.0  21856  -57.3                           5     14  537.7         537.7
   39.8  22043  -55.9                         338     21  545.8         545.8
   39.0  22172  -56.2                         320     26  548.2         548.2
   35.0  22856  -57.7                         290     40  561.4         561.4
   34.1  23021  -58.1                         283     37  564.6         564.6
   30.0  23830  -56.7                         250     21  589.5         589.5
   29.0  24046  -55.9                         250     17  597.4         597.4
   28.5  24156  -55.5                         262     17  601.5         601.5
   28.0  24269  -55.6                         275     17  604.2         604.2
   25.0  24989  -56.4                         290     32  621.9         621.9
   23.1  25491  -56.9                         276     31  634.6         634.6
   20.0  26410  -54.1                         250     29  669.8         669.8
   17.8  27163  -50.5                         268     28  703.9         703.9
   17.0  27463  -50.4                         275     27  713.4         713.4
   15.0  28280  -50.2                         285     36  740.0         740.0
   14.0  28730  -50.1                         260     25  755.1         755.1
   13.8  28824  -50.1                                     758.3         758.3
</PRE><H3>Station information and sounding indices</H3><PRE>
                         Station identifier: WAAA
                             Station number: 97180
                           Observation time: 160902/0000
                           Station latitude: -5.06
                          Station longitude: 119.55
                          Station elevation: 14.0
                            Showalter index: 5.68
                               Lifted index: 0.08
    LIFT computed using virtual temperature: -0.55
                                SWEAT index: 135.60
                                    K index: 16.30
                         Cross totals index: 13.50
                      Vertical totals index: 24.50
                        Totals totals index: 38.00
      Convective Available Potential Energy: 11.88
             CAPE using virtual temperature: 44.06
                      Convective Inhibition: -203.54
             CINS using virtual temperature: -120.07
                           Equilibrum Level: 494.23
 Equilibrum Level using virtual temperature: 482.06
                   Level of Free Convection: 660.71
             LFCT using virtual temperature: 707.12
                     Bulk Richardson Number: 1.26
          Bulk Richardson Number using CAPV: 4.68
  Temp [K] of the Lifted Condensation Level: 290.66
Pres [hPa] of the Lifted Condensation Level: 890.45
     Mean mixed layer potential temperature: 300.47
              Mean mixed layer mixing ratio: 14.38
              1000 hPa to 500 hPa thickness: 5768.00
Precipitable water [mm] for entire sounding: 36.48
</PRE>
<P>Description of the 
<A HREF="/upperair/columns.html">data columns</A>
or <A HREF="/upperair/indices.html">sounding indices</A>.

<P>
<FORM>
<INPUT CLASS="button" TYPE="button" VALUE=" Close this window " 
 onClick="window.close();">
<INPUT CLASS="button" TYPE="button" VALUE=" Select another map " 
 onClick="window.blur();">
</FORM>
<HR SIZE="1">
<I>Interested in graduate studies in atmospheric science?
Check out our program at the
<a href="http://www.uwyo.edu/atsc/howtoapply/"
target=_top>University of Wyoming
</a></I>
<HR SIZE="1"><FONT SIZE="-1">
Questions about the weather data provided by this site can be
addressed to <A HREF="mailto:ldoolman@uwyo.edu">
Larry Oolman (ldoolman@uwyo.edu)</A></FONT>
<HR SIZE="1">
<SCRIPT TYPE="text/javascript">
<!--
window.focus();
// -->
</SCRIPT>
</BODY>
</HTML>
