2016-03-28 12
<HTML>
<TITLE>University of Wyoming - Radiosonde Data</TITLE>
<LINK REL="StyleSheet" HREF="/resources/select.css" TYPE="text/css">
<BODY BGCOLOR="white">
<H2>97180 WAAA Ujung Pandang Observations at 00Z 28 Mar 2016</H2>
<PRE>
-----------------------------------------------------------------------------
   PRES   HGHT   TEMP   DWPT   RELH   MIXR   DRCT   SKNT   THTA   THTE   THTV
    hPa     m      C      C      %    g/kg    deg   knot     K      K      K 
-----------------------------------------------------------------------------
 1012.0     14   25.4   23.5     89  18.40    100      4  297.5  351.1  300.8
 1000.0    120   27.6   22.8     75  17.83     80      4  300.8  353.4  303.9
  980.0    299   26.4   22.1     77  17.42     45      4  301.2  352.7  304.4
  947.0    601   24.2   20.9     82  16.75    325      6  302.1  351.7  305.1
  925.0    809   22.8   20.1     85  16.29    320     10  302.6  351.0  305.6
  915.0    903   22.3   19.5     84  15.81    320     12  303.1  350.2  305.9
  850.0   1543   19.2   15.1     77  12.86    335     14  306.2  345.1  308.6
  825.0   1799   17.8   14.1     79  12.44    340     12  307.4  345.2  309.7
  796.0   2105   16.2   13.0     81  11.96    325      6  308.8  345.4  311.1
  779.0   2290   15.2   12.3     83  11.67    300      5  309.7  345.5  311.9
  769.0   2399   15.4    9.1     66   9.49    285      4  311.0  340.4  312.8
  767.0   2421   15.4    8.4     63   9.10    287      4  311.3  339.6  313.0
  742.0   2700   13.5    6.9     64   8.47    315      6  312.2  338.7  313.8
  716.0   3000   11.5    5.2     65   7.83    235      4  313.1  337.8  314.6
  700.0   3190   10.2    4.2     66   7.44    235      4  313.8  337.3  315.2
  691.0   3298    9.6    5.1     74   8.06     55      4  314.2  339.7  315.8
  682.0   3407    9.0    6.1     82   8.73     64      4  314.8  342.3  316.4
  676.0   3480    9.4    3.4     66   7.28     70      4  316.0  339.2  317.4
  643.0   3892    6.7    1.2     68   6.56    105      4  317.5  338.6  318.8
  620.0   4191    4.8   -0.3     70   6.07    335      2  318.6  338.3  319.7
  616.0   4245    4.4   -0.6     70   5.98    334      3  318.8  338.2  319.9
  613.0   4284    4.6   -4.4     52   4.53    333      3  319.4  334.4  320.3
  611.0   4311    4.2    0.2     75   6.40    333      3  319.3  340.1  320.5
  575.0   4802    1.9   -2.7     72   5.49    325      8  322.1  340.2  323.2
  554.0   5103    0.4   -4.5     70   4.98    295      6  323.9  340.5  324.8
  548.0   5191    0.0   -5.0     69   4.84    294      6  324.4  340.6  325.3
  512.0   5732   -2.7  -12.7     46   2.83    291      6  327.5  337.3  328.0
  507.0   5810   -3.3   -7.6     72   4.28    291      6  327.6  342.3  328.5
  500.0   5920   -3.9   -8.9     68   3.92    290      6  328.2  341.7  329.0
  495.0   5999   -4.3   -9.9     65   3.67    290      6  328.6  341.3  329.4
  482.0   6210   -5.5  -12.5     58   3.05    298      8  329.7  340.4  330.3
  441.0   6896  -10.2  -15.6     65   2.60    325     14  332.3  341.5  332.8
  408.0   7497  -14.3  -18.2     72   2.24    310     12  334.5  342.6  334.9
  400.0   7650  -15.3  -18.9     74   2.16    315     12  335.0  342.9  335.4
  377.0   8095  -18.1  -20.1     84   2.06    330     14  337.0  344.6  337.4
  374.0   8155  -18.5  -20.3     86   2.05    329     14  337.3  344.8  337.7
  354.0   8563  -21.5  -30.5     44   0.86    320     11  338.6  341.9  338.8
  346.0   8731  -23.1  -28.1     64   1.10    316     10  338.6  342.8  338.9
  339.0   8880  -24.5  -29.5     63   0.98    313      9  338.7  342.5  338.9
  333.0   9010  -25.7  -27.2     87   1.24    310      8  338.8  343.5  339.1
  332.0   9032  -25.9  -26.8     92   1.29    311      8  338.8  343.7  339.1
  326.0   9164  -26.7  -31.1     66   0.88    318      5  339.5  342.9  339.7
  320.0   9298  -27.4  -28.9     88   1.11    325      2  340.2  344.5  340.5
  318.0   9343  -27.7  -28.1     96   1.20    340      3  340.5  345.1  340.8
  307.0   9595  -29.3  -31.2     83   0.92     65      6  341.8  345.3  341.9
  300.0   9760  -30.3  -33.3     75   0.77     65      8  342.6  345.6  342.7
  289.0  10025  -32.1  -38.1     55   0.50     66      8  343.7  345.7  343.8
  258.0  10813  -39.1  -43.2     65   0.33     70      8  344.6  346.0  344.7
  254.0  10922  -40.1  -43.9     67   0.31     65      9  344.7  346.0  344.8
  250.0  11030  -40.9                          60     10  345.1         345.1
  236.0  11410  -44.0                          50     10  346.1         346.1
  200.0  12500  -53.1                          70     16  348.5         348.5
  197.0  12595  -53.8                          70     17  348.9         348.9
  179.0  13194  -58.1                          75     27  351.6         351.6
  171.0  13480  -60.2                          80     27  352.8         352.8
  155.0  14095  -64.6                          80     23  355.2         355.2
  150.0  14300  -66.1                          70     21  356.0         356.0
  140.0  14708  -69.0                          30     10  357.9         357.9
  133.0  15011  -71.2                         315     14  359.3         359.3
  116.0  15819  -77.1                         265     17  362.8         362.8
  114.0  15919  -77.2                         255     16  364.3         364.3
  103.0  16501  -78.1                         180      2  373.4         373.4
  100.0  16670  -77.5                         275      2  377.7         377.7
   98.0  16785  -77.8                         355      2  379.3         379.3
   93.0  17082  -78.7                         320      2  383.2         383.2
   88.0  17396  -79.7                         350      6  387.4         387.4
   79.0  18008  -81.5                         280     23  395.8         395.8
   75.0  18301  -80.9                         280     19  403.0         403.0
   71.0  18610  -80.3                         340     14  410.7         410.7
   70.0  18690  -80.1                         340     16  412.7         412.7
   67.0  18938  -78.7                         335     19  420.8         420.8
   65.2  19092  -77.9                         311     18  426.0         426.0
   64.0  19198  -77.9                         295     17  428.1         428.1
   57.0  19857  -78.2                         260      6  442.0         442.0
   55.0  20061  -78.2                         275      6  446.4         446.4
   53.3  20239  -78.3                         180      7  450.3         450.3
   52.0  20382  -74.7                         105      8  461.9         461.9
   51.3  20460  -72.7                         100      9  468.3         468.3
   50.0  20610  -72.3                          90     12  472.7         472.7
   45.0  21244  -70.1                          70     23  492.4         492.4
   38.0  22262  -66.7                          75     43  525.6         525.6
   35.0  22757  -65.0                          95     37  542.5         542.5
   33.5  23021  -64.1                          95     28  551.6         551.6
   32.0  23307  -61.2                          95     19  566.7         566.7
   30.0  23710  -57.1                          75     10  588.4         588.4
   29.7  23774  -56.5                          38     10  591.7         591.7
   29.0  23925  -56.5                         310     10  595.6         595.6
   26.0  24617  -56.8                         260     12  613.8         613.8
   25.0  24865  -56.9                         175      6  620.5         620.5
   24.7  24942  -56.9                         168      6  622.6         622.6
   23.0  25396  -54.8                         130      8  641.7         641.7
   22.5  25536  -54.1                         135      7  647.7         647.7
   22.0  25680  -54.2                         140      6  651.4         651.4
   21.0  25978  -54.6                         105      6  659.1         659.1
   20.0  26290  -54.9                         100     10  667.4         667.4
   19.0  26617  -55.3                          85     17  675.9         675.9
   18.6  26753  -55.5                                     679.5         679.5
</PRE><H3>Station information and sounding indices</H3><PRE>
                         Station identifier: WAAA
                             Station number: 97180
                           Observation time: 160328/0000
                           Station latitude: -5.06
                          Station longitude: 119.55
                          Station elevation: 14.0
                            Showalter index: 0.97
                               Lifted index: -1.72
    LIFT computed using virtual temperature: -2.16
                                SWEAT index: 215.21
                                    K index: 32.20
                         Cross totals index: 19.00
                      Vertical totals index: 23.10
                        Totals totals index: 42.10
      Convective Available Potential Energy: 963.02
             CAPE using virtual temperature: 1083.06
                      Convective Inhibition: -66.53
             CINS using virtual temperature: -38.53
                           Equilibrum Level: 174.97
 Equilibrum Level using virtual temperature: 174.90
                   Level of Free Convection: 734.28
             LFCT using virtual temperature: 805.54
                     Bulk Richardson Number: 233.68
          Bulk Richardson Number using CAPV: 262.81
  Temp [K] of the Lifted Condensation Level: 294.46
Pres [hPa] of the Lifted Condensation Level: 928.06
     Mean mixed layer potential temperature: 300.82
              Mean mixed layer mixing ratio: 17.54
              1000 hPa to 500 hPa thickness: 5800.00
Precipitable water [mm] for entire sounding: 58.43
</PRE>
<P>Description of the 
<A HREF="/upperair/columns.html">data columns</A>
or <A HREF="/upperair/indices.html">sounding indices</A>.

<P>
<FORM>
<INPUT CLASS="button" TYPE="button" VALUE=" Close this window " 
 onClick="window.close();">
<INPUT CLASS="button" TYPE="button" VALUE=" Select another map " 
 onClick="window.blur();">
</FORM>
<HR SIZE="1">
<I>Interested in graduate studies in atmospheric science?
Check out our program at the
<a href="http://www.uwyo.edu/atsc/howtoapply/"
target=_top>University of Wyoming
</a></I>
<HR SIZE="1"><FONT SIZE="-1">
Questions about the weather data provided by this site can be
addressed to <A HREF="mailto:ldoolman@uwyo.edu">
Larry Oolman (ldoolman@uwyo.edu)</A></FONT>
<HR SIZE="1">
<SCRIPT TYPE="text/javascript">
<!--
window.focus();
// -->
</SCRIPT>
</BODY>
</HTML>
