2016-10-20 00
<HTML>
<TITLE>University of Wyoming - Radiosonde Data</TITLE>
<LINK REL="StyleSheet" HREF="/resources/select.css" TYPE="text/css">
<BODY BGCOLOR="white">
<H2>97180 WAAA Ujung Pandang Observations at 00Z 20 Oct 2016</H2>
<PRE>
-----------------------------------------------------------------------------
   PRES   HGHT   TEMP   DWPT   RELH   MIXR   DRCT   SKNT   THTA   THTE   THTV
    hPa     m      C      C      %    g/kg    deg   knot     K      K      K 
-----------------------------------------------------------------------------
 1007.0     14   26.8   24.5     87  19.67      0      0  299.4  357.1  302.9
 1005.0     31   27.8   23.4     77  18.42      1      1  300.5  354.8  303.8
 1000.0     75   27.8   23.1     76  18.17      5      3  300.9  354.6  304.2
  925.0    760   23.2   18.8     76  15.00     50     12  303.0  347.7  305.8
  879.0   1204   20.1   16.6     80  13.70     80     11  304.3  345.3  306.8
  857.0   1424   18.6   15.5     82  13.09     80     16  304.9  344.2  307.3
  850.0   1495   18.6   14.9     79  12.69     80     17  305.6  343.9  307.9
  826.0   1741   17.2   12.7     75  11.29     75     18  306.6  340.9  308.7
  795.0   2068   17.0    9.0     59   9.14     67     20  309.8  338.1  311.5
  773.0   2307   17.4    4.4     42   6.83     62     21  312.7  334.3  314.0
  765.0   2395   16.6    4.4     44   6.91     60     21  312.8  334.6  314.1
  712.0   3001   11.0    4.6     64   7.52     45     12  313.1  336.9  314.6
  708.0   3048   10.6    4.6     66   7.57     42     12  313.2  337.0  314.6
  700.0   3143   10.2    5.5     73   8.16     35     11  313.8  339.4  315.3
  663.0   3593    7.0    3.3     77   7.36     10     14  315.0  338.4  316.4
  652.0   3732    6.0    2.6     79   7.13     17     14  315.4  338.2  316.8
  616.0   4197    4.1    0.4     77   6.43     40     12  318.4  339.3  319.7
  599.0   4426    3.2   -0.7     76   6.11     40     11  319.9  339.9  321.1
  572.0   4801    2.5   -6.2     53   4.23     40      9  323.3  337.5  324.1
  570.0   4830    2.4   -6.6     51   4.11     43      9  323.6  337.4  324.4
  551.0   5103    0.8   -7.5     54   3.96     75      8  324.8  338.2  325.6
  542.0   5236    0.0   -8.0     55   3.88     77      8  325.4  338.6  326.1
  500.0   5880   -3.9   -9.9     63   3.63     85      9  328.2  340.7  328.9
  477.0   6247   -6.3  -12.3     62   3.14     85     11  329.7  340.7  330.3
  474.0   6296   -6.6  -12.8     62   3.03     85     11  329.9  340.5  330.5
  460.0   6528   -8.1  -15.1     57   2.59    109      9  330.9  340.1  331.4
  456.0   6596   -8.3  -17.3     48   2.17    116      9  331.5  339.2  331.9
  421.0   7202  -13.1  -19.6     58   1.93    180      5  333.0  340.0  333.4
  400.0   7590  -16.1  -21.1     65   1.79    120      7  334.0  340.5  334.3
  359.0   8394  -21.7  -23.3     87   1.64     55      7  336.9  343.0  337.2
  347.0   8647  -23.5  -24.0     96   1.59     38      5  337.8  343.8  338.1
  345.0   8689  -23.8  -24.3     96   1.56     35      5  337.9  343.8  338.3
  327.0   9080  -26.7  -27.0     97   1.29     89      9  339.2  344.1  339.4
  324.0   9146  -27.3  -27.6     97   1.23     98      9  339.2  343.9  339.5
  322.0   9191  -27.7  -28.0     97   1.19    104     10  339.3  343.8  339.5
  321.0   9213  -27.7  -28.8     90   1.11    107     10  339.6  343.9  339.8
  318.0   9281  -26.9  -34.9     47   0.62    117     11  341.6  344.1  341.8
  317.0   9304  -26.9  -39.9     28   0.38    120     11  341.9  343.5  342.0
  316.0   9327  -26.7  -43.7     18   0.25    121     11  342.5  343.6  342.6
  305.0   9581  -28.8  -47.1     15   0.18    135     15  343.1  343.9  343.2
  300.0   9700  -29.7  -48.7     14   0.15    135     15  343.4  344.1  343.4
  296.0   9796  -30.1  -51.1     11   0.12    130     15  344.2  344.7  344.2
  272.0  10395  -34.9  -52.9     14   0.10     97     14  345.6  346.1  345.6
  250.0  10980  -39.5  -46.5     47   0.24     65     14  347.2  348.2  347.2
  247.0  11063  -40.1  -47.1     47   0.22     61     16  347.5  348.5  347.6
  246.0  11090  -40.3                          60     16  347.6         347.6
  200.0  12470  -52.5                          65     17  349.5         349.5
  196.0  12596  -53.6                          65     18  349.7         349.7
  157.0  13985  -65.9                          40     31  351.8         351.8
  150.0  14260  -68.1                          35     34  352.6         352.6
  147.0  14377  -68.9                          35     38  353.3         353.3
  126.0  15266  -74.9                          40     65  358.3         358.3
  100.0  16600  -83.9                          70     30  365.4         365.4
   91.0  17116  -86.8                          75     20  369.6         369.6
   85.6  17451  -88.7                          75     17  372.3         372.3
   80.5  17785  -86.5                          75     24  383.4         383.4
   76.9  18039  -80.3                          75     28  401.4         401.4
   74.9  18188  -80.9                          75     31  403.1         403.1
   73.0  18334  -77.8                          75     34  412.7         412.7
   72.6  18365  -77.1                          75     30  414.8         414.8
   71.4  18462  -71.5                          75     19  428.7         428.7
   70.0  18580  -69.5                          75      6  435.4         435.4
   69.4  18631  -68.9                          94      7  437.7         437.7
   66.0  18928  -70.1                         205     13  441.5         441.5
   63.0  19203  -71.2                         180     10  445.0         445.0
   62.7  19232  -71.3                         181     10  445.3         445.3
   57.0  19800  -67.1                         200      7  467.0         467.0
   54.9  20024  -65.5                         249     10  475.8         475.8
   54.0  20124  -65.5                         270     11  478.2         478.2
   52.0  20353  -65.4                         235     17  483.5         483.5
   50.0  20590  -65.3                         220     16  489.2         489.2
   49.0  20713  -65.2                         220     13  492.4         492.4
   47.0  20967  -64.9                         295     10  499.0         499.0
   43.4  21452  -64.3                         283     14  511.8         511.8
   40.0  21954  -61.9                         270     18  529.9         529.9
   38.4  22205  -60.7                         250      8  539.2         539.2
   38.0  22270  -60.8                         245      5  540.4         540.4
   37.0  22435  -61.2                         260      4  543.6         543.6
   36.2  22570  -61.5                         290      5  546.3         546.3
   35.0  22780  -60.0                         335      6  555.4         555.4
   33.0  23148  -57.5                         305     19  571.5         571.5
   30.0  23750  -56.1                         285     37  591.1         591.1
   28.0  24189  -55.6                         275     45  604.4         604.4
   25.7  24734  -54.9                         262     38  621.2         621.2
   23.0  25440  -55.7                         245     28  638.9         638.9
   22.4  25608  -55.9                         251     29  643.2         643.2
   21.0  26019  -55.1                         265     31  657.5         657.5
   20.0  26330  -54.5                         260     33  668.6         668.6
   19.1  26625  -53.9                         256     28  679.3         679.3
   19.0  26659  -53.6                         255     27  681.3         681.3
   18.0  27009  -50.4                         285     24  702.1         702.1
   17.8  27082  -49.7                         285     25  706.4         706.4
   16.0  27783  -47.8                         280     31  734.4         734.4
   15.7  27907  -47.5                                     739.4         739.4
</PRE><H3>Station information and sounding indices</H3><PRE>
                         Station identifier: WAAA
                             Station number: 97180
                           Observation time: 161020/0000
                           Station latitude: -5.06
                          Station longitude: 119.55
                          Station elevation: 14.0
                            Showalter index: 1.44
                               Lifted index: -1.72
    LIFT computed using virtual temperature: -2.20
                                SWEAT index: 221.79
                                    K index: 32.70
                         Cross totals index: 18.80
                      Vertical totals index: 22.50
                        Totals totals index: 41.30
      Convective Available Potential Energy: 923.22
             CAPE using virtual temperature: 1053.17
                      Convective Inhibition: -80.17
             CINS using virtual temperature: -20.42
                           Equilibrum Level: 152.12
 Equilibrum Level using virtual temperature: 152.02
                   Level of Free Convection: 725.13
             LFCT using virtual temperature: 870.22
                     Bulk Richardson Number: 137.69
          Bulk Richardson Number using CAPV: 157.07
  Temp [K] of the Lifted Condensation Level: 294.00
Pres [hPa] of the Lifted Condensation Level: 916.09
     Mean mixed layer potential temperature: 301.48
              Mean mixed layer mixing ratio: 17.30
              1000 hPa to 500 hPa thickness: 5805.00
Precipitable water [mm] for entire sounding: 53.54
</PRE>
<P>Description of the 
<A HREF="/upperair/columns.html">data columns</A>
or <A HREF="/upperair/indices.html">sounding indices</A>.

<P>
<FORM>
<INPUT CLASS="button" TYPE="button" VALUE=" Close this window " 
 onClick="window.close();">
<INPUT CLASS="button" TYPE="button" VALUE=" Select another map " 
 onClick="window.blur();">
</FORM>
<HR SIZE="1">
<I>Interested in graduate studies in atmospheric science?
Check out our program at the
<a href="http://www.uwyo.edu/atsc/howtoapply/"
target=_top>University of Wyoming
</a></I>
<HR SIZE="1"><FONT SIZE="-1">
Questions about the weather data provided by this site can be
addressed to <A HREF="mailto:ldoolman@uwyo.edu">
Larry Oolman (ldoolman@uwyo.edu)</A></FONT>
<HR SIZE="1">
<SCRIPT TYPE="text/javascript">
<!--
window.focus();
// -->
</SCRIPT>
</BODY>
</HTML>
