2016-06-18 00
<HTML>
<TITLE>University of Wyoming - Radiosonde Data</TITLE>
<LINK REL="StyleSheet" HREF="/resources/select.css" TYPE="text/css">
<BODY BGCOLOR="white">
<H2>97180 WAAA Ujung Pandang Observations at 00Z 18 Jun 2016</H2>
<PRE>
-----------------------------------------------------------------------------
   PRES   HGHT   TEMP   DWPT   RELH   MIXR   DRCT   SKNT   THTA   THTE   THTV
    hPa     m      C      C      %    g/kg    deg   knot     K      K      K 
-----------------------------------------------------------------------------
 1009.0     14   25.8   23.9     89  18.92      0      0  298.2  353.4  301.6
 1003.0     64   26.8   21.8     74  16.70     77      3  299.7  348.7  302.7
 1000.0     89   27.2   22.2     74  17.17    115      4  300.4  350.9  303.4
  976.0    304   25.6   22.0     80  17.38    165      3  300.9  352.1  304.0
  955.0    497   24.2   21.8     86  17.56    152      4  301.3  353.2  304.4
  943.0    608   23.8   20.0     79  15.85    145      5  302.0  349.0  304.8
  925.0    777   23.2   17.2     69  13.53    120      7  303.0  343.4  305.5
  912.0    900   22.4   16.7     70  13.30     95      9  303.4  343.1  305.8
  850.0   1509   18.2   14.3     78  12.20     95     17  305.2  341.9  307.4
  835.0   1661   17.4   13.7     79  11.94     92     14  305.9  342.0  308.1
  821.0   1806   17.1   12.4     74  11.14     90     12  307.1  341.0  309.2
  804.0   1985   16.8   10.8     68  10.22     72      9  308.6  339.9  310.5
  793.0   2101   15.8   10.6     71  10.19     60      7  308.8  340.1  310.7
  763.0   2428   13.2    9.9     80  10.13     79     12  309.4  340.5  311.2
  739.0   2697   12.6    8.1     74   9.25     94     17  311.5  340.3  313.3
  738.0   2708   12.6    7.7     72   9.02     95     17  311.6  339.8  313.3
  727.0   2834   12.4    3.4     54   6.76     94     16  312.8  334.2  314.1
  720.0   2915   12.6   -0.4     41   5.19     93     15  313.9  330.5  314.9
  716.0   2962   13.0   -6.0     26   3.43     92     15  314.8  326.1  315.5
  714.0   2985   13.2   -4.8     28   3.77     92     14  315.3  327.6  316.0
  707.0   3068   12.0    4.0     58   7.26     91     14  314.8  337.9  316.2
  700.0   3151   11.2    5.2     67   7.98     90     13  314.9  340.2  316.4
  639.0   3897    6.8    1.4     68   6.65    105     14  318.2  339.6  319.4
  616.0   4197    5.0   -0.2     69   6.16     80     11  319.5  339.6  320.7
  555.0   5050    0.0   -4.6     71   4.93     80     12  323.2  339.6  324.1
  531.0   5403   -1.6   -7.0     67   4.28     80     12  325.4  339.8  326.2
  513.0   5677   -2.9   -8.9     63   3.82     94     13  327.0  340.1  327.8
  500.0   5880   -4.3   -9.3     68   3.80    105     13  327.7  340.8  328.5
  492.0   6005   -5.1  -10.2     67   3.59    110     14  328.2  340.6  328.9
  426.0   7122  -12.5  -18.5     61   2.10    103     16  332.6  340.2  333.0
  412.0   7376  -13.9  -22.9     47   1.48    101     17  334.0  339.5  334.3
  407.0   7469  -14.7  -19.7     66   1.98    100     17  334.1  341.4  334.5
  405.0   7506  -14.8  -19.8     66   1.97    100     17  334.5  341.6  334.9
  400.0   7600  -15.1  -20.1     66   1.95     95     15  335.3  342.4  335.7
  379.0   8004  -17.3  -28.3     38   0.99     75     11  337.6  341.4  337.8
  374.0   8102  -17.9  -29.1     37   0.93     70     10  338.1  341.6  338.3
  331.0   9002  -23.4  -36.3     29   0.52     85     12  342.6  344.7  342.7
  330.0   9025  -23.5  -36.5     29   0.51     84     12  342.7  344.8  342.8
  300.0   9710  -29.5  -42.5     27   0.30     50      6  343.7  344.9  343.8
  283.0  10122  -32.5  -50.5     15   0.13     29      7  345.2  345.7  345.2
  268.0  10501  -35.6  -46.9     31   0.21     10      8  346.1  347.0  346.1
  261.0  10685  -37.1  -45.1     43   0.26      4      9  346.5  347.6  346.5
  257.0  10791  -37.9  -44.3     51   0.29      0     10  346.8  348.1  346.9
  256.0  10818  -38.1  -44.1     53   0.30      1     10  346.9  348.2  347.0
  250.0  10980  -39.1  -45.1     53   0.27     10     12  347.8  349.0  347.9
  246.0  11091  -39.8  -48.4     39   0.19     15     13  348.4  349.2  348.4
  244.0  11147  -40.1  -50.1     33   0.16     16     13  348.7  349.4  348.8
  200.0  12480  -51.9                          40     13  350.4         350.4
  196.0  12606  -52.9                          35     13  350.8         350.8
  187.0  12898  -55.3                           5     10  351.7         351.7
  178.0  13205  -57.8                         345      6  352.6         352.6
  170.0  13491  -60.1                           0      3  353.4         353.4
  154.0  14106  -65.2                         340     11  354.9         354.9
  150.0  14270  -66.5                         320      6  355.3         355.3
  133.0  14974  -73.0                         200     10  356.2         356.2
  120.0  15576  -78.5                         165     11  356.7         356.7
  108.0  16168  -80.9                         100      9  363.1         363.1
  102.0  16489  -82.2                         100     12  366.5         366.5
  100.0  16600  -82.7                         115     15  367.7         367.7
   97.0  16769  -83.8                         130     20  368.7         368.7
   93.3  16984  -85.3                         125     24  369.9         369.9
   90.9  17128  -83.1                         118     22  377.1         377.1
   82.0  17695  -85.9                          90     14  382.6         382.6
   79.1  17893  -86.9                         104     14  384.5         384.5
   78.0  17970  -86.2                         110     14  387.4         387.4
   74.0  18261  -83.7                         105     14  398.6         398.6
   71.5  18450  -82.1                          83     17  406.0         406.0
   70.0  18570  -77.9                          70     19  417.4         417.4
   69.0  18653  -75.1                          74     20  425.1         425.1
   67.1  18818  -71.1                          82     23  437.2         437.2
   60.0  19484  -70.6                         115     35  452.5         452.5
   55.8  19916  -70.3                          94     38  462.7         462.7
   54.0  20114  -68.6                          85     40  471.0         471.0
   52.0  20343  -66.6                         100     35  480.8         480.8
   50.0  20580  -64.5                          90     35  491.1         491.1
   47.0  20961  -61.6                          80     40  506.8         506.8
   46.7  21000  -61.3                          78     36  508.4         508.4
   45.5  21163  -57.7                          69     22  520.9         520.9
   45.0  21233  -57.3                          65     16  523.6         523.6
   43.5  21448  -55.9                         332      8  532.1         532.1
   43.0  21520  -56.3                         300      5  532.8         532.8
   41.0  21817  -58.0                         260     12  535.9         535.9
   35.0  22804  -63.7                         225     28  545.9         545.9
   34.2  22948  -64.5                         225     26  547.4         547.4
   33.0  23167  -64.3                         230     22  553.6         553.6
   32.0  23355  -64.1                         275     23  559.0         559.0
   30.1  23730  -63.7                         284     35  569.9         569.9
   30.0  23750  -63.7                         285     36  570.4         570.4
   27.5  24289  -58.7                         285     34  598.7         598.7
   26.1  24622  -52.1                         285     33  626.4         626.4
   24.0  25164  -52.1                         285     31  641.6         641.6
   23.0  25440  -52.1                         274     35  649.5         649.5
   22.4  25611  -50.3                         267     37  659.7         659.7
   21.0  26032  -50.0                         250     43  673.1         673.1
   20.8  26095  -49.9                         249     44  675.1         675.1
   20.0  26350  -51.1                         245     46  679.0         679.0
   19.0  26682  -53.5                         250     46  681.6         681.6
   15.7  27922  -48.7                         269     45  735.5         735.5
   14.0  28673  -49.5                         280     44  757.3         757.3
   13.2  29058  -49.9                                     768.7         768.7
</PRE><H3>Station information and sounding indices</H3><PRE>
                         Station identifier: WAAA
                             Station number: 97180
                           Observation time: 160618/0000
                           Station latitude: -5.06
                          Station longitude: 119.55
                          Station elevation: 14.0
                            Showalter index: 1.81
                               Lifted index: -1.87
    LIFT computed using virtual temperature: -2.30
                                SWEAT index: 218.59
                                    K index: 30.80
                         Cross totals index: 18.60
                      Vertical totals index: 22.50
                        Totals totals index: 41.10
      Convective Available Potential Energy: 561.69
             CAPE using virtual temperature: 695.76
                      Convective Inhibition: -42.42
             CINS using virtual temperature: -25.00
                           Equilibrum Level: 192.36
 Equilibrum Level using virtual temperature: 192.32
                   Level of Free Convection: 835.41
             LFCT using virtual temperature: 866.23
                     Bulk Richardson Number: 51.70
          Bulk Richardson Number using CAPV: 64.04
  Temp [K] of the Lifted Condensation Level: 294.34
Pres [hPa] of the Lifted Condensation Level: 929.24
     Mean mixed layer potential temperature: 300.59
              Mean mixed layer mixing ratio: 17.39
              1000 hPa to 500 hPa thickness: 5791.00
Precipitable water [mm] for entire sounding: 54.23
</PRE>
<P>Description of the 
<A HREF="/upperair/columns.html">data columns</A>
or <A HREF="/upperair/indices.html">sounding indices</A>.

<P>
<FORM>
<INPUT CLASS="button" TYPE="button" VALUE=" Close this window " 
 onClick="window.close();">
<INPUT CLASS="button" TYPE="button" VALUE=" Select another map " 
 onClick="window.blur();">
</FORM>
<HR SIZE="1">
<I>Interested in graduate studies in atmospheric science?
Check out our program at the
<a href="http://www.uwyo.edu/atsc/howtoapply/"
target=_top>University of Wyoming
</a></I>
<HR SIZE="1"><FONT SIZE="-1">
Questions about the weather data provided by this site can be
addressed to <A HREF="mailto:ldoolman@uwyo.edu">
Larry Oolman (ldoolman@uwyo.edu)</A></FONT>
<HR SIZE="1">
<SCRIPT TYPE="text/javascript">
<!--
window.focus();
// -->
</SCRIPT>
</BODY>
</HTML>
