2017-12-13 00
<HTML>
<TITLE>University of Wyoming - Radiosonde Data</TITLE>
<LINK REL="StyleSheet" HREF="/resources/select.css" TYPE="text/css">
<BODY BGCOLOR="white">
<H2>97180 WAAA Ujung Pandang Observations at 00Z 13 Dec 2017</H2>
<PRE>
-----------------------------------------------------------------------------
   PRES   HGHT   TEMP   DWPT   RELH   MIXR   DRCT   SKNT   THTA   THTE   THTV
    hPa     m      C      C      %    g/kg    deg   knot     K      K      K 
-----------------------------------------------------------------------------
 1011.0     14   26.4   24.9     91  20.08      0      0  298.6  357.4  302.2
 1000.0    108   25.4   23.0     87  18.05      0      6  298.6  351.3  301.8
  945.0    604   22.6   20.4     87  16.23     10     11  300.6  348.4  303.5
  925.0    791   21.6   19.4     87  15.58      5      9  301.4  347.5  304.2
  913.0    904   21.0   18.9     88  15.33    345      6  301.9  347.3  304.6
  882.0   1204   19.4   17.7     90  14.68    355      4  303.2  346.9  305.9
  852.0   1504   17.7   16.5     93  14.04      0      1  304.5  346.6  307.0
  850.0   1524   17.6   16.4     93  14.00    135      1  304.6  346.5  307.1
  823.0   1798   16.0   14.9     93  13.14    160      5  305.7  345.3  308.1
  794.0   2103   14.3   13.3     94  12.23    180      5  307.0  344.1  309.2
  755.0   2531   11.8   11.0     95  11.04    155      6  308.8  342.6  310.8
  740.0   2699   11.6    9.4     87  10.09    145      7  310.3  341.4  312.2
  731.0   2802   11.4    8.4     82   9.55    145      5  311.2  340.9  313.0
  714.0   2999   10.2    7.3     82   9.07    145      2  312.0  340.3  313.7
  700.0   3164    9.2    6.4     83   8.69    280      2  312.6  339.8  314.3
  689.0   3295    8.5    5.5     81   8.26    285      3  313.3  339.3  314.9
  640.0   3904    5.5    1.0     73   6.48    175      7  316.5  337.3  317.7
  621.0   4152    4.2   -0.8     70   5.85    173      8  317.8  336.8  318.9
  579.0   4720    0.0   -1.9     87   5.78    168     11  319.3  338.2  320.4
  568.0   4875   -0.9   -2.6     88   5.60    167     12  320.0  338.3  321.1
  565.0   4917   -0.5   -4.7     73   4.80    167     12  321.0  336.9  321.9
  561.0   4974   -0.5   -4.2     76   5.02    166     12  321.6  338.2  322.6
  552.0   5104   -0.7  -10.3     48   3.17    165     13  322.9  333.7  323.5
  550.0   5133   -0.7  -11.7     43   2.85    164     13  323.2  333.0  323.8
  542.0   5250   -1.3  -17.3     28   1.83    158     12  323.8  330.3  324.2
  532.0   5399   -2.3  -12.5     46   2.77    150     11  324.4  333.9  324.9
  530.0   5429   -2.5  -11.5     50   3.01    151     11  324.5  334.8  325.1
  528.0   5459   -2.5  -19.5     26   1.55    152     12  324.8  330.4  325.1
  516.0   5641   -3.7  -17.7     33   1.85    158     13  325.5  332.1  325.9
  512.0   5703   -4.3  -14.8     44   2.38    160     14  325.5  333.8  326.0
  508.0   5765   -4.9  -11.9     58   3.04    157     14  325.5  336.0  326.1
  500.0   5890   -5.9  -12.9     58   2.85    150     14  325.8  335.6  326.3
  498.0   5921   -6.1  -13.1     58   2.81    149     14  325.9  335.7  326.5
  493.0   6001   -6.1  -22.1     27   1.33    146     14  326.9  331.7  327.1
  474.0   6308   -7.7  -34.7      9   0.43    136     14  328.6  330.2  328.6
  433.0   7006  -12.3  -36.3     12   0.40    112     15  331.3  332.9  331.4
  431.0   7042  -12.5  -36.5     12   0.39    111     15  331.5  333.1  331.6
  430.0   7060  -12.5  -27.5     27   0.94    110     15  331.7  335.2  331.9
  429.0   7077  -12.5  -37.5     10   0.36    109     15  331.9  333.4  332.0
  422.0   7203  -13.3  -30.0     23   0.76    105     15  332.4  335.3  332.6
  419.0   7258  -13.7  -26.7     33   1.03    106     15  332.6  336.5  332.9
  415.0   7331  -13.7  -38.7     10   0.33    107     14  333.6  334.9  333.6
  400.0   7610  -15.3  -33.3     20   0.58    110     13  335.0  337.3  335.1
  384.0   7916  -17.5  -33.5     23   0.59    110     15  336.1  338.4  336.2
  374.0   8112  -18.9  -40.9     12   0.29    110     17  336.7  337.9  336.8
  360.0   8393  -21.3  -37.7     21   0.42    110     19  337.3  338.9  337.4
  354.0   8517  -22.3  -36.3     27   0.49    103     17  337.5  339.4  337.6
  350.0   8600  -22.9  -37.9     24   0.42     98     16  337.8  339.5  337.9
  346.0   8684  -23.5  -38.5     24   0.40     93     14  338.1  339.7  338.2
  343.0   8747  -23.9  -36.9     29   0.47     90     13  338.4  340.3  338.5
  342.0   8769  -24.1  -37.1     29   0.47     89     13  338.4  340.3  338.5
  341.0   8790  -24.1  -37.1     29   0.47     87     13  338.7  340.6  338.8
  339.0   8833  -24.3  -33.3     43   0.68     85     12  339.0  341.7  339.1
  338.0   8854  -24.3  -28.9     66   1.05     84     11  339.3  343.3  339.5
  331.0   9004  -25.4  -29.7     67   0.99     75      9  339.9  343.7  340.1
  318.0   9292  -27.4  -31.2     69   0.89     90      7  341.0  344.4  341.1
  300.0   9710  -30.3  -33.5     74   0.76     40      9  342.6  345.6  342.7
  284.0  10100  -32.3  -35.6     72   0.65     28     12  345.1  347.7  345.2
  280.0  10199  -33.1  -36.4     72   0.61     25     13  345.3  347.8  345.4
  250.0  10990  -39.7  -43.1     70   0.34      5     12  346.9  348.3  347.0
  249.0  11017  -39.9  -43.1     71   0.34      5     12  347.0  348.4  347.1
  246.0  11098  -40.6                           5     12  347.1         347.1
  225.0  11689  -45.9                          20     15  348.0         348.0
  215.0  11991  -48.6                           5     13  348.4         348.4
  205.0  12306  -51.4                         340     17  348.7         348.7
  200.0  12470  -52.9                         340     18  348.8         348.8
  178.0  13195  -59.9                         345     22  349.2         349.2
  170.0  13481  -62.6                           0     24  349.3         349.3
  162.0  13781  -65.5                          10     24  349.3         349.3
  150.0  14260  -70.1                          35     24  349.1         349.1
  148.0  14339  -70.9                          38     25  349.1         349.1
  132.0  15003  -75.2                          65     37  353.1         353.1
  124.0  15366  -77.5                          75     42  355.2         355.2
  107.0  16199  -80.7                         100     53  364.5         364.5
  102.0  16469  -81.7                          95     46  367.6         367.6
  100.0  16580  -81.3                          90     38  370.4         370.4
   96.0  16810  -81.5                          80     19  374.5         374.5
   91.0  17112  -81.6                          35      8  379.9         379.9
   87.0  17365  -81.8                          65     16  384.4         384.4
   84.5  17529  -81.9                          53     16  387.4         387.4
   82.0  17701  -80.6                          40     17  393.5         393.5
   78.0  17987  -78.3                         355     15  403.8         403.8
   73.5  18327  -75.7                         275     14  416.3         416.3
   70.0  18610  -76.7                         210     13  420.0         420.0
   69.5  18651  -76.9                         217     13  420.4         420.4
   65.8  18968  -72.7                         269      9  436.2         436.2
   63.0  19224  -71.0                         310      7  445.4         445.4
   61.3  19385  -69.9                         246      5  451.3         451.3
   60.0  19511  -70.0                         195      3  453.8         453.8
   57.0  19815  -70.3                           0      1  459.9         459.9
   54.0  20135  -70.6                         120      5  466.3         466.3
   53.2  20223  -70.7                         120      3  468.1         468.1
   52.0  20358  -70.4                         120      1  471.9         471.9
   50.0  20590  -69.9                         345      5  478.4         478.4
   49.0  20711  -69.4                           5      9  482.4         482.4
   47.0  20960  -68.2                          15     12  490.9         490.9
   46.4  21036  -67.9                           9     11  493.5         493.5
   44.0  21354  -68.7                         345      6  499.1         499.1
   42.9  21505  -69.1                          39      7  501.7         501.7
   42.0  21634  -67.6                          85      7  508.4         508.4
   40.0  21930  -64.2                          60     19  524.1         524.1
   38.7  22131  -61.9                          69     24  534.9         534.9
   33.0  23125  -59.2                         110     49  567.1         567.1
   30.3  23657  -57.7                         106     51  585.1         585.1
   30.0  23720  -57.9                         105     51  586.2         586.2
   26.9  24403  -58.7                         100     58  602.5         602.5
   20.0  26280  -52.7                          85     77  674.1         674.1
   18.2  26889  -52.3                          85     76  693.8         693.8
   18.0  26961  -51.9                          85     76  697.1         697.1
   16.4  27568  -48.9                                     725.7         725.7
   14.4  28420  -49.3                                     751.9         751.9
   13.0  29097  -45.3                                     788.0         788.0
</PRE><H3>Station information and sounding indices</H3><PRE>
                         Station identifier: WAAA
                             Station number: 97180
                           Observation time: 171213/0000
                           Station latitude: -5.06
                          Station longitude: 119.55
                          Station elevation: 14.0
                            Showalter index: -1.57
                               Lifted index: -3.13
    LIFT computed using virtual temperature: -3.69
                                SWEAT index: 212.79
                                    K index: 37.10
                         Cross totals index: 22.30
                      Vertical totals index: 23.50
                        Totals totals index: 45.80
      Convective Available Potential Energy: 888.16
             CAPE using virtual temperature: 1040.27
                      Convective Inhibition: -16.34
             CINS using virtual temperature: -10.34
                           Equilibrum Level: 141.34
 Equilibrum Level using virtual temperature: 141.18
                   Level of Free Convection: 865.80
             LFCT using virtual temperature: 884.19
                     Bulk Richardson Number: 73.64
          Bulk Richardson Number using CAPV: 86.25
  Temp [K] of the Lifted Condensation Level: 294.93
Pres [hPa] of the Lifted Condensation Level: 950.77
     Mean mixed layer potential temperature: 299.24
              Mean mixed layer mixing ratio: 17.65
              1000 hPa to 500 hPa thickness: 5782.00
Precipitable water [mm] for entire sounding: 56.38
</PRE>
<P>Description of the 
<A HREF="/upperair/columns.html">data columns</A>
or <A HREF="/upperair/indices.html">sounding indices</A>.

<P>
<FORM>
<INPUT CLASS="button" TYPE="button" VALUE=" Close this window " 
 onClick="window.close();">
<INPUT CLASS="button" TYPE="button" VALUE=" Select another map " 
 onClick="window.blur();">
</FORM>
<HR SIZE="1">
<I>Interested in graduate studies in atmospheric science?
Check out our program at the
<a href="http://www.uwyo.edu/atsc/howtoapply/"
target=_top>University of Wyoming
</a></I>
<HR SIZE="1"><FONT SIZE="-1">
Questions about the weather data provided by this site can be
addressed to <A HREF="mailto:ldoolman@uwyo.edu">
Larry Oolman (ldoolman@uwyo.edu)</A></FONT>
<HR SIZE="1">
<SCRIPT TYPE="text/javascript">
<!--
window.focus();
// -->
</SCRIPT>
</BODY>
</HTML>
