2016-01-08 12
<HTML>
<TITLE>University of Wyoming - Radiosonde Data</TITLE>
<LINK REL="StyleSheet" HREF="/resources/select.css" TYPE="text/css">
<BODY BGCOLOR="white">
<H2>97180 WAAA Ujung Pandang Observations at 00Z 08 Jan 2016</H2>
<PRE>
-----------------------------------------------------------------------------
   PRES   HGHT   TEMP   DWPT   RELH   MIXR   DRCT   SKNT   THTA   THTE   THTV
    hPa     m      C      C      %    g/kg    deg   knot     K      K      K 
-----------------------------------------------------------------------------
 1012.0     14   24.2   23.2     94  18.06      0      0  296.3  348.6  299.5
 1011.0     22   26.0   21.0     74  15.75      0      0  298.2  344.2  301.0
 1000.0    115   26.4   21.8     76  16.75      0      0  299.6  348.7  302.6
  998.0    133   26.6   22.2     77  17.21      9      0  299.9  350.5  303.0
  979.0    302   25.8   21.2     76  16.52    100      2  300.8  349.5  303.7
  925.0    803   23.4   18.4     74  14.62     75      2  303.2  346.8  305.9
  915.0    898   23.0   17.3     70  13.74     40      4  303.8  344.9  306.3
  854.0   1498   20.8   10.1     50   9.16    130      6  307.5  335.5  309.2
  850.0   1539   20.6    9.6     49   8.90    130      6  307.7  335.0  309.4
  824.0   1807   18.6    8.6     52   8.58    130      9  308.3  334.8  309.9
  803.0   2028   16.8    9.8     63   9.56    130     11  308.7  338.1  310.5
  796.0   2102   17.4    2.4     37   5.75    130     12  310.1  328.2  311.2
  716.0   2993   10.2    0.2     50   5.47    110     19  311.8  329.1  312.8
  701.0   3171    8.8   -0.2     53   5.41    110     17  312.1  329.3  313.1
  700.0   3183    9.0   -1.0     50   5.11    110     17  312.4  328.7  313.4
  637.0   3961    6.8  -11.2     26   2.56    122     12  318.4  327.1  318.9
  620.0   4183    5.0  -10.0     33   2.90    125     10  318.9  328.6  319.4
  619.0   4196    5.0  -11.6     29   2.57    125     10  319.0  327.7  319.5
  609.0   4329    4.8  -27.2      8   0.68    134      8  320.3  322.8  320.4
  597.0   4489    3.9  -26.8      9   0.72    145      6  321.0  323.6  321.1
  551.0   5137    0.0  -25.0     13   0.92    124      9  323.9  327.2  324.0
  533.0   5401   -1.1  -30.2      9   0.59    115     10  325.7  327.9  325.8
  500.0   5910   -3.1  -40.1      4   0.23    150      6  329.2  330.1  329.2
  476.0   6296   -5.2  -37.9      6   0.31    175     12  331.3  332.5  331.4
  461.0   6547   -6.5  -36.5      7   0.37    190     13  332.7  334.1  332.8
  407.0   7506  -12.3  -32.6     17   0.61    250     17  337.2  339.6  337.4
  400.0   7640  -13.1  -32.1     19   0.65    255     17  337.9  340.4  338.0
  380.0   8029  -16.5  -31.5     26   0.73    268     18  338.4  341.2  338.5
  347.0   8704  -22.0  -35.4     29   0.55    290     19  339.8  342.0  339.9
  341.0   8833  -23.1  -36.1     29   0.52    301     21  340.0  342.1  340.1
  333.0   9006  -24.2  -44.1     14   0.23    315     23  340.9  341.8  340.9
  325.0   9184  -25.3  -52.3      6   0.09    312     23  341.7  342.1  341.7
  320.0   9296  -26.2  -50.5      8   0.12    310     23  341.9  342.4  342.0
  300.0   9760  -30.1  -43.1     27   0.28    300     16  342.8  344.0  342.9
  299.0   9784  -30.3  -43.3     27   0.28    298     15  342.9  344.1  342.9
  294.0   9901  -31.3  -44.5     26   0.25    290     12  343.2  344.2  343.2
  282.0  10192  -33.6  -47.3     24   0.19    265     10  343.9  344.7  343.9
  252.0  10976  -40.1  -55.1     19   0.09    288      6  345.5  345.9  345.5
  250.0  11030  -40.5                         290      6  345.7         345.7
  247.0  11110  -41.2                         290      6  345.9         345.9
  226.0  11695  -46.2                         175      4  347.1         347.1
  207.0  12273  -51.2                         140      8  348.2         348.2
  200.0  12500  -53.1                         140     12  348.5         348.5
  194.0  12697  -54.1                         142      9  350.0         350.0
  188.0  12894  -55.5                         145      6  350.8         350.8
  180.0  13166  -57.5                         245      6  352.0         352.0
  150.0  14310  -65.7                         265     21  356.7         356.7
  148.0  14389  -66.3                         265     21  357.1         357.1
  134.0  14975  -70.5                         265     21  359.8         359.8
  127.0  15292  -72.8                         285     19  361.2         361.2
  121.0  15577  -74.9                         275     14  362.4         362.4
  115.0  15877  -77.1                         214     10  363.7         363.7
  109.0  16182  -78.8                         150      6  366.2         366.2
  105.0  16395  -79.9                         146      8  367.9         367.9
  100.0  16670  -81.1                         140     10  370.8         370.8
   98.0  16783  -81.4                         145     12  372.3         372.3
   88.0  17382  -83.3                         170      6  380.2         380.2
   83.8  17655  -84.1                         255      6  383.9         383.9
   83.0  17708  -83.5                         240      6  386.1         386.1
   79.3  17963  -80.9                         198     22  396.6         396.6
   79.0  17984  -81.0                         195     23  396.9         396.9
   75.0  18274  -81.9                         195     21  400.9         400.9
   71.0  18581  -82.8                         160     12  405.2         405.2
   70.0  18660  -83.1                         160     12  406.3         406.3
   68.3  18797  -82.7                         160     14  410.0         410.0
   67.0  18906  -81.5                         160     16  414.8         414.8
   64.0  19167  -78.7                         125     17  426.4         426.4
   60.5  19487  -75.3                          73      9  441.0         441.0
   60.0  19536  -74.1                          65      8  444.7         444.7
   58.4  19695  -70.1                           4     11  457.1         457.1
   57.0  19839  -70.0                         310     14  460.5         460.5
   52.0  20386  -69.8                         245     16  473.3         473.3
   50.0  20620  -69.7                         235     14  478.8         478.8
   45.5  21182  -67.9                         216     16  496.3         496.3
   42.0  21669  -63.1                         200     17  519.6         519.6
   40.2  21936  -60.5                         235     21  532.7         532.7
   39.0  22125  -60.1                         260     23  538.3         538.3
   37.0  22453  -59.4                         265     17  548.2         548.2
   35.0  22799  -58.7                         230      8  558.8         558.8
   33.9  22998  -58.3                         225      7  565.0         565.0
   33.0  23166  -58.8                         220      6  568.1         568.1
   32.0  23358  -59.3                         250     12  571.6         571.6
   30.0  23760  -60.5                         230     16  579.1         579.1
   28.0  24190  -60.5                         180      4  590.7         590.7
   26.0  24652  -60.5                          80      8  603.3         603.3
   25.0  24896  -60.5                          30     10  610.1         610.1
   24.8  24946  -60.5                          27     10  611.5         611.5
   24.0  25151  -60.3                          15     10  617.8         617.8
   23.0  25417  -60.1                          30     14  626.0         626.0
   22.0  25695  -59.8                         120     14  634.8         634.8
   21.0  25985  -59.6                         330     17  644.0         644.0
   20.0  26290  -59.3                         330     19  653.9         653.9
   19.0  26612  -58.1                          10     16  667.3         667.3
   18.5  26780  -57.5                          10     14  674.3         674.3
   17.9  26991  -52.5                          10     11  696.5         696.5
   17.0  27325  -51.9                          10      6  708.8         708.8
   16.2  27637  -51.3                          58      6  720.5         720.5
   16.0                                        70      6                     
</PRE><H3>Station information and sounding indices</H3><PRE>
                         Station identifier: WAAA
                             Station number: 97180
                           Observation time: 160108/0000
                           Station latitude: -5.06
                          Station longitude: 119.55
                          Station elevation: 14.0
                            Showalter index: 5.91
                               Lifted index: 0.43
    LIFT computed using virtual temperature: -0.50
                                SWEAT index: 133.21
                                    K index: 23.30
                         Cross totals index: 12.70
                      Vertical totals index: 23.70
                        Totals totals index: 36.40
      Convective Available Potential Energy: 144.08
             CAPE using virtual temperature: 299.66
                      Convective Inhibition: -172.23
             CINS using virtual temperature: -112.97
                           Equilibrum Level: 213.81
 Equilibrum Level using virtual temperature: 213.84
                   Level of Free Convection: 733.68
             LFCT using virtual temperature: 764.09
                     Bulk Richardson Number: 19.95
          Bulk Richardson Number using CAPV: 41.49
  Temp [K] of the Lifted Condensation Level: 293.28
Pres [hPa] of the Lifted Condensation Level: 920.04
     Mean mixed layer potential temperature: 300.37
              Mean mixed layer mixing ratio: 16.44
              1000 hPa to 500 hPa thickness: 5795.00
Precipitable water [mm] for entire sounding: 38.25
</PRE>
<P>Description of the 
<A HREF="/upperair/columns.html">data columns</A>
or <A HREF="/upperair/indices.html">sounding indices</A>.

<P>
<FORM>
<INPUT CLASS="button" TYPE="button" VALUE=" Close this window " 
 onClick="window.close();">
<INPUT CLASS="button" TYPE="button" VALUE=" Select another map " 
 onClick="window.blur();">
</FORM>
<HR SIZE="1">
<I>Interested in graduate studies in atmospheric science?
Check out our program at the
<a href="http://www.uwyo.edu/atsc/howtoapply/"
target=_top>University of Wyoming
</a></I>
<HR SIZE="1"><FONT SIZE="-1">
Questions about the weather data provided by this site can be
addressed to <A HREF="mailto:ldoolman@uwyo.edu">
Larry Oolman (ldoolman@uwyo.edu)</A></FONT>
<HR SIZE="1">
<SCRIPT TYPE="text/javascript">
<!--
window.focus();
// -->
</SCRIPT>
</BODY>
</HTML>
