2017-02-23 12
<HTML>
<TITLE>University of Wyoming - Radiosonde Data</TITLE>
<LINK REL="StyleSheet" HREF="/resources/select.css" TYPE="text/css">
<BODY BGCOLOR="white">
<H2>97180 WAAA Ujung Pandang Observations at 00Z 23 Feb 2017</H2>
<PRE>
-----------------------------------------------------------------------------
   PRES   HGHT   TEMP   DWPT   RELH   MIXR   DRCT   SKNT   THTA   THTE   THTV
    hPa     m      C      C      %    g/kg    deg   knot     K      K      K 
-----------------------------------------------------------------------------
 1010.0     14   25.0   23.3     90  18.21      0      0  297.3  350.2  300.5
 1000.0    102   26.0   22.3     80  17.28     70      5  299.1  349.8  302.2
  998.0    120   26.0   22.0     79  16.99     65      5  299.3  349.1  302.4
  978.0    298   24.9   20.8     78  16.12     15      1  300.0  347.4  302.9
  945.0    600   23.1   18.8     77  14.71    170      2  301.1  344.6  303.8
  925.0    788   22.0   17.6     76  13.88    170      7  301.8  342.9  304.3
  850.0   1518   18.0   14.3     79  12.20    155      9  305.0  341.7  307.2
  829.0   1732   16.6   12.9     79  11.40    155      8  305.7  340.2  307.8
  822.0   1804   16.4   11.8     75  10.72    155      8  306.2  338.7  308.2
  793.0   2109   15.4    7.4     59   8.21    193      9  308.3  333.6  309.8
  766.0   2400   14.0    6.5     61   7.99    230      9  309.8  334.6  311.3
  700.0   3156   10.2    4.2     66   7.44    195     15  313.8  337.3  315.2
  688.0   3297    9.4    3.5     67   7.20    185     13  314.4  337.3  315.8
  664.0   3588    7.8    2.0     67   6.72    160     10  315.8  337.3  317.1
  617.0   4188    4.4   -1.0     68   5.80    175      6  318.6  337.5  319.7
  594.0   4498    2.6   -2.5     69   5.37    135      9  320.0  337.7  321.1
  561.0   4965    0.0   -4.9     70   4.76    104     11  322.2  338.1  323.1
  552.0   5094   -0.6   -5.5     69   4.61     95     12  322.9  338.4  323.9
  518.0   5601   -3.1   -8.1     68   4.03    101     16  325.9  339.6  326.7
  500.0   5880   -5.5  -10.2     69   3.54    105     18  326.3  338.4  327.0
  494.0   5975   -6.3   -9.4     79   3.82    105     18  326.4  339.5  327.2
  492.0   6006   -6.5   -9.8     77   3.71    105     18  326.6  339.3  327.4
  473.0   6314   -7.9  -13.9     62   2.78     99     18  328.5  338.2  329.1
  463.0   6480   -9.1  -12.1     79   3.28     96     18  329.0  340.4  329.7
  432.0   7015  -11.7  -19.7     52   1.87     85     17  332.3  339.1  332.7
  406.0   7487  -15.1  -21.5     58   1.70     75     17  333.9  340.1  334.2
  400.0   7600  -15.9  -21.9     60   1.67     75     17  334.2  340.4  334.6
  389.0   7810  -17.3  -23.3     60   1.51     80     16  335.1  340.7  335.4
  378.0   8025  -18.5  -30.5     34   0.80     85     16  336.2  339.4  336.4
  353.0   8532  -22.9  -32.9     40   0.68     96     14  337.0  339.6  337.1
  345.0   8700  -23.8  -36.7     29   0.48    100     14  337.9  339.9  338.0
  334.0   8937  -25.1  -42.1     19   0.28     99     15  339.3  340.5  339.4
  300.0   9710  -30.3  -50.3     12   0.13     95     19  342.6  343.1  342.6
  293.0   9878  -31.1  -53.1     10   0.09     94     19  343.7  344.2  343.8
  253.0  10899  -39.9  -58.9     11   0.05     90     21  345.4  345.7  345.4
  250.0  10980  -40.7                          90     21  345.4         345.4
  214.0  12004  -49.6                          75     15  347.2         347.2
  200.0  12450  -53.5                          70     14  347.9         347.9
  161.0  13792  -65.1                          60     18  350.6         350.6
  150.0  14230  -68.9                          50     26  351.2         351.2
  139.0  14674  -72.8                          55     31  352.0         352.0
  128.0  15155  -77.1                          60     32  352.7         352.7
  107.0  16160  -82.3                          70     34  361.4         361.4
  100.0  16540  -84.3                          85     24  364.6         364.6
   91.0  17060  -87.5                          90     24  368.3         368.3
   88.7  17201  -88.3                          95     26  369.3         369.3
   85.1  17429  -83.9                          95     33  382.6         382.6
   83.3  17550  -78.5                          95     36  395.9         395.9
   81.0  17711  -78.1                          95     41  399.9         399.9
   78.4  17899  -77.7                          89     33  404.5         404.5
   77.0  18004  -74.6                          85     29  413.1         413.1
   75.9  18088  -72.1                          51     23  420.0         420.0
   73.0  18320  -71.3                         320      8  426.3         426.3
   70.8  18502  -70.7                         291     18  431.4         431.4
   70.0  18570  -71.1                         280     22  431.9         431.9
   66.0  18914  -72.8                         250     29  435.5         435.5
   62.4  19242  -74.5                         215     26  438.9         438.9
   60.0  19469  -74.5                         200     16  443.8         443.8
   57.0  19767  -74.5                         245      9  450.4         450.4
   52.9  20199  -74.5                         271     12  460.1         460.1
   51.7  20333  -73.9                         279     13  464.5         464.5
   50.2  20506  -68.7                         289     15  480.6         480.6
   50.0  20530  -68.1                         290     15  482.6         482.6
   49.0  20652  -67.2                         290     18  487.4         487.4
   47.5  20840  -65.9                         271     15  495.0         495.0
   44.7  21207  -67.7                         233     10  499.3         499.3
   42.0  21584  -66.8                         195      5  510.5         510.5
   40.0  21880  -66.1                         150      4  519.5         519.5
   38.0  22191  -65.3                         170      2  529.1         529.1
   36.5  22435  -64.7                         163      3  536.8         536.8
   36.0  22520  -64.2                         160      3  540.0         540.0
   34.0  22874  -62.4                          95      8  553.8         553.8
   33.0  23059  -61.4                          75      2  561.2         561.2
   31.0  23447  -59.4                          85      7  576.8         576.8
   30.0  23650  -58.3                         120      3  585.1         585.1
   29.5  23756  -56.9                          81      4  591.8         591.8
   28.0  24085  -57.2                         320      8  599.9         599.9
   27.0  24315  -57.3                         335     17  605.7         605.7
   25.0  24800  -57.7                         300     26  618.0         618.0
   22.3  25522  -58.3                         251     29  636.9         636.9
   22.0  25607  -58.0                         245     29  640.2         640.2
   20.0  26210  -55.9                         205      5  664.3         664.3
   19.0  26540  -54.8                          90      2  677.5         677.5
   16.1  27604  -51.3                          13      7  721.8         721.8
   16.0  27644  -51.3                          10      7  723.0         723.0
   15.0  28063  -51.5                         350      4  736.0         736.0
   14.0  28511  -51.6                         250      6  750.1         750.1
   13.5  28747  -51.7                                     757.6         757.6
</PRE><H3>Station information and sounding indices</H3><PRE>
                         Station identifier: WAAA
                             Station number: 97180
                           Observation time: 170223/0000
                           Station latitude: -5.06
                          Station longitude: 119.55
                          Station elevation: 14.0
                            Showalter index: 0.70
                               Lifted index: -1.61
    LIFT computed using virtual temperature: -1.97
                                SWEAT index: 207.59
                                    K index: 31.80
                         Cross totals index: 19.80
                      Vertical totals index: 23.50
                        Totals totals index: 43.30
      Convective Available Potential Energy: 287.96
             CAPE using virtual temperature: 378.91
                      Convective Inhibition: -87.04
             CINS using virtual temperature: -37.72
                           Equilibrum Level: 230.62
 Equilibrum Level using virtual temperature: 231.31
                   Level of Free Convection: 666.08
             LFCT using virtual temperature: 829.65
                     Bulk Richardson Number: 44.33
          Bulk Richardson Number using CAPV: 58.33
  Temp [K] of the Lifted Condensation Level: 293.37
Pres [hPa] of the Lifted Condensation Level: 928.19
     Mean mixed layer potential temperature: 299.69
              Mean mixed layer mixing ratio: 16.39
              1000 hPa to 500 hPa thickness: 5778.00
Precipitable water [mm] for entire sounding: 51.71
</PRE>
<P>Description of the 
<A HREF="/upperair/columns.html">data columns</A>
or <A HREF="/upperair/indices.html">sounding indices</A>.

<P>
<FORM>
<INPUT CLASS="button" TYPE="button" VALUE=" Close this window " 
 onClick="window.close();">
<INPUT CLASS="button" TYPE="button" VALUE=" Select another map " 
 onClick="window.blur();">
</FORM>
<HR SIZE="1">
<I>Interested in graduate studies in atmospheric science?
Check out our program at the
<a href="http://www.uwyo.edu/atsc/howtoapply/"
target=_top>University of Wyoming
</a></I>
<HR SIZE="1"><FONT SIZE="-1">
Questions about the weather data provided by this site can be
addressed to <A HREF="mailto:ldoolman@uwyo.edu">
Larry Oolman (ldoolman@uwyo.edu)</A></FONT>
<HR SIZE="1">
<SCRIPT TYPE="text/javascript">
<!--
window.focus();
// -->
</SCRIPT>
</BODY>
</HTML>
