2018-08-25 12
<HTML>
<TITLE>University of Wyoming - Radiosonde Data</TITLE>
<LINK REL="StyleSheet" HREF="/resources/select.css" TYPE="text/css">
<BODY BGCOLOR="white">
<H2>97180 WAAA Ujung Pandang Observations at 00Z 25 Aug 2018</H2>
<PRE>
-----------------------------------------------------------------------------
   PRES   HGHT   TEMP   DWPT   RELH   MIXR   DRCT   SKNT   THTA   THTE   THTV
    hPa     m      C      C      %    g/kg    deg   knot     K      K      K 
-----------------------------------------------------------------------------
 1010.0     14   23.0   20.5     86  15.28      0      0  295.3  339.3  298.0
 1009.0     23   24.4   18.4     69  13.38      9      1  296.8  335.6  299.2
 1000.0    100   25.4   19.4     69  14.39     95      5  298.6  340.6  301.1
  977.0    305   23.9   19.4     76  14.74    120      3  299.1  342.2  301.7
  957.0    487   22.6   19.4     82  15.05    142      4  299.5  343.6  302.2
  945.0    598   22.0   18.4     80  14.30    155      5  300.0  342.0  302.5
  925.0    785   21.0   16.7     76  13.10    115      6  300.8  339.5  303.1
  913.0    897   20.4   16.2     76  12.82     95      9  301.3  339.3  303.6
  881.0   1205   18.9   14.7     77  12.09     60      5  302.8  338.9  305.0
  851.0   1503   17.4   13.3     77  11.40    345      7  304.3  338.5  306.3
  850.0   1513   17.4   13.4     77  11.49    345      8  304.4  338.9  306.5
  822.0   1799   16.8    4.8     45   6.60    323      6  306.6  327.1  307.9
  793.0   2102   15.0    3.3     45   6.14    300      4  307.9  327.0  309.0
  765.0   2405   13.1    1.7     46   5.70    320      9  309.1  326.9  310.1
  728.0   2822   10.6   -0.4     46   5.13    288      6  310.7  327.0  311.6
  713.0   2996   10.9   -6.2     30   3.38    275      5  312.8  323.9  313.5
  706.0   3078   11.0   -9.0     24   2.75    275      5  313.9  323.0  314.4
  700.0   3149   10.4   -1.6     43   4.89    275      5  314.0  329.7  314.9
  699.0   3161   10.2   -0.8     46   5.19    276      5  313.9  330.6  314.9
  687.0   3304    9.3   -2.2     44   4.74    290      3  314.4  329.8  315.3
  663.0   3598    7.5   -5.2     40   3.93    150      3  315.6  328.4  316.3
  657.0   3673    7.0   -6.0     39   3.74    171      3  315.9  328.2  316.6
  639.0   3899    5.3   -5.2     46   4.07    235      3  316.5  329.9  317.3
  616.0   4198    3.2   -4.2     58   4.56    245      3  317.4  332.3  318.2
  606.0   4331    2.2   -3.8     65   4.79    233      4  317.7  333.4  318.6
  597.0   4452    1.8   -8.2     47   3.47    221      5  318.6  330.2  319.3
  589.0   4560    1.2  -10.8     40   2.86    211      6  319.1  328.8  319.7
  587.0   4587    1.0  -11.0     40   2.83    208      6  319.2  328.8  319.8
  586.0   4601    0.8   -6.2     59   4.13    207      6  319.1  332.8  319.9
  576.0   4739    0.0  -10.0     47   3.12    194      7  319.8  330.3  320.4
  568.0   4851   -0.7  -12.7     40   2.55    183      8  320.2  328.9  320.7
  565.0   4893   -0.9  -11.9     43   2.73    179      8  320.5  329.8  321.0
  564.0   4907   -0.9   -7.9     59   3.76    178      9  320.6  333.2  321.4
  559.0   4978   -1.1  -14.1     37   2.31    171      9  321.2  329.2  321.7
  551.0   5093   -1.9  -11.9     46   2.80    160     10  321.6  331.2  322.1
  545.0   5180   -1.7  -21.7     20   1.24    159     10  322.9  327.3  323.1
  500.0   5860   -5.5  -16.5     42   2.12    150     11  326.3  333.7  326.7
  498.0   5891   -5.7  -15.7     45   2.27    148     11  326.4  334.4  326.9
  491.0   6002   -6.3  -17.4     41   2.00    140     10  327.0  334.1  327.4
  474.0   6276   -7.7  -21.7     32   1.43    121     10  328.6  333.8  328.9
  455.0   6589  -10.0  -21.4     39   1.53    100     11  329.6  335.1  329.9
  410.0   7385  -15.7  -20.7     65   1.80    108     17  332.1  338.7  332.5
  400.0   7570  -17.3  -23.3     60   1.47    110     18  332.4  337.8  332.7
  394.0   7684  -17.9  -24.9     54   1.29    107     21  333.1  337.9  333.3
  380.0   7955  -19.1  -22.1     77   1.72     99     28  334.9  341.3  335.3
  373.0   8093  -20.0  -22.9     78   1.64     95     31  335.5  341.6  335.8
  341.0   8757  -24.5  -26.7     82   1.27     84     29  338.1  342.9  338.4
  330.0   8994  -26.4  -29.6     75   1.01     80     28  338.7  342.6  338.9
  314.0   9355  -29.3  -33.9     64   0.70     83     29  339.5  342.2  339.7
  300.0   9680  -32.1  -36.2     67   0.58     85     29  340.0  342.3  340.1
  286.0  10013  -34.9  -37.6     76   0.53     79     31  340.7  342.8  340.8
  278.0  10208  -36.5  -39.7     72   0.44     75     32  341.1  342.9  341.2
  262.0  10614  -39.9  -44.2     63   0.29     69     33  342.0  343.2  342.1
  250.0  10930  -42.9                          65     34  342.1         342.1
  200.0  12400  -55.1                          50     54  345.4         345.4
  196.0  12528  -56.3                          50     56  345.4         345.4
  176.0  13201  -59.5                          50     66  351.0         351.0
  161.0  13757  -62.1                          70     49  355.6         355.6
  150.0  14190  -65.5                          85     35  357.1         357.1
  145.0  14389  -67.2                          95     35  357.6         357.6
  118.0  15601  -77.4                         125     35  360.5         360.5
  114.0  15804  -79.1                         115     32  360.9         360.9
  101.0  16493  -78.2                          95     24  375.4         375.4
  100.0  16550  -78.1                          95     22  376.6         376.6
   86.7  17372  -76.3                         100     20  395.9         395.9
   86.0  17419  -75.9                         100     20  397.6         397.6
   84.4  17528  -74.9                          80     17  401.8         401.8
   82.8  17641  -69.7                          60     14  414.6         414.6
   82.0  17699  -69.5                          50     12  416.1         416.1
   78.0  17999  -68.4                         280      4  424.4         424.4
   74.9  18243  -67.5                         234     11  431.2         431.2
   74.0  18316  -67.9                         220     13  432.0         432.0
   70.0  18650  -69.5                         195     15  435.4         435.4
   68.5  18778  -70.1                         183     15  436.8         436.8
   67.0  18911  -69.7                         170     15  440.5         440.5
   64.0  19187  -68.8                         110     12  448.2         448.2
   55.0  20097  -65.9                          70     29  474.6         474.6
   50.0  20670  -64.1                          90     35  492.0         492.0
   48.9  20806  -62.9                          89     37  498.0         498.0
   43.0  21597  -63.0                          85     47  516.3         516.3
   40.9  21904  -63.1                          87     49  523.6         523.6
   35.0  22871  -59.9                          95     56  555.7         555.7
   33.0  23236  -58.7                          88     54  568.3         568.3
   31.0  23631  -56.0                          80     51  585.7         585.7
   30.6  23713  -55.5                          82     50  589.4         589.4
   30.3  23776  -54.3                          83     49  594.3         594.3
   30.0  23840  -53.7                          85     48  597.6         597.6
   28.2  24239  -51.7                          84     37  613.9         613.9
   24.0  25284  -52.0                          80      8  642.1         642.1
   23.0  25559  -52.0                         120     10  649.7         649.7
   22.0  25847  -52.1                         145     10  657.9         657.9
   21.7  25936  -52.1                                     660.4         660.4
</PRE><H3>Station information and sounding indices</H3><PRE>
                         Station identifier: WAAA
                             Station number: 97180
                           Observation time: 180825/0000
                           Station latitude: -5.06
                          Station longitude: 119.55
                          Station elevation: 14.0
                            Showalter index: 1.85
                               Lifted index: 0.82
    LIFT computed using virtual temperature: 0.39
                                SWEAT index: 187.80
                                    K index: 24.30
                         Cross totals index: 18.90
                      Vertical totals index: 22.90
                        Totals totals index: 41.80
      Convective Available Potential Energy: 0.00
             CAPE using virtual temperature: 14.06
                      Convective Inhibition: -230.72
             CINS using virtual temperature: -140.68
                           Equilibrum Level: 398.41
 Equilibrum Level using virtual temperature: 393.54
                   Level of Free Convection: 571.50
             LFCT using virtual temperature: 622.08
                     Bulk Richardson Number: 0.00
          Bulk Richardson Number using CAPV: 10.92
  Temp [K] of the Lifted Condensation Level: 291.34
Pres [hPa] of the Lifted Condensation Level: 915.75
     Mean mixed layer potential temperature: 298.77
              Mean mixed layer mixing ratio: 14.59
              1000 hPa to 500 hPa thickness: 5760.00
Precipitable water [mm] for entire sounding: 41.13
</PRE>
<P>Description of the 
<A HREF="/upperair/columns.html">data columns</A>
or <A HREF="/upperair/indices.html">sounding indices</A>.

<P>
<FORM>
<INPUT CLASS="button" TYPE="button" VALUE=" Close this window " 
 onClick="window.close();">
<INPUT CLASS="button" TYPE="button" VALUE=" Select another map " 
 onClick="window.blur();">
</FORM>
<HR SIZE="1">
<I>Interested in graduate studies in atmospheric science?
Check out our program at the
<a href="http://www.uwyo.edu/atsc/howtoapply/"
target=_top>University of Wyoming
</a></I>
<HR SIZE="1"><FONT SIZE="-1">
Questions about the weather data provided by this site can be
addressed to <A HREF="mailto:ldoolman@uwyo.edu">
Larry Oolman (ldoolman@uwyo.edu)</A></FONT>
<HR SIZE="1">
<SCRIPT TYPE="text/javascript">
<!--
window.focus();
// -->
</SCRIPT>
</BODY>
</HTML>
