2016-03-27 12
<HTML>
<TITLE>University of Wyoming - Radiosonde Data</TITLE>
<LINK REL="StyleSheet" HREF="/resources/select.css" TYPE="text/css">
<BODY BGCOLOR="white">
<H2>97180 WAAA Ujung Pandang Observations at 00Z 27 Mar 2016</H2>
<PRE>
-----------------------------------------------------------------------------
   PRES   HGHT   TEMP   DWPT   RELH   MIXR   DRCT   SKNT   THTA   THTE   THTV
    hPa     m      C      C      %    g/kg    deg   knot     K      K      K 
-----------------------------------------------------------------------------
 1012.0     14   24.2   23.5     96  18.40      0      0  296.3  349.6  299.6
 1000.0    119   26.8   22.4     77  17.39    180      2  299.9  351.1  303.1
  992.0    190   27.0   22.0     74  17.10    180      3  300.8  351.3  303.9
  985.0    253   27.0   22.0     74  17.22    180      4  301.4  352.4  304.6
  980.0    298   26.7   21.8     74  17.04    180      4  301.6  352.1  304.7
  947.0    600   24.9   20.1     75  15.86    265      8  302.7  349.9  305.6
  925.0    807   23.6   18.9     75  15.09    285      8  303.4  348.5  306.2
  915.0    902   23.0   18.5     76  14.84    290      8  303.8  348.1  306.4
  850.0   1543   18.8   15.5     81  13.20    320     10  305.8  345.6  308.2
  797.0   2088   15.7   12.6     82  11.64    335     10  308.2  343.7  310.3
  700.0   3186    9.4    6.8     84   8.93      5      4  312.9  340.8  314.6
  691.0   3293    8.9    6.4     84   8.80     10      4  313.5  341.1  315.2
  661.0   3660    7.4    5.0     85   8.34      4      8  315.8  342.3  317.4
  642.0   3897    6.1    3.6     84   7.81      0     10  317.0  341.9  318.5
  619.0   4194    4.6    2.0     83   7.18     20      4  318.5  341.7  319.9
  597.0   4488    3.0    0.3     82   6.60     55      6  320.0  341.5  321.3
  575.0   4793    1.4   -1.4     82   6.03     65      8  321.6  341.4  322.7
  557.0   5052    0.0   -2.9     81   5.58     86      8  322.9  341.4  323.9
  533.0   5402   -1.8   -4.5     81   5.16    115      8  324.9  342.1  325.9
  500.0   5910   -4.3   -6.9     82   4.59     90     12  327.7  343.4  328.6
  476.0   6297   -6.9  -10.1     78   3.76     85     12  329.1  342.1  329.9
  469.0   6413   -7.7  -11.0     77   3.54     78     11  329.6  341.9  330.3
  460.0   6564   -8.7   -9.0     98   4.23     69     10  330.1  344.7  331.0
  441.0   6891  -10.2  -12.8     81   3.25     50      8  332.2  343.7  332.9
  424.0   7195  -11.6  -16.4     68   2.52     60      6  334.2  343.2  334.7
  423.0   7213  -11.7  -16.6     67   2.48     59      6  334.3  343.2  334.8
  407.0   7508  -14.3  -16.9     81   2.52     45      4  334.6  343.7  335.1
  400.0   7640  -15.5  -17.0     88   2.54     60      4  334.8  343.9  335.3
  393.0   7773  -16.1  -17.4     90   2.50     77      4  335.7  344.7  336.2
  392.0   7792  -16.2  -17.5     90   2.48     80      4  335.8  344.8  336.3
  376.0   8105  -17.9  -19.3     88   2.22     90      8  337.6  345.7  338.1
  361.0   8410  -19.5  -21.1     87   1.98     67      9  339.4  346.7  339.8
  359.0   8451  -19.9  -22.8     78   1.71     64      9  339.4  345.8  339.7
  358.0   8472  -19.9  -26.9     54   1.19     63      9  339.6  344.2  339.9
  355.0   8535  -20.3  -21.8     88   1.89     58      9  339.9  347.0  340.3
  347.0   8702  -21.6  -22.7     92   1.80     45     10  340.3  347.0  340.7
  333.0   9006  -24.1  -24.2     99   1.63     62      9  341.0  347.1  341.3
  307.0   9595  -28.1  -36.8     43   0.53     95      8  343.3  345.5  343.4
  306.0   9618  -28.3  -37.3     42   0.51     94      8  343.4  345.5  343.5
  300.0   9760  -29.5  -36.5     51   0.56     90     10  343.7  346.0  343.8
  283.0  10173  -33.3  -35.0     85   0.69     81     10  344.0  346.8  344.2
  282.0  10197  -33.5                          80     10  344.1         344.1
  259.0  10785  -38.2                         100     12  345.7         345.7
  250.0  11030  -40.1                          95     16  346.3         346.3
  248.0  11083  -40.5                          95     16  346.5         346.5
  226.0  11699  -45.5                         110     17  348.1         348.1
  200.0  12510  -52.1                         110     29  350.1         350.1
  171.0  13490  -60.0                         115     31  353.0         353.0
  150.0  14310  -66.7                         105     27  355.0         355.0
  127.0  15282  -73.3                          95     25  360.4         360.4
  114.0  15912  -77.6                          50      6  363.8         363.8
  109.0  16174  -79.3                          70      2  365.1         365.1
  108.0  16228  -79.7                          52      2  365.4         365.4
  103.0  16494  -81.3                         320      2  367.3         367.3
  100.0  16660  -82.3                         245      6  368.5         368.5
   98.0  16773  -83.0                         180      8  369.3         369.3
   95.3  16928  -83.9                         165      8  370.4         370.4
   92.0  17124  -83.8                         145      4  374.4         374.4
   88.0  17371  -83.6                         295     10  379.6         379.6
   83.0  17696  -83.4                         260     12  386.4         386.4
   81.1  17825  -83.3                         260     11  389.1         389.1
   79.0  17973  -76.9                         260     10  405.3         405.3
   75.0  18273  -76.7                         220     19  411.7         411.7
   71.0  18588  -76.5                         260     12  418.6         418.6
   70.0  18670  -76.5                         260     12  420.4         420.4
   64.0  19185  -77.7                         235      6  428.8         428.8
   61.0  19461  -78.3                         300      4  433.3         433.3
   58.2  19730  -78.9                         328      8  437.8         437.8
   58.0  19750  -78.8                         330      8  438.5         438.5
   55.0  20058  -76.8                          25     10  449.7         449.7
   52.0  20383  -74.8                          25      8  461.8         461.8
   50.0  20610  -73.3                           5      8  470.4         470.4
   49.0  20729  -72.8                         350      8  474.3         474.3
   47.0  20974  -71.8                          45     12  482.4         482.4
   42.6  21552  -69.3                          88     24  502.2         502.2
   40.4  21870  -65.3                         111     30  519.9         519.9
   40.0  21931  -65.2                         115     31  521.7         521.7
   38.0  22243  -64.6                         100     35  530.8         530.8
   35.0  22743  -63.7                         105     21  545.9         545.9
   33.8  22955  -63.3                         111     19  552.4         552.4
   33.0  23105  -61.5                         115     17  560.8         560.8
   30.0  23700  -54.5                          35     12  595.5         595.5
   29.7  23764  -53.3                           8     10  600.5         600.5
   29.0  23917  -53.5                         305      6  604.1         604.1
   27.0  24373  -53.9                         270     16  615.3         615.3
   25.0  24865  -54.4                         250     14  627.6         627.6
   24.0  25126  -54.7                         295     14  634.2         634.2
   23.0  25398  -54.9                         290     16  641.2         641.2
   22.0  25682  -55.2                         260     10  648.5         648.5
   21.0  25979  -55.5                         265      4  656.3         656.3
   20.4  26164  -55.7                         250      3  661.2         661.2
   20.0  26290  -55.3                         240      2  666.2         666.2
   19.0  26619  -54.2                         230      2  679.3         679.3
   18.0  26966  -53.1                         120     12  693.5         693.5
   17.5  27147  -52.5                                     701.0         701.0
</PRE><H3>Station information and sounding indices</H3><PRE>
                         Station identifier: WAAA
                             Station number: 97180
                           Observation time: 160327/0000
                           Station latitude: -5.06
                          Station longitude: 119.55
                          Station elevation: 14.0
                            Showalter index: 0.37
                               Lifted index: -1.65
    LIFT computed using virtual temperature: -1.94
                                SWEAT index: 218.01
                                    K index: 36.00
                         Cross totals index: 19.80
                      Vertical totals index: 23.10
                        Totals totals index: 42.90
      Convective Available Potential Energy: 628.32
             CAPE using virtual temperature: 716.56
                      Convective Inhibition: -73.96
             CINS using virtual temperature: -56.12
                           Equilibrum Level: 196.05
 Equilibrum Level using virtual temperature: 195.85
                   Level of Free Convection: 789.58
             LFCT using virtual temperature: 816.97
                     Bulk Richardson Number: 121.12
          Bulk Richardson Number using CAPV: 138.12
  Temp [K] of the Lifted Condensation Level: 293.96
Pres [hPa] of the Lifted Condensation Level: 922.91
     Mean mixed layer potential temperature: 300.79
              Mean mixed layer mixing ratio: 17.10
              1000 hPa to 500 hPa thickness: 5791.00
Precipitable water [mm] for entire sounding: 61.47
</PRE>
<P>Description of the 
<A HREF="/upperair/columns.html">data columns</A>
or <A HREF="/upperair/indices.html">sounding indices</A>.

<P>
<FORM>
<INPUT CLASS="button" TYPE="button" VALUE=" Close this window " 
 onClick="window.close();">
<INPUT CLASS="button" TYPE="button" VALUE=" Select another map " 
 onClick="window.blur();">
</FORM>
<HR SIZE="1">
<I>Interested in graduate studies in atmospheric science?
Check out our program at the
<a href="http://www.uwyo.edu/atsc/howtoapply/"
target=_top>University of Wyoming
</a></I>
<HR SIZE="1"><FONT SIZE="-1">
Questions about the weather data provided by this site can be
addressed to <A HREF="mailto:ldoolman@uwyo.edu">
Larry Oolman (ldoolman@uwyo.edu)</A></FONT>
<HR SIZE="1">
<SCRIPT TYPE="text/javascript">
<!--
window.focus();
// -->
</SCRIPT>
</BODY>
</HTML>
