2018-09-08 00
<HTML>
<TITLE>University of Wyoming - Radiosonde Data</TITLE>
<LINK REL="StyleSheet" HREF="/resources/select.css" TYPE="text/css">
<BODY BGCOLOR="white">
<H2>97180 WAAA Ujung Pandang Observations at 00Z 08 Sep 2018</H2>
<PRE>
-----------------------------------------------------------------------------
   PRES   HGHT   TEMP   DWPT   RELH   MIXR   DRCT   SKNT   THTA   THTE   THTV
    hPa     m      C      C      %    g/kg    deg   knot     K      K      K 
-----------------------------------------------------------------------------
 1010.0     14   23.4   20.0     81  14.80      0      0  295.7  338.4  298.3
 1009.0     23   24.6   14.6     54  10.45     15      0  297.0  327.5  298.9
 1003.0     76   24.2   15.2     57  10.94    108      1  297.1  329.0  299.1
 1002.0     85   24.2   15.2     57  10.95    124      1  297.2  329.2  299.1
 1000.0    103   25.4   14.4     51  10.41    155      1  298.6  329.2  300.4
  998.0    121   26.2   14.2     48  10.30    147      2  299.5  330.0  301.4
  995.0    147   26.8   13.8     45  10.06    135      2  300.4  330.2  302.2
  978.0    297   25.8   13.0     45   9.74     65      7  300.9  329.9  302.6
  945.0    596   23.8   11.5     46   9.12     70      7  301.8  329.1  303.5
  925.0    783   22.6   10.6     47   8.75     90     11  302.4  328.7  304.0
  913.0    896   21.7   10.6     49   8.88     95     15  302.7  329.4  304.3
  860.0   1415   17.8   10.8     64   9.54     99     33  303.8  332.5  305.5
  850.0   1516   17.4   10.4     63   9.40    100     37  304.4  332.8  306.1
  822.0   1802   17.2    0.3     32   4.78    100     37  307.1  322.1  308.0
  819.0   1833   17.2   -0.8     29   4.43     99     36  307.4  321.4  308.2
  792.0   2118   16.8  -10.2     15   2.23     95     28  309.9  317.3  310.4
  739.0   2703   13.7   -2.6     32   4.29     85     11  312.7  326.5  313.5
  719.0   2934   12.4    0.4     44   5.51     43      5  313.8  331.4  314.8
  713.0   3004   12.0    0.9     47   5.76     30      3  314.0  332.5  315.1
  700.0   3158   11.0    2.0     54   6.36    335      6  314.6  334.9  315.8
  688.0   3299   10.0    1.6     56   6.27    330      6  315.0  335.1  316.2
  664.0   3590    7.8    0.7     61   6.10     40      6  315.9  335.5  317.0
  640.0   3891    5.6   -0.2     66   5.93     70     12  316.7  335.8  317.8
  583.0   4653    0.0   -2.5     83   5.49     80     17  318.7  336.6  319.7
  573.0   4791   -1.1   -2.0     94   5.80     82     17  319.0  337.9  320.1
  563.0   4932   -1.7   -2.5     94   5.69     84     18  319.9  338.5  321.0
  560.0   4974   -1.9   -2.5     96   5.72     85     19  320.1  338.9  321.2
  543.0   5219   -1.5  -16.5     31   1.95     88     20  323.4  330.3  323.8
  535.0   5337   -2.5  -14.5     39   2.34     90     21  323.6  331.7  324.1
  529.0   5426   -3.3   -7.1     75   4.27     91     21  323.7  338.1  324.5
  511.0   5699   -4.9  -11.9     58   3.02     95     23  325.0  335.4  325.6
  506.0   5777   -5.3  -13.3     53   2.73    100     23  325.4  334.9  325.9
  500.0   5870   -5.7  -14.7     49   2.46    105     22  326.0  334.6  326.5
  473.0   6299   -9.1  -16.0     57   2.33    125     20  327.0  335.2  327.5
  438.0   6893  -13.8  -17.9     71   2.16     90     22  328.4  336.0  328.8
  430.0   7035  -14.9  -18.3     75   2.12     89     22  328.7  336.2  329.1
  409.0   7413  -17.9  -20.8     78   1.79     86     21  329.5  336.0  329.9
  408.0   7431  -17.9  -20.7     79   1.81     86     21  329.8  336.3  330.1
  400.0   7580  -17.7  -25.7     50   1.19     85     21  331.9  336.3  332.1
  397.0   7636  -17.5  -26.5     45   1.11     85     21  332.9  337.0  333.1
  367.0   8221  -19.9  -37.9     19   0.40     84     21  337.2  338.8  337.3
  300.0   9680  -31.3  -51.3     12   0.11     80     22  341.1  341.6  341.2
  294.0   9824  -31.7  -53.7      9   0.09     77     20  342.6  342.9  342.6
  279.0  10189  -35.0  -55.8     10   0.07     70     14  343.0  343.3  343.0
  267.0  10496  -37.8  -57.5     11   0.06     50     12  343.3  343.6  343.3
  258.0  10735  -39.9  -58.9     11   0.05     53     13  343.5  343.7  343.5
  250.0  10950  -41.5                          55     14  344.2         344.2
  204.0  12290  -52.8                          55     26  347.0         347.0
  200.0  12420  -53.9                          55     23  347.2         347.2
  177.0  13176  -61.0                          60     21  348.0         348.0
  160.0  13801  -66.8                          70     26  348.4         348.4
  150.0  14200  -70.5                          60     26  348.5         348.5
  148.0  14280  -70.9                          61     27  349.1         349.1
  137.0  14734  -74.3                          70     31  350.9         350.9
  131.0  14995  -74.7                          75     34  354.7         354.7
  114.0  15802  -75.9                         102     21  366.8         366.8
  112.0  15905  -76.0                         105     19  368.6         368.6
  106.0  16223  -76.1                         145      4  374.1         374.1
  101.0  16502  -76.3                         290     11  379.0         379.0
  100.0  16560  -76.3                         290     12  380.1         380.1
   96.0  16792  -77.5                         270     10  382.2         382.2
   87.3  17331  -80.3                         165      5  387.1         387.1
   86.0  17417  -78.3                         160      3  392.7         392.7
   84.7  17503  -76.3                         186      3  398.5         398.5
   82.0  17691  -75.5                         240      3  403.9         403.9
   78.0  17982  -74.2                          60      6  412.3         412.3
   70.0  18610  -71.5                          45     15  431.1         431.1
   63.0  19229  -71.9                         100     24  443.4         443.4
   57.0  19828  -65.6                         115     38  470.6         470.6
   55.7  19966  -64.1                         102     39  477.1         477.1
   55.0  20043  -63.6                          95     39  479.9         479.9
   51.2  20483  -60.9                          87     44  496.2         496.2
   50.0  20630  -61.1                          85     45  499.1         499.1
   45.0  21283  -62.8                          80     49  510.1         510.1
   44.3  21380  -63.1                          81     49  511.8         511.8
   35.0  22847  -60.5                          95     49  554.3         554.3
   31.6  23483  -59.3                          95     48  573.8         573.8
   30.0  23810  -57.7                          95     47  586.8         586.8
   29.0  24026  -56.1                          95     40  596.7         596.7
   27.6  24342  -53.9                         102     31  611.5         611.5
   27.0  24483  -53.9                         105     27  615.5         615.5
   25.4  24877  -53.7                         101     19  626.8         626.8
   25.0  24979  -52.6                         100     17  632.9         632.9
   24.5  25110  -51.1                         105     10  640.8         640.8
   24.0  25244  -51.9                         110      2  642.3         642.3
   23.0  25519  -53.5                         160     10  645.4         645.4
   22.4  25690  -54.5                         151     16  647.3         647.3
   21.2  26043  -54.5                         133     29  657.6         657.6
   21.0  26104  -53.9                         130     31  661.1         661.1
   20.1  26388  -51.3                         103     24  677.4         677.4
   20.0  26420  -50.9                         100     23  679.6         679.6
   19.0  26753  -51.8                          95     19  686.8         686.8
   18.7  26856  -52.1                                     689.0         689.0
</PRE><H3>Station information and sounding indices</H3><PRE>
                         Station identifier: WAAA
                             Station number: 97180
                           Observation time: 180908/0000
                           Station latitude: -5.06
                          Station longitude: 119.55
                          Station elevation: 14.0
                            Showalter index: 4.34
                               Lifted index: 5.83
    LIFT computed using virtual temperature: 5.72
                                SWEAT index: 220.82
                                    K index: 24.50
                         Cross totals index: 16.10
                      Vertical totals index: 23.10
                        Totals totals index: 39.20
      Convective Available Potential Energy: 0.00
             CAPE using virtual temperature: 0.00
                      Convective Inhibition: 0.00
             CINS using virtual temperature: 0.00
                     Bulk Richardson Number: 0.00
          Bulk Richardson Number using CAPV: 0.00
  Temp [K] of the Lifted Condensation Level: 283.84
Pres [hPa] of the Lifted Condensation Level: 822.47
     Mean mixed layer potential temperature: 300.16
              Mean mixed layer mixing ratio: 9.94
              1000 hPa to 500 hPa thickness: 5767.00
Precipitable water [mm] for entire sounding: 35.46
</PRE>
<P>Description of the 
<A HREF="/upperair/columns.html">data columns</A>
or <A HREF="/upperair/indices.html">sounding indices</A>.

<P>
<FORM>
<INPUT CLASS="button" TYPE="button" VALUE=" Close this window " 
 onClick="window.close();">
<INPUT CLASS="button" TYPE="button" VALUE=" Select another map " 
 onClick="window.blur();">
</FORM>
<HR SIZE="1">
<I>Interested in graduate studies in atmospheric science?
Check out our program at the
<a href="http://www.uwyo.edu/atsc/howtoapply/"
target=_top>University of Wyoming
</a></I>
<HR SIZE="1"><FONT SIZE="-1">
Questions about the weather data provided by this site can be
addressed to <A HREF="mailto:ldoolman@uwyo.edu">
Larry Oolman (ldoolman@uwyo.edu)</A></FONT>
<HR SIZE="1">
<SCRIPT TYPE="text/javascript">
<!--
window.focus();
// -->
</SCRIPT>
</BODY>
</HTML>
