2017-05-21 00
<HTML>
<TITLE>University of Wyoming - Radiosonde Data</TITLE>
<LINK REL="StyleSheet" HREF="/resources/select.css" TYPE="text/css">
<BODY BGCOLOR="white">
<H2>97180 WAAA Ujung Pandang Observations at 00Z 21 May 2017</H2>
<PRE>
-----------------------------------------------------------------------------
   PRES   HGHT   TEMP   DWPT   RELH   MIXR   DRCT   SKNT   THTA   THTE   THTV
    hPa     m      C      C      %    g/kg    deg   knot     K      K      K 
-----------------------------------------------------------------------------
 1008.0     14   23.6   21.5     88  16.30    145      4  296.1  343.2  299.0
 1007.0     22   24.6   19.6     74  14.47    141      4  297.2  339.2  299.7
 1000.0     80   25.0   19.0     69  14.03    110      6  298.1  339.1  300.7
  992.0    151   26.6   19.6     65  14.69    107      6  300.4  343.8  303.1
  942.0    606   24.4   16.6     62  12.81     90      3  302.6  340.8  305.0
  925.0    766   23.6   15.6     61  12.19      0      1  303.4  339.9  305.7
  911.0    898   22.8   14.7     60  11.64    295      1  304.0  338.9  306.1
  880.0   1199   21.1   12.5     58  10.47    115      7  305.2  336.9  307.1
  850.0   1500   19.4   10.4     56   9.40    100     10  306.4  335.1  308.2
  847.0   1530   19.2    9.2     52   8.69    101     10  306.6  333.1  308.2
  793.0   2092   16.0    9.8     67   9.66    120      6  308.9  338.6  310.7
  790.0   2125   15.8    9.8     68   9.72    117      6  309.1  339.0  310.9
  765.0   2396   14.7    6.0     56   7.75     95      5  310.7  334.9  312.2
  725.0   2848   12.8   -0.2     41   5.23    147      4  313.5  330.2  314.5
  712.0   2999   11.7    1.2     49   5.92    165      3  313.8  332.7  315.0
  700.0   3141   10.6    2.6     58   6.64    155      2  314.2  335.3  315.4
  687.0   3297    9.6    3.2     64   7.09    120      2  314.8  337.3  316.1
  684.0   3334    9.4    3.4     66   7.19    109      2  314.9  337.8  316.3
  664.0   3580    8.2    1.2     61   6.33     37      2  316.3  336.6  317.5
  663.0   3592    8.0    2.0     66   6.71     34      2  316.2  337.7  317.5
  662.0   3605    8.1    0.5     59   6.04     30      2  316.4  335.8  317.5
  652.0   3731    8.6  -14.4     18   1.93     49      3  318.4  325.0  318.8
  650.0   3756    8.8  -16.2     15   1.67     53      4  318.9  324.7  319.2
  616.0   4197    6.0  -22.0     11   1.07    120      9  320.6  324.4  320.8
  595.0   4481    4.2  -25.8      9   0.79    125      9  321.7  324.6  321.9
  594.0   4495    4.1  -25.6      9   0.81    125      9  321.8  324.7  321.9
  584.0   4633    3.4  -23.6     12   0.98    112      7  322.5  326.1  322.7
  572.0   4800    1.9  -14.9     28   2.11     95      5  322.6  329.9  323.0
  558.0   5000    0.0   -4.6     71   4.90     52      5  322.7  339.0  323.6
  551.0   5101   -1.0   -4.7     76   4.91     30      5  322.7  339.1  323.7
  531.0   5395   -3.8   -5.2     90   4.94     40      6  322.7  339.2  323.7
  529.0   5425   -4.1   -5.2     92   4.94     37      6  322.7  339.2  323.7
  511.0   5698   -5.0   -7.6     82   4.25     10      6  324.9  339.3  325.7
  500.0   5870   -5.5   -9.1     76   3.86     10      9  326.3  339.4  327.0
  493.0   5981   -6.1  -10.2     73   3.59     14     11  326.9  339.2  327.6
  492.0   5997   -6.2  -10.3     72   3.56     15     11  327.0  339.2  327.7
  478.0   6222   -7.1  -12.1     67   3.18     35     14  328.5  339.6  329.1
  473.0   6304   -7.5  -17.5     45   2.06     43     15  329.0  336.4  329.4
  469.0   6370   -7.1  -26.1     20   0.98     49     15  330.3  333.9  330.5
  465.0   6437   -6.7  -37.7      6   0.32     55     16  331.6  332.9  331.7
  455.0   6606   -7.4  -39.4      6   0.28     70     18  332.8  333.9  332.8
  438.0   6902   -8.7  -42.5      5   0.21     65     17  334.8  335.7  334.9
  427.0   7099   -9.5  -44.5      4   0.17     78     17  336.2  336.9  336.2
  405.0   7505  -12.2  -45.6      4   0.16    105     17  337.8  338.4  337.8
  400.0   7600  -12.9  -45.9      4   0.16    105     17  338.1  338.8  338.2
  374.0   8109  -16.1  -48.1      5   0.13     99     14  340.4  341.0  340.5
  361.0   8375  -18.1  -29.1     38   0.96     95     13  341.2  345.0  341.4
  360.0   8395  -18.1  -25.1     54   1.39     95     13  341.5  346.8  341.8
  332.0   8993  -23.0  -30.8     49   0.89    145      9  342.7  346.2  342.9
  322.0   9218  -24.9  -32.9     47   0.75    127      5  343.2  346.1  343.3
  318.0   9309  -25.4  -35.0     40   0.62    120      4  343.7  346.2  343.9
  312.0   9447  -26.1  -38.1     31   0.46     78      4  344.6  346.5  344.7
  306.0   9587  -27.2  -38.2     34   0.47     35      3  345.0  346.9  345.1
  300.0   9730  -28.3  -38.3     38   0.47     40      4  345.4  347.3  345.5
  294.0   9875  -29.7  -37.7     46   0.51     36      5  345.4  347.5  345.5
  272.0  10425  -33.9  -45.9     29   0.23     22     11  347.1  348.1  347.1
  269.0  10502  -34.5  -44.5     36   0.27     20     12  347.3  348.4  347.4
  266.0  10581  -35.1  -43.1     44   0.32     23     13  347.5  348.9  347.6
  262.0  10686  -36.1  -47.1     31   0.21     27     14  347.6  348.5  347.6
  259.0  10766  -36.7  -49.7     25   0.16     30     15  347.8  348.5  347.9
  257.0  10820  -37.1  -51.1     22   0.14     32     16  348.0  348.6  348.0
  254.0  10901  -37.7  -44.7     48   0.28     36     17  348.3  349.5  348.4
  250.0  11010  -38.5  -42.8     64   0.35     40     18  348.7  350.2  348.8
  247.0  11093  -39.2  -42.6     70   0.36     40     19  348.9  350.4  349.0
  243.0  11204  -40.1  -42.3     79   0.38     40     20  349.1  350.7  349.2
  200.0  12500  -51.5                          40     28  351.1         351.1
  188.0  12889  -54.6                          30     24  352.2         352.2
  171.0  13486  -59.5                          20     24  353.9         353.9
  150.0  14310  -66.1                          55     19  356.0         356.0
  144.0  14553  -69.3                          62     19  354.6         354.6
  134.0  14965  -71.9                          75     19  357.4         357.4
  114.0  15890  -77.8                          50      9  363.4         363.4
  108.0  16200  -79.7                          70      6  365.3         365.3
  100.0  16640  -82.5                          20      5  368.1         368.1
   97.0  16809  -83.8                           0      1  368.8         368.8
   92.8  17056  -85.7                         125      2  369.7         369.7
   92.0  17103  -85.7                          95      2  370.7         370.7
   87.0  17412  -85.4                         215      2  377.1         377.1
   84.3  17586  -85.3                         178      5  380.8         380.8
   83.0  17673  -83.1                         160      7  387.0         387.0
   80.1  17874  -78.1                         200     10  401.2         401.2
   78.0  18028  -75.3                         230     13  410.1         410.1
   76.4  18149  -73.1                         246     23  417.1         417.1
   75.0  18257  -73.7                         260     32  418.2         418.2
   70.0  18660  -75.7                         250     33  422.1         422.1
   67.8  18844  -76.5                         254     28  424.3         424.3
   67.0  18912  -76.4                         255     26  426.0         426.0
   64.0  19177  -75.8                         280     29  432.8         432.8
   60.1  19539  -75.1                         280     30  442.2         442.2
   58.9  19656  -73.9                         280     31  447.5         447.5
   58.0  19748  -69.4                         280     31  459.6         459.6
   57.0  19852  -64.3                         275     32  473.5         473.5
   56.0  19961  -61.3                         270     33  482.7         482.7
   52.0  20418  -62.2                         250     36  490.9         490.9
   50.0  20660  -62.7                         260     31  495.3         495.3
   47.0  21038  -64.1                         275     46  500.7         500.7
   44.3  21400  -65.5                         272     44  505.9         505.9
   40.2  21993  -63.1                         267     40  526.2         526.2
   39.0  22179  -63.6                         265     39  529.4         529.4
   36.6  22568  -64.7                         256     28  536.3         536.3
   35.0  22841  -64.3                         250     20  544.4         544.4
   34.4  22946  -64.1                         262     20  547.5         547.5
   32.0  23394  -59.0                         310     21  572.7         572.7
   31.8  23433  -58.5                         314     22  574.9         574.9
   31.0  23594  -58.0                         330     24  580.5         580.5
   30.0  23800  -57.3                         330     23  587.8         587.8
   29.0  24015  -57.0                         330     18  594.4         594.4
   28.0  24237  -56.7                           5      5  601.2         601.2
   27.3  24397  -56.5                          51      8  606.1         606.1
   26.0  24704  -57.6                         140     13  611.5         611.5
   24.8  25002  -58.7                         130     21  616.7         616.7
   23.4  25367  -59.3                         119     32  625.2         625.2
   23.0  25476  -57.9                         115     35  632.5         632.5
   21.9  25786  -53.9                          96     45  653.3         653.3
   21.2  25995  -52.5                          84     51  663.6         663.6
   21.0  26056  -52.8                          80     53  664.5         664.5
   20.0  26370  -54.3                          80     54  669.2         669.2
   19.3  26598  -54.9                          83     53  674.2         674.2
   17.0  27422  -51.9                          95     51  708.9         708.9
   14.3  28545  -47.7                          82     54  758.8         758.8
   14.0                                        80     54                     
</PRE><H3>Station information and sounding indices</H3><PRE>
                         Station identifier: WAAA
                             Station number: 97180
                           Observation time: 170521/0000
                           Station latitude: -5.06
                          Station longitude: 119.55
                          Station elevation: 14.0
                            Showalter index: 3.48
                               Lifted index: 0.63
    LIFT computed using virtual temperature: 0.47
                                SWEAT index: 153.80
                                    K index: 27.30
                         Cross totals index: 15.90
                      Vertical totals index: 24.90
                        Totals totals index: 40.80
      Convective Available Potential Energy: 2.64
             CAPE using virtual temperature: 4.20
                      Convective Inhibition: -471.33
             CINS using virtual temperature: -365.13
                           Equilibrum Level: 516.30
 Equilibrum Level using virtual temperature: 512.88
                   Level of Free Convection: 536.99
             LFCT using virtual temperature: 539.31
                     Bulk Richardson Number: 23.86
          Bulk Richardson Number using CAPV: 37.91
  Temp [K] of the Lifted Condensation Level: 290.23
Pres [hPa] of the Lifted Condensation Level: 885.74
     Mean mixed layer potential temperature: 300.49
              Mean mixed layer mixing ratio: 14.06
              1000 hPa to 500 hPa thickness: 5790.00
Precipitable water [mm] for entire sounding: 41.05
</PRE>
<P>Description of the 
<A HREF="/upperair/columns.html">data columns</A>
or <A HREF="/upperair/indices.html">sounding indices</A>.

<P>
<FORM>
<INPUT CLASS="button" TYPE="button" VALUE=" Close this window " 
 onClick="window.close();">
<INPUT CLASS="button" TYPE="button" VALUE=" Select another map " 
 onClick="window.blur();">
</FORM>
<HR SIZE="1">
<I>Interested in graduate studies in atmospheric science?
Check out our program at the
<a href="http://www.uwyo.edu/atsc/howtoapply/"
target=_top>University of Wyoming
</a></I>
<HR SIZE="1"><FONT SIZE="-1">
Questions about the weather data provided by this site can be
addressed to <A HREF="mailto:ldoolman@uwyo.edu">
Larry Oolman (ldoolman@uwyo.edu)</A></FONT>
<HR SIZE="1">
<SCRIPT TYPE="text/javascript">
<!--
window.focus();
// -->
</SCRIPT>
</BODY>
</HTML>
