2017-08-31 12
<HTML>
<TITLE>University of Wyoming - Radiosonde Data</TITLE>
<LINK REL="StyleSheet" HREF="/resources/select.css" TYPE="text/css">
<BODY BGCOLOR="white">
<H2>97180 WAAA Ujung Pandang Observations at 00Z 31 Aug 2017</H2>
<PRE>
-----------------------------------------------------------------------------
   PRES   HGHT   TEMP   DWPT   RELH   MIXR   DRCT   SKNT   THTA   THTE   THTV
    hPa     m      C      C      %    g/kg    deg   knot     K      K      K 
-----------------------------------------------------------------------------
 1012.0     14   24.0   21.1     84  15.83      0      0  296.1  341.9  298.9
 1011.0     22   24.2   17.2     65  12.36      5      1  296.4  332.3  298.6
 1002.0     98   25.6   18.6     65  13.65     50      5  298.6  338.5  301.0
 1000.0    115   25.6   18.6     65  13.67     60      6  298.8  338.8  301.2
  979.0    300   24.8   17.5     64  12.99     50     12  299.7  338.0  302.1
  935.0    702   23.0   15.0     61  11.59     62     10  301.9  336.4  304.0
  925.0    795   22.4   15.4     65  12.03     65      9  302.2  338.0  304.4
  852.0   1500   16.2   12.7     80  10.93     80     14  302.9  335.6  304.9
  850.0   1520   16.0   12.6     80  10.90     80     14  302.9  335.5  304.9
  804.0   1991   12.2   10.6     90  10.08     80     20  303.7  334.0  305.5
  794.0   2097   16.1    2.1     39   5.63     80     21  308.9  326.6  310.0
  786.0   2183   19.2   -4.8     19   3.42     87     20  313.2  324.4  313.8
  766.0   2401   17.6   -6.2     19   3.16    105     18  313.8  324.2  314.4
  714.0   2996   13.2   -9.9     19   2.53     90     16  315.3  323.8  315.8
  700.0   3164   12.0  -11.0     19   2.37     95     14  315.7  323.7  316.2
  651.0   3764    6.2  -10.8     28   2.59     99     12  315.8  324.5  316.3
  640.0   3902    5.5  -10.3     31   2.75    100     12  316.6  325.8  317.1
  607.0   4333    3.4   -8.6     41   3.31     82     11  318.9  330.0  319.6
  595.0   4494    2.6   -9.9     39   3.04     75     11  319.9  330.1  320.5
  565.0   4911    0.6  -13.4     34   2.42     90     13  322.2  330.6  322.7
  548.0   5156    0.0  -22.0     17   1.20     99     14  324.4  328.7  324.6
  517.0   5618   -3.9  -24.9     18   0.99    115     16  325.1  328.7  325.3
  500.0   5880   -5.7  -26.7     17   0.87    125     17  326.0  329.2  326.2
  492.0   6006   -6.3  -30.6     13   0.61    120     17  326.8  329.1  326.9
  481.0   6183   -7.1  -36.1      8   0.37    110     16  327.9  329.4  328.0
  456.0   6595   -9.5  -37.2      8   0.34     85     15  330.0  331.3  330.0
  442.0   6837  -10.9  -37.9      9   0.33     79     16  331.1  332.5  331.2
  435.0   6959  -11.3  -38.3      9   0.32     76     16  332.2  333.4  332.2
  431.0   7030  -11.7  -26.7     28   1.00     74     16  332.5  336.3  332.7
  422.0   7191  -12.0  -29.7     21   0.78     70     17  334.1  337.1  334.3
  408.0   7449  -12.5  -34.5     14   0.51     83     15  336.7  338.8  336.9
  400.0   7600  -13.7  -36.7     12   0.41     90     14  337.1  338.8  337.2
  374.0   8091  -18.1  -38.0     16   0.39    100     10  337.9  339.4  337.9
  331.0   8982  -25.9  -40.4     25   0.34     65     15  339.0  340.4  339.1
  300.0   9700  -32.3  -42.3     36   0.31     70     20  339.7  341.0  339.8
  287.0  10013  -34.9  -45.9     32   0.22     69     27  340.4  341.3  340.4
  272.0  10389  -37.9  -44.9     48   0.26     67     35  341.3  342.3  341.3
  268.0  10491  -38.7  -45.7     48   0.24     67     37  341.5  342.6  341.6
  259.0  10727  -40.1  -43.0     74   0.33     66     43  342.8  344.2  342.9
  250.0  10970  -41.1                          65     48  344.8         344.8
  234.0  11409  -44.4                          55     57  346.5         346.5
  200.0  12450  -52.1                          50     63  350.1         350.1
  172.0  13413  -57.9                          50     62  355.9         355.9
  170.0  13485  -58.5                          50     62  356.1         356.1
  150.0  14260  -65.1                          65     38  357.7         357.7
  132.0  14998  -70.9                          80     27  360.7         360.7
  119.0  15596  -75.6                          85     16  362.9         362.9
  108.0  16156  -80.0                          30     18  364.8         364.8
  102.0  16486  -82.6                          15     14  365.8         365.8
  100.0  16600  -83.5                          20     14  366.2         366.2
   98.0  16712  -84.5                          30     13  366.3         366.3
   97.0  16769  -84.1                          45     12  368.2         368.2
   96.5  16797  -83.9                          52     12  369.1         369.1
   95.4  16861  -80.3                          67     11  377.4         377.4
   92.0  17066  -80.4                         115      8  381.2         381.2
   87.0  17382  -80.5                          95     10  387.1         387.1
   85.3  17493  -80.5                          72      9  389.2         389.2
   82.0  17719  -77.0                          25      6  400.8         400.8
   79.5  17897  -74.3                         314     10  409.9         409.9
   78.0  18008  -74.3                         270     13  412.2         412.2
   74.0  18314  -74.3                         235     14  418.4         418.4
   70.0  18640  -71.5                         250     21  431.1         431.1
   65.9  19000  -68.7                         257     26  444.7         444.7
   61.0  19463  -68.8                         265     32  454.4         454.4
   56.0  19976  -68.9                         260     31  465.4         465.4
   52.0  20423  -67.1                         255     31  479.6         479.6
   50.0  20660  -66.1                         255     19  487.3         487.3
   47.7  20945  -65.9                         242     12  494.4         494.4
   45.0  21302  -63.5                         225      4  508.4         508.4
   43.0  21581  -61.7                         125      7  519.7         519.7
   42.0  21725  -60.7                         119     11  525.5         525.5
   38.8  22218  -59.9                          98     23  539.6         539.6
   37.7  22398  -57.1                          90     27  551.2         551.2
   35.0  22862  -59.7                          70     39  556.3         556.3
   33.2  23192  -61.5                          70     41  560.0         560.0
   30.0  23820  -60.7                          80     47  578.6         578.6
   27.8  24297  -58.7                          82     49  596.9         596.9
   24.6  25062  -60.5                          86     51  612.9         612.9
   21.0  26053  -58.8                          90     55  646.4         646.4
   20.8  26113  -58.7                          90     55  648.5         648.5
   20.0  26360  -57.5                          90     53  659.4         659.4
   17.0  27397  -52.7                                     706.1         706.1
</PRE><H3>Station information and sounding indices</H3><PRE>
                         Station identifier: WAAA
                             Station number: 97180
                           Observation time: 170831/0000
                           Station latitude: -5.06
                          Station longitude: 119.55
                          Station elevation: 14.0
                            Showalter index: 3.12
                               Lifted index: 2.25
    LIFT computed using virtual temperature: 1.71
                                SWEAT index: 196.21
                                    K index: 11.30
                         Cross totals index: 18.30
                      Vertical totals index: 21.70
                        Totals totals index: 40.00
      Convective Available Potential Energy: 0.00
             CAPE using virtual temperature: 0.00
                      Convective Inhibition: -101.16
             CINS using virtual temperature: -89.88
                           Equilibrum Level: 803.96
 Equilibrum Level using virtual temperature: 803.41
                   Level of Free Convection: 804.51
             LFCT using virtual temperature: 810.02
                     Bulk Richardson Number: 0.00
          Bulk Richardson Number using CAPV: 0.00
  Temp [K] of the Lifted Condensation Level: 289.01
Pres [hPa] of the Lifted Condensation Level: 884.49
     Mean mixed layer potential temperature: 299.34
              Mean mixed layer mixing ratio: 13.00
              1000 hPa to 500 hPa thickness: 5765.00
Precipitable water [mm] for entire sounding: 34.17
</PRE>
<P>Description of the 
<A HREF="/upperair/columns.html">data columns</A>
or <A HREF="/upperair/indices.html">sounding indices</A>.

<P>
<FORM>
<INPUT CLASS="button" TYPE="button" VALUE=" Close this window " 
 onClick="window.close();">
<INPUT CLASS="button" TYPE="button" VALUE=" Select another map " 
 onClick="window.blur();">
</FORM>
<HR SIZE="1">
<I>Interested in graduate studies in atmospheric science?
Check out our program at the
<a href="http://www.uwyo.edu/atsc/howtoapply/"
target=_top>University of Wyoming
</a></I>
<HR SIZE="1"><FONT SIZE="-1">
Questions about the weather data provided by this site can be
addressed to <A HREF="mailto:ldoolman@uwyo.edu">
Larry Oolman (ldoolman@uwyo.edu)</A></FONT>
<HR SIZE="1">
<SCRIPT TYPE="text/javascript">
<!--
window.focus();
// -->
</SCRIPT>
</BODY>
</HTML>
